//--- OBJECT WRITE BEGIN ---
$ThisPrefab = new SimGroup() {
   canSave = "1";
   canSaveDynamicFields = "1";
      groupPosition = "0.000000 0.000000 0.000000";

   new TSStatic() {
      shapeName = "levels/east_coast_usa/art/shapes/rocks/eca_rock_big_wide.dae";
      dynamic = "0";
      playAmbient = "1";
      meshCulling = "0";
      originSort = "0";
      useInstanceRenderData = "0";
      instanceColor = "White";
      collisionType = "Collision Mesh";
      decalType = "Collision Mesh";
      prebuildCollisionData = "0";
      renderNormals = "0";
      forceDetail = "-1";
      position = "2.58255005 0.0796914101 2.6970787";
      scale = "1 1 1";
      rotationMatrix = "0.999534249 0.0305153951 5.55111512e-16 1.81886006e-09 -5.95768839e-08 -0.999999881 -0.0305153988 0.99953413 -5.96046412e-08";
      isRenderEnabled = "false";
      mode = "Ignore";
      canSave = "1";
      canSaveDynamicFields = "1";
      persistentId = "6d76b06d-7b5a-4060-a487-4f8f83ea2604";
   };
   new TSStatic() {
      shapeName = "levels/east_coast_usa/art/shapes/rocks/eca_rock_big_narrow.dae";
      dynamic = "0";
      playAmbient = "1";
      meshCulling = "0";
      originSort = "0";
      useInstanceRenderData = "0";
      instanceColor = "White";
      collisionType = "Collision Mesh";
      decalType = "Collision Mesh";
      prebuildCollisionData = "0";
      renderNormals = "0";
      forceDetail = "-1";
      position = "-6.48690796 -1.64205694 2.98957825";
      scale = "1 1.03444517 1";
      rotationMatrix = "-0.307285726 -0.943575084 -0.1234584 -0.0652501658 0.150321856 -0.986481905 0.949377358 -0.295076102 -0.107760087";
      isRenderEnabled = "false";
      mode = "Ignore";
      canSave = "1";
      canSaveDynamicFields = "1";
      persistentId = "39067c3d-e1da-4a4b-bb68-4b676f643c5f";
   };
   new TSStatic() {
      shapeName = "levels/east_coast_usa/art/shapes/rocks/eca_rock_small.dae";
      dynamic = "0";
      playAmbient = "1";
      meshCulling = "0";
      originSort = "0";
      useInstanceRenderData = "0";
      instanceColor = "White";
      collisionType = "Collision Mesh";
      decalType = "Collision Mesh";
      prebuildCollisionData = "0";
      renderNormals = "0";
      forceDetail = "-1";
      position = "3.23052979 0.449564457 5.52242327";
      scale = "1 1 1";
      rotationMatrix = "1 0 0 0 0.276347131 -0.961057723 0 0.961057723 0.276347131";
      isRenderEnabled = "false";
      mode = "Ignore";
      canSave = "1";
      canSaveDynamicFields = "1";
      persistentId = "343980d1-c236-4b45-a8e9-6abe46c0a8b3";
   };
   new TSStatic() {
      shapeName = "levels/east_coast_usa/art/shapes/rocks/eca_rock_medium_1.dae";
      dynamic = "0";
      playAmbient = "1";
      meshCulling = "0";
      originSort = "0";
      useInstanceRenderData = "0";
      instanceColor = "White";
      collisionType = "Collision Mesh";
      decalType = "Collision Mesh";
      prebuildCollisionData = "0";
      renderNormals = "0";
      forceDetail = "-1";
      position = "-6.25613403 -2.43226409 5.92457914";
      scale = "1 1 1";
      rotationMatrix = "0.308414966 -0.647259712 -0.697090805 0 0.732814014 -0.680429339 0.95125246 0.209854811 0.226010814";
      isRenderEnabled = "false";
      mode = "Ignore";
      canSave = "1";
      canSaveDynamicFields = "1";
      persistentId = "210a1088-1006-41cf-91c8-96cf75669c18";
   };
   new TSStatic() {
      shapeName = "levels/east_coast_usa/art/shapes/rocks/eca_rock_medium_2.dae";
      dynamic = "0";
      playAmbient = "1";
      meshCulling = "0";
      originSort = "0";
      useInstanceRenderData = "0";
      instanceColor = "White";
      collisionType = "Collision Mesh";
      decalType = "Collision Mesh";
      prebuildCollisionData = "0";
      renderNormals = "0";
      forceDetail = "-1";
      position = "-1.04248047 -0.0378928185 5.68878889";
      scale = "1 1 1";
      rotationMatrix = "1 0 0 0 0.613626957 -0.789596081 0 0.789596081 0.613626957";
      isRenderEnabled = "false";
      mode = "Ignore";
      canSave = "1";
      canSaveDynamicFields = "1";
      persistentId = "f065e0bf-eb64-43c8-beba-61a54fdbf4c1";
   };
   new TSStatic() {
      shapeName = "levels/east_coast_usa/art/shapes/rocks/eca_rock_big_wide.dae";
      dynamic = "0";
      playAmbient = "1";
      meshCulling = "0";
      originSort = "0";
      useInstanceRenderData = "0";
      instanceColor = "White";
      collisionType = "Collision Mesh";
      decalType = "Collision Mesh";
      prebuildCollisionData = "0";
      renderNormals = "0";
      forceDetail = "-1";
      position = "-3.23284912 -2.03311658 6.54346514";
      scale = "1 1 1";
      rotationMatrix = "-0.999534369 -0.0305155553 -7.10586104e-15 -0.0246454626 0.807259858 -0.589681566 0.0179944672 -0.589407086 -0.807636023";
      isRenderEnabled = "false";
      mode = "Ignore";
      canSave = "1";
      canSaveDynamicFields = "1";
      persistentId = "d3be00e3-9495-4ccd-82e5-b4acd6c9dfcb";
   };
   new TSStatic() {
      shapeName = "levels/east_coast_usa/art/shapes/rocks/eca_rock_big_wide.dae";
      dynamic = "0";
      playAmbient = "1";
      meshCulling = "0";
      originSort = "0";
      useInstanceRenderData = "0";
      instanceColor = "White";
      collisionType = "Collision Mesh";
      decalType = "Collision Mesh";
      prebuildCollisionData = "0";
      renderNormals = "0";
      forceDetail = "-1";
      position = "2.5821228 -1.90090585 6.68103838";
      scale = "1 1 1";
      rotationMatrix = "-0.993828237 0.0713250712 0.0849546716 0.00096024049 -0.760308087 0.649561644 0.11092177 0.645634294 0.755547643";
      isRenderEnabled = "false";
      mode = "Ignore";
      canSave = "1";
      canSaveDynamicFields = "1";
      persistentId = "737c6eb8-7edc-45e7-ab83-e0dcc4d6a5f4";
   };
   new TSStatic() {
      shapeName = "levels/east_coast_usa/art/shapes/rocks/eca_rock_big_wide.dae";
      dynamic = "0";
      playAmbient = "1";
      meshCulling = "0";
      originSort = "0";
      useInstanceRenderData = "0";
      instanceColor = "White";
      collisionType = "Collision Mesh";
      decalType = "Collision Mesh";
      prebuildCollisionData = "0";
      renderNormals = "0";
      forceDetail = "-1";
      position = "-3.27539063 -0.007833004 2.64849091";
      scale = "1 1 1";
      rotationMatrix = "0.988673687 0.150081396 2.13162821e-14 -5.14369773e-08 3.3884487e-07 0.999999523 0.150081456 -0.98867321 3.42726793e-07";
      isRenderEnabled = "false";
      mode = "Ignore";
      canSave = "1";
      canSaveDynamicFields = "1";
      persistentId = "3ea37fb6-0859-4b6a-adea-bca1895ee587";
   };
   new TSStatic() {
      shapeName = "levels/east_coast_usa/art/shapes/rocks/eca_rock_medium_1.dae";
      dynamic = "0";
      playAmbient = "1";
      meshCulling = "0";
      originSort = "0";
      useInstanceRenderData = "0";
      instanceColor = "White";
      collisionType = "Collision Mesh";
      decalType = "Collision Mesh";
      prebuildCollisionData = "0";
      renderNormals = "0";
      forceDetail = "-1";
      position = "5.90280151 -2.23253417 5.89079237";
      scale = "1 1 1";
      rotationMatrix = "0.305553108 -0.740852833 -0.598142743 0.255990237 0.668973207 -0.697813869 0.917118788 0.0601007976 0.3940579";
      isRenderEnabled = "false";
      mode = "Ignore";
      canSave = "1";
      canSaveDynamicFields = "1";
      persistentId = "2fbfb692-877a-4053-ad34-c11fd4335670";
   };
   new TSStatic() {
      shapeName = "levels/east_coast_usa/art/shapes/rocks/eca_rock_big_narrow.dae";
      dynamic = "0";
      playAmbient = "1";
      meshCulling = "0";
      originSort = "0";
      useInstanceRenderData = "0";
      instanceColor = "White";
      collisionType = "Collision Mesh";
      decalType = "Collision Mesh";
      prebuildCollisionData = "0";
      renderNormals = "0";
      forceDetail = "-1";
      position = "5.99563599 -1.03046179 2.79608536";
      scale = "1 1 1";
      rotationMatrix = "0.500296772 -0.818833947 -0.281448007 -0.0667947978 0.28758505 -0.955422759 0.863273382 0.496794105 0.0891840532";
      isRenderEnabled = "false";
      mode = "Ignore";
      canSave = "1";
      canSaveDynamicFields = "1";
      persistentId = "b900bd84-d241-485c-a431-08402bd6fc0c";
   };
};
//--- OBJECT WRITE END ---


