//--- OBJECT WRITE BEGIN ---
$ThisPrefab = new SimGroup() {
   canSave = "1";
   canSaveDynamicFields = "1";
      groupPosition = "0.000000 0.000000 0.000000";

   new TSStatic() {
      shapeName = "levels/east_coast_usa/art/shapes/rocks/eca_rock_big_narrow.dae";
      dynamic = "0";
      playAmbient = "1";
      meshCulling = "0";
      originSort = "0";
      useInstanceRenderData = "0";
      instanceColor = "White";
      collisionType = "Collision Mesh";
      decalType = "Collision Mesh";
      prebuildCollisionData = "0";
      renderNormals = "0";
      forceDetail = "-1";
      position = "5.93359375 -1.14878905 2.89949131";
      scale = "1 1.03919065 1";
      rotationMatrix = "0.258819252 -0.965925336 0 0 0 -0.999999762 0.965925634 0.258819342 0";
      isRenderEnabled = "false";
      mode = "Ignore";
      canSave = "1";
      canSaveDynamicFields = "1";
      persistentId = "ef218a64-3ec7-45e0-8e7f-3542abf7c866";
   };
   new TSStatic() {
      shapeName = "levels/east_coast_usa/art/shapes/rocks/eca_rock_big_narrow.dae";
      dynamic = "0";
      playAmbient = "1";
      meshCulling = "0";
      originSort = "0";
      useInstanceRenderData = "0";
      instanceColor = "White";
      collisionType = "Collision Mesh";
      decalType = "Collision Mesh";
      prebuildCollisionData = "0";
      renderNormals = "0";
      forceDetail = "-1";
      position = "3.18344116 -0.689110398 5.4940691";
      scale = "1 1 1";
      rotationMatrix = "-1.0128133e-08 0.78704828 -0.616891444 -0.996171415 0.0539298952 0.0688053668 0.0874220282 0.61452961 0.784034967";
      isRenderEnabled = "false";
      mode = "Ignore";
      canSave = "1";
      canSaveDynamicFields = "1";
      persistentId = "135e0522-34f9-446d-92f2-dcf9bcc4a84b";
   };
   new TSStatic() {
      shapeName = "levels/east_coast_usa/art/shapes/rocks/eca_rock_medium_1.dae";
      dynamic = "0";
      playAmbient = "1";
      meshCulling = "0";
      originSort = "0";
      useInstanceRenderData = "0";
      instanceColor = "White";
      collisionType = "Collision Mesh";
      decalType = "Collision Mesh";
      prebuildCollisionData = "0";
      renderNormals = "0";
      forceDetail = "-1";
      position = "-0.0166931152 -0.457207322 5.84215927";
      scale = "1 1 1";
      rotationMatrix = "-0.954396009 -0.263384491 0.140559226 -0.286718309 0.677448928 -0.677388906 0.0831920281 -0.686798155 -0.722071707";
      isRenderEnabled = "false";
      mode = "Ignore";
      canSave = "1";
      canSaveDynamicFields = "1";
      persistentId = "d3695dd1-3758-425c-babc-81b6d82434be";
   };
   new TSStatic() {
      shapeName = "levels/east_coast_usa/art/shapes/rocks/eca_rock_big_narrow.dae";
      dynamic = "0";
      playAmbient = "1";
      meshCulling = "0";
      originSort = "0";
      useInstanceRenderData = "0";
      instanceColor = "White";
      collisionType = "Collision Mesh";
      decalType = "Collision Mesh";
      prebuildCollisionData = "0";
      renderNormals = "0";
      forceDetail = "-1";
      position = "-2.94015503 -1.11268675 5.82638168";
      scale = "1 1 1";
      rotationMatrix = "2.85217494e-09 0.867260456 -0.497854799 0.99456048 0.0518569946 0.0903346241 0.10416089 -0.495146662 -0.862542927";
      isRenderEnabled = "false";
      mode = "Ignore";
      canSave = "1";
      canSaveDynamicFields = "1";
      persistentId = "bef26266-7c58-4d4a-9aeb-3867adbf49cf";
   };
   new TSStatic() {
      shapeName = "levels/east_coast_usa/art/shapes/rocks/eca_rock_big_narrow.dae";
      dynamic = "0";
      playAmbient = "1";
      meshCulling = "0";
      originSort = "0";
      useInstanceRenderData = "0";
      instanceColor = "White";
      collisionType = "Collision Mesh";
      decalType = "Collision Mesh";
      prebuildCollisionData = "0";
      renderNormals = "0";
      forceDetail = "-1";
      position = "-5.87948608 -2.00193834 3.00205326";
      scale = "1 1.11218679 1";
      rotationMatrix = "-0.0600920282 -0.991991997 -0.111089982 -0.135638863 0.118373677 -0.983661294 0.98893398 -0.04404217 -0.141665921";
      isRenderEnabled = "false";
      mode = "Ignore";
      canSave = "1";
      canSaveDynamicFields = "1";
      persistentId = "efbc0e4c-585c-4d3e-bf63-5dc429f549c5";
   };
   new TSStatic() {
      shapeName = "levels/east_coast_usa/art/shapes/rocks/eca_rock_big_wide.dae";
      dynamic = "0";
      playAmbient = "1";
      meshCulling = "0";
      originSort = "0";
      useInstanceRenderData = "0";
      instanceColor = "White";
      collisionType = "Collision Mesh";
      decalType = "Collision Mesh";
      prebuildCollisionData = "0";
      renderNormals = "0";
      forceDetail = "-1";
      position = "-3.06912231 0.0480722189 2.53630161";
      scale = "1 1 1";
      rotationMatrix = "0.988673687 0.150081396 2.13162821e-14 -5.14369773e-08 3.3884487e-07 0.999999523 0.150081456 -0.98867321 3.42726793e-07";
      isRenderEnabled = "false";
      mode = "Ignore";
      canSave = "1";
      canSaveDynamicFields = "1";
      persistentId = "9a455993-1082-49c9-9bd6-6e291812b018";
   };
   new TSStatic() {
      shapeName = "levels/east_coast_usa/art/shapes/rocks/eca_rock_big_wide.dae";
      dynamic = "0";
      playAmbient = "1";
      meshCulling = "0";
      originSort = "0";
      useInstanceRenderData = "0";
      instanceColor = "White";
      collisionType = "Collision Mesh";
      decalType = "Collision Mesh";
      prebuildCollisionData = "0";
      renderNormals = "0";
      forceDetail = "-1";
      position = "2.78881836 0.135596633 2.58488941";
      scale = "1 1 1";
      rotationMatrix = "0.999534249 0.0305153951 5.55111512e-16 1.81886006e-09 -5.95768839e-08 -0.999999881 -0.0305153988 0.99953413 -5.96046412e-08";
      isRenderEnabled = "false";
      mode = "Ignore";
      canSave = "1";
      canSaveDynamicFields = "1";
      persistentId = "c53a8d18-a361-466c-8e08-22b1d8981f40";
   };
};
//--- OBJECT WRITE END ---

