//--- OBJECT WRITE BEGIN ---
$ThisPrefab = new SimGroup() {
   canSave = "1";
   canSaveDynamicFields = "1";
      groupPosition = "0.000000 0.000000 0.000000";

   new TSStatic() {
      shapeName = "levels/east_coast_usa/art/shapes/buildings/sawmill_decking.dae";
      dynamic = "0";
      playAmbient = "1";
      meshCulling = "0";
      originSort = "0";
      useInstanceRenderData = "0";
      instanceColor = "White";
      collisionType = "Collision Mesh";
      decalType = "Visible Mesh Final";
      prebuildCollisionData = "0";
      renderNormals = "0";
      forceDetail = "-1";
      position = "189.437698 -804.303406 47.6994705";
      scale = "1 1 1";
      rotationMatrix = "0.451356828 0.892343581 1.86264493e-09 -0.891189992 0.450773358 0.0508303717 0.0453581549 -0.022942638 0.998707294";
      isRenderEnabled = "false";
      canSave = "1";
      canSaveDynamicFields = "1";
   };
   new TSStatic() {
      shapeName = "levels/east_coast_usa/art/shapes/buildings/sawmill_decking.dae";
      dynamic = "0";
      playAmbient = "1";
      meshCulling = "0";
      originSort = "0";
      useInstanceRenderData = "0";
      instanceColor = "White";
      collisionType = "Collision Mesh";
      decalType = "Visible Mesh Final";
      prebuildCollisionData = "0";
      renderNormals = "0";
      forceDetail = "-1";
      position = "182.465851 -800.471741 47.8822708";
      scale = "1 1 1";
      rotationMatrix = "-0.451357007 -0.892343462 1.86264493e-09 0.892343462 -0.451357007 0 8.40717829e-10 1.662119e-09 1";
      isRenderEnabled = "false";
      canSave = "1";
      canSaveDynamicFields = "1";
   };
   new TSStatic() {
      shapeName = "levels/east_coast_usa/art/shapes/buildings/sawmill_decking.dae";
      dynamic = "0";
      playAmbient = "1";
      meshCulling = "0";
      originSort = "0";
      useInstanceRenderData = "0";
      instanceColor = "White";
      collisionType = "Collision Mesh";
      decalType = "Visible Mesh Final";
      prebuildCollisionData = "0";
      renderNormals = "0";
      forceDetail = "-1";
      position = "174.855347 -796.957825 47.8822708";
      scale = "1 1 1";
      rotationMatrix = "0.451356947 0.892343521 -1.86264493e-09 -0.892343521 0.451356947 1.11022302e-16 8.40717829e-10 1.662119e-09 1";
      isRenderEnabled = "false";
      canSave = "1";
      canSaveDynamicFields = "1";
   };
   new TSStatic() {
      shapeName = "levels/east_coast_usa/art/shapes/buildings/sawmill_decking.dae";
      dynamic = "0";
      playAmbient = "1";
      meshCulling = "0";
      originSort = "0";
      useInstanceRenderData = "0";
      instanceColor = "White";
      collisionType = "Collision Mesh";
      decalType = "Visible Mesh Final";
      prebuildCollisionData = "0";
      renderNormals = "0";
      forceDetail = "-1";
      position = "167.909576 -793.109131 47.8822708";
      scale = "1 1 1";
      rotationMatrix = "-0.451357007 -0.892343462 1.86264493e-09 0.892343462 -0.451357007 0 8.40717829e-10 1.662119e-09 1";
      isRenderEnabled = "false";
      canSave = "1";
      canSaveDynamicFields = "1";
   };
   new TSStatic() {
      shapeName = "levels/east_coast_usa/art/shapes/buildings/sawmill_decking.dae";
      dynamic = "0";
      playAmbient = "1";
      meshCulling = "0";
      originSort = "0";
      useInstanceRenderData = "0";
      instanceColor = "White";
      collisionType = "Collision Mesh";
      decalType = "Visible Mesh Final";
      prebuildCollisionData = "0";
      renderNormals = "0";
      forceDetail = "-1";
      position = "160.387314 -789.578857 47.8822708";
      scale = "1 1 1";
      rotationMatrix = "0.451356947 0.892343521 -1.86264493e-09 -0.892343521 0.451356947 1.11022302e-16 8.40717829e-10 1.662119e-09 1";
      isRenderEnabled = "false";
      canSave = "1";
      canSaveDynamicFields = "1";
   };
   new TSStatic() {
      shapeName = "levels/east_coast_usa/art/shapes/buildings/sawmill_decking.dae";
      dynamic = "0";
      playAmbient = "1";
      meshCulling = "0";
      originSort = "0";
      useInstanceRenderData = "0";
      instanceColor = "White";
      collisionType = "Collision Mesh";
      decalType = "Visible Mesh Final";
      prebuildCollisionData = "0";
      renderNormals = "0";
      forceDetail = "-1";
      position = "280.987091 -803.685608 45.8703804";
      scale = "1 1 1";
      rotationMatrix = "0.626848876 -0.779137552 -0.00227266597 0.771356583 0.620994806 -0.139192283 0.109861247 0.0854994878 0.990262747";
      isRenderEnabled = "false";
      canSave = "1";
      canSaveDynamicFields = "1";
   };
   new TSStatic() {
      shapeName = "levels/east_coast_usa/art/shapes/buildings/sawmill_decking.dae";
      dynamic = "0";
      playAmbient = "1";
      meshCulling = "0";
      originSort = "0";
      useInstanceRenderData = "0";
      instanceColor = "White";
      collisionType = "Collision Mesh";
      decalType = "Visible Mesh Final";
      prebuildCollisionData = "0";
      renderNormals = "0";
      forceDetail = "-1";
      position = "152.09169 -785.130066 46.3367157";
      scale = "1 1 1";
      rotationMatrix = "0.463448584 0.886122823 0.00132232578 -0.839869559 0.439732671 -0.318204761 -0.282549977 0.146360978 0.948021054";
      isRenderEnabled = "false";
      canSave = "1";
      canSaveDynamicFields = "1";
   };
   new TSStatic() {
      shapeName = "levels/east_coast_usa/art/shapes/buildings/sawmill_decking.dae";
      dynamic = "0";
      playAmbient = "1";
      meshCulling = "0";
      originSort = "0";
      useInstanceRenderData = "0";
      instanceColor = "White";
      collisionType = "Collision Mesh";
      decalType = "Visible Mesh Final";
      prebuildCollisionData = "0";
      renderNormals = "0";
      forceDetail = "-1";
      position = "313.83197 -797.911133 46.1668472";
      scale = "1 1 1";
      rotationMatrix = "0.663514078 0.748163819 0 -0.748163819 0.663514078 0 0 0 1";
      isRenderEnabled = "false";
      canSave = "1";
      canSaveDynamicFields = "1";
   };
   new TSStatic() {
      shapeName = "/levels/east_coast_usa/art/shapes/misc/sawmill_log_short2.dae";
      dynamic = "0";
      playAmbient = "1";
      meshCulling = "0";
      originSort = "0";
      useInstanceRenderData = "0";
      instanceColor = "White";
      collisionType = "Collision Mesh";
      decalType = "Collision Mesh";
      prebuildCollisionData = "0";
      renderNormals = "0";
      forceDetail = "-1";
      position = "277.422119 -806.029968 47.0440979";
      scale = "0.964396715 0.964396715 0.964396715";
      rotationMatrix = "0.635336995 -0.772203743 0.00662099384 -0.487766176 -0.394637257 0.778680921 -0.598686516 -0.497955024 -0.627383471";
      isRenderEnabled = "false";
      canSave = "1";
      canSaveDynamicFields = "1";
   };
};
//--- OBJECT WRITE END ---


