{"pos":[765.543762,0.198331594,52.2702942],"rotationMatrix":[0.219992384,-0.975501478,0,0.975501478,0.219992384,0,0,0,0.999999881],"scale":0.940713644,"type":"cork_oak_bush_medium"}
{"pos":[754.90564,-2.87724352,52.1110725],"rotationMatrix":[0.823743761,-0.566962183,0,0.566962183,0.823743761,0,0,0,0.999999881],"scale":0.923310757,"type":"cork_oak_bush_medium"}
{"pos":[748.319702,-6.86453152,51.9750214],"rotationMatrix":[0.867974162,0.4966093,0,-0.4966093,0.867974162,0,0,0,0.999999881],"scale":1.13553131,"type":"cork_oak_bush_medium"}
{"pos":[750.085876,41.2659836,55.2681427],"rotationMatrix":[0.867974162,0.4966093,0,-0.4966093,0.867974162,0,0,0,0.999999881],"scale":1.13553131,"type":"cork_oak_bush_medium"}
{"pos":[731.802551,64.9197388,55.2681427],"rotationMatrix":[0.867974162,0.4966093,0,-0.4966093,0.867974162,0,0,0,0.999999881],"scale":1.13553131,"type":"cork_oak_bush_medium"}
{"pos":[808.079163,-87.5955811,57.3082542],"rotationMatrix":[0.0420019329,0.999117434,0,-0.999117434,0.0420019329,0,0,0,0.999999881],"scale":0.914846301,"type":"cork_oak_bush_medium"}
{"pos":[806.870605,-69.0359421,53.0938568],"rotationMatrix":[0.750872374,0.660447299,0,-0.660447299,0.750872374,0,0,0,0.999999881],"scale":1.14237881,"type":"cork_oak_bush_medium"}
{"pos":[799.016235,-8.76852417,51.9597397],"rotationMatrix":[-0.98284632,0.184425771,0,-0.184425771,-0.98284632,0,0,0,0.999999881],"scale":0.911140561,"type":"cork_oak_bush_medium"}
{"pos":[798.568787,-16.1146679,52.0421486],"rotationMatrix":[-0.783222735,0.621741116,0,-0.621741116,-0.783222735,0,0,0,0.999999881],"scale":0.984428763,"type":"cork_oak_bush_medium"}
{"pos":[800.247375,-23.3946495,52.2755699],"rotationMatrix":[-0.999988794,-0.00471366849,0,0.00471366849,-0.999988794,0,0,0,0.999999881],"scale":0.822724402,"type":"cork_oak_bush_medium"}
{"pos":[802.542175,-26.7587299,53.2257996],"rotationMatrix":[0.442370087,-0.896832526,0,0.896832526,0.442370087,0,0,0,0.999999881],"scale":0.822355807,"type":"cork_oak_bush_medium"}
{"pos":[802.954651,-30.160429,52.964119],"rotationMatrix":[-0.430211663,-0.902728021,0,0.902728021,-0.430211663,0,0,0,0.999999881],"scale":1.10591817,"type":"cork_oak_bush_medium"}
{"pos":[803.361694,-29.0753822,53.2917633],"rotationMatrix":[-0.995134532,0.0985247716,0,-0.0985247716,-0.995134532,0,0,0,0.999999881],"scale":0.910047829,"type":"cork_oak_bush_medium"}
{"pos":[802.248535,-34.983017,52.3066559],"rotationMatrix":[-0.479203969,0.877703428,0,-0.877703428,-0.479203969,0,0,0,0.999999881],"scale":0.811859667,"type":"cork_oak_bush_medium"}
{"pos":[799.205322,-33.7694473,51.9679298],"rotationMatrix":[-0.0759273693,0.997113168,0,-0.997113168,-0.0759273693,0,0,0,0.999999881],"scale":0.831386149,"type":"cork_oak_bush_medium"}
{"pos":[799.940918,-47.0261536,51.9307556],"rotationMatrix":[0.556947529,0.83054769,0,-0.83054769,0.556947529,0,0,0,0.999999881],"scale":1.04931641,"type":"cork_oak_bush_medium"}
{"pos":[799.449219,-50.6456871,51.9360352],"rotationMatrix":[-0.383597314,0.923500359,0,-0.923500359,-0.383597314,0,0,0,0.999999881],"scale":0.885501742,"type":"cork_oak_bush_medium"}
{"pos":[800.023376,-48.1395416,51.932579],"rotationMatrix":[-0.675005198,0.737812877,0,-0.737812877,-0.675005198,0,0,0,0.999999881],"scale":1.1888026,"type":"cork_oak_bush_medium"}
{"pos":[801.736938,-49.4753838,51.930542],"rotationMatrix":[0.449446946,0.89330703,0,-0.89330703,0.449446946,0,0,0,0.999999881],"scale":1.13939738,"type":"cork_oak_bush_medium"}
{"pos":[799.146057,-52.6279449,51.9360352],"rotationMatrix":[0.947815418,-0.318819255,0,0.318819255,0.947815418,0,0,0,0.999999881],"scale":1.07350791,"type":"cork_oak_bush_medium"}
{"pos":[804.419312,-54.3895378,51.9294243],"rotationMatrix":[-0.956869423,0.290518016,0,-0.290518016,-0.956869423,0,0,0,0.999999881],"scale":0.951194644,"type":"cork_oak_bush_medium"}
{"pos":[804.121826,-61.678688,51.9649391],"rotationMatrix":[-0.30410096,0.952639699,0,-0.952639699,-0.30410096,0,0,0,0.999999881],"scale":1.0955261,"type":"cork_oak_bush_medium"}
{"pos":[810.006348,-67.2742157,53.0214882],"rotationMatrix":[0.997238696,-0.0742619336,0,0.0742619336,0.997238696,0,0,0,0.999999881],"scale":0.875012279,"type":"cork_oak_bush_medium"}
{"pos":[813.052856,-80.5884171,55.8781128],"rotationMatrix":[0.0386558101,-0.999252439,0,0.999252439,0.0386558101,0,0,0,0.999999881],"scale":0.980961204,"type":"cork_oak_bush_medium"}
{"pos":[817.733154,-96.6075516,58.0499268],"rotationMatrix":[-0.522938788,0.852370083,0,-0.852370083,-0.522938788,0,0,0,0.999999881],"scale":0.883586824,"type":"cork_oak_bush_medium"}
{"pos":[819.050964,-93.5678482,58.0499268],"rotationMatrix":[-0.659504056,-0.751700819,0,0.751700819,-0.659504056,0,0,0,0.999999881],"scale":1.1299926,"type":"cork_oak_bush_medium"}
{"pos":[819.71698,-95.5942764,58.0499268],"rotationMatrix":[-0.959061801,-0.283196777,0,0.283196777,-0.959061801,0,0,0,0.999999881],"scale":0.977647126,"type":"cork_oak_bush_medium"}
{"pos":[821.623047,-120.281601,58.0499268],"rotationMatrix":[-0.244792074,-0.969575524,0,0.969575524,-0.244792074,0,0,0,0.999999881],"scale":0.931643367,"type":"cork_oak_bush_medium"}
{"pos":[824.042908,-123.06321,58.0499268],"rotationMatrix":[-0.832504034,0.554018855,0,-0.554018855,-0.832504034,0,0,0,0.999999881],"scale":1.07550132,"type":"cork_oak_bush_medium"}
{"pos":[822.332764,-125.551186,58.0499268],"rotationMatrix":[0.541255116,0.8408584,0,-0.8408584,0.541255116,0,0,0,0.999999881],"scale":1.09029627,"type":"cork_oak_bush_medium"}
{"pos":[822.200195,-121.893295,58.0499268],"rotationMatrix":[0.784718454,0.619852364,0,-0.619852364,0.784718454,0,0,0,0.999999881],"scale":0.886330009,"type":"cork_oak_bush_medium"}
{"pos":[817.043274,-131.17363,58.0499268],"rotationMatrix":[-0.96667856,-0.255993217,0,0.255993217,-0.96667856,0,0,0,0.999999881],"scale":1.06958854,"type":"cork_oak_bush_medium"}
{"pos":[818.755005,-132.068985,58.0465851],"rotationMatrix":[-0.153885424,0.988088548,0,-0.988088548,-0.153885424,0,0,0,0.999999881],"scale":0.802556455,"type":"cork_oak_bush_medium"}
{"pos":[795.823059,-148.689301,58.0471573],"rotationMatrix":[-0.96564281,-0.259872556,0,0.259872556,-0.96564281,0,0,0,0.999999881],"scale":1.19646597,"type":"cork_oak_bush_medium"}
{"pos":[794.022827,-153.244949,58.0462646],"rotationMatrix":[0.983899891,-0.178720176,0,0.178720176,0.983899891,0,0,0,0.999999881],"scale":0.839828074,"type":"cork_oak_bush_medium"}
{"pos":[787.348694,-152.307541,58.0499268],"rotationMatrix":[0.984567821,0.175003037,0,-0.175003037,0.984567821,0,0,0,0.999999881],"scale":0.936787248,"type":"cork_oak_bush_medium"}
{"pos":[780.206055,-118.482254,58.3007736],"rotationMatrix":[0.561644614,-0.827378392,0,0.827378392,0.561644614,0,0,0,0.999999881],"scale":1.09140861,"type":"cork_oak_bush_medium"}
{"pos":[777.06543,-119.986633,58.4343262],"rotationMatrix":[-0.997829497,0.0658493862,0,-0.0658493862,-0.997829497,0,0,0,0.999999881],"scale":1.1123544,"type":"cork_oak_bush_medium"}
{"pos":[781.64447,-118.321846,58.2600098],"rotationMatrix":[0.449430317,-0.893315375,0,0.893315375,0.449430317,0,0,0,0.999999881],"scale":0.831633508,"type":"cork_oak_bush_medium"}
{"pos":[780.193115,-111.952148,58.0497513],"rotationMatrix":[0.455530643,-0.890219927,0,0.890219927,0.455530643,0,0,0,0.999999881],"scale":1.19463217,"type":"cork_oak_bush_medium"}
{"pos":[779.006165,-109.242081,58.0430565],"rotationMatrix":[-0.87008971,0.492893249,0,-0.492893249,-0.87008971,0,0,0,0.999999881],"scale":1.02306581,"type":"cork_oak_bush_medium"}
{"pos":[785.199524,-113.615677,58.0506897],"rotationMatrix":[-0.302346617,-0.953198016,0,0.953198016,-0.302346617,0,0,0,0.999999881],"scale":1.16238475,"type":"cork_oak_bush_medium"}
{"pos":[783.556274,-107.121918,58.0478745],"rotationMatrix":[-0.412133992,-0.911123157,0,0.911123157,-0.412133992,0,0,0,0.999999881],"scale":0.819630265,"type":"cork_oak_bush_medium"}
{"pos":[774.493713,-120.011734,58.4898834],"rotationMatrix":[0.917191744,-0.398445785,0,0.398445785,0.917191744,0,0,0,0.999999881],"scale":0.993320823,"type":"cork_oak_bush_medium"}
{"pos":[770.083618,-115.340195,58.0573997],"rotationMatrix":[-0.948779523,0.31593883,0,-0.31593883,-0.948779523,0,0,0,0.999999881],"scale":1.16726613,"type":"cork_oak_bush_medium"}
{"pos":[772.603821,-116.312897,58.223484],"rotationMatrix":[-0.979322493,0.202305093,0,-0.202305093,-0.979322493,0,0,0,0.999999881],"scale":0.876311898,"type":"cork_oak_bush_medium"}
{"pos":[780.84314,-98.6949081,57.3713341],"rotationMatrix":[0.332040787,-0.943264902,0,0.943264902,0.332040787,0,0,0,0.999999881],"scale":1.10542989,"type":"cork_oak_bush_medium"}
{"pos":[783.048096,-112.266327,58.0548058],"rotationMatrix":[-0.763667524,0.645609617,0,-0.645609617,-0.763667524,0,0,0,0.999999881],"scale":0.905107558,"type":"cork_oak_bush_medium"}
{"pos":[780.205627,-114.949471,58.1479912],"rotationMatrix":[-0.750950575,0.660358131,0,-0.660358131,-0.750950575,0,0,0,0.999999881],"scale":1.0824914,"type":"cork_oak_bush_medium"}
{"pos":[787.223633,-107.855385,58.0483589],"rotationMatrix":[0.449611127,-0.893224299,0,0.893224299,0.449611127,0,0,0,0.999999881],"scale":0.82912451,"type":"cork_oak_bush_medium"}
{"pos":[785.257935,-105.321838,58.0499268],"rotationMatrix":[0.990375817,0.138403818,0,-0.138403818,0.990375817,0,0,0,0.999999881],"scale":0.805091619,"type":"cork_oak_bush_medium"}
{"pos":[784.439087,-107.762901,58.0471344],"rotationMatrix":[-0.345284313,0.93849802,0,-0.93849802,-0.345284313,0,0,0,0.999999881],"scale":1.09592676,"type":"cork_oak_bush_medium"}
{"pos":[789.008545,-98.7031479,57.550724],"rotationMatrix":[0.152412727,-0.988316834,0,0.988316834,0.152412727,0,0,0,0.999999881],"scale":0.879067302,"type":"cork_oak_bush_medium"}
{"pos":[786.555359,-99.1940384,57.9756851],"rotationMatrix":[-0.204842165,0.978794932,0,-0.978794932,-0.204842165,0,0,0,0.999999881],"scale":0.974896193,"type":"cork_oak_bush_medium"}
{"pos":[778.857178,-94.911499,54.8656387],"rotationMatrix":[-0.96136874,0.275263667,0,-0.275263667,-0.96136874,0,0,0,0.999999881],"scale":1.05822551,"type":"cork_oak_bush_medium"}
{"pos":[771.389771,-91.6502457,53.5317688],"rotationMatrix":[-0.984514475,-0.17530264,0,0.17530264,-0.984514475,0,0,0,0.999999881],"scale":1.12537527,"type":"cork_oak_bush_medium"}
{"pos":[775.414612,-96.5119476,54.3828278],"rotationMatrix":[0.949161828,-0.314788163,0,0.314788163,0.949161828,0,0,0,0.999999881],"scale":0.926692724,"type":"cork_oak_bush_medium"}
{"pos":[770.764221,-94.9837799,53.9586182],"rotationMatrix":[0.879354715,-0.476166993,0,0.476166993,0.879354715,0,0,0,0.999999881],"scale":1.00927258,"type":"cork_oak_bush_medium"}
{"pos":[771.13678,-93.8980789,53.8652725],"rotationMatrix":[-0.991076052,0.133297265,0,-0.133297265,-0.991076052,0,0,0,0.999999881],"scale":0.993355274,"type":"cork_oak_bush_medium"}
{"pos":[782.768494,-91.5429001,54.3683319],"rotationMatrix":[-0.519621134,-0.85439676,0,0.85439676,-0.519621134,0,0,0,0.999999881],"scale":0.903636456,"type":"cork_oak_bush_medium"}
{"pos":[771.429504,-89.5014954,53.2519302],"rotationMatrix":[0.513426065,-0.858133733,0,0.858133733,0.513426065,0,0,0,0.999999881],"scale":1.11810076,"type":"cork_oak_bush_medium"}
{"pos":[779.043091,-87.2403946,53.8831406],"rotationMatrix":[-0.332383901,-0.943144143,0,0.943144143,-0.332383901,0,0,0,0.999999881],"scale":0.911996067,"type":"cork_oak_bush_medium"}
{"pos":[775.669495,-87.5969086,53.7782059],"rotationMatrix":[0.524150968,0.851625383,0,-0.851625383,0.524150968,0,0,0,0.999999881],"scale":0.92721343,"type":"cork_oak_bush_medium"}
{"pos":[777.409607,-92.1335831,53.9242134],"rotationMatrix":[0.470083416,0.882622004,0,-0.882622004,0.470083416,0,0,0,0.999999881],"scale":0.846709371,"type":"cork_oak_bush_medium"}
{"pos":[776.477539,-97.2051849,55.2150345],"rotationMatrix":[-0.766511977,-0.642229974,0,0.642229974,-0.766511977,0,0,0,0.999999881],"scale":0.828473985,"type":"cork_oak_bush_medium"}
{"pos":[769.932739,-95.6768417,53.9647598],"rotationMatrix":[0.931933045,0.362630308,0,-0.362630308,0.931933045,0,0,0,0.999999881],"scale":0.978070259,"type":"cork_oak_bush_medium"}
{"pos":[771.154724,-98.21138,54.3583679],"rotationMatrix":[0.999888062,-0.0149559043,0,0.0149559043,0.999888062,0,0,0,0.999999881],"scale":0.963005304,"type":"cork_oak_bush_medium"}
{"pos":[776.848694,-99.9662704,57.2137222],"rotationMatrix":[0.337106854,0.941466391,0,-0.941466391,0.337106854,0,0,0,0.999999881],"scale":1.05046391,"type":"cork_oak_bush_medium"}
{"pos":[773.200745,-101.504112,56.8088493],"rotationMatrix":[0.832552195,-0.553946495,0,0.553946495,0.832552195,0,0,0,0.999999881],"scale":0.816986859,"type":"cork_oak_bush_medium"}
{"pos":[767.617737,-99.5334778,54.1226006],"rotationMatrix":[0.840769827,0.541392744,0,-0.541392744,0.840769827,0,0,0,0.999999881],"scale":0.98037082,"type":"cork_oak_bush_medium"}
{"pos":[770.462646,-104.825035,57.4838829],"rotationMatrix":[0.137771338,0.990464032,0,-0.990464032,0.137771338,0,0,0,0.999999881],"scale":1.10012209,"type":"cork_oak_bush_medium"}
{"pos":[900.293091,-67.1064606,72.4064636],"rotationMatrix":[0.881426871,-0.472320139,0,0.472320139,0.881426871,0,0,0,0.999999881],"scale":1.0445683,"type":"cork_oak_bush_medium"}
{"pos":[910.172302,-76.6644211,69.4693298],"rotationMatrix":[-0.990296662,0.138968632,0,-0.138968632,-0.990296662,0,0,0,0.999999881],"scale":0.833140969,"type":"cork_oak_bush_medium"}
{"pos":[909.533203,-73.5474625,71.2775955],"rotationMatrix":[0.140666351,0.990057051,0,-0.990057051,0.140666351,0,0,0,0.999999881],"scale":1.09836566,"type":"cork_oak_bush_medium"}
{"pos":[827.697205,-53.183712,58.2466545],"rotationMatrix":[0.795338452,0.606165588,0,-0.606165588,0.795338452,0,0,0,0.999999881],"scale":0.883266389,"type":"cork_oak_bush_medium"}
{"pos":[830.634338,-53.6615105,59.0615005],"rotationMatrix":[-0.827039599,-0.562143385,0,0.562143385,-0.827039599,0,0,0,0.999999881],"scale":1.0806849,"type":"cork_oak_bush_medium"}
{"pos":[824.657654,-64.229599,59.1250267],"rotationMatrix":[0.945774972,-0.324822307,0,0.324822307,0.945774972,0,0,0,0.999999881],"scale":0.880160451,"type":"cork_oak_bush_medium"}
{"pos":[819.325684,-47.5326805,56.6708603],"rotationMatrix":[0.491042674,-0.871135473,0,0.871135473,0.491042674,0,0,0,0.999999881],"scale":1.07635319,"type":"cork_oak_bush_medium"}
{"pos":[811.384827,-38.460186,55.6120644],"rotationMatrix":[0.547721803,-0.836660445,0,0.836660445,0.547721803,0,0,0,0.999999881],"scale":0.809818864,"type":"cork_oak_bush_medium"}
{"pos":[815.883057,-37.2269592,56.6473312],"rotationMatrix":[0.0582990646,0.998299122,0,-0.998299122,0.0582990646,0,0,0,0.999999881],"scale":0.807226837,"type":"cork_oak_bush_medium"}
{"pos":[812.39032,-26.6338882,57.1794968],"rotationMatrix":[0.754572868,0.656216264,0,-0.656216264,0.754572868,0,0,0,0.999999881],"scale":1.03729367,"type":"cork_oak_bush_medium"}
{"pos":[808.538879,-2.3397789,54.4199524],"rotationMatrix":[-0.815578878,0.578645825,0,-0.578645825,-0.815578878,0,0,0,0.999999881],"scale":0.883265197,"type":"cork_oak_bush_medium"}
{"pos":[806.502563,-2.34016275,52.9658699],"rotationMatrix":[-0.875277221,0.483621418,0,-0.483621418,-0.875277221,0,0,0,0.999999881],"scale":1.14717865,"type":"cork_oak_bush_medium"}
{"pos":[804.244507,3.04525375,52.2352791],"rotationMatrix":[-0.44704473,-0.894511461,0,0.894511461,-0.44704473,0,0,0,0.999999881],"scale":0.86546737,"type":"cork_oak_bush_medium"}
{"pos":[806.179688,-1.38318062,52.7229996],"rotationMatrix":[0.659587801,-0.751627386,0,0.751627386,0.659587801,0,0,0,0.999999881],"scale":0.88106513,"type":"cork_oak_bush_medium"}
{"pos":[800.707336,1.53204751,51.9287109],"rotationMatrix":[0.687143266,-0.72652185,0,0.72652185,0.687143266,0,0,0,0.999999881],"scale":0.98295182,"type":"cork_oak_bush_medium"}
{"pos":[749.524719,-221.542236,66.8133545],"rotationMatrix":[0.464277565,0.885689795,0,-0.885689795,0.464277565,0,0,0,0.999999881],"scale":1.11040723,"type":"cork_oak_bush_medium"}
{"pos":[735.788269,-184.215637,57.9968262],"rotationMatrix":[-0.752206206,0.658927679,0,-0.658927679,-0.752206206,0,0,0,0.999999881],"scale":1.04563951,"type":"cork_oak_bush_medium"}
{"pos":[742.399597,-177.814819,58.0499268],"rotationMatrix":[0.475520849,0.879704475,0,-0.879704475,0.475520849,0,0,0,0.999999881],"scale":0.868111968,"type":"cork_oak_bush_medium"}
{"pos":[746.927795,-176.966721,58.0499268],"rotationMatrix":[0.615187645,0.788380682,0,-0.788380682,0.615187645,0,0,0,0.999999881],"scale":1.09204149,"type":"cork_oak_bush_medium"}
{"pos":[743.673279,-193.775436,58.0491028],"rotationMatrix":[-0.379439801,-0.925216377,0,0.925216377,-0.379439801,0,0,0,0.999999881],"scale":1.12719023,"type":"cork_oak_bush_medium"}
{"pos":[755.771973,-184.998856,58.0462646],"rotationMatrix":[0.453954667,-0.891024709,0,0.891024709,0.453954667,0,0,0,0.999999881],"scale":0.968424082,"type":"cork_oak_bush_medium"}
{"pos":[756.920532,-183.094391,58.0462646],"rotationMatrix":[-0.943798959,0.330520034,0,-0.330520034,-0.943798959,0,0,0,0.999999881],"scale":1.15686142,"type":"cork_oak_bush_medium"}
{"pos":[757.367188,-187.246399,58.0520935],"rotationMatrix":[0.114052169,0.993474662,0,-0.993474662,0.114052169,0,0,0,0.999999881],"scale":0.827618837,"type":"cork_oak_bush_medium"}
{"pos":[762.118225,-181.378342,58.1035767],"rotationMatrix":[-0.147709385,-0.989030778,0,0.989030778,-0.147709385,0,0,0,0.999999881],"scale":0.830533028,"type":"cork_oak_bush_medium"}
{"pos":[765.179443,-179.539368,58.3908768],"rotationMatrix":[-0.824127257,-0.566404521,0,0.566404521,-0.824127257,0,0,0,0.999999881],"scale":1.10968411,"type":"cork_oak_bush_medium"}
{"pos":[767.937622,-173.192719,58.0462646],"rotationMatrix":[-0.330922544,0.943657815,0,-0.943657815,-0.330922544,0,0,0,0.999999881],"scale":0.903553009,"type":"cork_oak_bush_medium"}
{"pos":[769.405457,-171.200592,58.0462646],"rotationMatrix":[0.972669542,-0.232193351,0,0.232193351,0.972669542,0,0,0,0.999999881],"scale":0.887801766,"type":"cork_oak_bush_medium"}
{"pos":[806.40094,-141.976318,58.0462646],"rotationMatrix":[-0.595932245,0.803034484,0,-0.803034484,-0.595932245,0,0,0,0.999999881],"scale":1.11774027,"type":"cork_oak_bush_medium"}
{"pos":[772.510925,-168.726868,58.0462646],"rotationMatrix":[0.934107006,-0.3569929,0,0.3569929,0.934107006,0,0,0,0.999999881],"scale":0.977699041,"type":"cork_oak_bush_medium"}
{"pos":[761.636658,-186.151581,59.671524],"rotationMatrix":[0.885965586,-0.463750869,0,0.463750869,0.885965586,0,0,0,0.999999881],"scale":0.998065233,"type":"cork_oak_bush_medium"}
{"pos":[752.154541,-193.595764,58.1105804],"rotationMatrix":[-0.242810443,0.97007364,0,-0.97007364,-0.242810443,0,0,0,0.999999881],"scale":1.06236243,"type":"cork_oak_bush_medium"}
{"pos":[755.451416,-192.587067,58.3521271],"rotationMatrix":[-0.694095075,-0.719883204,0,0.719883204,-0.694095075,0,0,0,0.999999881],"scale":1.00252032,"type":"cork_oak_bush_medium"}
{"pos":[752.404175,-176.554413,58.0499268],"rotationMatrix":[-0.602146983,-0.798385084,0,0.798385084,-0.602146983,0,0,0,0.999999881],"scale":1.11673915,"type":"cork_oak_bush_medium"}
{"pos":[754.295959,-180.436127,58.0489502],"rotationMatrix":[-0.680851758,0.73242116,0,-0.73242116,-0.680851758,0,0,0,0.999999881],"scale":0.855885088,"type":"cork_oak_bush_medium"}
{"pos":[749.578979,-170.045273,58.0499268],"rotationMatrix":[-0.637811899,0.770191908,0,-0.770191908,-0.637811899,0,0,0,0.999999881],"scale":1.07795143,"type":"cork_oak_bush_medium"}
{"pos":[746.516418,-168.927734,58.0499268],"rotationMatrix":[0.444864124,0.895598114,0,-0.895598114,0.444864124,0,0,0,0.999999881],"scale":1.08220875,"type":"cork_oak_bush_medium"}
{"pos":[770.246399,-158.527328,58.0499268],"rotationMatrix":[-0.430046797,-0.902806461,0,0.902806461,-0.430046797,0,0,0,0.999999881],"scale":0.998184741,"type":"cork_oak_bush_medium"}
{"pos":[833.254578,-73.0977097,63.8431091],"rotationMatrix":[-0.960168064,-0.279422879,0,0.279422879,-0.960168064,0,0,0,0.999999881],"scale":1.13625693,"type":"cork_oak_bush_medium"}
{"pos":[835.88501,-77.551239,64.025856],"rotationMatrix":[0.950143039,0.311814129,0,-0.311814129,0.950143039,0,0,0,0.999999881],"scale":0.845409393,"type":"cork_oak_bush_medium"}
{"pos":[834.534241,-82.6516571,64.0384521],"rotationMatrix":[-0.892012537,-0.452010632,0,0.452010632,-0.892012537,0,0,0,0.999999881],"scale":1.13108492,"type":"cork_oak_bush_medium"}
{"pos":[837.722168,-83.4432907,64.0393066],"rotationMatrix":[-0.915383875,-0.402581841,0,0.402581841,-0.915383875,0,0,0,0.999999881],"scale":1.083722,"type":"cork_oak_bush_medium"}
{"pos":[841.277588,-90.1049728,64.0393066],"rotationMatrix":[-0.993017256,0.117968433,0,-0.117968433,-0.993017256,0,0,0,0.999999881],"scale":0.843802273,"type":"cork_oak_bush_medium"}
{"pos":[843.405945,-88.7975006,64.0393066],"rotationMatrix":[0.577541113,-0.816361487,0,0.816361487,0.577541113,0,0,0,0.999999881],"scale":1.12450433,"type":"cork_oak_bush_medium"}
{"pos":[845.126038,-104.283081,64.0393066],"rotationMatrix":[-0.0653471723,-0.997862518,0,0.997862518,-0.0653471723,0,0,0,0.999999881],"scale":0.897810698,"type":"cork_oak_bush_medium"}
{"pos":[843.246948,-105.559708,64.0393066],"rotationMatrix":[-0.759892941,-0.650048018,0,0.650048018,-0.759892941,0,0,0,0.999999881],"scale":0.869149268,"type":"cork_oak_bush_medium"}
{"pos":[845.18042,-105.67337,64.0393066],"rotationMatrix":[0.532824516,-0.846225679,0,0.846225679,0.532824516,0,0,0,0.999999881],"scale":1.08949387,"type":"cork_oak_bush_medium"}
{"pos":[849.028564,-105.541801,64.0393066],"rotationMatrix":[0.57153827,-0.820575297,0,0.820575297,0.57153827,0,0,0,0.999999881],"scale":1.03597403,"type":"cork_oak_bush_medium"}
{"pos":[845.952942,-109.167404,64.0393066],"rotationMatrix":[-0.7042225,0.709979057,0,-0.709979057,-0.7042225,0,0,0,0.999999881],"scale":0.880742908,"type":"cork_oak_bush_medium"}
{"pos":[843.930481,-108.974625,64.0390472],"rotationMatrix":[-0.991693914,-0.128619432,0,0.128619432,-0.991693914,0,0,0,0.999999881],"scale":1.02264678,"type":"cork_oak_bush_medium"}
{"pos":[843.697144,-121.815048,64.0015793],"rotationMatrix":[0.937401652,-0.348249882,0,0.348249882,0.937401652,0,0,0,0.999999881],"scale":1.03684509,"type":"cork_oak_bush_medium"}
{"pos":[847.182617,-128.265732,64.3562012],"rotationMatrix":[-0.234581575,-0.972096384,0,0.972096384,-0.234581575,0,0,0,0.999999881],"scale":1.18381345,"type":"cork_oak_bush_medium"}
{"pos":[843.712463,-125.80201,64.0393066],"rotationMatrix":[-0.495879859,-0.868391097,0,0.868391097,-0.495879859,0,0,0,0.999999881],"scale":0.938309312,"type":"cork_oak_bush_medium"}
{"pos":[838.329468,-80.5752792,64.0393066],"rotationMatrix":[0.999914765,-0.013048891,0,0.013048891,0.999914765,0,0,0,0.999999881],"scale":1.0810082,"type":"cork_oak_bush_medium"}
{"pos":[835.327148,-56.1907043,61.7340431],"rotationMatrix":[0.999967217,-0.00808969606,0,0.00808969606,0.999967217,0,0,0,0.999999881],"scale":1.14065111,"type":"cork_oak_bush_medium"}
{"pos":[872.375916,-53.0495682,65.9501877],"rotationMatrix":[-0.0572500192,-0.998359799,0,0.998359799,-0.0572500192,0,0,0,0.999999881],"scale":0.901298285,"type":"cork_oak_bush_medium"}
{"pos":[820.434326,26.049284,57.257431],"rotationMatrix":[-0.373624027,-0.927580118,0,0.927580118,-0.373624027,0,0,0,0.999999881],"scale":0.833827317,"type":"cork_oak_bush_medium"}
{"pos":[811.199585,-24.0393639,57.1087875],"rotationMatrix":[-0.987466395,0.157828972,0,-0.157828972,-0.987466395,0,0,0,0.999999881],"scale":1.13499844,"type":"cork_oak_bush_medium"}
{"pos":[858.578491,-79.937912,65.8417969],"rotationMatrix":[0.547512949,0.836797178,0,-0.836797178,0.547512949,0,0,0,0.999999881],"scale":0.955721676,"type":"cork_oak_bush_medium"}
{"pos":[855.724854,-77.3642273,65.9790344],"rotationMatrix":[-0.999718428,0.0237243231,0,-0.0237243231,-0.999718428,0,0,0,0.999999881],"scale":1.13859439,"type":"cork_oak_bush_medium"}
{"pos":[862.838501,-84.4243164,66.4948807],"rotationMatrix":[0.890407622,-0.455163747,0,0.455163747,0.890407622,0,0,0,0.999999881],"scale":0.926020503,"type":"cork_oak_bush_medium"}
{"pos":[864.519653,-85.8464355,66.9905701],"rotationMatrix":[-0.803817809,-0.594875574,0,0.594875574,-0.803817809,0,0,0,0.999999881],"scale":1.16726589,"type":"cork_oak_bush_medium"}
{"pos":[864.196716,-83.5938644,66.4238434],"rotationMatrix":[-0.602986813,-0.797751129,0,0.797751129,-0.602986813,0,0,0,0.999999881],"scale":0.970415533,"type":"cork_oak_bush_medium"}
{"pos":[867.00415,-89.097908,67.0735092],"rotationMatrix":[-0.986631572,-0.162966087,0,0.162966087,-0.986631572,0,0,0,0.999999881],"scale":0.998403668,"type":"cork_oak_bush_medium"}
{"pos":[847.281738,-86.3166046,64.2097473],"rotationMatrix":[0.490731716,-0.871310651,0,0.871310651,0.490731716,0,0,0,0.999999881],"scale":1.10797691,"type":"cork_oak_bush_medium"}
{"pos":[849.695862,-91.0891342,64.1264496],"rotationMatrix":[-0.812177718,-0.583410084,0,0.583410084,-0.812177718,0,0,0,0.999999881],"scale":1.09648991,"type":"cork_oak_bush_medium"}
{"pos":[850.854248,-92.1899033,64.2862473],"rotationMatrix":[0.57479465,-0.818297505,0,0.818297505,0.57479465,0,0,0,0.999999881],"scale":0.837634623,"type":"cork_oak_bush_medium"}
{"pos":[854.026794,-93.5166168,65.0797424],"rotationMatrix":[0.0762671605,-0.997087359,0,0.997087359,0.0762671605,0,0,0,0.999999881],"scale":1.16923535,"type":"cork_oak_bush_medium"}
{"pos":[858.132385,-97.5042114,65.3715363],"rotationMatrix":[-0.20946537,-0.977815986,0,0.977815986,-0.20946537,0,0,0,0.999999881],"scale":0.915156543,"type":"cork_oak_bush_medium"}
{"pos":[856.035767,-96.5959015,65.5031357],"rotationMatrix":[0.630216777,-0.776419163,0,0.776419163,0.630216777,0,0,0,0.999999881],"scale":1.06858921,"type":"cork_oak_bush_medium"}
{"pos":[854.272888,-101.342194,64.2779007],"rotationMatrix":[-0.679306209,-0.73385489,0,0.73385489,-0.679306209,0,0,0,0.999999881],"scale":1.00451207,"type":"cork_oak_bush_medium"}
{"pos":[843.130981,-94.0097046,64.0393066],"rotationMatrix":[-0.981620729,0.190841943,0,-0.190841943,-0.981620729,0,0,0,0.999999881],"scale":1.03381515,"type":"cork_oak_bush_medium"}
{"pos":[848.010498,-92.4910889,64.0423508],"rotationMatrix":[-0.485228091,0.874387443,0,-0.874387443,-0.485228091,0,0,0,0.999999881],"scale":0.858472168,"type":"cork_oak_bush_medium"}
{"pos":[844.304626,-90.3021011,64.0393066],"rotationMatrix":[-0.99982363,-0.018774271,0,0.018774271,-0.99982363,0,0,0,0.999999881],"scale":0.950157344,"type":"cork_oak_bush_medium"}
{"pos":[853.691101,-96.3686676,65.1145554],"rotationMatrix":[0.237277344,0.971441925,0,-0.971441925,0.237277344,0,0,0,0.999999881],"scale":0.875843108,"type":"cork_oak_bush_medium"}
{"pos":[849.805725,-94.2246704,64.2106781],"rotationMatrix":[-0.358634681,0.933477879,0,-0.933477879,-0.358634681,0,0,0,0.999999881],"scale":0.851100385,"type":"cork_oak_bush_medium"}
{"pos":[850.566345,-95.6372452,64.3669968],"rotationMatrix":[-0.953891635,-0.30015099,0,0.30015099,-0.953891635,0,0,0,0.999999881],"scale":0.872303307,"type":"cork_oak_bush_medium"}
{"pos":[852.654297,-98.1748657,64.6603241],"rotationMatrix":[-0.691853225,0.722038031,0,-0.722038031,-0.691853225,0,0,0,0.999999881],"scale":1.10903144,"type":"cork_oak_bush_medium"}
{"pos":[851.021362,-108.433517,64.1085052],"rotationMatrix":[0.935006738,0.354629785,0,-0.354629785,0.935006738,0,0,0,0.999999881],"scale":1.06941926,"type":"cork_oak_bush_medium"}
{"pos":[846.470154,-105.14048,64.0393066],"rotationMatrix":[0.0380907208,0.999274254,0,-0.999274254,0.0380907208,0,0,0,0.999999881],"scale":0.949425697,"type":"cork_oak_bush_medium"}
{"pos":[846.057068,-106.314285,64.0393066],"rotationMatrix":[-0.890114069,0.45573774,0,-0.45573774,-0.890114069,0,0,0,0.999999881],"scale":0.974408031,"type":"cork_oak_bush_medium"}
{"pos":[846.400146,-87.2293472,64.0884247],"rotationMatrix":[-0.131950498,0.991256237,0,-0.991256237,-0.131950498,0,0,0,0.999999881],"scale":0.803962529,"type":"cork_oak_bush_medium"}
{"pos":[844.979675,-87.2215347,64.0435867],"rotationMatrix":[0.551301122,-0.83430618,0,0.83430618,0.551301122,0,0,0,0.999999881],"scale":1.05406535,"type":"cork_oak_bush_medium"}
{"pos":[859.36499,-100.545174,64.6917648],"rotationMatrix":[-0.417135686,0.908844054,0,-0.908844054,-0.417135686,0,0,0,0.999999881],"scale":1.00106955,"type":"cork_oak_bush_medium"}
{"pos":[855.948853,-101.559631,64.3510208],"rotationMatrix":[0.995569289,-0.0940297022,0,0.0940297022,0.995569289,0,0,0,0.999999881],"scale":0.983745813,"type":"cork_oak_bush_medium"}
{"pos":[858.819275,-111.523788,64.4441452],"rotationMatrix":[-0.732492089,0.680775464,0,-0.680775464,-0.732492089,0,0,0,0.999999881],"scale":0.967543483,"type":"cork_oak_bush_medium"}
{"pos":[857.526123,-112.641464,64.4742813],"rotationMatrix":[-0.0716444701,-0.997430146,0,0.997430146,-0.0716444701,0,0,0,0.999999881],"scale":0.871448576,"type":"cork_oak_bush_medium"}
{"pos":[855.895813,-113.587753,64.3493805],"rotationMatrix":[-0.521268547,0.853392541,0,-0.853392541,-0.521268547,0,0,0,0.999999881],"scale":0.980778515,"type":"cork_oak_bush_medium"}
{"pos":[845.878235,-128.066071,64.0393066],"rotationMatrix":[0.993542016,0.113464393,0,-0.113464393,0.993542016,0,0,0,0.999999881],"scale":0.955289006,"type":"cork_oak_bush_medium"}
{"pos":[831.145386,-85.7737656,63.2622871],"rotationMatrix":[0.0209799465,0.99977982,0,-0.99977982,0.0209799465,0,0,0,0.999999881],"scale":1.06584823,"type":"cork_oak_bush_medium"}
{"pos":[835.424927,-83.6449661,64.0393066],"rotationMatrix":[0.835947096,0.548809946,0,-0.548809946,0.835947096,0,0,0,0.999999881],"scale":1.10666478,"type":"cork_oak_bush_medium"}
{"pos":[832.790405,-81.950882,64.0331421],"rotationMatrix":[-0.999919415,-0.0126870163,0,0.0126870163,-0.999919415,0,0,0,0.999999881],"scale":1.12375212,"type":"cork_oak_bush_medium"}
{"pos":[834.152039,-81.7892838,64.0377579],"rotationMatrix":[-0.862828374,0.505496919,0,-0.505496919,-0.862828374,0,0,0,0.999999881],"scale":0.86937499,"type":"cork_oak_bush_medium"}
{"pos":[828.156494,-74.6657715,63.5923538],"rotationMatrix":[0.666249096,0.745729268,0,-0.745729268,0.666249096,0,0,0,0.999999881],"scale":0.870023429,"type":"cork_oak_bush_medium"}
{"pos":[831.118896,-73.0907516,63.7896194],"rotationMatrix":[0.395075053,0.918648839,0,-0.918648839,0.395075053,0,0,0,0.999999881],"scale":1.11865282,"type":"cork_oak_bush_medium"}
{"pos":[827.41394,-68.2315598,62.356926],"rotationMatrix":[-0.248240873,-0.968698323,0,0.968698323,-0.248240873,0,0,0,0.999999881],"scale":1.11561847,"type":"cork_oak_bush_medium"}
{"pos":[829.798706,-62.7064095,61.21241],"rotationMatrix":[0.910361946,0.413812876,0,-0.413812876,0.910361946,0,0,0,0.999999881],"scale":1.0674808,"type":"cork_oak_bush_medium"}
{"pos":[828.545044,-76.6472015,63.3320198],"rotationMatrix":[0.266964972,-0.963706195,0,0.963706195,0.266964972,0,0,0,0.999999881],"scale":1.12590969,"type":"cork_oak_bush_medium"}
{"pos":[835.39978,-93.0719223,63.9107895],"rotationMatrix":[-0.4849554,-0.874538839,0,0.874538839,-0.4849554,0,0,0,0.999999881],"scale":1.14114106,"type":"cork_oak_bush_medium"}
{"pos":[735.486572,-152.228363,58.4480133],"rotationMatrix":[0.834032357,-0.551715374,0,0.551715374,0.834032357,0,0,0,0.999999881],"scale":0.861867428,"type":"cork_oak_bush_medium"}
{"pos":[730.483765,-151.938995,58.6184006],"rotationMatrix":[-0.629426897,0.777059495,0,-0.777059495,-0.629426897,0,0,0,0.999999881],"scale":1.149225,"type":"cork_oak_bush_medium"}
{"pos":[722.728638,-159.079468,58.6626167],"rotationMatrix":[0.265118599,0.964215815,0,-0.964215815,0.265118599,0,0,0,0.999999881],"scale":1.05396903,"type":"cork_oak_bush_medium"}
{"pos":[700.663269,-128.484192,58.362793],"rotationMatrix":[0.838675857,0.544630885,0,-0.544630885,0.838675857,0,0,0,0.999999881],"scale":1.10185099,"type":"cork_oak_bush_medium"}
{"pos":[710.289185,-121.076355,59.0485878],"rotationMatrix":[-0.890602112,-0.45478341,0,0.45478341,-0.890602112,0,0,0,0.999999881],"scale":1.03382993,"type":"cork_oak_bush_medium"}
{"pos":[734.663513,-128.469833,60.0178375],"rotationMatrix":[0.352249026,-0.935906231,0,0.935906231,0.352249026,0,0,0,0.999999881],"scale":0.870935023,"type":"cork_oak_bush_medium"}
{"pos":[722.192444,-128.749786,60.3994408],"rotationMatrix":[-0.379117012,0.92534858,0,-0.92534858,-0.379117012,0,0,0,0.999999881],"scale":0.940519273,"type":"cork_oak_bush_medium"}
{"pos":[723.183289,-138.932678,58.7584763],"rotationMatrix":[-0.91272217,-0.40858075,0,0.40858075,-0.91272217,0,0,0,0.999999881],"scale":0.925974846,"type":"cork_oak_bush_medium"}
{"pos":[727.708862,-136.609253,59.2278442],"rotationMatrix":[-0.627233088,-0.778831601,0,0.778831601,-0.627233088,0,0,0,0.999999881],"scale":0.925007999,"type":"cork_oak_bush_medium"}
{"pos":[743.604187,-134.979721,58.6439896],"rotationMatrix":[-0.751910806,-0.659264863,0,0.659264863,-0.751910806,0,0,0,0.999999881],"scale":1.05608964,"type":"cork_oak_bush_medium"}
{"pos":[718.174927,-165.601639,59.451313],"rotationMatrix":[-0.854633629,-0.51923126,0,0.51923126,-0.854633629,0,0,0,0.999999881],"scale":1.01521122,"type":"cork_oak_bush_medium"}
{"pos":[711.945129,-179.121429,58.957634],"rotationMatrix":[0.05705183,0.998371124,0,-0.998371124,0.05705183,0,0,0,0.999999881],"scale":1.0030483,"type":"cork_oak_bush_medium"}
{"pos":[705.580872,-173.617996,58.7271843],"rotationMatrix":[0.585892141,0.810389042,0,-0.810389042,0.585892141,0,0,0,0.999999881],"scale":1.18775105,"type":"cork_oak_bush_medium"}
{"pos":[712.669678,-180.350311,58.8199158],"rotationMatrix":[0.880290926,-0.474433899,0,0.474433899,0.880290926,0,0,0,0.999999881],"scale":1.11339986,"type":"cork_oak_bush_medium"}
{"pos":[806.605408,-194.676392,71.1987305],"rotationMatrix":[0.137485594,0.990503728,0,-0.990503728,0.137485594,0,0,0,0.999999881],"scale":0.98813343,"type":"cork_oak_bush_medium"}
{"pos":[811.512512,-194.27977,71.1987305],"rotationMatrix":[0.998809516,-0.0487799495,0,0.0487799495,0.998809516,0,0,0,0.999999881],"scale":0.84210819,"type":"cork_oak_bush_medium"}
{"pos":[796.167297,-181.579971,71.1422195],"rotationMatrix":[-0.999722183,0.0235639121,0,-0.0235639121,-0.999722183,0,0,0,0.999999881],"scale":0.873941839,"type":"cork_oak_bush_medium"}
{"pos":[763.712036,-238.691071,70.0483246],"rotationMatrix":[-0.314911216,-0.949121058,0,0.949121058,-0.314911216,0,0,0,0.999999881],"scale":1.06478608,"type":"cork_oak_bush_medium"}
{"pos":[766.166626,-227.978531,71.027916],"rotationMatrix":[0.189408317,-0.981898367,0,0.981898367,0.189408317,0,0,0,0.999999881],"scale":0.906758308,"type":"cork_oak_bush_medium"}
{"pos":[767.495178,-226.364609,71.101326],"rotationMatrix":[0.99973619,0.0229641888,0,-0.0229641888,0.99973619,0,0,0,0.999999881],"scale":1.03458869,"type":"cork_oak_bush_medium"}
{"pos":[768.071411,-229.913361,71.1616898],"rotationMatrix":[-0.362365454,0.932035983,0,-0.932035983,-0.362365454,0,0,0,0.999999881],"scale":1.16682208,"type":"cork_oak_bush_medium"}
{"pos":[792.22229,-181.867249,71.0187378],"rotationMatrix":[-0.0281605106,-0.999603271,0,0.999603271,-0.0281605106,0,0,0,0.999999881],"scale":0.885228515,"type":"cork_oak_bush_medium"}
{"pos":[795.565491,-184.469086,71.1644287],"rotationMatrix":[0.987635434,-0.156767696,0,0.156767696,0.987635434,0,0,0,0.999999881],"scale":0.834166825,"type":"cork_oak_bush_medium"}
{"pos":[798.643921,-183.452103,71.1837845],"rotationMatrix":[0.909194708,-0.416370928,0,0.416370928,0.909194708,0,0,0,0.999999881],"scale":1.04542339,"type":"cork_oak_bush_medium"}
{"pos":[686.693176,-251.024368,63.9923553],"rotationMatrix":[0.239312887,-0.970942438,0,0.970942438,0.239312887,0,0,0,0.999999881],"scale":1.05216992,"type":"cork_oak_bush_medium"}
{"pos":[689.744751,-243.941391,64.0171509],"rotationMatrix":[-0.271142036,0.962539256,0,-0.962539256,-0.271142036,0,0,0,0.999999881],"scale":1.08095217,"type":"cork_oak_bush_medium"}
{"pos":[697.345398,-202.868683,58.039505],"rotationMatrix":[0.121901006,0.992542207,0,-0.992542207,0.121901006,0,0,0,0.999999881],"scale":0.91351825,"type":"cork_oak_bush_medium"}
{"pos":[694.756592,-202.79071,58.0624161],"rotationMatrix":[0.0777043849,0.996976376,0,-0.996976376,0.0777043849,0,0,0,0.999999881],"scale":1.05278099,"type":"cork_oak_bush_medium"}
{"pos":[701.325806,-205.774338,58.2951546],"rotationMatrix":[-0.778950393,-0.627085507,0,0.627085507,-0.778950393,0,0,0,0.999999881],"scale":0.920300364,"type":"cork_oak_bush_medium"}
{"pos":[700.040588,-178.640427,58.0575256],"rotationMatrix":[-0.110323764,0.99389559,0,-0.99389559,-0.110323764,0,0,0,0.999999881],"scale":0.807403207,"type":"cork_oak_bush_medium"}
{"pos":[699.549927,-170.674713,58.0788193],"rotationMatrix":[0.453681439,-0.891163766,0,0.891163766,0.453681439,0,0,0,0.999999881],"scale":1.14499605,"type":"cork_oak_bush_medium"}
{"pos":[699.999084,-166.932587,58.5163193],"rotationMatrix":[0.125167131,-0.992135584,0,0.992135584,0.125167131,0,0,0,0.999999881],"scale":1.11057091,"type":"cork_oak_bush_medium"}
{"pos":[698.765564,-164.108017,58.1070633],"rotationMatrix":[-0.695849121,-0.718187988,0,0.718187988,-0.695849121,0,0,0,0.999999881],"scale":1.02936637,"type":"cork_oak_bush_medium"}
{"pos":[697.083191,-158.864014,58.0200195],"rotationMatrix":[0.722428143,-0.691445887,0,0.691445887,0.722428143,0,0,0,0.999999881],"scale":1.00393534,"type":"cork_oak_bush_medium"}
{"pos":[693.085571,-133.547729,55.6838264],"rotationMatrix":[0.873743355,0.486387193,0,-0.486387193,0.873743355,0,0,0,0.999999881],"scale":0.904875457,"type":"cork_oak_bush_medium"}
{"pos":[696.383057,-132.713913,57.4048996],"rotationMatrix":[-0.205465227,-0.978664398,0,0.978664398,-0.205465227,0,0,0,0.999999881],"scale":0.844659209,"type":"cork_oak_bush_medium"}
{"pos":[693.731689,-222.015717,63.397316],"rotationMatrix":[0.52924341,-0.848469913,0,0.848469913,0.52924341,0,0,0,0.999999881],"scale":1.08232081,"type":"cork_oak_bush_medium"}
{"pos":[695.538391,-223.959763,63.6703911],"rotationMatrix":[-0.492335767,-0.870405197,0,0.870405197,-0.492335767,0,0,0,0.999999881],"scale":1.14351916,"type":"cork_oak_bush_medium"}
{"pos":[695.616089,-218.696762,62.0895195],"rotationMatrix":[0.719758928,0.694224119,0,-0.694224119,0.719758928,0,0,0,0.999999881],"scale":1.1944561,"type":"cork_oak_bush_medium"}
{"pos":[706.787842,-221.10495,63.9305954],"rotationMatrix":[0.637972474,-0.770059049,0,0.770059049,0.637972474,0,0,0,0.999999881],"scale":1.00646639,"type":"cork_oak_bush_medium"}
{"pos":[703.771912,-219.184494,63.1357422],"rotationMatrix":[0.456069291,0.889944315,0,-0.889944315,0.456069291,0,0,0,0.999999881],"scale":0.868278503,"type":"cork_oak_bush_medium"}
{"pos":[706.63031,-216.903946,63.1735039],"rotationMatrix":[0.916438043,-0.400176257,0,0.400176257,0.916438043,0,0,0,0.999999881],"scale":0.838983834,"type":"cork_oak_bush_medium"}
{"pos":[704.933289,-213.289047,61.4576416],"rotationMatrix":[0.240857348,0.970560491,0,-0.970560491,0.240857348,0,0,0,0.999999881],"scale":1.06500995,"type":"cork_oak_bush_medium"}
{"pos":[716.694397,-230.196747,64.0393066],"rotationMatrix":[-0.626407504,0.779495537,0,-0.779495537,-0.626407504,0,0,0,0.999999881],"scale":1.01795864,"type":"cork_oak_bush_medium"}
