{"pos":[20.2245331,-33.2643166,252.2099],"rotationMatrix":[-0.895277739,-0.445508391,0,0.445508391,-0.895277739,0,0,0,0.999999881],"scale":1.08690476,"type":"cork_oak_bush_large"}
{"pos":[-41.2567902,9.21439362,250.202499],"rotationMatrix":[0.0304045603,-0.999537587,0,0.999537587,0.0304045603,0,0,0,0.999999881],"scale":0.944443345,"type":"cork_oak_bush_large"}
{"pos":[359.472778,73.4881516,258.447357],"rotationMatrix":[0.987628222,0.156812981,0,-0.156812981,0.987628222,0,0,0,0.999999881],"scale":1.13278496,"type":"cork_oak_bush_large"}
{"pos":[327.508362,58.0946579,257.38089],"rotationMatrix":[0.186120018,0.982526958,0,-0.982526958,0.186120018,0,0,0,0.999999881],"scale":1.03321528,"type":"cork_oak_bush_large"}
{"pos":[309.873016,96.3926697,256.299347],"rotationMatrix":[-0.715617299,0.698492467,0,-0.698492467,-0.715617299,0,0,0,0.999999881],"scale":1.05837262,"type":"cork_oak_bush_large"}
{"pos":[304.588013,98.0585632,256.092743],"rotationMatrix":[0.498773068,0.866732657,0,-0.866732657,0.498773068,0,0,0,0.999999881],"scale":0.980712235,"type":"cork_oak_bush_large"}
{"pos":[293.998016,87.8501511,256.953491],"rotationMatrix":[0.530393541,-0.847751439,0,0.847751439,0.530393541,0,0,0,0.999999881],"scale":0.994100332,"type":"cork_oak_bush_large"}
{"pos":[285.008026,96.410759,257.362732],"rotationMatrix":[0.535914063,-0.844272435,0,0.844272435,0.535914063,0,0,0,0.999999881],"scale":1.03219271,"type":"cork_oak_bush_large"}
{"pos":[280.005096,90.6657181,257.995453],"rotationMatrix":[0.982175648,0.187965244,0,-0.187965244,0.982175648,0,0,0,0.999999881],"scale":1.06190836,"type":"cork_oak_bush_large"}
{"pos":[284.074799,89.8389053,257.767944],"rotationMatrix":[0.979771733,0.200117931,0,-0.200117931,0.979771733,0,0,0,0.999999881],"scale":1.19694924,"type":"cork_oak_bush_large"}
{"pos":[299.769653,92.0636749,256.702515],"rotationMatrix":[0.927799165,0.373079896,0,-0.373079896,0.927799165,0,0,0,0.999999881],"scale":0.935460567,"type":"cork_oak_bush_large"}
{"pos":[307.506744,65.2389832,256.901489],"rotationMatrix":[-0.974514902,-0.224322662,0,0.224322662,-0.974514902,0,0,0,0.999999881],"scale":1.12130034,"type":"cork_oak_bush_large"}
{"pos":[240.698746,112.030479,254.344177],"rotationMatrix":[-0.411712527,-0.911313713,0,0.911313713,-0.411712527,0,0,0,0.999999881],"scale":0.956219375,"type":"cork_oak_bush_large"}
{"pos":[241.915619,117.410294,254.341217],"rotationMatrix":[0.878509104,0.477725506,0,-0.477725506,0.878509104,0,0,0,0.999999881],"scale":1.12094414,"type":"cork_oak_bush_large"}
{"pos":[229.2659,98.4485168,254.341888],"rotationMatrix":[-0.995526195,0.094485119,0,-0.094485119,-0.995526195,0,0,0,0.999999881],"scale":1.01826179,"type":"cork_oak_bush_large"}
{"pos":[183.83493,66.1293259,254.272461],"rotationMatrix":[0.569511414,0.821983397,0,-0.821983397,0.569511414,0,0,0,0.999999881],"scale":1.15801692,"type":"cork_oak_bush_large"}
{"pos":[198.837753,74.6562271,254.272461],"rotationMatrix":[-0.972696364,-0.232081026,0,0.232081026,-0.972696364,0,0,0,0.999999881],"scale":1.01942873,"type":"cork_oak_bush_large"}
{"pos":[166.05661,65.942276,254.272461],"rotationMatrix":[0.996572793,0.082719408,0,-0.082719408,0.996572793,0,0,0,0.999999881],"scale":1.06339288,"type":"cork_oak_bush_large"}
{"pos":[153.190033,124.030678,254.379272],"rotationMatrix":[-0.491767466,0.870726407,0,-0.870726407,-0.491767466,0,0,0,0.999999881],"scale":0.995965481,"type":"cork_oak_bush_large"}
{"pos":[155.878845,100.992264,254.379272],"rotationMatrix":[0.803225935,0.595674515,0,-0.595674515,0.803225935,0,0,0,0.999999881],"scale":1.14908481,"type":"cork_oak_bush_large"}
{"pos":[154.72493,132.163239,254.379272],"rotationMatrix":[-0.111052655,-0.993814409,0,0.993814409,-0.111052655,0,0,0,0.999999881],"scale":0.936732233,"type":"cork_oak_bush_large"}
{"pos":[159.879501,127.423965,254.379272],"rotationMatrix":[0.606263697,0.795263648,0,-0.795263648,0.606263697,0,0,0,0.999999881],"scale":1.14744437,"type":"cork_oak_bush_large"}
{"pos":[173.699615,142.075729,254.379272],"rotationMatrix":[0.145011544,-0.989429891,0,0.989429891,0.145011544,0,0,0,0.999999881],"scale":1.02384627,"type":"cork_oak_bush_large"}
{"pos":[179.610809,145.678146,254.379272],"rotationMatrix":[-0.938521445,-0.345220864,0,0.345220864,-0.938521445,0,0,0,0.999999881],"scale":1.09260964,"type":"cork_oak_bush_large"}
{"pos":[170.031448,131.465744,254.379272],"rotationMatrix":[0.739973724,-0.672635615,0,0.672635615,0.739973724,0,0,0,0.999999881],"scale":1.0106281,"type":"cork_oak_bush_large"}
{"pos":[188.888367,168.874771,254.379272],"rotationMatrix":[-0.737495899,0.675351322,0,-0.675351322,-0.737495899,0,0,0,0.999999881],"scale":1.13193035,"type":"cork_oak_bush_large"}
{"pos":[206.25386,181.218353,254.379272],"rotationMatrix":[-0.985022843,-0.172423437,0,0.172423437,-0.985022843,0,0,0,0.999999881],"scale":1.03395081,"type":"cork_oak_bush_large"}
{"pos":[207.494659,185.072601,254.379272],"rotationMatrix":[-0.0994758978,-0.99503988,0,0.99503988,-0.0994758978,0,0,0,0.999999881],"scale":1.03917241,"type":"cork_oak_bush_large"}
{"pos":[213.976776,184.751205,254.212143],"rotationMatrix":[0.893193662,-0.449672073,0,0.449672073,0.893193662,0,0,0,0.999999881],"scale":1.1703403,"type":"cork_oak_bush_large"}
{"pos":[224.26413,170.225388,254.028641],"rotationMatrix":[0.771104217,-0.636708856,0,0.636708856,0.771104217,0,0,0,0.999999881],"scale":1.17712533,"type":"cork_oak_bush_large"}
{"pos":[227.76181,183.490036,253.504959],"rotationMatrix":[-0.74387902,0.668314219,0,-0.668314219,-0.74387902,0,0,0,0.999999881],"scale":1.17229593,"type":"cork_oak_bush_large"}
{"pos":[242.723175,185.010559,252.084137],"rotationMatrix":[-0.967824161,-0.251627058,0,0.251627058,-0.967824161,0,0,0,0.999999881],"scale":0.90014565,"type":"cork_oak_bush_large"}
{"pos":[253.368225,123.091026,254.232285],"rotationMatrix":[0.0193978604,-0.999811769,0,0.999811769,0.0193978604,0,0,0,0.999999881],"scale":0.966442168,"type":"cork_oak_bush_large"}
{"pos":[243.676926,129.564285,254.185822],"rotationMatrix":[-0.900712073,0.434416592,0,-0.434416592,-0.900712073,0,0,0,0.999999881],"scale":1.01785588,"type":"cork_oak_bush_large"}
{"pos":[268.684875,122.824501,254.741226],"rotationMatrix":[-0.982797742,0.184684709,0,-0.184684709,-0.982797742,0,0,0,0.999999881],"scale":0.983507097,"type":"cork_oak_bush_large"}
{"pos":[284.301361,129.651154,255.181915],"rotationMatrix":[0.948869407,-0.315668583,0,0.315668583,0.948869407,0,0,0,0.999999881],"scale":0.985449314,"type":"cork_oak_bush_large"}
{"pos":[78.9818497,143.624252,234.365189],"rotationMatrix":[0.147258803,-0.989097893,0,0.989097893,0.147258803,0,0,0,0.999999881],"scale":0.911227167,"type":"cork_oak_bush_large"}
{"pos":[4.95881081,114.63327,233.569733],"rotationMatrix":[0.435112298,-0.900376022,0,0.900376022,0.435112298,0,0,0,0.999999881],"scale":1.18040705,"type":"cork_oak_bush_large"}
{"pos":[409.789703,45.1406364,250.393509],"rotationMatrix":[-0.893253863,-0.449552357,0,0.449552357,-0.893253863,0,0,0,0.999999881],"scale":0.908087552,"type":"cork_oak_bush_large"}
{"pos":[410.99408,51.8491211,250.350769],"rotationMatrix":[-0.814930737,-0.579558313,0,0.579558313,-0.814930737,0,0,0,0.999999881],"scale":1.04700267,"type":"cork_oak_bush_large"}
{"pos":[416.722626,67.3400116,250.396729],"rotationMatrix":[-0.219889268,0.975524724,0,-0.975524724,-0.219889268,0,0,0,0.999999881],"scale":0.911854088,"type":"cork_oak_bush_large"}
{"pos":[406.597229,81.8889923,250.20134],"rotationMatrix":[-0.997182727,-0.0750100166,0,0.0750100166,-0.997182727,0,0,0,0.999999881],"scale":1.18237901,"type":"cork_oak_bush_large"}
{"pos":[405.661438,94.1492615,250.386383],"rotationMatrix":[0.99996078,0.00885028299,0,-0.00885028299,0.99996078,0,0,0,0.999999881],"scale":0.967852175,"type":"cork_oak_bush_large"}
{"pos":[407.791779,92.9555817,250.396729],"rotationMatrix":[-0.191455081,-0.981501281,0,0.981501281,-0.191455081,0,0,0,0.999999881],"scale":1.17713022,"type":"cork_oak_bush_large"}
{"pos":[412.567139,81.4421005,250.390106],"rotationMatrix":[0.7318905,0.681422234,0,-0.681422234,0.7318905,0,0,0,0.999999881],"scale":1.09553564,"type":"cork_oak_bush_large"}
{"pos":[430.804291,29.3547134,258.253876],"rotationMatrix":[0.617077172,-0.786902606,0,0.786902606,0.617077172,0,0,0,0.999999881],"scale":0.960910618,"type":"cork_oak_bush_large"}
{"pos":[416.811584,81.5333176,250.486938],"rotationMatrix":[-0.601044297,-0.799215734,0,0.799215734,-0.601044297,0,0,0,0.999999881],"scale":1.11500216,"type":"cork_oak_bush_large"}
{"pos":[418.625122,68.9128036,250.539642],"rotationMatrix":[0.99997443,0.00713801617,0,-0.00713801617,0.99997443,0,0,0,0.999999881],"scale":1.13206971,"type":"cork_oak_bush_large"}
{"pos":[415.975006,76.7507172,250.396729],"rotationMatrix":[-0.839246511,0.543751001,0,-0.543751001,-0.839246511,0,0,0,0.999999881],"scale":1.1265527,"type":"cork_oak_bush_large"}
{"pos":[406.369812,99.9819031,250.779999],"rotationMatrix":[-0.989637136,-0.143590108,0,0.143590108,-0.989637136,0,0,0,0.999999881],"scale":1.01156569,"type":"cork_oak_bush_large"}
{"pos":[417.719971,62.8705902,250.561508],"rotationMatrix":[-0.870744705,0.49173528,0,-0.49173528,-0.870744705,0,0,0,0.999999881],"scale":1.17022479,"type":"cork_oak_bush_large"}
{"pos":[414.303284,60.1908607,250.513672],"rotationMatrix":[0.999979675,0.00636746502,0,-0.00636746502,0.999979675,0,0,0,0.999999881],"scale":0.966704071,"type":"cork_oak_bush_large"}
{"pos":[318.181366,243.807205,256.426056],"rotationMatrix":[-0.989326715,0.145713478,0,-0.145713478,-0.989326715,0,0,0,0.999999881],"scale":0.902262807,"type":"cork_oak_bush_large"}
{"pos":[329.787231,248.062057,258.400879],"rotationMatrix":[-0.696740389,-0.717323363,0,0.717323363,-0.696740389,0,0,0,0.999999881],"scale":1.08107901,"type":"cork_oak_bush_large"}
{"pos":[308.862518,246.982071,254.537781],"rotationMatrix":[0.999879658,-0.0155084869,0,0.0155084869,0.999879658,0,0,0,0.999999881],"scale":1.09492445,"type":"cork_oak_bush_large"}
{"pos":[314.459686,251.480286,255.440002],"rotationMatrix":[0.891714394,-0.452598423,0,0.452598423,0.891714394,0,0,0,0.999999881],"scale":1.07795203,"type":"cork_oak_bush_large"}
{"pos":[350.550751,230.228043,263.99231],"rotationMatrix":[-0.298779458,-0.9543221,0,0.9543221,-0.298779458,0,0,0,0.999999881],"scale":1.0485394,"type":"cork_oak_bush_large"}
{"pos":[338.557953,223.551956,263.99231],"rotationMatrix":[0.184644014,0.982805431,0,-0.982805431,0.184644014,0,0,0,0.999999881],"scale":1.05004132,"type":"cork_oak_bush_large"}
{"pos":[326.281464,232.640228,263.99231],"rotationMatrix":[-0.986867607,0.161530465,0,-0.161530465,-0.986867607,0,0,0,0.999999881],"scale":0.994738579,"type":"cork_oak_bush_large"}
{"pos":[312.479675,208.994232,263.99231],"rotationMatrix":[-0.906172514,0.422907978,0,-0.422907978,-0.906172514,0,0,0,0.999999881],"scale":1.08303022,"type":"cork_oak_bush_large"}
{"pos":[322.517883,202.260498,263.99231],"rotationMatrix":[-0.988091886,-0.153864309,0,0.153864309,-0.988091886,0,0,0,0.999999881],"scale":1.19939792,"type":"cork_oak_bush_large"}
{"pos":[276.59021,223.362778,250.102676],"rotationMatrix":[-0.9044559,-0.426567227,0,0.426567227,-0.9044559,0,0,0,0.999999881],"scale":0.927652657,"type":"cork_oak_bush_large"}
{"pos":[361.065552,233.133026,263.99231],"rotationMatrix":[0.178929642,0.983861804,0,-0.983861804,0.178929642,0,0,0,0.999999881],"scale":0.928507149,"type":"cork_oak_bush_large"}
{"pos":[340.141815,196.330597,263.99231],"rotationMatrix":[0.611825049,0.790993094,0,-0.790993094,0.611825049,0,0,0,0.999999881],"scale":1.08421123,"type":"cork_oak_bush_large"}
{"pos":[352.257477,200.509933,263.949493],"rotationMatrix":[-0.700208068,0.713938594,0,-0.713938594,-0.700208068,0,0,0,0.999999881],"scale":0.923233092,"type":"cork_oak_bush_large"}
{"pos":[325.904785,214.138229,263.99231],"rotationMatrix":[-0.336574078,-0.941656888,0,0.941656888,-0.336574078,0,0,0,0.999999881],"scale":1.18073797,"type":"cork_oak_bush_large"}
{"pos":[335.759521,217.396561,263.99231],"rotationMatrix":[-0.872304976,0.488961935,0,-0.488961935,-0.872304976,0,0,0,0.999999881],"scale":1.05340481,"type":"cork_oak_bush_large"}
{"pos":[337.739532,230.97612,263.99231],"rotationMatrix":[-0.997957349,-0.0638823509,0,0.0638823509,-0.997957349,0,0,0,0.999999881],"scale":1.16126275,"type":"cork_oak_bush_large"}
{"pos":[340.53299,205.162048,263.99231],"rotationMatrix":[0.92914027,-0.369727045,0,0.369727045,0.92914027,0,0,0,0.999999881],"scale":1.08378303,"type":"cork_oak_bush_large"}
{"pos":[497.708588,204.646652,293.393463],"rotationMatrix":[-0.958966315,-0.283519864,0,0.283519864,-0.958966315,0,0,0,0.999999881],"scale":0.956053138,"type":"cork_oak_bush_large"}
{"pos":[510.71582,178.50029,292.976746],"rotationMatrix":[0.188639462,-0.982046306,0,0.982046306,0.188639462,0,0,0,0.999999881],"scale":1.12681615,"type":"cork_oak_bush_large"}
{"pos":[510.232452,182.146698,293.239532],"rotationMatrix":[-0.609630644,-0.792685568,0,0.792685568,-0.609630644,0,0,0,0.999999881],"scale":0.961428463,"type":"cork_oak_bush_large"}
{"pos":[165.154968,-66.5633163,257.324219],"rotationMatrix":[0.0350915194,0.999384046,0,-0.999384046,0.0350915194,0,0,0,0.999999881],"scale":1.06480598,"type":"cork_oak_bush_large"}
{"pos":[159.105682,-17.1008682,253.997803],"rotationMatrix":[0.239538148,0.970886886,0,-0.970886886,0.239538148,0,0,0,0.999999881],"scale":1.19454896,"type":"cork_oak_bush_large"}
{"pos":[40.1507149,-88.9321213,254.379272],"rotationMatrix":[-0.862695277,-0.505723894,0,0.505723894,-0.862695277,0,0,0,0.999999881],"scale":0.985551178,"type":"cork_oak_bush_large"}
{"pos":[54.8919678,-102.8396,255.868851],"rotationMatrix":[-0.832101464,-0.554623365,0,0.554623365,-0.832101464,0,0,0,0.999999881],"scale":0.961123824,"type":"cork_oak_bush_large"}
{"pos":[114.015854,4.07886171,254.379272],"rotationMatrix":[0.841988444,0.539495468,0,-0.539495468,0.841988444,0,0,0,0.999999881],"scale":1.06512773,"type":"cork_oak_bush_large"}
{"pos":[108.162376,2.86607838,254.312408],"rotationMatrix":[0.672899604,0.739733815,0,-0.739733815,0.672899604,0,0,0,0.999999881],"scale":0.977621734,"type":"cork_oak_bush_large"}
{"pos":[148.206924,6.79824686,254.376205],"rotationMatrix":[-0.979391217,0.201972127,0,-0.201972127,-0.979391217,0,0,0,0.999999881],"scale":0.935570657,"type":"cork_oak_bush_large"}
{"pos":[126.073288,-165.072479,261.799866],"rotationMatrix":[0.415995926,0.909366488,0,-0.909366488,0.415995926,0,0,0,0.999999881],"scale":1.18468928,"type":"cork_oak_bush_large"}
{"pos":[161.052246,-269.629547,265.746979],"rotationMatrix":[-0.654245496,0.756282151,0,-0.756282151,-0.654245496,0,0,0,0.999999881],"scale":0.996029139,"type":"cork_oak_bush_large"}
{"pos":[-25.8793736,-98.1973648,254.626221],"rotationMatrix":[0.491218776,0.871036232,0,-0.871036232,0.491218776,0,0,0,0.999999881],"scale":0.963137567,"type":"cork_oak_bush_large"}
{"pos":[-30.1883049,-96.6239853,254.52417],"rotationMatrix":[0.200767606,-0.979638875,0,0.979638875,0.200767606,0,0,0,0.999999881],"scale":1.0230093,"type":"cork_oak_bush_large"}
{"pos":[483.115753,79.7552567,263.845459],"rotationMatrix":[-0.872583449,-0.488465101,0,0.488465101,-0.872583449,0,0,0,0.999999881],"scale":1.11345065,"type":"cork_oak_bush_large"}
{"pos":[451.258148,96.8388138,263.99231],"rotationMatrix":[-0.664879382,-0.746950567,0,0.746950567,-0.664879382,0,0,0,0.999999881],"scale":0.931756794,"type":"cork_oak_bush_large"}
{"pos":[338.106934,9.80624676,263.809052],"rotationMatrix":[-0.927379549,-0.374121845,0,0.374121845,-0.927379549,0,0,0,0.999999881],"scale":1.12716806,"type":"cork_oak_bush_large"}
{"pos":[237.650131,16.1890259,251.536545],"rotationMatrix":[0.721755028,0.692148626,0,-0.692148626,0.721755028,0,0,0,0.999999881],"scale":1.06936741,"type":"cork_oak_bush_large"}
{"pos":[203.621185,13.7872,252.914246],"rotationMatrix":[-0.19874236,-0.980051696,0,0.980051696,-0.19874236,0,0,0,0.999999881],"scale":1.17356169,"type":"cork_oak_bush_large"}
{"pos":[303.532043,46.746048,250.196686],"rotationMatrix":[-0.407092363,-0.913387001,0,0.913387001,-0.407092363,0,0,0,0.999999881],"scale":0.925751269,"type":"cork_oak_bush_large"}
{"pos":[326.805542,39.4568977,249.889221],"rotationMatrix":[-0.297496587,0.954722762,0,-0.954722762,-0.297496587,0,0,0,0.999999881],"scale":0.997402668,"type":"cork_oak_bush_large"}
{"pos":[255.936447,75.0190201,254.287369],"rotationMatrix":[0.7253865,-0.688341677,0,0.688341677,0.7253865,0,0,0,0.999999881],"scale":1.06190574,"type":"cork_oak_bush_large"}
{"pos":[250.789658,77.3458328,254.219025],"rotationMatrix":[-0.843491495,0.537142277,0,-0.537142277,-0.843491495,0,0,0,0.999999881],"scale":0.937677383,"type":"cork_oak_bush_large"}
{"pos":[341.562683,108.620247,250.172379],"rotationMatrix":[-0.950310588,-0.311303318,0,0.311303318,-0.950310588,0,0,0,0.999999881],"scale":1.14617002,"type":"cork_oak_bush_large"}
{"pos":[279.127899,160.393982,250.226471],"rotationMatrix":[0.929910362,-0.367785931,0,0.367785931,0.929910362,0,0,0,0.999999881],"scale":1.07381511,"type":"cork_oak_bush_large"}
{"pos":[265.330688,158.741348,252.038757],"rotationMatrix":[-0.0294016805,-0.999567568,0,0.999567568,-0.0294016805,0,0,0,0.999999881],"scale":0.917714536,"type":"cork_oak_bush_large"}
{"pos":[270.646118,141.967941,254.349243],"rotationMatrix":[-0.147345766,-0.989084959,0,0.989084959,-0.147345766,0,0,0,0.999999881],"scale":1.06415236,"type":"cork_oak_bush_large"}
{"pos":[282.197388,138.867447,253.996735],"rotationMatrix":[0.695675075,0.718356609,0,-0.718356609,0.695675075,0,0,0,0.999999881],"scale":1.12842631,"type":"cork_oak_bush_large"}
{"pos":[287.082428,157.17424,250.058777],"rotationMatrix":[0.742786646,-0.669528067,0,0.669528067,0.742786646,0,0,0,0.999999881],"scale":1.19636416,"type":"cork_oak_bush_large"}
{"pos":[274.239929,164.457962,250.583649],"rotationMatrix":[-0.68696022,-0.726695001,0,0.726695001,-0.68696022,0,0,0,0.999999881],"scale":1.1945653,"type":"cork_oak_bush_large"}
{"pos":[386.410461,108.994659,250.173874],"rotationMatrix":[0.145267725,-0.98939234,0,0.98939234,0.145267725,0,0,0,0.999999881],"scale":1.03205645,"type":"cork_oak_bush_large"}
{"pos":[388.503448,106.795937,250.161743],"rotationMatrix":[0.705757737,-0.708453119,0,0.708453119,0.705757737,0,0,0,0.999999881],"scale":0.944399297,"type":"cork_oak_bush_large"}
{"pos":[384.760498,52.8936653,249.69162],"rotationMatrix":[-0.215963349,0.976401389,0,-0.976401389,-0.215963349,0,0,0,0.999999881],"scale":1.19940341,"type":"cork_oak_bush_large"}
{"pos":[338.936188,38.5078354,249.897003],"rotationMatrix":[0.700819135,0.713339031,0,-0.713339031,0.700819135,0,0,0,0.999999881],"scale":1.09142053,"type":"cork_oak_bush_large"}
{"pos":[356.536438,98.7709503,250.384567],"rotationMatrix":[-0.472102463,-0.881543517,0,0.881543517,-0.472102463,0,0,0,0.999999881],"scale":0.906192183,"type":"cork_oak_bush_large"}
{"pos":[325.208893,119.506187,250.045212],"rotationMatrix":[0.980308056,-0.197473764,0,0.197473764,0.980308056,0,0,0,0.999999881],"scale":1.1411407,"type":"cork_oak_bush_large"}
{"pos":[-50.1693115,-146.528214,257.990753],"rotationMatrix":[0.60451448,-0.796594024,0,0.796594024,0.60451448,0,0,0,0.999999881],"scale":0.910196066,"type":"cork_oak_bush_large"}
{"pos":[41.3037109,-219.086685,264.226349],"rotationMatrix":[-0.99996382,0.00850008335,0,-0.00850008335,-0.99996382,0,0,0,0.999999881],"scale":1.17682409,"type":"cork_oak_bush_large"}
{"pos":[157.892365,-263.290375,265.392334],"rotationMatrix":[0.964177847,-0.265256137,0,0.265256137,0.964177847,0,0,0,0.999999881],"scale":1.13054812,"type":"cork_oak_bush_large"}
{"pos":[73.5011215,-41.0351143,254.55426],"rotationMatrix":[0.254653484,0.967032373,0,-0.967032373,0.254653484,0,0,0,0.999999881],"scale":1.08080995,"type":"cork_oak_bush_large"}
{"pos":[-30.7531052,-42.8669434,253.972885],"rotationMatrix":[-0.624199033,-0.781265199,0,0.781265199,-0.624199033,0,0,0,0.999999881],"scale":1.1868397,"type":"cork_oak_bush_large"}
{"pos":[-11.0671873,-168.965988,251.625595],"rotationMatrix":[-0.187592939,-0.982246816,0,0.982246816,-0.187592939,0,0,0,0.999999881],"scale":0.970510244,"type":"cork_oak_bush_large"}
{"pos":[-38.7499657,-172.248947,257.183228],"rotationMatrix":[0.999943495,0.0106273703,0,-0.0106273703,0.999943495,0,0,0,0.999999881],"scale":1.07322121,"type":"cork_oak_bush_large"}
{"pos":[-46.0707436,-182.484863,258.727905],"rotationMatrix":[-0.199201241,-0.979958475,0,0.979958475,-0.199201241,0,0,0,0.999999881],"scale":0.997331619,"type":"cork_oak_bush_large"}
{"pos":[-58.0558548,-173.366852,263.882324],"rotationMatrix":[-0.883821249,0.467824489,0,-0.467824489,-0.883821249,0,0,0,0.999999881],"scale":1.07086015,"type":"cork_oak_bush_large"}
{"pos":[-59.2183647,-208.202301,263.325043],"rotationMatrix":[-0.787637949,-0.61613816,0,0.61613816,-0.787637949,0,0,0,0.999999881],"scale":1.17659366,"type":"cork_oak_bush_large"}
{"pos":[-19.5527115,-150.131393,258.371063],"rotationMatrix":[-0.970779955,-0.239971191,0,0.239971191,-0.970779955,0,0,0,0.999999881],"scale":0.943690062,"type":"cork_oak_bush_large"}
{"pos":[-69.7439117,-164.37085,266.123566],"rotationMatrix":[0.854588449,0.519305766,0,-0.519305766,0.854588449,0,0,0,0.999999881],"scale":0.904449224,"type":"cork_oak_bush_large"}
{"pos":[-103.761444,-159.509003,273.174896],"rotationMatrix":[-0.803270876,-0.595613718,0,0.595613718,-0.803270876,0,0,0,0.999999881],"scale":1.06493163,"type":"cork_oak_bush_large"}
{"pos":[-110.270027,-155.252411,273.587219],"rotationMatrix":[0.823082149,-0.567922056,0,0.567922056,0.823082149,0,0,0,0.999999881],"scale":1.13877487,"type":"cork_oak_bush_large"}
{"pos":[-106.382622,-150.651321,273.380463],"rotationMatrix":[0.721464217,0.692451775,0,-0.692451775,0.721464217,0,0,0,0.999999881],"scale":0.929996014,"type":"cork_oak_bush_large"}
{"pos":[-100.341995,-166.086578,272.775177],"rotationMatrix":[0.542232692,0.840228379,0,-0.840228379,0.542232692,0,0,0,0.999999881],"scale":0.935301185,"type":"cork_oak_bush_large"}
{"pos":[-66.7306976,-175.202728,265.362762],"rotationMatrix":[0.905190408,-0.425005943,0,0.425005943,0.905190408,0,0,0,0.999999881],"scale":1.00623536,"type":"cork_oak_bush_large"}
{"pos":[-28.7921181,-101.206894,254.867554],"rotationMatrix":[0.973215044,0.229896247,0,-0.229896247,0.973215044,0,0,0,0.999999881],"scale":0.975116968,"type":"cork_oak_bush_large"}
{"pos":[-40.6256027,-106.382072,255.136841],"rotationMatrix":[-0.590143263,-0.807298481,0,0.807298481,-0.590143263,0,0,0,0.999999881],"scale":1.10873032,"type":"cork_oak_bush_large"}
{"pos":[-39.8060532,-101.013229,254.831696],"rotationMatrix":[-0.0261723325,0.999657393,0,-0.999657393,-0.0261723325,0,0,0,0.999999881],"scale":0.929251373,"type":"cork_oak_bush_large"}
{"pos":[-61.7655525,-114.006546,255.855804],"rotationMatrix":[0.840369165,0.54201442,0,-0.54201442,0.840369165,0,0,0,0.999999881],"scale":0.976933658,"type":"cork_oak_bush_large"}
{"pos":[-69.7794876,-111.999641,255.905151],"rotationMatrix":[0.762527168,0.646956146,0,-0.646956146,0.762527168,0,0,0,0.999999881],"scale":1.08124256,"type":"cork_oak_bush_large"}
{"pos":[-72.7527847,-110.179474,255.934631],"rotationMatrix":[-0.101615988,0.994823635,0,-0.994823635,-0.101615988,0,0,0,0.999999881],"scale":1.07997417,"type":"cork_oak_bush_large"}
{"pos":[-75.9090881,-111.292755,255.975128],"rotationMatrix":[0.585096598,0.810963631,0,-0.810963631,0.585096598,0,0,0,0.999999881],"scale":0.984820724,"type":"cork_oak_bush_large"}
{"pos":[-77.8932037,-111.261429,255.974167],"rotationMatrix":[-0.543751597,-0.839246035,0,0.839246035,-0.543751597,0,0,0,0.999999881],"scale":0.920535564,"type":"cork_oak_bush_large"}
{"pos":[-68.4481812,-100.892815,255.520721],"rotationMatrix":[0.2723777,-0.96219033,0,0.96219033,0.2723777,0,0,0,0.999999881],"scale":1.04163766,"type":"cork_oak_bush_large"}
{"pos":[-58.4481049,-99.4313431,255.256149],"rotationMatrix":[0.116340905,0.993209302,0,-0.993209302,0.116340905,0,0,0,0.999999881],"scale":0.942832351,"type":"cork_oak_bush_large"}
{"pos":[-36.1063843,-98.7791519,254.655716],"rotationMatrix":[0.272522241,0.962149441,0,-0.962149441,0.272522241,0,0,0,0.999999881],"scale":0.917440414,"type":"cork_oak_bush_large"}
{"pos":[-192.789673,-197.941772,274.066315],"rotationMatrix":[0.869637311,-0.493691057,0,0.493691057,0.869637311,0,0,0,0.999999881],"scale":1.14851439,"type":"cork_oak_bush_large"}
{"pos":[-155.80867,-167.725754,273.986816],"rotationMatrix":[0.710479856,0.70371753,0,-0.70371753,0.710479856,-0,-0,0,0.999999881],"scale":0.935196877,"type":"cork_oak_bush_large"}
{"pos":[-141.733002,-181.307175,273.743866],"rotationMatrix":[0.584401488,0.811464667,0,-0.811464667,0.584401488,-0,-0,0,0.999999881],"scale":0.921636462,"type":"cork_oak_bush_large"}
{"pos":[-129.476349,-171.650238,273.986816],"rotationMatrix":[0.76331979,0.64602083,0,-0.64602083,0.76331979,-0,-0,0,0.999999881],"scale":1.06973588,"type":"cork_oak_bush_large"}
{"pos":[-130.873108,-174.958405,273.986816],"rotationMatrix":[0.890533566,-0.454917431,0,0.454917431,0.890533566,0,-0,0,0.999999881],"scale":1.18496001,"type":"cork_oak_bush_large"}
{"pos":[-130.873688,-177.586151,273.986816],"rotationMatrix":[-0.579977214,0.814632475,-0,-0.814632475,-0.579977214,0,-0,0,0.999999881],"scale":1.14626551,"type":"cork_oak_bush_large"}
{"pos":[-114.653221,-158.906998,273.781708],"rotationMatrix":[-0.449772477,-0.893143117,0,0.893143117,-0.449772477,0,-0,0,0.999999881],"scale":1.09468627,"type":"cork_oak_bush_large"}
{"pos":[-141.251587,-160.571213,273.964996],"rotationMatrix":[-0.108787894,-0.994064867,0,0.994064867,-0.108787894,0,-0,0,0.999999881],"scale":1.06593752,"type":"cork_oak_bush_large"}
{"pos":[-164.584686,-158.511261,273.986816],"rotationMatrix":[-0.0268015377,0.999640703,-0,-0.999640703,-0.0268015377,0,-0,0,0.999999881],"scale":1.09998715,"type":"cork_oak_bush_large"}
{"pos":[-185.480347,-160.57048,274.076569],"rotationMatrix":[-0.703304827,-0.710888445,0,0.710888445,-0.703304827,0,-0,0,0.999999881],"scale":1.05757737,"type":"cork_oak_bush_large"}
{"pos":[-229.899475,-171.63504,282.789368],"rotationMatrix":[-0.860488355,-0.509469926,0,0.509469926,-0.860488355,0,-0,0,0.999999881],"scale":1.09963751,"type":"cork_oak_bush_large"}
{"pos":[-245.225967,-183.467407,282.794342],"rotationMatrix":[-0.999735177,0.0230068788,-0,-0.0230068788,-0.999735177,0,-0,0,0.999999881],"scale":0.934037805,"type":"cork_oak_bush_large"}
{"pos":[-326.891144,-188.037094,283.751343],"rotationMatrix":[-0.607966602,0.793962359,-0,-0.793962359,-0.607966602,0,-0,0,0.999999881],"scale":1.02853751,"type":"cork_oak_bush_large"}
{"pos":[-340.737213,-216.060303,283.897949],"rotationMatrix":[0.996035993,0.088950038,0,-0.088950038,0.996035993,-0,-0,0,0.999999881],"scale":0.907953858,"type":"cork_oak_bush_large"}
{"pos":[-359.704651,-207.036362,283.54892],"rotationMatrix":[0.995901585,-0.0904425457,0,0.0904425457,0.995901585,0,-0,0,0.999999881],"scale":0.962390304,"type":"cork_oak_bush_large"}
{"pos":[-355.527466,-203.038239,283.58493],"rotationMatrix":[-0.306418598,-0.951896727,0,0.951896727,-0.306418598,0,-0,0,0.999999881],"scale":0.907826781,"type":"cork_oak_bush_large"}
{"pos":[-385.304077,-219.762299,275.050964],"rotationMatrix":[-0.988483369,-0.151329204,0,0.151329204,-0.988483369,0,-0,0,0.999999881],"scale":1.13066053,"type":"cork_oak_bush_large"}
{"pos":[-419.66748,-222.12561,273.978546],"rotationMatrix":[-0.99879539,-0.0490660556,0,0.0490660556,-0.99879539,0,-0,0,0.999999881],"scale":0.939991713,"type":"cork_oak_bush_large"}
{"pos":[-424.130219,-152.103302,262.144775],"rotationMatrix":[0.989393115,-0.145262137,0,0.145262137,0.989393115,0,-0,0,0.999999881],"scale":1.01558423,"type":"cork_oak_bush_large"}
{"pos":[-421.932861,-139.815094,261.963898],"rotationMatrix":[-0.826725066,0.562605798,-0,-0.562605798,-0.826725066,0,-0,0,0.999999881],"scale":0.973892331,"type":"cork_oak_bush_large"}
{"pos":[-424.045197,-140.92868,261.947632],"rotationMatrix":[0.965881526,0.258984149,0,-0.258984149,0.965881526,-0,-0,0,0.999999881],"scale":0.96173048,"type":"cork_oak_bush_large"}
{"pos":[-419.575043,-134.47821,261.970184],"rotationMatrix":[0.932697356,-0.360659897,0,0.360659897,0.932697356,0,-0,0,0.999999881],"scale":1.15960932,"type":"cork_oak_bush_large"}
{"pos":[-421.458862,-184.603836,267.659058],"rotationMatrix":[-0.660273254,-0.751025438,0,0.751025438,-0.660273254,0,-0,0,0.999999881],"scale":1.07968128,"type":"cork_oak_bush_large"}
{"pos":[-429.79007,-191.003784,268.388245],"rotationMatrix":[0.927576482,-0.373633146,0,0.373633146,0.927576482,0,-0,0,0.999999881],"scale":0.988772273,"type":"cork_oak_bush_large"}
{"pos":[-422.983673,-186.728394,267.994385],"rotationMatrix":[-0.972368538,0.23345086,-0,-0.23345086,-0.972368538,0,-0,0,0.999999881],"scale":1.15865672,"type":"cork_oak_bush_large"}
{"pos":[-415.097504,-195.861755,271.605103],"rotationMatrix":[-0.418425411,0.908250988,-0,-0.908250988,-0.418425411,0,-0,0,0.999999881],"scale":1.18951726,"type":"cork_oak_bush_large"}
{"pos":[-402.517151,-177.721405,269.179565],"rotationMatrix":[0.914885283,-0.403713673,0,0.403713673,0.914885283,0,-0,0,0.999999881],"scale":1.16733265,"type":"cork_oak_bush_large"}
{"pos":[-403.601532,-175.164276,268.268524],"rotationMatrix":[-0.481474936,-0.876459718,0,0.876459718,-0.481474936,0,-0,0,0.999999881],"scale":1.08614373,"type":"cork_oak_bush_large"}
{"pos":[-399.790985,-169.250031,267.736511],"rotationMatrix":[0.870816231,-0.49160853,0,0.49160853,0.870816231,0,-0,0,0.999999881],"scale":0.961234987,"type":"cork_oak_bush_large"}
{"pos":[-376.936707,-183.57782,280.42218],"rotationMatrix":[-0.896672666,-0.442693979,0,0.442693979,-0.896672666,0,-0,0,0.999999881],"scale":1.03443503,"type":"cork_oak_bush_large"}
{"pos":[-371.016174,-181.617279,282.14032],"rotationMatrix":[0.938009799,0.346608609,0,-0.346608609,0.938009799,-0,-0,0,0.999999881],"scale":1.12721813,"type":"cork_oak_bush_large"}
{"pos":[-280.756348,-85.368042,256.908295],"rotationMatrix":[0.102306247,-0.994752884,0,0.994752884,0.102306247,0,-0,0,0.999999881],"scale":1.01022136,"type":"cork_oak_bush_large"}
{"pos":[-290.457123,-92.247261,257.837036],"rotationMatrix":[-0.981608093,0.190906763,-0,-0.190906763,-0.981608093,0,-0,0,0.999999881],"scale":1.15039933,"type":"cork_oak_bush_large"}
{"pos":[-298.741302,-115.791176,262.266663],"rotationMatrix":[0.743543565,0.668687463,0,-0.668687463,0.743543565,-0,-0,0,0.999999881],"scale":0.962594926,"type":"cork_oak_bush_large"}
{"pos":[-332.178589,-134.557312,265.734528],"rotationMatrix":[0.270145535,-0.962819397,0,0.962819397,0.270145535,0,-0,0,0.999999881],"scale":1.12476015,"type":"cork_oak_bush_large"}
{"pos":[-329.802673,-125.319893,263.040192],"rotationMatrix":[0.950443089,0.310898334,0,-0.310898334,0.950443089,-0,-0,0,0.999999881],"scale":1.11438537,"type":"cork_oak_bush_large"}
{"pos":[-400.204987,-142.290314,263.287476],"rotationMatrix":[-0.906823218,0.421511143,-0,-0.421511143,-0.906823218,0,-0,0,0.999999881],"scale":1.14440453,"type":"cork_oak_bush_large"}
{"pos":[-392.220032,-131.134033,262.313416],"rotationMatrix":[-0.636557281,-0.771229446,0,0.771229446,-0.636557281,0,-0,0,0.999999881],"scale":0.958750188,"type":"cork_oak_bush_large"}
{"pos":[-393.710083,-144.935364,265.020416],"rotationMatrix":[0.00242918078,0.99999696,0,-0.99999696,0.00242918078,-0,-0,0,0.999999881],"scale":1.15815902,"type":"cork_oak_bush_large"}
{"pos":[-405.009064,-126.85347,262.056671],"rotationMatrix":[0.318526894,0.947913826,0,-0.947913826,0.318526894,-0,-0,0,0.999999881],"scale":0.938923061,"type":"cork_oak_bush_large"}
{"pos":[-390.941956,-139.526413,264.169098],"rotationMatrix":[0.247624457,-0.968856037,0,0.968856037,0.247624457,0,-0,0,0.999999881],"scale":1.05117273,"type":"cork_oak_bush_large"}
{"pos":[-389.300354,-143.642853,265.446198],"rotationMatrix":[-0.333589971,0.942718148,-0,-0.942718148,-0.333589971,0,-0,0,0.999999881],"scale":1.05847323,"type":"cork_oak_bush_large"}
{"pos":[-367.705566,-124.756508,263.083984],"rotationMatrix":[0.146277487,-0.989243448,0,0.989243448,0.146277487,0,-0,0,0.999999881],"scale":1.1987468,"type":"cork_oak_bush_large"}
{"pos":[-372.476624,-121.81839,262.29483],"rotationMatrix":[0.173576429,-0.984820306,0,0.984820306,0.173576429,0,-0,0,0.999999881],"scale":1.15145767,"type":"cork_oak_bush_large"}
{"pos":[-388.362,-131.221664,262.668854],"rotationMatrix":[-0.995870829,-0.0907804146,0,0.0907804146,-0.995870829,0,-0,0,0.999999881],"scale":1.15496349,"type":"cork_oak_bush_large"}
{"pos":[-377.309326,-129.388107,263.463684],"rotationMatrix":[0.709714651,-0.704489052,0,0.704489052,0.709714651,0,-0,0,0.999999881],"scale":0.937261045,"type":"cork_oak_bush_large"}
{"pos":[-360.265045,-109.844177,261.399994],"rotationMatrix":[0.680967629,0.732313514,0,-0.732313514,0.680967629,-0,-0,0,0.999999881],"scale":1.08270562,"type":"cork_oak_bush_large"}
{"pos":[-370.813721,-107.523705,261.601135],"rotationMatrix":[-0.997548223,0.0699816272,-0,-0.0699816272,-0.997548223,0,-0,0,0.999999881],"scale":0.960700214,"type":"cork_oak_bush_large"}
{"pos":[-353.289642,-98.8170471,261.543182],"rotationMatrix":[-0.806943893,0.590627849,-0,-0.590627849,-0.806943893,0,-0,0,0.999999881],"scale":1.09727049,"type":"cork_oak_bush_large"}
{"pos":[-312.886261,-82.6198959,258.925415],"rotationMatrix":[-0.566534102,-0.824038148,0,0.824038148,-0.566534102,0,-0,0,0.999999881],"scale":0.972025871,"type":"cork_oak_bush_large"}
{"pos":[-310.926086,-98.0027924,259.257721],"rotationMatrix":[-0.636671245,-0.77113533,0,0.77113533,-0.636671245,0,-0,0,0.999999881],"scale":1.17585576,"type":"cork_oak_bush_large"}
{"pos":[-316.647369,-86.4116821,259.751282],"rotationMatrix":[0.999990761,0.00428085541,0,-0.00428085541,0.999990761,-0,-0,0,0.999999881],"scale":1.01192629,"type":"cork_oak_bush_large"}
{"pos":[-320.48996,-62.706131,257.378998],"rotationMatrix":[0.950230479,0.311547697,0,-0.311547697,0.950230479,-0,-0,0,0.999999881],"scale":1.01262522,"type":"cork_oak_bush_large"}
{"pos":[-375.545166,-73.2303696,261.777222],"rotationMatrix":[-0.490654349,-0.871354163,0,0.871354163,-0.490654349,0,-0,0,0.999999881],"scale":1.05956388,"type":"cork_oak_bush_large"}
{"pos":[-372.788361,-71.3821411,261.690094],"rotationMatrix":[-0.147550419,0.989054501,-0,-0.989054501,-0.147550419,0,-0,0,0.999999881],"scale":1.03791285,"type":"cork_oak_bush_large"}
{"pos":[-388.754517,-90.9762497,261.912384],"rotationMatrix":[0.982318342,0.187217727,0,-0.187217727,0.982318342,-0,-0,0,0.999999881],"scale":1.14038372,"type":"cork_oak_bush_large"}
{"pos":[-275.883026,-38.9920883,255.981445],"rotationMatrix":[-0.535437822,-0.844574511,0,0.844574511,-0.535437822,0,-0,0,0.999999881],"scale":1.1755147,"type":"cork_oak_bush_large"}
{"pos":[-286.446564,-21.2207794,255.996704],"rotationMatrix":[-0.900014877,-0.435859203,0,0.435859203,-0.900014877,0,-0,0,0.999999881],"scale":1.02870119,"type":"cork_oak_bush_large"}
{"pos":[-282.876404,-11.7133465,255.624496],"rotationMatrix":[0.50733906,-0.86174643,0,0.86174643,0.50733906,0,-0,0,0.999999881],"scale":0.960816205,"type":"cork_oak_bush_large"}
{"pos":[-288.31897,-18.4428673,255.933929],"rotationMatrix":[-0.958294928,-0.285780728,0,0.285780728,-0.958294928,0,-0,0,0.999999881],"scale":1.09121728,"type":"cork_oak_bush_large"}
{"pos":[-299.016235,-7.82640648,256.343842],"rotationMatrix":[0.348397404,-0.937346816,0,0.937346816,0.348397404,0,-0,0,0.999999881],"scale":0.957627058,"type":"cork_oak_bush_large"}
{"pos":[-288.442383,-1.48285484,255.343384],"rotationMatrix":[-0.327713251,-0.944777191,0,0.944777191,-0.327713251,0,-0,0,0.999999881],"scale":1.00844061,"type":"cork_oak_bush_large"}
{"pos":[-302.306549,6.8300066,255.893127],"rotationMatrix":[0.0306679141,0.999529541,0,-0.999529541,0.0306679141,-0,-0,0,0.999999881],"scale":0.969833016,"type":"cork_oak_bush_large"}
{"pos":[-316.218964,-2.88973522,258.122375],"rotationMatrix":[-0.930822134,0.365472227,-0,-0.365472227,-0.930822134,0,-0,0,0.999999881],"scale":0.989821374,"type":"cork_oak_bush_large"}
{"pos":[-320.806091,-6.78624058,259.200012],"rotationMatrix":[0.746036649,0.66590488,0,-0.66590488,0.746036649,-0,-0,0,0.999999881],"scale":0.975666344,"type":"cork_oak_bush_large"}
{"pos":[-351.211945,13.9438629,258.826294],"rotationMatrix":[0.20611228,-0.978528202,0,0.978528202,0.20611228,0,-0,0,0.999999881],"scale":1.05891824,"type":"cork_oak_bush_large"}
{"pos":[-371.246124,-8.72496414,262.123932],"rotationMatrix":[-0.235646635,-0.971838772,0,0.971838772,-0.235646635,0,-0,0,0.999999881],"scale":1.09367537,"type":"cork_oak_bush_large"}
{"pos":[-365.329926,-9.43194199,262.188141],"rotationMatrix":[0.104074642,-0.994569361,0,0.994569361,0.104074642,0,-0,0,0.999999881],"scale":1.15779221,"type":"cork_oak_bush_large"}
{"pos":[-327.476624,-8.83452511,259.505615],"rotationMatrix":[0.53757447,-0.84321624,0,0.84321624,0.53757447,0,-0,0,0.999999881],"scale":1.11187458,"type":"cork_oak_bush_large"}
{"pos":[-257.080994,-43.0664024,255.981445],"rotationMatrix":[-0.97124368,-0.238087416,0,0.238087416,-0.97124368,0,-0,0,0.999999881],"scale":1.12430084,"type":"cork_oak_bush_large"}
{"pos":[-250.954041,-59.9662704,255.981445],"rotationMatrix":[-0.0841896236,-0.996449649,0,0.996449649,-0.0841896236,0,-0,0,0.999999881],"scale":1.17980731,"type":"cork_oak_bush_large"}
{"pos":[-253.152512,-50.2386398,255.981445],"rotationMatrix":[-0.710706353,0.703488648,-0,-0.703488648,-0.710706353,0,-0,0,0.999999881],"scale":0.938636303,"type":"cork_oak_bush_large"}
{"pos":[-242.356964,-49.4060402,255.981445],"rotationMatrix":[-0.686307788,0.727311134,-0,-0.727311134,-0.686307788,0,-0,0,0.999999881],"scale":0.973970652,"type":"cork_oak_bush_large"}
{"pos":[-233.376205,-51.9229736,255.981445],"rotationMatrix":[0.624614596,0.780933142,0,-0.780933142,0.624614596,-0,-0,0,0.999999881],"scale":0.929333031,"type":"cork_oak_bush_large"}
{"pos":[-230.890182,-51.3294373,255.981445],"rotationMatrix":[-0.329362929,0.944203258,-0,-0.944203258,-0.329362929,0,-0,0,0.999999881],"scale":1.12334752,"type":"cork_oak_bush_large"}
{"pos":[-246.94458,-49.650444,255.981445],"rotationMatrix":[-0.962200522,0.272341609,-0,-0.272341609,-0.962200522,0,-0,0,0.999999881],"scale":1.06183994,"type":"cork_oak_bush_large"}
{"pos":[-235.678345,-47.3394775,255.981445],"rotationMatrix":[0.867032468,-0.498251259,0,0.498251259,0.867032468,0,-0,0,0.999999881],"scale":1.0400672,"type":"cork_oak_bush_large"}
{"pos":[-221.65184,-58.9482193,255.981445],"rotationMatrix":[-0.917499423,-0.397737116,0,0.397737116,-0.917499423,0,-0,0,0.999999881],"scale":0.932927966,"type":"cork_oak_bush_large"}
{"pos":[-216.017975,-55.5139999,255.981445],"rotationMatrix":[-0.537142277,0.843491495,-0,-0.843491495,-0.537142277,0,-0,0,0.999999881],"scale":1.13758194,"type":"cork_oak_bush_large"}
{"pos":[-216.075867,-42.4853783,255.996704],"rotationMatrix":[0.998322725,0.057892181,0,-0.057892181,0.998322725,-0,-0,0,0.999999881],"scale":0.98445642,"type":"cork_oak_bush_large"}
{"pos":[-212.98584,-42.0840988,255.996704],"rotationMatrix":[-0.975151002,-0.221541077,0,0.221541077,-0.975151002,0,-0,0,0.999999881],"scale":0.969013333,"type":"cork_oak_bush_large"}
{"pos":[-194.902557,-41.2418213,255.996704],"rotationMatrix":[-0.431870341,-0.901935577,0,0.901935577,-0.431870341,0,-0,0,0.999999881],"scale":1.14860106,"type":"cork_oak_bush_large"}
{"pos":[-199.199936,-36.7046661,255.996704],"rotationMatrix":[-0.309961885,-0.95074892,0,0.95074892,-0.309961885,0,-0,0,0.999999881],"scale":0.902587831,"type":"cork_oak_bush_large"}
{"pos":[-195.962875,-47.4517746,255.996704],"rotationMatrix":[-0.0168285202,0.99985826,-0,-0.99985826,-0.0168285202,0,-0,0,0.999999881],"scale":0.960073411,"type":"cork_oak_bush_large"}
{"pos":[-204.50238,-45.0623474,255.996704],"rotationMatrix":[-0.558617771,0.829425037,-0,-0.829425037,-0.558617771,0,-0,0,0.999999881],"scale":1.08651876,"type":"cork_oak_bush_large"}
{"pos":[-191.532257,-62.0229073,255.981445],"rotationMatrix":[0.0851487443,0.99636817,0,-0.99636817,0.0851487443,-0,-0,0,0.999999881],"scale":1.07738757,"type":"cork_oak_bush_large"}
{"pos":[-201.5242,-58.4166946,255.981445],"rotationMatrix":[-0.998784363,0.0492900722,-0,-0.0492900722,-0.998784363,0,-0,0,0.999999881],"scale":1.17674565,"type":"cork_oak_bush_large"}
