{"pos":[-9.76414013,-36.3839989,252.991913],"rotationMatrix":[0.744739354,0.667355418,0,-0.667355418,0.744739354,0,0,0,0.999999881],"scale":0.852556229,"type":"cork_oak_bush_medium"}
{"pos":[28.6845417,8.36834812,250.034576],"rotationMatrix":[-0.192695141,0.981258571,0,-0.981258571,-0.192695141,0,0,0,0.999999881],"scale":0.92510426,"type":"cork_oak_bush_medium"}
{"pos":[-27.5685062,10.7666168,250.028488],"rotationMatrix":[0.924903452,-0.380201817,0,0.380201817,0.924903452,0,0,0,0.999999881],"scale":1.01901615,"type":"cork_oak_bush_medium"}
{"pos":[42.8835602,2.99100304,252.602158],"rotationMatrix":[0.930423021,-0.366487086,0,0.366487086,0.930423021,0,0,0,0.999999881],"scale":0.839744627,"type":"cork_oak_bush_medium"}
{"pos":[53.9073982,7.28423929,254.520172],"rotationMatrix":[-0.305214614,-0.952283502,0,0.952283502,-0.305214614,0,0,0,0.999999881],"scale":0.977613151,"type":"cork_oak_bush_medium"}
{"pos":[44.4879417,16.2765388,253.576538],"rotationMatrix":[0.173134044,-0.98489815,0,0.98489815,0.173134044,0,0,0,0.999999881],"scale":1.12006652,"type":"cork_oak_bush_medium"}
{"pos":[13.9100618,14.2398138,252.150238],"rotationMatrix":[0.730282068,-0.683145583,0,0.683145583,0.730282068,0,0,0,0.999999881],"scale":1.13819551,"type":"cork_oak_bush_medium"}
{"pos":[-37.6647644,12.5008535,250.239319],"rotationMatrix":[-0.812346816,-0.583174586,0,0.583174586,-0.812346816,0,0,0,0.999999881],"scale":0.804789722,"type":"cork_oak_bush_medium"}
{"pos":[-49.7905464,8.68375778,250.058624],"rotationMatrix":[-0.0601665601,-0.998188257,0,0.998188257,-0.0601665601,0,0,0,0.999999881],"scale":0.857684195,"type":"cork_oak_bush_medium"}
{"pos":[-68.5496979,14.8369274,250.026108],"rotationMatrix":[0.513412356,0.858142018,0,-0.858142018,0.513412356,0,0,0,0.999999881],"scale":1.12007463,"type":"cork_oak_bush_medium"}
{"pos":[-49.8174782,16.4585648,250.109497],"rotationMatrix":[-0.939604938,0.34226051,0,-0.34226051,-0.939604938,0,0,0,0.999999881],"scale":1.03673899,"type":"cork_oak_bush_medium"}
{"pos":[-252.242355,198.667328,239.501953],"rotationMatrix":[0.997958004,-0.0638722703,0,0.0638722703,0.997958004,0,0,0,0.999999881],"scale":1.11659956,"type":"cork_oak_bush_medium"}
{"pos":[368.547302,75.1629028,258.300781],"rotationMatrix":[0.377360523,0.926066458,0,-0.926066458,0.377360523,0,0,0,0.999999881],"scale":1.10109794,"type":"cork_oak_bush_medium"}
{"pos":[351.169189,78.8816376,258.306488],"rotationMatrix":[-0.763675213,-0.645600617,0,0.645600617,-0.763675213,0,0,0,0.999999881],"scale":0.909985423,"type":"cork_oak_bush_medium"}
{"pos":[351.580322,52.6208344,258.386566],"rotationMatrix":[-0.221719339,-0.975110471,0,0.975110471,-0.221719339,0,0,0,0.999999881],"scale":0.92249918,"type":"cork_oak_bush_medium"}
{"pos":[350.230408,82.372879,258.36969],"rotationMatrix":[0.936526597,-0.350596249,0,0.350596249,0.936526597,0,0,0,0.999999881],"scale":1.1194247,"type":"cork_oak_bush_medium"}
{"pos":[351.574982,49.8692551,258.377075],"rotationMatrix":[-0.686205864,-0.727407217,0,0.727407217,-0.686205864,0,0,0,0.999999881],"scale":1.04966593,"type":"cork_oak_bush_medium"}
{"pos":[364.148682,68.8907089,258.650543],"rotationMatrix":[-0.805860221,-0.592105627,0,0.592105627,-0.805860221,0,0,0,0.999999881],"scale":0.876910746,"type":"cork_oak_bush_medium"}
{"pos":[359.777374,55.9319,258.348907],"rotationMatrix":[0.999878347,-0.0155957518,0,0.0155957518,0.999878347,0,0,0,0.999999881],"scale":0.863931715,"type":"cork_oak_bush_medium"}
{"pos":[342.755249,48.8904877,258.302063],"rotationMatrix":[0.998151779,-0.0607685447,0,0.0607685447,0.998151779,0,0,0,0.999999881],"scale":1.11278224,"type":"cork_oak_bush_medium"}
{"pos":[346.581818,55.7910004,258.266388],"rotationMatrix":[0.905870318,0.423555136,0,-0.423555136,0.905870318,0,0,0,0.999999881],"scale":1.17069709,"type":"cork_oak_bush_medium"}
{"pos":[340.395508,56.2738342,258.00119],"rotationMatrix":[0.0612836964,-0.998120308,0,0.998120308,0.0612836964,0,0,0,0.999999881],"scale":0.91452229,"type":"cork_oak_bush_medium"}
{"pos":[336.113922,55.5380592,257.854095],"rotationMatrix":[-0.952289879,-0.305194706,0,0.305194706,-0.952289879,0,0,0,0.999999881],"scale":1.07998586,"type":"cork_oak_bush_medium"}
{"pos":[324.781219,60.1490402,257.332794],"rotationMatrix":[-0.0229046009,0.999737561,0,-0.999737561,-0.0229046009,0,0,0,0.999999881],"scale":1.00231099,"type":"cork_oak_bush_medium"}
{"pos":[343.151184,90.057518,258.377075],"rotationMatrix":[-0.785686731,0.61862427,0,-0.61862427,-0.785686731,0,0,0,0.999999881],"scale":0.866689503,"type":"cork_oak_bush_medium"}
{"pos":[329.039978,94.2422028,257.280151],"rotationMatrix":[-0.713506401,0.700648427,0,-0.700648427,-0.713506401,0,0,0,0.999999881],"scale":1.13203657,"type":"cork_oak_bush_medium"}
{"pos":[317.689209,94.9306488,256.710175],"rotationMatrix":[-0.316168398,0.948702991,0,-0.948702991,-0.316168398,0,0,0,0.999999881],"scale":1.07544851,"type":"cork_oak_bush_medium"}
{"pos":[316.241302,89.3910294,256.688446],"rotationMatrix":[0.333761126,0.94265765,0,-0.94265765,0.333761126,0,0,0,0.999999881],"scale":1.052791,"type":"cork_oak_bush_medium"}
{"pos":[303.148193,90.4184113,256.447906],"rotationMatrix":[-0.978059471,0.208325699,0,-0.208325699,-0.978059471,0,0,0,0.999999881],"scale":0.862495422,"type":"cork_oak_bush_medium"}
{"pos":[320.147675,87.7274246,257.049377],"rotationMatrix":[0.0255630128,0.999673128,0,-0.999673128,0.0255630128,0,0,0,0.999999881],"scale":1.18831134,"type":"cork_oak_bush_medium"}
{"pos":[300.821564,73.631752,256.372711],"rotationMatrix":[-0.786426902,0.617683113,0,-0.617683113,-0.786426902,0,0,0,0.999999881],"scale":1.0612365,"type":"cork_oak_bush_medium"}
{"pos":[294.465607,78.8349304,256.30249],"rotationMatrix":[-0.301174611,0.953568876,0,-0.953568876,-0.301174611,0,0,0,0.999999881],"scale":1.15997052,"type":"cork_oak_bush_medium"}
{"pos":[288.078125,94.0058746,257.500366],"rotationMatrix":[-0.46282804,0.886447966,0,-0.886447966,-0.46282804,0,0,0,0.999999881],"scale":1.11336315,"type":"cork_oak_bush_medium"}
{"pos":[286.965729,93.6438141,257.575867],"rotationMatrix":[-0.688914835,0.724842012,0,-0.724842012,-0.688914835,0,0,0,0.999999881],"scale":1.09264696,"type":"cork_oak_bush_medium"}
{"pos":[291.726288,84.0999451,256.77713],"rotationMatrix":[-0.284178883,-0.958771229,0,0.958771229,-0.284178883,0,0,0,0.999999881],"scale":0.8679111,"type":"cork_oak_bush_medium"}
{"pos":[298.011902,96.3872375,256.576416],"rotationMatrix":[-0.684622228,0.728897989,0,-0.728897989,-0.684622228,0,0,0,0.999999881],"scale":1.05200338,"type":"cork_oak_bush_medium"}
{"pos":[303.49115,63.8476334,256.882965],"rotationMatrix":[0.911504686,-0.411289424,0,0.411289424,0.911504686,0,0,0,0.999999881],"scale":0.827865481,"type":"cork_oak_bush_medium"}
{"pos":[296.904388,70.5125275,256.275879],"rotationMatrix":[-0.937014878,0.349289298,0,-0.349289298,-0.937014878,0,0,0,0.999999881],"scale":0.964141726,"type":"cork_oak_bush_medium"}
{"pos":[281.894043,69.5476685,255.663055],"rotationMatrix":[0.127605513,-0.991824865,0,0.991824865,0.127605513,0,0,0,0.999999881],"scale":1.09639692,"type":"cork_oak_bush_medium"}
{"pos":[281.665192,129.198547,255.08017],"rotationMatrix":[0.606814921,-0.794842958,0,0.794842958,0.606814921,0,0,0,0.999999881],"scale":1.080616,"type":"cork_oak_bush_medium"}
{"pos":[281.394501,133.675644,254.896164],"rotationMatrix":[-0.779834092,-0.625986218,0,0.625986218,-0.779834092,0,0,0,0.999999881],"scale":1.15513539,"type":"cork_oak_bush_medium"}
{"pos":[272.341034,132.144867,254.593246],"rotationMatrix":[-0.541847289,-0.840476811,0,0.840476811,-0.541847289,0,0,0,0.999999881],"scale":0.890773177,"type":"cork_oak_bush_medium"}
{"pos":[273.72464,130.628677,254.708008],"rotationMatrix":[0.843105972,-0.537747204,0,0.537747204,0.843105972,0,0,0,0.999999881],"scale":1.15572751,"type":"cork_oak_bush_medium"}
{"pos":[270.366211,133.093201,254.470886],"rotationMatrix":[0.790584743,-0.61235255,0,0.61235255,0.790584743,0,0,0,0.999999881],"scale":0.891586244,"type":"cork_oak_bush_medium"}
{"pos":[239.641174,110.726044,254.333496],"rotationMatrix":[-0.960672915,0.277682096,0,-0.277682096,-0.960672915,0,0,0,0.999999881],"scale":0.970965743,"type":"cork_oak_bush_medium"}
{"pos":[251.504135,117.596519,254.277191],"rotationMatrix":[-0.700026572,0.714116693,0,-0.714116693,-0.700026572,0,0,0,0.999999881],"scale":1.17025352,"type":"cork_oak_bush_medium"}
{"pos":[231.553787,118.909752,254.332123],"rotationMatrix":[0.539316297,0.842103302,0,-0.842103302,0.539316297,0,0,0,0.999999881],"scale":1.01983309,"type":"cork_oak_bush_medium"}
{"pos":[247.376144,116.661766,254.273285],"rotationMatrix":[0.402969211,0.915213525,0,-0.915213525,0.402969211,0,0,0,0.999999881],"scale":1.01262021,"type":"cork_oak_bush_medium"}
{"pos":[247.537384,126.427574,254.189636],"rotationMatrix":[0.782655478,-0.622454941,0,0.622454941,0.782655478,0,0,0,0.999999881],"scale":0.924940109,"type":"cork_oak_bush_medium"}
{"pos":[246.505951,125.205841,254.196182],"rotationMatrix":[-0.985877454,-0.167467639,0,0.167467639,-0.985877454,0,0,0,0.999999881],"scale":0.816262901,"type":"cork_oak_bush_medium"}
{"pos":[238.259644,126.302254,254.34082],"rotationMatrix":[0.542930424,0.839777648,0,-0.839777648,0.542930424,0,0,0,0.999999881],"scale":1.16817713,"type":"cork_oak_bush_medium"}
{"pos":[228.397919,115.267761,254.318237],"rotationMatrix":[-0.553029418,0.833161533,0,-0.833161533,-0.553029418,0,0,0,0.999999881],"scale":0.98468709,"type":"cork_oak_bush_medium"}
{"pos":[227.521393,108.240005,254.318237],"rotationMatrix":[-0.877280116,-0.47997877,0,0.47997877,-0.877280116,0,0,0,0.999999881],"scale":1.02325463,"type":"cork_oak_bush_medium"}
{"pos":[228.434875,96.3889771,254.357361],"rotationMatrix":[0.960127771,-0.279561281,0,0.279561281,0.960127771,0,0,0,0.999999881],"scale":1.1975503,"type":"cork_oak_bush_medium"}
{"pos":[222.872726,98.2170563,254.318237],"rotationMatrix":[-0.877943933,-0.478763282,0,0.478763282,-0.877943933,0,0,0,0.999999881],"scale":0.830592334,"type":"cork_oak_bush_medium"}
{"pos":[225.143616,115.088264,254.318237],"rotationMatrix":[0.715159416,0.698961318,0,-0.698961318,0.715159416,0,0,0,0.999999881],"scale":0.987486601,"type":"cork_oak_bush_medium"}
{"pos":[202.72261,76.5653915,254.272461],"rotationMatrix":[0.730804682,0.68258661,0,-0.68258661,0.730804682,0,0,0,0.999999881],"scale":1.15665865,"type":"cork_oak_bush_medium"}
{"pos":[197.725464,77.5736771,254.272461],"rotationMatrix":[-0.970328271,-0.241791129,0,0.241791129,-0.970328271,0,0,0,0.999999881],"scale":1.01936281,"type":"cork_oak_bush_medium"}
{"pos":[219.984604,74.8867645,253.94339],"rotationMatrix":[-0.479133666,0.877741814,0,-0.877741814,-0.479133666,0,0,0,0.999999881],"scale":1.08803141,"type":"cork_oak_bush_medium"}
{"pos":[204.063568,77.9886093,254.272461],"rotationMatrix":[0.431502849,-0.902111411,0,0.902111411,0.431502849,0,0,0,0.999999881],"scale":0.919539392,"type":"cork_oak_bush_medium"}
{"pos":[179.826447,51.4164581,254.336151],"rotationMatrix":[0.289175212,-0.957276046,0,0.957276046,0.289175212,0,0,0,0.999999881],"scale":1.16203463,"type":"cork_oak_bush_medium"}
{"pos":[141.168777,62.8967934,254.379272],"rotationMatrix":[0.529282451,0.848445714,0,-0.848445714,0.529282451,0,0,0,0.999999881],"scale":1.14874411,"type":"cork_oak_bush_medium"}
{"pos":[152.02507,76.3998642,254.379272],"rotationMatrix":[-0.0379052758,-0.999281287,0,0.999281287,-0.0379052758,0,0,0,0.999999881],"scale":0.923308671,"type":"cork_oak_bush_medium"}
{"pos":[151.768402,82.562912,254.379272],"rotationMatrix":[0.682132542,-0.731228471,0,0.731228471,0.682132542,0,0,0,0.999999881],"scale":0.909663796,"type":"cork_oak_bush_medium"}
{"pos":[140.736221,82.4806671,254.379272],"rotationMatrix":[-0.69941473,-0.714716017,0,0.714716017,-0.69941473,0,0,0,0.999999881],"scale":0.889403641,"type":"cork_oak_bush_medium"}
{"pos":[165.374344,67.4639893,254.272461],"rotationMatrix":[0.67549175,-0.737367451,0,0.737367451,0.67549175,0,0,0,0.999999881],"scale":1.02402234,"type":"cork_oak_bush_medium"}
{"pos":[145.518585,71.8553925,254.379272],"rotationMatrix":[0.740278661,-0.6723001,0,0.6723001,0.740278661,0,0,0,0.999999881],"scale":0.947991073,"type":"cork_oak_bush_medium"}
{"pos":[157.801697,89.8733902,254.379272],"rotationMatrix":[-0.150950402,-0.988541305,0,0.988541305,-0.150950402,0,0,0,0.999999881],"scale":1.12387526,"type":"cork_oak_bush_medium"}
{"pos":[155.536377,125.480225,254.379272],"rotationMatrix":[0.995272934,0.0971165225,0,-0.0971165225,0.995272934,0,0,0,0.999999881],"scale":1.09457886,"type":"cork_oak_bush_medium"}
{"pos":[138.952209,107.348068,254.379272],"rotationMatrix":[-0.597475827,0.801886678,0,-0.801886678,-0.597475827,0,0,0,0.999999881],"scale":1.02356827,"type":"cork_oak_bush_medium"}
{"pos":[165.289551,128.73645,254.379272],"rotationMatrix":[0.251343012,0.967898071,0,-0.967898071,0.251343012,0,0,0,0.999999881],"scale":1.1151315,"type":"cork_oak_bush_medium"}
{"pos":[168.767822,127.875084,254.379272],"rotationMatrix":[-0.00551489508,0.999984741,0,-0.999984741,-0.00551489508,0,0,0,0.999999881],"scale":1.04883289,"type":"cork_oak_bush_medium"}
{"pos":[142.338028,107.512039,254.379272],"rotationMatrix":[0.64192915,0.766763985,0,-0.766763985,0.64192915,0,0,0,0.999999881],"scale":1.1344887,"type":"cork_oak_bush_medium"}
{"pos":[145.464386,112.076157,254.379272],"rotationMatrix":[-0.482195288,-0.876063704,0,0.876063704,-0.482195288,0,0,0,0.999999881],"scale":0.969217539,"type":"cork_oak_bush_medium"}
{"pos":[146.237503,118.853897,254.379272],"rotationMatrix":[0.153670654,-0.988122046,0,0.988122046,0.153670654,0,0,0,0.999999881],"scale":1.00741947,"type":"cork_oak_bush_medium"}
{"pos":[152.183624,118.039093,254.379272],"rotationMatrix":[0.0199165586,-0.999801576,0,0.999801576,0.0199165586,0,0,0,0.999999881],"scale":0.971441746,"type":"cork_oak_bush_medium"}
{"pos":[160.655426,114.865921,254.379272],"rotationMatrix":[0.723242164,0.690594494,0,-0.690594494,0.723242164,0,0,0,0.999999881],"scale":1.03423309,"type":"cork_oak_bush_medium"}
{"pos":[160.906555,123.56517,254.379272],"rotationMatrix":[-0.151241675,0.988496721,0,-0.988496721,-0.151241675,0,0,0,0.999999881],"scale":1.09014285,"type":"cork_oak_bush_medium"}
{"pos":[165.030838,137.222351,254.379272],"rotationMatrix":[0.999983013,-0.00580588868,0,0.00580588868,0.999983013,0,0,0,0.999999881],"scale":1.04802299,"type":"cork_oak_bush_medium"}
{"pos":[143.904572,124.118347,254.379272],"rotationMatrix":[0.986522853,-0.163622603,0,0.163622603,0.986522853,0,0,0,0.999999881],"scale":1.00314379,"type":"cork_oak_bush_medium"}
{"pos":[164.5849,130.517517,254.379272],"rotationMatrix":[-0.683052778,0.730368793,0,-0.730368793,-0.683052778,0,0,0,0.999999881],"scale":1.19962728,"type":"cork_oak_bush_medium"}
{"pos":[157.750824,134.709366,254.379272],"rotationMatrix":[0.025052961,0.999686003,0,-0.999686003,0.025052961,0,0,0,0.999999881],"scale":0.943927169,"type":"cork_oak_bush_medium"}
{"pos":[173.904236,136.964066,254.379272],"rotationMatrix":[-0.848927379,0.5285092,0,-0.5285092,-0.848927379,0,0,0,0.999999881],"scale":1.06862557,"type":"cork_oak_bush_medium"}
{"pos":[175.591812,150.048294,254.379272],"rotationMatrix":[-0.967547953,0.252687126,0,-0.252687126,-0.967547953,0,0,0,0.999999881],"scale":1.19245374,"type":"cork_oak_bush_medium"}
{"pos":[162.074173,137.176666,254.379272],"rotationMatrix":[0.0728201866,-0.997344971,0,0.997344971,0.0728201866,0,0,0,0.999999881],"scale":1.05846083,"type":"cork_oak_bush_medium"}
{"pos":[172.559341,148.626526,254.379272],"rotationMatrix":[-0.0100976573,-0.999948919,0,0.999948919,-0.0100976573,0,0,0,0.999999881],"scale":1.00029302,"type":"cork_oak_bush_medium"}
{"pos":[159.376984,142.642105,254.379272],"rotationMatrix":[0.946408808,-0.322970897,0,0.322970897,0.946408808,0,0,0,0.999999881],"scale":0.813218534,"type":"cork_oak_bush_medium"}
{"pos":[153.654083,137.96637,254.379272],"rotationMatrix":[-0.990742922,-0.1357508,0,0.1357508,-0.990742922,0,0,0,0.999999881],"scale":1.17003214,"type":"cork_oak_bush_medium"}
{"pos":[158.092087,142.547546,254.379272],"rotationMatrix":[0.631043136,0.775747716,0,-0.775747716,0.631043136,0,0,0,0.999999881],"scale":0.802467287,"type":"cork_oak_bush_medium"}
{"pos":[181.963593,166.150299,254.379272],"rotationMatrix":[-0.0311651677,-0.999514163,0,0.999514163,-0.0311651677,0,0,0,0.999999881],"scale":1.14423239,"type":"cork_oak_bush_medium"}
{"pos":[172.344604,168.965424,254.379272],"rotationMatrix":[0.683640003,0.729819417,0,-0.729819417,0.683640003,0,0,0,0.999999881],"scale":0.838674128,"type":"cork_oak_bush_medium"}
{"pos":[184.704422,168.279877,254.379272],"rotationMatrix":[-0.92095691,0.389664412,0,-0.389664412,-0.92095691,0,0,0,0.999999881],"scale":1.00365627,"type":"cork_oak_bush_medium"}
{"pos":[186.465088,149.749985,254.379272],"rotationMatrix":[-0.990729868,-0.135846466,0,0.135846466,-0.990729868,0,0,0,0.999999881],"scale":1.01034856,"type":"cork_oak_bush_medium"}
{"pos":[176.135223,163.910553,254.379272],"rotationMatrix":[-0.203018576,-0.979174793,0,0.979174793,-0.203018576,0,0,0,0.999999881],"scale":1.13694584,"type":"cork_oak_bush_medium"}
{"pos":[183.542496,167.255341,254.379272],"rotationMatrix":[-0.998329818,-0.0577692166,0,0.0577692166,-0.998329818,0,0,0,0.999999881],"scale":1.10603619,"type":"cork_oak_bush_medium"}
{"pos":[206.329788,179.08606,254.379272],"rotationMatrix":[0.399966747,0.916529655,0,-0.916529655,0.399966747,0,0,0,0.999999881],"scale":1.12285209,"type":"cork_oak_bush_medium"}
{"pos":[214.086609,180.11795,254.208771],"rotationMatrix":[0.404649556,-0.914471745,0,0.914471745,0.404649556,0,0,0,0.999999881],"scale":0.99096477,"type":"cork_oak_bush_medium"}
{"pos":[219.563766,173.291702,254.124283],"rotationMatrix":[0.400829285,0.916152775,0,-0.916152775,0.400829285,0,0,0,0.999999881],"scale":0.933104038,"type":"cork_oak_bush_medium"}
{"pos":[189.204285,179.583176,254.379272],"rotationMatrix":[0.79396379,-0.607964933,0,0.607964933,0.79396379,0,0,0,0.999999881],"scale":1.1695683,"type":"cork_oak_bush_medium"}
{"pos":[200.631302,167.431961,254.379272],"rotationMatrix":[-0.445615679,0.895224214,0,-0.895224214,-0.445615679,0,0,0,0.999999881],"scale":0.902489781,"type":"cork_oak_bush_medium"}
{"pos":[232.467667,174.846252,253.472748],"rotationMatrix":[-0.929556787,-0.368678927,0,0.368678927,-0.929556787,0,0,0,0.999999881],"scale":1.1736834,"type":"cork_oak_bush_medium"}
{"pos":[227.672318,177.382492,253.67041],"rotationMatrix":[-0.0661170036,0.997811854,0,-0.997811854,-0.0661170036,0,0,0,0.999999881],"scale":1.0292964,"type":"cork_oak_bush_medium"}
{"pos":[228.416809,174.204468,253.725235],"rotationMatrix":[0.565270841,0.824905396,0,-0.824905396,0.565270841,0,0,0,0.999999881],"scale":0.846556425,"type":"cork_oak_bush_medium"}
{"pos":[220.612823,178.509201,254.007751],"rotationMatrix":[0.908754528,-0.417330801,0,0.417330801,0.908754528,0,0,0,0.999999881],"scale":0.807433009,"type":"cork_oak_bush_medium"}
{"pos":[218.902283,199.345184,254.231705],"rotationMatrix":[-0.946281075,0.323345065,0,-0.323345065,-0.946281075,0,0,0,0.999999881],"scale":1.06677449,"type":"cork_oak_bush_medium"}
{"pos":[207.228897,186.734039,254.379272],"rotationMatrix":[-0.0834825858,-0.996509135,0,0.996509135,-0.0834825858,0,0,0,0.999999881],"scale":1.09184313,"type":"cork_oak_bush_medium"}
{"pos":[230.598709,179.267441,253.419037],"rotationMatrix":[0.881051004,-0.47302106,0,0.47302106,0.881051004,0,0,0,0.999999881],"scale":0.984987915,"type":"cork_oak_bush_medium"}
{"pos":[231.702576,177.883911,253.384918],"rotationMatrix":[-0.521434546,0.853291094,0,-0.853291094,-0.521434546,0,0,0,0.999999881],"scale":0.916508436,"type":"cork_oak_bush_medium"}
{"pos":[231.424927,173.500504,253.598007],"rotationMatrix":[-0.759576082,-0.65041846,0,0.65041846,-0.759576082,0,0,0,0.999999881],"scale":1.04668772,"type":"cork_oak_bush_medium"}
{"pos":[224.712433,168.41449,254.054977],"rotationMatrix":[0.941868603,-0.335980952,0,0.335980952,0.941868603,0,0,0,0.999999881],"scale":1.11578214,"type":"cork_oak_bush_medium"}
{"pos":[218.278976,191.467239,254.08371],"rotationMatrix":[0.90065372,-0.434537321,0,0.434537321,0.90065372,0,0,0,0.999999881],"scale":0.939986467,"type":"cork_oak_bush_medium"}
{"pos":[213.612167,170.360291,254.303391],"rotationMatrix":[-0.157988802,0.987440765,0,-0.987440765,-0.157988802,0,0,0,0.999999881],"scale":0.978084028,"type":"cork_oak_bush_medium"}
{"pos":[244.158752,162.692627,253.280334],"rotationMatrix":[0.624979436,0.780641198,0,-0.780641198,0.624979436,0,0,0,0.999999881],"scale":1.09200048,"type":"cork_oak_bush_medium"}
{"pos":[214.184433,174.408752,254.26059],"rotationMatrix":[-0.994385481,-0.105817579,0,0.105817579,-0.994385481,0,0,0,0.999999881],"scale":1.16184139,"type":"cork_oak_bush_medium"}
{"pos":[243.597443,178.853516,252.567413],"rotationMatrix":[-0.998639166,-0.052150812,0,0.052150812,-0.998639166,0,0,0,0.999999881],"scale":1.0973897,"type":"cork_oak_bush_medium"}
{"pos":[216.261063,174.408356,254.212479],"rotationMatrix":[-0.29232657,0.956318438,0,-0.956318438,-0.29232657,0,0,0,0.999999881],"scale":0.879348099,"type":"cork_oak_bush_medium"}
{"pos":[218.12854,187.157913,254.068222],"rotationMatrix":[0.27527979,-0.96136409,0,0.96136409,0.27527979,0,0,0,0.999999881],"scale":0.938198864,"type":"cork_oak_bush_medium"}
{"pos":[227.579849,191.246323,253.352264],"rotationMatrix":[-0.207910344,0.978147805,0,-0.978147805,-0.207910344,0,0,0,0.999999881],"scale":0.824353874,"type":"cork_oak_bush_medium"}
{"pos":[239.993805,172.168671,253.151245],"rotationMatrix":[-0.8774032,-0.479753703,0,0.479753703,-0.8774032,0,0,0,0.999999881],"scale":1.08041418,"type":"cork_oak_bush_medium"}
{"pos":[253.50528,165.50795,252.539902],"rotationMatrix":[0.124177374,-0.99225992,0,0.99225992,0.124177374,0,0,0,0.999999881],"scale":0.831340969,"type":"cork_oak_bush_medium"}
{"pos":[245.791473,173.460022,252.730011],"rotationMatrix":[-0.999636531,-0.026956303,0,0.026956303,-0.999636531,0,0,0,0.999999881],"scale":0.985233188,"type":"cork_oak_bush_medium"}
{"pos":[234.373764,173.909012,253.413177],"rotationMatrix":[-0.0283039808,-0.999599278,0,0.999599278,-0.0283039808,0,0,0,0.999999881],"scale":0.811444461,"type":"cork_oak_bush_medium"}
{"pos":[238.456268,160.634583,253.667603],"rotationMatrix":[0.684158862,-0.729332864,0,0.729332864,0.684158862,0,0,0,0.999999881],"scale":0.856934011,"type":"cork_oak_bush_medium"}
{"pos":[250.121323,159.260361,253.106628],"rotationMatrix":[0.519819021,-0.85427624,0,0.85427624,0.519819021,0,0,0,0.999999881],"scale":1.16684461,"type":"cork_oak_bush_medium"}
{"pos":[251.536728,176.022644,252.007965],"rotationMatrix":[-0.666660488,0.745361388,0,-0.745361388,-0.666660488,0,0,0,0.999999881],"scale":0.812596381,"type":"cork_oak_bush_medium"}
{"pos":[217.696228,170.195557,254.217712],"rotationMatrix":[-0.870990098,0.491300285,0,-0.491300285,-0.870990098,0,0,0,0.999999881],"scale":1.08657682,"type":"cork_oak_bush_medium"}
{"pos":[246.616516,161.877075,253.170471],"rotationMatrix":[0.673272312,0.739394605,0,-0.739394605,0.673272312,0,0,0,0.999999881],"scale":1.03637373,"type":"cork_oak_bush_medium"}
{"pos":[238.944809,163.630402,253.539429],"rotationMatrix":[0.990834296,-0.135081828,0,0.135081828,0.990834296,0,0,0,0.999999881],"scale":0.823763311,"type":"cork_oak_bush_medium"}
{"pos":[256.874115,151.574173,253.354309],"rotationMatrix":[0.503567815,0.863955736,0,-0.863955736,0.503567815,0,0,0,0.999999881],"scale":0.913521826,"type":"cork_oak_bush_medium"}
{"pos":[245.994843,171.57132,252.790573],"rotationMatrix":[0.670471489,-0.741935134,0,0.741935134,0.670471489,0,0,0,0.999999881],"scale":0.905786991,"type":"cork_oak_bush_medium"}
{"pos":[233.94928,161.668457,253.8526],"rotationMatrix":[0.739888072,0.672729969,0,-0.672729969,0.739888072,0,0,0,0.999999881],"scale":0.919813097,"type":"cork_oak_bush_medium"}
{"pos":[245.270889,141.939575,253.990479],"rotationMatrix":[-0.692492306,0.721425116,0,-0.721425116,-0.692492306,0,0,0,0.999999881],"scale":1.04206419,"type":"cork_oak_bush_medium"}
{"pos":[248.15274,131.49678,254.150391],"rotationMatrix":[-0.465212047,-0.88519913,0,0.88519913,-0.465212047,0,0,0,0.999999881],"scale":0.835576296,"type":"cork_oak_bush_medium"}
{"pos":[250.891235,125.195152,254.196167],"rotationMatrix":[-0.184923694,-0.98275286,0,0.98275286,-0.184923694,0,0,0,0.999999881],"scale":0.932873964,"type":"cork_oak_bush_medium"}
{"pos":[248.407257,125.137535,254.196167],"rotationMatrix":[-0.944964468,0.327172816,0,-0.327172816,-0.944964468,0,0,0,0.999999881],"scale":1.11160946,"type":"cork_oak_bush_medium"}
{"pos":[247.024506,153.262894,253.527252],"rotationMatrix":[-0.174739674,-0.984614611,0,0.984614611,-0.174739674,0,0,0,0.999999881],"scale":1.19314086,"type":"cork_oak_bush_medium"}
{"pos":[246.845627,128.683121,254.170471],"rotationMatrix":[-0.437335521,-0.89929837,0,0.89929837,-0.437335521,0,0,0,0.999999881],"scale":1.11087322,"type":"cork_oak_bush_medium"}
{"pos":[239.175125,150.522461,253.905518],"rotationMatrix":[0.94400984,-0.329916924,0,0.329916924,0.94400984,0,0,0,0.999999881],"scale":0.996706486,"type":"cork_oak_bush_medium"}
{"pos":[260.520782,145.977966,253.732422],"rotationMatrix":[-0.990696967,-0.136085972,0,0.136085972,-0.990696967,0,0,0,0.999999881],"scale":1.03921723,"type":"cork_oak_bush_medium"}
{"pos":[265.266235,142.925217,254.092651],"rotationMatrix":[0.736839175,-0.676067889,0,0.676067889,0.736839175,0,0,0,0.999999881],"scale":1.17616594,"type":"cork_oak_bush_medium"}
{"pos":[263.057587,137.117447,254.14949],"rotationMatrix":[0.999440908,-0.033431109,0,0.033431109,0.999440908,0,0,0,0.999999881],"scale":0.813298821,"type":"cork_oak_bush_medium"}
{"pos":[252.644257,132.581238,254.13266],"rotationMatrix":[-0.528746426,0.848779678,0,-0.848779678,-0.528746426,0,0,0,0.999999881],"scale":0.987767816,"type":"cork_oak_bush_medium"}
{"pos":[259.786621,120.147621,254.459839],"rotationMatrix":[-0.892827094,-0.450399339,0,0.450399339,-0.892827094,0,0,0,0.999999881],"scale":0.853971958,"type":"cork_oak_bush_medium"}
{"pos":[254.608261,125.44561,254.213898],"rotationMatrix":[0.586865902,-0.809684098,0,0.809684098,0.586865902,0,0,0,0.999999881],"scale":1.07993579,"type":"cork_oak_bush_medium"}
{"pos":[272.131439,133.48912,254.566406],"rotationMatrix":[-0.790039599,-0.613055587,0,0.613055587,-0.790039599,0,0,0,0.999999881],"scale":1.04257739,"type":"cork_oak_bush_medium"}
{"pos":[262.636353,121.485748,254.538757],"rotationMatrix":[0.746068835,-0.66586864,0,0.66586864,0.746068835,0,0,0,0.999999881],"scale":1.08954895,"type":"cork_oak_bush_medium"}
{"pos":[271.817383,124.123055,254.823059],"rotationMatrix":[0.997050345,0.0767494142,0,-0.0767494142,0.997050345,0,0,0,0.999999881],"scale":1.1759007,"type":"cork_oak_bush_medium"}
{"pos":[267.186829,124.36882,254.617935],"rotationMatrix":[0.648286223,-0.761396587,0,0.761396587,0.648286223,0,0,0,0.999999881],"scale":1.02503371,"type":"cork_oak_bush_medium"}
{"pos":[270.376648,121.28875,254.870239],"rotationMatrix":[-0.172790885,0.98495847,0,-0.98495847,-0.172790885,0,0,0,0.999999881],"scale":0.888919592,"type":"cork_oak_bush_medium"}
{"pos":[270.503052,125.716454,254.716125],"rotationMatrix":[-0.992600143,0.121428102,0,-0.121428102,-0.992600143,0,0,0,0.999999881],"scale":1.12043834,"type":"cork_oak_bush_medium"}
{"pos":[283.107513,128.383987,255.156525],"rotationMatrix":[-0.852450311,-0.522808194,0,0.522808194,-0.852450311,0,0,0,0.999999881],"scale":1.1715368,"type":"cork_oak_bush_medium"}
{"pos":[231.228607,107.980133,254.318237],"rotationMatrix":[0.282717049,0.959203303,0,-0.959203303,0.282717049,0,0,0,0.999999881],"scale":1.18011749,"type":"cork_oak_bush_medium"}
{"pos":[302.452271,97.5478745,256.171448],"rotationMatrix":[-0.15250431,0.988302648,0,-0.988302648,-0.15250431,0,0,0,0.999999881],"scale":1.14996171,"type":"cork_oak_bush_medium"}
{"pos":[317.098846,98.8474121,256.674103],"rotationMatrix":[0.042956654,0.999076903,0,-0.999076903,0.042956654,0,0,0,0.999999881],"scale":1.10942531,"type":"cork_oak_bush_medium"}
{"pos":[334.54892,91.1750793,257.665985],"rotationMatrix":[-0.914538562,-0.404498458,0,0.404498458,-0.914538562,0,0,0,0.999999881],"scale":0.993978858,"type":"cork_oak_bush_medium"}
{"pos":[337.070099,92.2588654,257.769714],"rotationMatrix":[-0.256171733,0.966631174,0,-0.966631174,-0.256171733,0,0,0,0.999999881],"scale":0.967724442,"type":"cork_oak_bush_medium"}
{"pos":[336.368073,85.5972137,258.073181],"rotationMatrix":[-0.73398906,-0.679161072,0,0.679161072,-0.73398906,0,0,0,0.999999881],"scale":1.00945687,"type":"cork_oak_bush_medium"}
{"pos":[355.802582,83.2231979,258.377075],"rotationMatrix":[0.421727836,-0.906722307,0,0.906722307,0.421727836,0,0,0,0.999999881],"scale":0.949821711,"type":"cork_oak_bush_medium"}
{"pos":[361.704163,72.1641235,258.592957],"rotationMatrix":[-0.520155132,-0.854071796,0,0.854071796,-0.520155132,0,0,0,0.999999881],"scale":0.941922843,"type":"cork_oak_bush_medium"}
{"pos":[-619.397888,300.500671,233.620377],"rotationMatrix":[-0.334902525,-0.942252696,0,0.942252696,-0.334902525,0,0,0,0.999999881],"scale":1.13327897,"type":"cork_oak_bush_medium"}
{"pos":[17.854557,113.489105,233.345963],"rotationMatrix":[0.990023673,0.140900627,0,-0.140900627,0.990023673,0,0,0,0.999999881],"scale":1.09644175,"type":"cork_oak_bush_medium"}
{"pos":[12.5444899,114.79274,233.153198],"rotationMatrix":[0.919072449,-0.394088417,0,0.394088417,0.919072449,0,0,0,0.999999881],"scale":0.980529904,"type":"cork_oak_bush_medium"}
{"pos":[11.6078529,113.742928,233.448334],"rotationMatrix":[0.97969383,0.200499147,0,-0.200499147,0.97969383,0,0,0,0.999999881],"scale":1.11070907,"type":"cork_oak_bush_medium"}
{"pos":[0.938467562,117.693146,232.983597],"rotationMatrix":[0.981473744,-0.191595912,0,0.191595912,0.981473744,0,0,0,0.999999881],"scale":1.18375027,"type":"cork_oak_bush_medium"}
{"pos":[-4.05456877,118.332802,233.195068],"rotationMatrix":[-0.14490132,-0.989445984,0,0.989445984,-0.14490132,0,0,0,0.999999881],"scale":0.950032294,"type":"cork_oak_bush_medium"}
{"pos":[-24.2819099,126.539543,232.461929],"rotationMatrix":[0.997130811,-0.0756965727,0,0.0756965727,0.997130811,0,0,0,0.999999881],"scale":1.02123213,"type":"cork_oak_bush_medium"}
{"pos":[-33.3452988,124.754494,231.918457],"rotationMatrix":[0.0674195141,-0.997724652,0,0.997724652,0.0674195141,0,0,0,0.999999881],"scale":0.95255518,"type":"cork_oak_bush_medium"}
{"pos":[-352.024536,158.026535,232.293747],"rotationMatrix":[-0.824157178,0.56636095,0,-0.56636095,-0.824157178,0,0,0,0.999999881],"scale":0.993520856,"type":"cork_oak_bush_medium"}
{"pos":[-348.543884,158.554184,231.917786],"rotationMatrix":[-0.706621468,-0.707591772,0,0.707591772,-0.706621468,0,0,0,0.999999881],"scale":1.05425274,"type":"cork_oak_bush_medium"}
{"pos":[-335.87146,152.770508,232.650452],"rotationMatrix":[0.349252313,0.937028706,0,-0.937028706,0.349252313,0,0,0,0.999999881],"scale":0.927478194,"type":"cork_oak_bush_medium"}
{"pos":[-334.894714,153.467758,232.451691],"rotationMatrix":[-0.479796082,0.877379894,0,-0.877379894,-0.479796082,0,0,0,0.999999881],"scale":0.968757033,"type":"cork_oak_bush_medium"}
{"pos":[-238.17067,199.613098,239.32222],"rotationMatrix":[-0.987124741,-0.159951776,0,0.159951776,-0.987124741,0,0,0,0.999999881],"scale":0.875233471,"type":"cork_oak_bush_medium"}
{"pos":[402.393524,29.4491596,250.410492],"rotationMatrix":[-0.186410159,-0.982471883,0,0.982471883,-0.186410159,0,0,0,0.999999881],"scale":1.14663303,"type":"cork_oak_bush_medium"}
{"pos":[413.110504,47.086544,250.396729],"rotationMatrix":[0.674535334,0.738242567,0,-0.738242567,0.674535334,0,0,0,0.999999881],"scale":0.910599232,"type":"cork_oak_bush_medium"}
{"pos":[418.10553,50.1180611,250.396729],"rotationMatrix":[0.911317527,-0.411703944,0,0.411703944,0.911317527,0,0,0,0.999999881],"scale":0.875155151,"type":"cork_oak_bush_medium"}
{"pos":[417.269684,74.5592346,250.396729],"rotationMatrix":[-0.62796253,0.778243303,0,-0.778243303,-0.62796253,0,0,0,0.999999881],"scale":1.17664766,"type":"cork_oak_bush_medium"}
{"pos":[412.366791,86.7226257,250.396729],"rotationMatrix":[0.964654028,-0.263519406,0,0.263519406,0.964654028,0,0,0,0.999999881],"scale":1.09624588,"type":"cork_oak_bush_medium"}
{"pos":[402.60495,97.0868759,250.344757],"rotationMatrix":[0.413226187,-0.910628319,0,0.910628319,0.413226187,0,0,0,0.999999881],"scale":1.07048571,"type":"cork_oak_bush_medium"}
{"pos":[423.572174,39.4219055,257.796082],"rotationMatrix":[0.57796067,-0.816064477,0,0.816064477,0.57796067,0,0,0,0.999999881],"scale":0.872315764,"type":"cork_oak_bush_medium"}
{"pos":[417.148987,79.5299377,250.526855],"rotationMatrix":[0.944230139,-0.32928589,0,0.32928589,0.944230139,0,0,0,0.999999881],"scale":1.07097137,"type":"cork_oak_bush_medium"}
{"pos":[418.454102,77.004837,250.986755],"rotationMatrix":[0.511666119,0.859184384,0,-0.859184384,0.511666119,0,0,0,0.999999881],"scale":0.959032774,"type":"cork_oak_bush_medium"}
{"pos":[415.174774,41.4588089,250.638123],"rotationMatrix":[-0.251789868,0.967781842,0,-0.967781842,-0.251789868,0,0,0,0.999999881],"scale":0.989990354,"type":"cork_oak_bush_medium"}
{"pos":[409.267426,32.8345566,251.315826],"rotationMatrix":[-0.997811854,0.0661170259,0,-0.0661170259,-0.997811854,0,0,0,0.999999881],"scale":0.992755473,"type":"cork_oak_bush_medium"}
{"pos":[409.97995,36.0557022,250.384033],"rotationMatrix":[0.902373612,0.430954456,0,-0.430954456,0.902373612,0,0,0,0.999999881],"scale":1.02212727,"type":"cork_oak_bush_medium"}
{"pos":[419.710358,67.0251617,250.639648],"rotationMatrix":[0.862101972,-0.50673455,0,0.50673455,0.862101972,0,0,0,0.999999881],"scale":1.16508842,"type":"cork_oak_bush_medium"}
{"pos":[409.306915,99.5513,251.957596],"rotationMatrix":[0.615858495,0.787856817,0,-0.787856817,0.615858495,0,0,0,0.999999881],"scale":0.853001118,"type":"cork_oak_bush_medium"}
{"pos":[417.077423,57.5810776,250.487732],"rotationMatrix":[0.474384516,0.880317748,0,-0.880317748,0.474384516,0,0,0,0.999999881],"scale":1.12021554,"type":"cork_oak_bush_medium"}
{"pos":[412.517914,40.1974602,250.396729],"rotationMatrix":[-0.43751815,0.89920944,0,-0.89920944,-0.43751815,0,0,0,0.999999881],"scale":0.880928397,"type":"cork_oak_bush_medium"}
{"pos":[408.289764,34.413662,250.366211],"rotationMatrix":[-0.619223893,0.785214245,0,-0.785214245,-0.619223893,0,0,0,0.999999881],"scale":1.04749858,"type":"cork_oak_bush_medium"}
{"pos":[411.922424,72.0074997,250.378036],"rotationMatrix":[0.999994934,-0.0031432237,0,0.0031432237,0.999994934,0,0,0,0.999999881],"scale":0.953199029,"type":"cork_oak_bush_medium"}
{"pos":[406.727997,88.6797104,250.283691],"rotationMatrix":[0.621423721,0.783474684,0,-0.783474684,0.621423721,0,0,0,0.999999881],"scale":1.04466462,"type":"cork_oak_bush_medium"}
{"pos":[410.823792,80.277771,250.338654],"rotationMatrix":[0.744968772,-0.667099178,0,0.667099178,0.744968772,0,0,0,0.999999881],"scale":1.10272098,"type":"cork_oak_bush_medium"}
{"pos":[21.6671505,-65.8100586,254.379272],"rotationMatrix":[-0.568332374,-0.822798908,0,0.822798908,-0.568332374,0,0,0,0.999999881],"scale":1.1474936,"type":"cork_oak_bush_medium"}
{"pos":[-3.91636324,-71.1707764,254.379272],"rotationMatrix":[-0.698982835,-0.715138435,0,0.715138435,-0.698982835,0,0,0,0.999999881],"scale":0.81711477,"type":"cork_oak_bush_medium"}
{"pos":[4.55852556,-71.4649429,254.379272],"rotationMatrix":[0.997926176,-0.0643674657,0,0.0643674657,0.997926176,0,0,0,0.999999881],"scale":0.939258456,"type":"cork_oak_bush_medium"}
{"pos":[319.415741,249.287888,256.399719],"rotationMatrix":[-0.90856421,-0.417745233,0,0.417745233,-0.90856421,0,0,0,0.999999881],"scale":0.85948801,"type":"cork_oak_bush_medium"}
{"pos":[322.102783,250.418015,256.857269],"rotationMatrix":[-0.777656078,-0.628689885,0,0.628689885,-0.777656078,0,0,0,0.999999881],"scale":0.937851846,"type":"cork_oak_bush_medium"}
{"pos":[329.064484,245.360794,258.64679],"rotationMatrix":[-0.408053339,0.912957966,0,-0.912957966,-0.408053339,0,0,0,0.999999881],"scale":1.19633508,"type":"cork_oak_bush_medium"}
{"pos":[298.579315,227.598434,254.954834],"rotationMatrix":[-0.311834067,0.950136483,0,-0.950136483,-0.311834067,0,0,0,0.999999881],"scale":0.913629055,"type":"cork_oak_bush_medium"}
{"pos":[283.181732,225.019363,249.938965],"rotationMatrix":[-0.908831775,-0.417162657,0,0.417162657,-0.908831775,0,0,0,0.999999881],"scale":0.878412664,"type":"cork_oak_bush_medium"}
{"pos":[350.217773,240.930344,263.00415],"rotationMatrix":[-0.57028228,0.821448624,0,-0.821448624,-0.57028228,0,0,0,0.999999881],"scale":1.15836251,"type":"cork_oak_bush_medium"}
{"pos":[331.766541,232.909546,263.99231],"rotationMatrix":[0.926735699,0.375713825,0,-0.375713825,0.926735699,0,0,0,0.999999881],"scale":0.896787703,"type":"cork_oak_bush_medium"}
{"pos":[329.431793,228.458954,263.99231],"rotationMatrix":[0.123561077,-0.99233681,0,0.99233681,0.123561077,0,0,0,0.999999881],"scale":0.801093996,"type":"cork_oak_bush_medium"}
{"pos":[234.097443,220.569061,250],"rotationMatrix":[0.593236685,-0.805027902,0,0.805027902,0.593236685,0,0,0,0.999999881],"scale":0.936391115,"type":"cork_oak_bush_medium"}
{"pos":[319.789307,242.269775,256.829834],"rotationMatrix":[-0.587468505,-0.809246898,0,0.809246898,-0.587468505,0,0,0,0.999999881],"scale":1.1043458,"type":"cork_oak_bush_medium"}
{"pos":[325.959534,245.6922,257.982239],"rotationMatrix":[-0.00617387285,0.999980867,0,-0.999980867,-0.00617387285,0,0,0,0.999999881],"scale":1.09393096,"type":"cork_oak_bush_medium"}
{"pos":[327.593292,250.526505,257.843201],"rotationMatrix":[-0.906520069,0.422162473,0,-0.422162473,-0.906520069,0,0,0,0.999999881],"scale":1.00847554,"type":"cork_oak_bush_medium"}
{"pos":[279.648193,229.9561,250.017761],"rotationMatrix":[-0.996704459,0.0811181292,0,-0.0811181292,-0.996704459,0,0,0,0.999999881],"scale":0.887456179,"type":"cork_oak_bush_medium"}
{"pos":[286.436584,232.570099,251.671082],"rotationMatrix":[-0.162464932,0.986714184,0,-0.986714184,-0.162464932,0,0,0,0.999999881],"scale":0.842853069,"type":"cork_oak_bush_medium"}
{"pos":[279.86618,233.387283,250.234344],"rotationMatrix":[-0.996863008,-0.0791449696,0,0.0791449696,-0.996863008,0,0,0,0.999999881],"scale":0.803867698,"type":"cork_oak_bush_medium"}
{"pos":[282.781403,229.541214,250.109741],"rotationMatrix":[0.248695657,-0.968581557,0,0.968581557,0.248695657,0,0,0,0.999999881],"scale":1.09558141,"type":"cork_oak_bush_medium"}
{"pos":[285.930542,214.638092,250.657944],"rotationMatrix":[0.0851587206,0.996367276,0,-0.996367276,0.0851587206,0,0,0,0.999999881],"scale":0.976870894,"type":"cork_oak_bush_medium"}
{"pos":[274.509125,226.677094,249.900955],"rotationMatrix":[0.0425331108,-0.999094903,0,0.999094903,0.0425331108,0,0,0,0.999999881],"scale":1.00114822,"type":"cork_oak_bush_medium"}
{"pos":[278.196442,231.374847,250.023407],"rotationMatrix":[0.0954414234,-0.99543494,0,0.99543494,0.0954414234,0,0,0,0.999999881],"scale":0.915353,"type":"cork_oak_bush_medium"}
{"pos":[278.74115,232.961227,250.116409],"rotationMatrix":[0.865351975,0.501164615,0,-0.501164615,0.865351975,0,0,0,0.999999881],"scale":0.99412477,"type":"cork_oak_bush_medium"}
{"pos":[290.913513,246.61293,251.672501],"rotationMatrix":[0.305111408,0.952316701,0,-0.952316701,0.305111408,0,0,0,0.999999881],"scale":0.978948534,"type":"cork_oak_bush_medium"}
{"pos":[298.630768,242.940109,252.887512],"rotationMatrix":[-0.895237386,-0.445589274,0,0.445589274,-0.895237386,0,0,0,0.999999881],"scale":0.901672482,"type":"cork_oak_bush_medium"}
{"pos":[303.369232,249.571548,253.471222],"rotationMatrix":[0.335966796,0.941873848,0,-0.941873848,0.335966796,0,0,0,0.999999881],"scale":1.10851765,"type":"cork_oak_bush_medium"}
{"pos":[315.643677,242.754898,256.005768],"rotationMatrix":[0.91748625,0.397767425,0,-0.397767425,0.91748625,0,0,0,0.999999881],"scale":0.856509328,"type":"cork_oak_bush_medium"}
{"pos":[323.515381,251.831818,257.064911],"rotationMatrix":[0.721962094,-0.69193244,0,0.69193244,0.721962094,0,0,0,0.999999881],"scale":1.16297841,"type":"cork_oak_bush_medium"}
{"pos":[359.704498,235.050171,263.99231],"rotationMatrix":[0.230133265,0.973159075,0,-0.973159075,0.230133265,0,0,0,0.999999881],"scale":0.856014669,"type":"cork_oak_bush_medium"}
