{"pos":[576.552002,-611.252869,49.2755394],"rotationMatrix":[0.590128064,-0.806221426,-0.041904591,0.807309449,0.589294434,0.0313601568,-0.000589087605,-0.0523364842,0.998629332],"scale":1.00000024,"type":"eca_guardrail2"}
{"pos":[574.336182,-607.919312,49.4347763],"rotationMatrix":[0.528215528,-0.848592103,-0.0296618864,0.849069059,0.527523041,0.0283035897,-0.00837087538,-0.0401353873,0.999159157],"scale":1,"type":"eca_guardrail2"}
{"pos":[572.226929,-604.517395,49.5192184],"rotationMatrix":[0.527290642,-0.849371016,-0.0230974685,0.849602401,0.526665688,0.0282666907,-0.0118442643,-0.0345284268,0.999333501],"scale":0.99999994,"type":"eca_guardrail2"}
{"pos":[570.122864,-601.124634,49.6334152],"rotationMatrix":[0.526061177,-0.849776387,-0.033759132,0.850423813,0.525340796,0.0282202847,-0.00624588411,-0.0435551666,0.999031484],"scale":1.00000012,"type":"eca_guardrail2"}
{"pos":[568.025757,-597.727478,49.7842903],"rotationMatrix":[0.52148056,-0.852211952,-0.0423424691,0.853261232,0.520731211,0.0280055366,-0.00181760453,-0.0507335328,0.998710573],"scale":1,"type":"eca_guardrail2"}
{"pos":[565.995239,-594.295593,49.9808769],"rotationMatrix":[0.489600122,-0.870175302,-0.0555579886,0.871935904,0.488921523,0.0261438247,0.00441378914,-0.0612430274,0.998113096],"scale":1,"type":"eca_guardrail2"}
{"pos":[564.140625,-590.763428,50.2167587],"rotationMatrix":[0.432609558,-0.899531543,-0.0607619211,0.901560366,0.432075858,0.0223462302,0.00615261309,-0.0644477382,0.997902095],"scale":1.00000024,"type":"eca_guardrail2"}
{"pos":[562.564819,-587.094055,50.4557037],"rotationMatrix":[0.347897768,-0.935812831,-0.0567580648,0.937524199,0.347510695,0.0168715771,0.00393539667,-0.0590816438,0.998245418],"scale":1,"type":"eca_guardrail2"}
{"pos":[561.305542,-583.295471,50.6581955],"rotationMatrix":[0.320649981,-0.946229339,-0.042820096,0.947197556,0.320292413,0.0151516702,-0.000622002408,-0.0454174727,0.998967886],"scale":0.999999881,"type":"eca_guardrail2"}
{"pos":[559.856445,-579.561951,50.795517],"rotationMatrix":[0.412929654,-0.910393417,-0.0259409882,0.910742462,0.412561834,0.018465139,-0.00610828027,-0.0312503614,0.999492943],"scale":1,"type":"eca_guardrail2"}
{"pos":[557.977539,-576.031494,50.8797989],"rotationMatrix":[0.52354753,-0.851770222,-0.0196344405,0.851961434,0.523177743,0.0211367439,-0.00773134548,-0.027793875,0.999583781],"scale":1,"type":"eca_guardrail2"}
{"pos":[555.723511,-572.737793,50.9743843],"rotationMatrix":[0.59322834,-0.804466665,-0.0302227251,0.805033982,0.592780232,0.0230643637,-0.000639078207,-0.0380127542,0.999277055],"scale":1,"type":"eca_guardrail2"}
{"pos":[553.404419,-569.489563,51.1173668],"rotationMatrix":[0.517513752,-0.854814351,-0.0383659787,0.85566932,0.517151237,0.0196101777,0.00307795405,-0.0429771282,0.9990713],"scale":1,"type":"eca_guardrail2"}
{"pos":[551.844727,-565.825684,51.2615356],"rotationMatrix":[0.229002655,-0.972971678,-0.0297295228,0.973424673,0.228850067,0.00848468021,-0.00145175215,-0.0308824666,0.999521971],"scale":1.00000012,"type":"eca_guardrail2"}
{"pos":[551.714783,-561.84375,51.3217087],"rotationMatrix":[-0.156690001,-0.987639904,0.00395387597,0.987645984,-0.156680822,0.00253273989,-0.00188193819,0.00430188468,0.999988973],"scale":1,"type":"eca_guardrail2"}
{"pos":[552.703308,-557.963379,51.2548943],"rotationMatrix":[-0.272542357,-0.961933851,0.0200962462,0.962142348,-0.272518516,0.00396938901,0.00165830925,0.0204172768,0.999790192],"scale":1.00000012,"type":"eca_guardrail2"}
{"pos":[553.775391,-554.111328,51.1770134],"rotationMatrix":[-0.258957148,-0.96570611,0.018786747,0.965888023,-0.258934021,0.00369770452,0.00129363127,0.0191034395,0.999816656],"scale":0.999999881,"type":"eca_guardrail2"}
{"pos":[554.746521,-550.232666,51.104969],"rotationMatrix":[-0.222545981,-0.974770844,0.0171846263,0.974921882,-0.222527146,0.00302527985,0.000875089318,0.0174269304,0.99984777],"scale":1.00000012,"type":"eca_guardrail2"}
{"pos":[555.510193,-546.30957,51.0419426],"rotationMatrix":[-0.150014281,-0.988595843,0.0131884571,0.98868382,-0.150002599,0.00188105134,0.00011870265,0.0133213997,0.999911249],"scale":1,"type":"eca_guardrail2"}
{"pos":[555.976868,-542.342468,51.0061264],"rotationMatrix":[-0.0913494825,-0.995811164,0.00392290018,0.995818436,-0.0913449526,0.00132038258,-0.000956514617,0.00402711285,0.999991417],"scale":0.99999994,"type":"eca_guardrail2"}
{"pos":[556.281982,-538.362305,51.0168762],"rotationMatrix":[-0.0678427219,-0.997638345,-0.0107306549,0.997693896,-0.067860961,0.00134159345,-0.0020666169,-0.0106148915,0.999941528],"scale":1,"type":"eca_guardrail2"}
{"pos":[556.536194,-534.38208,51.0983429],"rotationMatrix":[-0.047866106,-0.998400807,-0.0300781541,0.998848319,-0.0479435921,0.00185781717,-0.00329690054,-0.0299545862,0.999545813],"scale":0.999999881,"type":"eca_guardrail2"}
{"pos":[556.635437,-530.393738,51.2480087],"rotationMatrix":[-0.00622928143,-0.999032795,-0.0435299873,0.999973953,-0.00638282299,0.00338819996,-0.00366276316,-0.0435077436,0.999046385],"scale":1,"type":"eca_guardrail2"}
{"pos":[556.627075,-526.399902,51.4334297],"rotationMatrix":[0.0025510788,-0.998901069,-0.0467987694,0.999990046,0.00237667561,0.00378231332,-0.0036669299,-0.0468079522,0.998897195],"scale":0.999999881,"type":"eca_guardrail2"}
{"pos":[556.661377,-522.407104,51.6273956],"rotationMatrix":[-0.0204073191,-0.99852252,-0.0503618494,0.999784946,-0.0205675364,0.00266577862,-0.00369766355,-0.0502966121,0.9987275],"scale":1.00000012,"type":"eca_guardrail2"}
{"pos":[556.797791,-518.408264,51.7891197],"rotationMatrix":[-0.0635809898,-0.997155547,-0.0404755622,0.997970104,-0.0636752844,0.00104163028,-0.00361595675,-0.0403271765,0.999179959],"scale":1.00000012,"type":"eca_guardrail2"}
{"pos":[-117.528122,-247.262085,39.1260147],"rotationMatrix":[0.654373884,-0.755848825,-0.02207442,0.756095469,0.654442489,0.00496208016,0.0106958561,-0.0199374259,0.999743998],"scale":0.99999994,"type":"eca_guardrail2"}
{"pos":[-114.253769,-249.330139,39.127037],"rotationMatrix":[0.954236627,-0.298799515,0.01229937,0.298760712,0.954315364,0.00492238021,-0.0132082831,-0.00102254713,0.999912262],"scale":0.99999994,"type":"eca_guardrail2"}
{"pos":[-110.47168,-250.493896,39.1808472],"rotationMatrix":[0.954336047,-0.298304796,0.0160297938,0.298263967,0.954470634,0.00493586995,-0.0167723633,7.06308056e-05,0.999859333],"scale":1,"type":"eca_guardrail2"}
{"pos":[-106.716095,-251.745117,39.2469063],"rotationMatrix":[0.942920744,-0.332630515,0.0160435904,0.332584441,0.943057239,0.00553868245,-0.0169723574,0.00011331006,0.999855936],"scale":1,"type":"eca_guardrail2"}
{"pos":[-103.012375,-253.179565,39.2735405],"rotationMatrix":[0.922431111,-0.38607356,-0.00824719109,0.386125177,0.922427177,0.00595703209,0.00530758081,-0.0086794002,0.999948263],"scale":0.99999994,"type":"eca_guardrail2"}
{"pos":[-99.41362,-254.833557,39.218914],"rotationMatrix":[0.896906555,-0.442033082,-0.0128582455,0.442123026,0.896939754,0.00513222534,0.00926445797,-0.0102880532,0.999904156],"scale":0.99999994,"type":"eca_guardrail2"}
{"pos":[-95.9237747,-256.684326,39.2008171],"rotationMatrix":[0.872958243,-0.487789363,0.00233052974,0.487775177,0.872955918,0.00482793339,-0.00438946486,-0.0030778097,0.999985635],"scale":0.99999994,"type":"eca_guardrail2"}
{"pos":[-92.5144348,-258.695435,39.2095642],"rotationMatrix":[0.85362184,-0.520880342,0.00365389115,0.520862222,0.853626609,0.00491069444,-0.00567694288,-0.00228870194,0.999981284],"scale":1,"type":"eca_guardrail2"}
{"pos":[-89.1755905,-260.813843,39.2391891],"rotationMatrix":[0.839010477,-0.543972492,0.0124643473,0.543954611,0.839099288,0.00508331973,-0.0132240104,0.00251508015,0.999909401],"scale":0.99999994,"type":"eca_guardrail2"}
{"pos":[-85.888855,-263.008606,39.3114815],"rotationMatrix":[0.82803905,-0.560145378,0.0242577549,0.560193658,0.828344107,0.00539606437,-0.0231163483,0.00912088808,0.999691188],"scale":0.999999881,"type":"eca_guardrail2"}
{"pos":[-82.6412201,-265.263123,39.4251862],"rotationMatrix":[0.816831529,-0.575989366,0.0319765545,0.576118827,0.817344427,0.0059321085,-0.0295526907,0.0135767637,0.999471009],"scale":0.99999994,"type":"eca_guardrail2"}
{"pos":[-79.4475632,-267.594482,39.5616951],"rotationMatrix":[0.799409986,-0.599652052,0.0368929356,0.599841237,0.800089002,0.00693555456,-0.0336765498,0.0165855512,0.999295175],"scale":0.999999881,"type":"eca_guardrail2"}
{"pos":[-76.3405533,-270.041138,39.7136726],"rotationMatrix":[0.771824241,-0.634630084,0.0391409844,0.634831548,0.77260226,0.00864075497,-0.035724096,0.0181787871,0.999196351],"scale":0.99999994,"type":"eca_guardrail2"}
{"pos":[-73.3704987,-272.654846,39.8644714],"rotationMatrix":[0.729795933,-0.682644367,0.0373442322,0.68277669,0.730543256,0.0110727856,-0.0348403528,0.0174168963,0.999241114],"scale":1,"type":"eca_guardrail2"}
{"pos":[-70.5939941,-275.468811,40.0161362],"rotationMatrix":[0.676675677,-0.735179424,0.0402644724,0.735324502,0.677572072,0.0139286006,-0.0375220999,0.0201823078,0.999091983],"scale":0.99999994,"type":"eca_guardrail2"}
{"pos":[-68.0220947,-278.467834,40.1880035],"rotationMatrix":[0.631427646,-0.774025977,0.0467216969,0.774279535,0.632629156,0.016478803,-0.0423125327,0.0257704817,0.998772025],"scale":0.99999994,"type":"eca_guardrail2"}
{"pos":[-65.5827026,-281.57959,40.3708038],"rotationMatrix":[0.610369146,-0.790629148,0.0485288054,0.790911555,0.61167419,0.0177090205,-0.0436850861,0.0275729522,0.998664796],"scale":0.99999994,"type":"eca_guardrail2"}
{"pos":[-63.1912384,-284.714661,40.5936203],"rotationMatrix":[0.608128667,-0.791038215,0.0666188523,0.791953266,0.610324502,0.0177204292,-0.054676652,0.0419827178,0.997621119],"scale":0.99999994,"type":"eca_guardrail2"}
{"pos":[-60.7917938,-287.835449,40.9008255],"rotationMatrix":[0.606839478,-0.790101767,0.0865159929,0.792012095,0.61024797,0.0177280251,-0.0668031573,0.057763651,0.996092737],"scale":1,"type":"eca_guardrail2"}
{"pos":[-58.4771423,-291.026428,41.2475395],"rotationMatrix":[0.565079808,-0.820330203,0.0879955441,0.822205245,0.56875664,0.0222366825,-0.0682894737,0.0597848892,0.995872617],"scale":0.99999994,"type":"eca_guardrail2"}
{"pos":[-56.329834,-294.330261,41.6016388],"rotationMatrix":[0.527262449,-0.84470731,0.0919995084,0.846726716,0.531380713,0.0262391418,-0.071051158,0.0640635192,0.995413303],"scale":0.99999994,"type":"eca_guardrail2"}
{"pos":[-54.3179321,-297.713196,41.979351],"rotationMatrix":[0.496925771,-0.862006366,0.10004963,0.864489377,0.50178349,0.0295207053,-0.0756502897,0.0718222335,0.994544446],"scale":0.999999881,"type":"eca_guardrail2"}
{"pos":[-52.4141846,-301.149231,42.3989029],"rotationMatrix":[0.473149121,-0.873416066,0.115213901,0.877029419,0.479355574,0.03221149,-0.0833624601,0.0858051479,0.992818296],"scale":0.999999881,"type":"eca_guardrail2"}
{"pos":[-50.5932617,-304.619019,42.8901291],"rotationMatrix":[0.455490947,-0.880316973,0.132552102,0.885503411,0.463356614,0.0344160907,-0.0917159617,0.101699099,0.990578353],"scale":0.99999994,"type":"eca_guardrail2"}
{"pos":[-48.8280029,-308.114685,43.4355927],"rotationMatrix":[0.444213212,-0.884581327,0.142093241,0.890740037,0.453086376,0.0359848998,-0.0962120816,0.110583171,0.989198983],"scale":0.99999994,"type":"eca_guardrail2"}
{"pos":[-47.0933838,-311.626953,44.0047073],"rotationMatrix":[0.439097404,-0.886787832,0.144224733,0.89316076,0.448232234,0.036764279,-0.0972482935,0.112672776,0.988861799],"scale":0.99999994,"type":"eca_guardrail2"}
{"pos":[-45.3627625,-315.151978,44.5608482],"rotationMatrix":[0.440580606,-0.887946129,0.132061809,0.892999053,0.448554814,0.0367588364,-0.0918768272,0.10173583,0.990559697],"scale":0.99999994,"type":"eca_guardrail2"}
{"pos":[-43.6116943,-318.681824,45.0461731],"rotationMatrix":[0.448436677,-0.88658613,0.113444075,0.889907062,0.454720438,0.035981372,-0.0834859312,0.0848193243,0.992892623],"scale":0.999999881,"type":"eca_guardrail2"}
{"pos":[-41.8179932,-322.195618,45.4666443],"rotationMatrix":[0.462774873,-0.880847454,0.0997358784,0.883123994,0.4678725,0.0344579741,-0.0770158991,0.0721328557,0.994417131],"scale":0.99999994,"type":"eca_guardrail2"}
{"pos":[-39.9542847,-325.674561,45.8429794],"rotationMatrix":[0.484966159,-0.869750977,0.0913294479,0.871508598,0.489324033,0.0321675315,-0.0726674274,0.0639942363,0.995301068],"scale":0.99999994,"type":"eca_guardrail2"}
{"pos":[-37.8558044,-329.005188,46.1981316],"rotationMatrix":[0.643965364,-0.758737862,0.0981098488,0.761403024,0.648114562,0.0145947412,-0.0746600106,0.0653026253,0.99506855],"scale":0.99999994,"type":"eca_guardrail2"}
{"pos":[8.43421936,-396.894592,49.2060623],"rotationMatrix":[-0.588417768,0.808544278,0.00453579752,-0.808549881,-0.588379979,-0.00748145673,-0.00338031678,-0.00806964096,0.999961734],"scale":0.99999994,"type":"eca_guardrail2"}
{"pos":[5.78372574,-393.946442,49.2661514],"rotationMatrix":[-0.723233223,0.690310478,0.0201350339,-0.690561533,-0.723204613,-0.00999758486,0.00766031165,-0.021135062,0.999747276],"scale":1.00000012,"type":"eca_guardrail2"}
{"pos":[2.89689636,-391.196564,49.3269501],"rotationMatrix":[-0.728846908,0.684595585,0.0105339987,-0.68467617,-0.728777409,-0.010092712,0.000767515041,-0.0145684211,0.999893606],"scale":1.00000012,"type":"eca_guardrail2"}
{"pos":[-0.0110549927,-388.470306,49.3538742],"rotationMatrix":[-0.734625578,0.678464532,0.00333082397,-0.678458333,-0.734569073,-0.0101265162,-0.00442376174,-0.0096990224,0.999943197],"scale":0.99999994,"type":"eca_guardrail2"}
{"pos":[-2.94416618,-385.76889,49.3494034],"rotationMatrix":[-0.740777493,0.671718895,-0.00652748439,-0.671650231,-0.740799785,-0.0100845676,-0.0116095534,-0.00308623281,0.999927819],"scale":1,"type":"eca_guardrail2"}
{"pos":[-5.89920807,-383.097351,49.3132286],"rotationMatrix":[-0.747117162,0.664622962,-0.00959786028,-0.664548814,-0.747178078,-0.00998835266,-0.0138098001,-0.00108422292,0.999904037],"scale":1.00000012,"type":"eca_guardrail2"}
{"pos":[-8.87659931,-380.457397,49.2872505],"rotationMatrix":[-0.753446698,0.657494485,-0.00436478015,-0.657435596,-0.753445148,-0.0099428352,-0.00982598215,-0.00462183449,0.999941051],"scale":1.00000012,"type":"eca_guardrail2"}
{"pos":[-11.8833008,-377.841339,49.2562866],"rotationMatrix":[-0.759440422,0.650492489,-0.01047369,-0.650418222,-0.759512305,-0.0098516196,-0.0143633028,-0.000669438858,0.999896646],"scale":1.00000012,"type":"eca_guardrail2"}
{"pos":[-14.9101753,-375.254913,49.213829],"rotationMatrix":[-0.765007257,0.643950105,-0.00960121956,-0.643877387,-0.765066385,-0.0097628478,-0.0136323581,-0.00128664216,0.999906242],"scale":1.00000012,"type":"eca_guardrail2"}
{"pos":[-17.9494514,-372.673218,49.1689758],"rotationMatrix":[-0.756623626,0.653534889,-0.0203146879,-0.653484941,-0.756874323,-0.009926131,-0.0218627397,0.0057649971,0.999744356],"scale":1.00000012,"type":"eca_guardrail2"}
{"pos":[-20.9081955,-369.995972,49.0457535],"rotationMatrix":[-0.727630496,0.684875548,-0.038720198,-0.685030282,-0.728428364,-0.0112044541,-0.0358785465,0.0183718055,0.999187291],"scale":1.00000012,"type":"eca_guardrail2"}
{"pos":[-23.7205505,-367.187805,48.8954391],"rotationMatrix":[-0.689519763,0.723635375,-0.0302357003,-0.723625362,-0.690065145,-0.0132792387,-0.0304739326,0.0127230212,0.999454558],"scale":0.99999994,"type":"eca_guardrail2"}
{"pos":[-26.375473,-364.223999,48.7977524],"rotationMatrix":[-0.649636507,0.75975126,-0.0273964014,-0.759695113,-0.650115371,-0.0146101015,-0.0289108623,0.0113216573,0.999517858],"scale":0.999999881,"type":"eca_guardrail2"}
{"pos":[-28.9035339,-361.125183,48.618557],"rotationMatrix":[-0.620434761,0.781457961,-0.0662118495,-0.782415092,-0.622551322,-0.0160122663,-0.0537331924,0.0418705791,0.997677088],"scale":1.00000012,"type":"eca_guardrail2"}
{"pos":[-31.3378754,-357.982178,48.3217888],"rotationMatrix":[-0.608742476,0.789923489,-0.0738472939,-0.791200459,-0.611319542,-0.0170395449,-0.0586042255,0.0480553135,0.997123957],"scale":0.999999881,"type":"eca_guardrail2"}
{"pos":[-33.7418518,-354.836456,48.075901],"rotationMatrix":[-0.609011531,0.791804016,-0.0463826135,-0.792051733,-0.610211015,-0.0172231197,-0.0419405103,0.0262483507,0.998775244],"scale":1.00000012,"type":"eca_guardrail2"}
{"pos":[-36.1148529,-351.652679,47.9348373],"rotationMatrix":[-0.585593462,0.810032368,-0.0304593556,-0.80994606,-0.586218953,-0.0182936694,-0.0326743163,0.0139577817,0.999368608],"scale":1.00000012,"type":"eca_guardrail2"}
{"pos":[-38.374588,-348.363739,47.7902718],"rotationMatrix":[-0.549349904,0.834073007,-0.0503679849,-0.834419072,-0.550774217,-0.0198113415,-0.04426549,0.0311446507,0.998534203],"scale":1,"type":"eca_guardrail2"}
{"pos":[-40.4790955,-344.974213,47.5036469],"rotationMatrix":[-0.507864714,0.857443571,-0.0828478932,-0.859193206,-0.511130452,-0.0230740681,-0.0621308051,0.0594638512,0.996295035],"scale":0.999999881,"type":"eca_guardrail2"}
{"pos":[-42.4178162,-341.50766,47.1572456],"rotationMatrix":[-0.471479058,0.877131999,-0.0913610458,-0.879345,-0.475440621,-0.0266138334,-0.0667806119,0.0677900165,0.99546212],"scale":0.99999994,"type":"eca_guardrail2"}
{"pos":[-44.2339478,-337.979218,46.7768631],"rotationMatrix":[-0.447733879,0.88866514,-0.0990380719,-0.891372383,-0.452338099,-0.0290751643,-0.0706367865,0.0752618611,0.994658768],"scale":1.00000012,"type":"eca_guardrail2"}
{"pos":[-45.9847412,-334.418915,46.3608017],"rotationMatrix":[-0.437635779,0.892216265,-0.111468077,-0.895913422,-0.443208575,-0.030090224,-0.0762505978,0.0866971761,0.993312359],"scale":1.00000012,"type":"eca_guardrail2"}
{"pos":[-47.7168884,-330.853912,45.8816071],"rotationMatrix":[-0.436948657,0.890065372,-0.129844368,-0.895529807,-0.443994999,-0.0299128219,-0.0842746124,0.10320913,0.991083086],"scale":1,"type":"eca_guardrail2"}
{"pos":[-49.4557495,-327.303253,45.3206787],"rotationMatrix":[-0.440044284,0.885393143,-0.149799883,-0.893149137,-0.448819399,-0.0290815234,-0.0929816738,0.120996475,0.988288522],"scale":1.00000012,"type":"eca_guardrail2"}
{"pos":[-51.2092896,-323.776855,44.7038422],"rotationMatrix":[-0.445872426,0.881136894,-0.157465756,-0.889901519,-0.455297232,-0.0279213004,-0.096296221,0.127679691,0.987129629],"scale":1.00000012,"type":"eca_guardrail2"}
{"pos":[-52.9877625,-320.27298,44.085434],"rotationMatrix":[-0.454654217,0.878001094,-0.149678811,-0.88583684,-0.463237047,-0.0265449136,-0.0926432163,0.120522246,0.988378286],"scale":1,"type":"eca_guardrail2"}
{"pos":[-54.8050079,-316.783691,43.5217056],"rotationMatrix":[-0.465561271,0.874503434,-0.13600117,-0.880807459,-0.472811818,-0.0250414051,-0.0862017646,0.108132541,0.990392148],"scale":1,"type":"eca_guardrail2"}
{"pos":[-56.6699371,-313.307709,42.9906158],"rotationMatrix":[-0.477245927,0.868657053,-0.132933378,-0.874686778,-0.484127283,-0.0233192705,-0.084613122,0.105146036,0.990850627],"scale":1,"type":"eca_guardrail2"}
{"pos":[-58.5827942,-309.858551,42.4647598],"rotationMatrix":[-0.490300655,0.862189651,-0.127413452,-0.86771059,-0.496607423,-0.0214320794,-0.0817529857,0.100049838,0.991618097],"scale":1.00000012,"type":"eca_guardrail2"}
{"pos":[-60.5482483,-306.43866,41.9895859],"rotationMatrix":[-0.504871011,0.855994225,-0.111261085,-0.860056281,-0.50982058,-0.0196474344,-0.0735412985,0.0857713819,0.993596971],"scale":1,"type":"eca_guardrail2"}
{"pos":[-62.5726318,-303.045563,41.5832901],"rotationMatrix":[-0.520068288,0.849041641,-0.0930436552,-0.851720035,-0.52368629,-0.0180444214,-0.0640461594,0.0698628128,0.995498478],"scale":1,"type":"eca_guardrail2"}
{"pos":[-64.7537079,-299.740112,41.2237549],"rotationMatrix":[-0.62519002,0.77529788,-0.0897255465,-0.778061271,-0.628156066,-0.00637387857,-0.0613032952,0.0658270866,0.995946109],"scale":1,"type":"eca_guardrail2"}
{"pos":[90.8622742,-465.332947,46.5930061],"rotationMatrix":[0.674331784,-0.735871971,-0.0613920428,0.737643301,0.675115585,0.0100620203,0.0340423621,-0.052070573,0.998063028],"scale":0.99999994,"type":"eca_guardrail2"}
{"pos":[93.620079,-468.170166,46.3407364],"rotationMatrix":[0.704434454,-0.706995666,-0.0626838654,0.708894074,0.705200791,0.0126902722,0.0352327451,-0.05337568,0.997952759],"scale":0.99999994,"type":"eca_guardrail2"}
{"pos":[96.4061127,-470.975952,46.102272],"rotationMatrix":[0.706712008,-0.70510745,-0.0581512637,0.706774235,0.707322299,0.0128565244,0.0320664532,-0.0501856767,0.998224974],"scale":0.99999994,"type":"eca_guardrail2"}
{"pos":[99.2057266,-473.778687,45.8674965],"rotationMatrix":[0.708101034,-0.70298022,-0.066420868,0.705091178,0.708997071,0.0130213872,0.0379384235,-0.0560532287,0.997706711],"scale":0.999999881,"type":"eca_guardrail2"}
{"pos":[102.002525,-476.571228,45.5850754],"rotationMatrix":[0.708595395,-0.70272404,-0.0638081878,0.70469135,0.709393919,0.0130531676,0.036092367,-0.0542144962,0.997876823],"scale":0.99999994,"type":"eca_guardrail2"}
{"pos":[104.797791,-479.35791,45.4053192],"rotationMatrix":[0.710916042,-0.70206809,-0.0412160605,0.702988863,0.711080551,0.0130804591,0.0201245658,-0.0382735394,0.999064624],"scale":0.99999994,"type":"eca_guardrail2"}
{"pos":[107.615288,-482.148132,45.2167473],"rotationMatrix":[0.71269381,-0.699533463,-0.0521579534,0.700919151,0.713117599,0.0132509135,0.0279252976,-0.0460023507,0.998550951],"scale":0.99999994,"type":"eca_guardrail2"}
{"pos":[110.433945,-484.929749,44.9996643],"rotationMatrix":[0.709967852,-0.701983452,-0.0562579222,0.703559875,0.710516095,0.0130533092,0.0308089517,-0.0488482453,0.998330951],"scale":0.99999994,"type":"eca_guardrail2"}
{"pos":[113.176674,-487.781555,44.7762222],"rotationMatrix":[0.676049352,-0.734685481,-0.0565203354,0.736220419,0.676661849,0.0103976987,0.0306061208,-0.0486407839,0.998347282],"scale":0.99999994,"type":"eca_guardrail2"}
{"pos":[115.769791,-490.770996,44.5492096],"rotationMatrix":[0.636064291,-0.769425333,-0.058367122,0.770992815,0.636801183,0.00736782514,0.0314992629,-0.0496870428,0.998268008],"scale":0.99999994,"type":"eca_guardrail2"}
{"pos":[118.204163,-493.891052,44.3113785],"rotationMatrix":[0.597722769,-0.799371839,-0.0610913262,0.801023126,0.598616719,0.00445939787,0.0330055729,-0.0516010523,0.998122215],"scale":0.99999994,"type":"eca_guardrail2"}
{"pos":[120.499969,-497.111267,44.071743],"rotationMatrix":[0.567915678,-0.820983708,-0.058799956,0.822479188,0.568790913,0.00222414359,0.0316188969,-0.049624864,0.998267293],"scale":0.99999994,"type":"eca_guardrail2"}
{"pos":[122.701233,-500.395508,43.8518181],"rotationMatrix":[0.551651657,-0.832454383,-0.0519621968,0.83361131,0.552350402,0.00108719803,0.0277963001,-0.0439160243,0.998648465],"scale":0.99999994,"type":"eca_guardrail2"}
{"pos":[124.867889,-503.707458,43.651886],"rotationMatrix":[0.549239755,-0.834164798,-0.0500480235,0.835236728,0.549889803,0.000929709524,0.0267453659,-0.0423125774,0.998746395],"scale":0.99999994,"type":"eca_guardrail2"}
{"pos":[127.046936,-507.014343,43.4490623],"rotationMatrix":[0.556387782,-0.82923609,-0.0529157147,0.830439627,0.557106853,0.0013850145,0.0283312034,-0.0447139144,0.998598039],"scale":0.99999994,"type":"eca_guardrail2"}
{"pos":[129.259644,-510.296814,43.2330475],"rotationMatrix":[0.562866986,-0.824753463,-0.0544287711,0.826032341,0.563619852,0.00181670859,0.0291788001,-0.0459824838,0.998516023],"scale":0.99999994,"type":"eca_guardrail2"}
{"pos":[131.474304,-513.573914,43.026123],"rotationMatrix":[0.55874896,-0.827894092,-0.048896376,0.828926682,0.55935514,0.00153621659,0.0260786153,-0.0413898714,0.998802662],"scale":0.99999994,"type":"eca_guardrail2"}
{"pos":[133.644699,-516.878784,42.8549767],"rotationMatrix":[0.539677858,-0.84101373,-0.0379965901,0.841632187,0.540050924,0.000526729971,0.0200771056,-0.0322634168,0.999277711],"scale":0.99999994,"type":"eca_guardrail2"}
{"pos":[135.703934,-520.259155,42.7078972],"rotationMatrix":[0.502521038,-0.863914251,-0.0335378572,0.864381433,0.502835512,-0.00110085215,0.0178150665,-0.0284362994,0.999436855],"scale":0.99999994,"type":"eca_guardrail2"}
{"pos":[137.593094,-523.729187,42.6119308],"rotationMatrix":[0.457767606,-0.888963461,-0.0138799176,0.889031291,0.457840025,-0.0023999582,0.00848825648,-0.0112410598,0.999900818],"scale":0.99999994,"type":"eca_guardrail2"}
{"pos":[139.304214,-527.299622,42.5760078],"rotationMatrix":[0.414964974,-0.909812033,-0.00678444793,0.909821212,0.414990544,-0.00286564138,0.00542267645,-0.00498349406,0.99997288],"scale":0.999999881,"type":"eca_guardrail2"}
{"pos":[140.882919,-530.936646,42.546299],"rotationMatrix":[0.389478505,-0.92098856,-0.00930909812,0.921012998,0.389519811,-0.0030637288,0.00644773757,-0.00738054328,0.999951959],"scale":0.999999881,"type":"eca_guardrail2"}
{"pos":[142.351273,-534.615051,42.513195],"rotationMatrix":[0.352068186,-0.935962975,-0.00462968275,0.935962021,0.352084637,-0.00339769432,0.0048101563,-0.00313698733,0.99998349],"scale":0.99999994,"type":"eca_guardrail2"}
{"pos":[143.654846,-538.353638,42.5103302],"rotationMatrix":[0.314337492,-0.949307144,0.00279623363,0.949308217,0.314327657,-0.00345818186,0.0024039438,0.00374152372,0.999990106],"scale":0.99999994,"type":"eca_guardrail2"}
{"pos":[144.832947,-542.135071,42.5326309],"rotationMatrix":[0.288835883,-0.957346439,0.00785466656,0.957378268,0.288818181,-0.00333006331,0.000919453334,0.00848172884,0.999963582],"scale":0.999999881,"type":"eca_guardrail2"}
{"pos":[145.937836,-545.945068,42.5571747],"rotationMatrix":[0.276119828,-0.961121142,0.00198299275,0.961119831,0.276112795,-0.00322523736,0.00255231396,0.00279644574,0.999992847],"scale":0.999999881,"type":"eca_guardrail2"}
{"pos":[147.013153,-549.768738,42.5386353],"rotationMatrix":[0.273100436,-0.961897373,-0.0130218836,0.9619627,0.273162067,-0.00318041723,0.00661631953,-0.0116579942,0.999910176],"scale":0.99999994,"type":"eca_guardrail2"}
{"pos":[148.095886,-553.591614,42.4454384],"rotationMatrix":[0.279865921,-0.95949012,-0.0324610956,0.959965289,0.280103624,-0.00293054152,0.0119042955,-0.0303413682,0.999468684],"scale":0.999999881,"type":"eca_guardrail2"}
{"pos":[149.228302,-557.384644,42.3290329],"rotationMatrix":[0.300161898,-0.953541517,-0.0257172361,0.953836322,0.300317824,-0.00234087091,0.00995546114,-0.0238273963,0.999666512],"scale":0.99999994,"type":"eca_guardrail2"}
{"pos":[150.461975,-561.149048,42.2332611],"rotationMatrix":[0.330264986,-0.943586767,-0.0238567553,0.943841755,0.330394208,-0.00158108957,0.009374029,-0.0219948236,0.999714136],"scale":0.99999994,"type":"eca_guardrail2"}
{"pos":[151.823669,-564.872192,42.1324844],"rotationMatrix":[0.350524843,-0.936153769,-0.0273574181,0.936493754,0.350682676,-0.00104486942,0.0105719315,-0.0252537969,0.999625146],"scale":0.999999881,"type":"eca_guardrail2"}
{"pos":[153.119659,-568.617371,42.0186119],"rotationMatrix":[0.30836004,-0.950790763,-0.0301843546,0.951200008,0.308566391,-0.00231882278,0.0115185948,-0.027996324,0.99954164],"scale":0.99999994,"type":"eca_guardrail2"}
{"pos":[154.25708,-572.414246,41.8923874],"rotationMatrix":[0.272454381,-0.961579025,-0.0336808451,0.962086856,0.272720814,-0.00349915773,0.0125501836,-0.0314505361,0.999426484],"scale":0.999999881,"type":"eca_guardrail2"}
{"pos":[155.268188,-576.245422,41.7521629],"rotationMatrix":[0.244248748,-0.969048381,-0.0358859971,0.969623327,0.244561076,-0.00452165585,0.0131580196,-0.0336914919,0.99934566],"scale":0.99999994,"type":"eca_guardrail2"}
{"pos":[156.178925,-580.098267,41.6166573],"rotationMatrix":[0.223906338,-0.974089146,-0.0318798982,0.974533439,0.22418052,-0.00525585003,0.0122665176,-0.0298912097,0.999477863],"scale":0.99999994,"type":"eca_guardrail2"}
{"pos":[157.033295,-583.96283,41.5041046],"rotationMatrix":[0.216106534,-0.976067185,-0.024308078,0.976311803,0.216298163,-0.00551784784,0.0106435828,-0.0225398187,0.999689281],"scale":0.99999994,"type":"eca_guardrail2"}
{"pos":[157.880127,-587.8302,41.4249191],"rotationMatrix":[0.219257593,-0.975518882,-0.0169977807,0.97562474,0.219376922,-0.00548349414,0.00907817297,-0.0153811583,0.999840498],"scale":0.99999994,"type":"eca_guardrail2"}
{"pos":[158.756378,-591.695374,41.3600273],"rotationMatrix":[0.230770946,-0.972861111,-0.016911583,0.972966015,0.230887771,-0.00529005425,0.00905116647,-0.0152336042,0.999843001],"scale":0.99999994,"type":"eca_guardrail2"}
{"pos":[159.696045,-595.548645,41.2835922],"rotationMatrix":[0.250814795,-0.967766643,-0.0227959976,0.967978835,0.25098443,-0.00486661121,0.0104311854,-0.0208454262,0.999728322],"scale":0.99999994,"type":"eca_guardrail2"}
{"pos":[160.786789,-599.356628,41.1889801],"rotationMatrix":[0.354765534,-0.934659719,-0.0235082321,0.934895754,0.354914486,-0.00235915277,0.0105484165,-0.0211407989,0.999720871],"scale":0.999999881,"type":"eca_guardrail2"}
{"pos":[254.973999,-967.124268,28.3558693],"rotationMatrix":[-0.986217618,-0.0898465142,0.138932347,0.0971903577,-0.994155526,0.046997305,0.133897811,0.0598524623,0.989186049],"scale":0.999999881,"type":"eca_guardrail2"}
{"pos":[251.05838,-967.626648,28.9152374],"rotationMatrix":[-0.979526281,-0.143117905,0.141582906,0.150048196,-0.987889767,0.0394924767,0.134216189,0.0599281751,0.989138305],"scale":0.99999994,"type":"eca_guardrail2"}
{"pos":[247.147552,-968.212646,29.4673538],"rotationMatrix":[-0.978839636,-0.155984595,0.13244459,0.162243977,-0.986026406,0.0377962217,0.124698251,0.0584847778,0.990469515],"scale":1,"type":"eca_guardrail2"}
{"pos":[243.241241,-968.841187,29.9819298],"rotationMatrix":[-0.977969408,-0.164468154,0.128554329,0.170425758,-0.984685779,0.036729373,0.120544799,0.0578291714,0.99102205],"scale":1,"type":"eca_guardrail2"}
{"pos":[239.34082,-969.493469,30.4941216],"rotationMatrix":[-0.977340817,-0.168079644,0.128662243,0.174011141,-0.984075904,0.0362582281,0.120519154,0.0578253195,0.991025388],"scale":1,"type":"eca_guardrail2"}
{"pos":[235.441223,-970.150269,31.0077438],"rotationMatrix":[-0.977658629,-0.166562334,0.128220707,0.172482118,-0.984337568,0.0364610329,0.120139427,0.0577622205,0.991075218],"scale":0.99999994,"type":"eca_guardrail2"}
{"pos":[231.534393,-970.791138,31.5080299],"rotationMatrix":[-0.979509473,-0.159812674,0.122559689,0.165467575,-0.985506654,0.0373744257,0.114810504,0.0568882637,0.991757154],"scale":1,"type":"eca_guardrail2"}
{"pos":[227.619843,-971.39386,31.9890976],"rotationMatrix":[-0.981999636,-0.147588968,0.117874287,0.153078377,-0.987447739,0.0389100835,0.110651992,0.0562536865,0.99226594],"scale":1,"type":"eca_guardrail2"}
{"pos":[223.69574,-971.949707,32.4457893],"rotationMatrix":[-0.982578635,-0.146631435,0.114186436,0.151924416,-0.987619638,0.0390729681,0.10704343,0.055739969,0.992690682],"scale":0.99999994,"type":"eca_guardrail2"}
{"pos":[219.775208,-972.577393,32.8881836],"rotationMatrix":[-0.979510665,-0.173779115,0.101783007,0.178212032,-0.983328223,0.0361425057,0.0938052833,0.0535409227,0.994149864],"scale":0.99999994,"type":"eca_guardrail2"}
{"pos":[215.86618,-973.304321,33.2608261],"rotationMatrix":[-0.976586699,-0.194630235,0.0916368142,0.19842732,-0.979517221,0.0342420489,0.0830953047,0.0516235828,0.995203614],"scale":0.99999994,"type":"eca_guardrail2"}
{"pos":[211.973511,-974.086182,33.626091],"rotationMatrix":[-0.975223184,-0.200962692,0.092486918,0.204773217,-0.978231072,0.0336441621,0.0837123543,0.0517494082,0.995145321],"scale":0.99999994,"type":"eca_guardrail2"}
{"pos":[208.076447,-974.862793,33.9890823],"rotationMatrix":[-0.977449775,-0.192280427,0.0872928724,0.19586654,-0.98002398,0.0344846882,0.0789183751,0.050804805,0.99558562],"scale":0.99999994,"type":"eca_guardrail2"}
{"pos":[204.164368,-975.585815,34.3185043],"rotationMatrix":[-0.98142457,-0.175052136,0.0785026327,0.178269625,-0.983323336,0.0359905101,0.0708932504,0.0493166037,0.99626404],"scale":0.99999994,"type":"eca_guardrail2"}
{"pos":[200.235443,-976.234192,34.6110764],"rotationMatrix":[-0.985542536,-0.155227423,0.0678992271,0.157999456,-0.986725688,0.0375305377,0.0611721426,0.0477159806,0.996986032],"scale":0.999999881,"type":"eca_guardrail2"}
{"pos":[196.28772,-976.732117,34.8712196],"rotationMatrix":[-0.993230104,-0.0969111472,0.0640468299,0.0996701717,-0.994159579,0.0413801484,0.0596625805,0.0474835746,0.997088611],"scale":0.99999994,"type":"eca_guardrail2"}
{"pos":[192.318817,-976.996948,35.1241302],"rotationMatrix":[-0.997037172,-0.0433422327,0.0635463521,0.0462354794,-0.997925878,0.0447886027,0.0614733174,0.0475939997,0.996973336],"scale":1,"type":"eca_guardrail2"}
{"pos":[188.341461,-977.063599,35.3780251],"rotationMatrix":[-0.997989774,0.00268902164,0.0633183271,0.00033620873,-0.998860717,0.0477190651,0.0633745044,0.0476444252,0.996851861],"scale":1,"type":"eca_guardrail2"}
{"pos":[184.361877,-976.958069,35.6220207],"rotationMatrix":[-0.997313619,0.0437721722,0.0587320738,-0.0408382379,-0.997900844,0.0502581038,0.0608086996,0.0477245785,0.997007847],"scale":0.999999881,"type":"eca_guardrail2"}
{"pos":[180.388428,-976.695374,35.8484116],"rotationMatrix":[-0.995194912,0.0814755708,0.0543053523,-0.0786417425,-0.995523572,0.0524256006,0.0583336577,0.0479030162,0.997147202],"scale":0.99999994,"type":"eca_guardrail2"}
{"pos":[176.422577,-976.286743,36.0464401],"rotationMatrix":[-0.992139339,0.117115505,0.0440847911,-0.114678867,-0.991919994,0.0542542189,0.0500825979,0.0487721488,0.997553527],"scale":0.99999994,"type":"eca_guardrail2"}
{"pos":[172.479279,-975.739197,36.2203217],"rotationMatrix":[-0.987377048,0.151498258,0.0462066345,-0.148874462,-0.987282872,0.0557585806,0.0540663414,0.0481757522,0.997374535],"scale":1,"type":"eca_guardrail2"}
{"pos":[168.558533,-975.056274,36.4112167],"rotationMatrix":[-0.98141861,0.185387909,0.0494857505,-0.182514876,-0.98152709,0.057385169,0.0592101142,0.0472869873,0.99712491],"scale":1,"type":"eca_guardrail2"}
{"pos":[164.648071,-974.298523,36.6089554],"rotationMatrix":[-0.984753013,0.166817129,0.0493310392,-0.164004296,-0.984842896,0.0564539135,0.058000803,0.0475026593,0.997185767],"scale":0.99999994,"type":"eca_guardrail2"}
{"pos":[160.702911,-973.731506,36.8006744],"rotationMatrix":[-0.992629647,0.111806437,0.0467508622,-0.109264106,-0.992555618,0.0538023598,0.0524182804,0.048297625,0.99745661],"scale":1,"type":"eca_guardrail2"}
{"pos":[156.738556,-973.36615,36.9893379],"rotationMatrix":[-0.996363282,0.0673959255,0.0521351211,-0.0647060573,-0.996565938,0.0516685322,0.0554383285,0.0481071696,0.997302532],"scale":0.999999881,"type":"eca_guardrail2"}
{"pos":[152.777618,-973.140686,37.2410469],"rotationMatrix":[-0.996201634,0.0440203622,0.0751302019,-0.0403183401,-0.99793005,0.0501002856,0.0771801248,0.0468808599,0.99591434],"scale":0.999999881,"type":"eca_guardrail2"}
{"pos":[148.776215,-972.954346,37.4682617],"rotationMatrix":[-0.998440027,0.0472902581,0.0296853557,-0.0457548276,-0.997678995,0.0504304506,0.032001324,0.0489935316,0.998286307],"scale":0.99999994,"type":"eca_guardrail2"}
{"pos":[144.773132,-972.704712,37.4665413],"rotationMatrix":[-0.997082949,0.0747652799,-0.0153523171,-0.0754516721,-0.995870709,0.0504817404,-0.0115146423,0.0514928438,0.99860698],"scale":0.99999994,"type":"eca_guardrail2"}
{"pos":[140.80777,-972.312561,37.4141197],"rotationMatrix":[-0.992917299,0.117978126,-0.0140182404,-0.118537456,-0.99169457,0.0499076992,-0.00801379513,0.051215902,0.998655438],"scale":1,"type":"eca_guardrail2"}
{"pos":[136.858246,-971.742798,37.3381462],"rotationMatrix":[-0.987495542,0.155941203,-0.0231259055,-0.156918451,-0.986384153,0.0492239892,-0.0151349762,0.0522373542,0.998520017],"scale":0.99999994,"type":"eca_guardrail2"}
{"pos":[132.925995,-971.044128,37.2177658],"rotationMatrix":[-0.980686784,0.191365838,-0.0404025763,-0.193210095,-0.979976058,0.0481318384,-0.0303827673,0.0550084487,0.99802351],"scale":1,"type":"eca_guardrail2"}
{"pos":[129.038605,-970.157227,37.0232964],"rotationMatrix":[-0.966034532,0.252899855,-0.0530961417,-0.255316108,-0.965808034,0.0450402126,-0.0398900174,0.0570666939,0.997573137],"scale":0.99999994,"type":"eca_guardrail2"}
{"pos":[125.236115,-968.948364,36.7324219],"rotationMatrix":[-0.931411147,0.353638202,-0.0861012712,-0.357708722,-0.933095336,0.0371158607,-0.0672151074,0.0653693005,0.9955948],"scale":0.99999994,"type":"eca_guardrail2"}
{"pos":[121.646767,-967.259338,36.3929939],"rotationMatrix":[-0.865038991,0.493854433,-0.0884033218,-0.497494131,-0.867138267,0.0238873232,-0.0648610517,0.0646436065,0.99579829],"scale":1,"type":"eca_guardrail2"}
{"pos":[118.405029,-965.009888,36.1055794],"rotationMatrix":[-0.773503304,0.632181346,-0.0451598763,-0.633192718,-0.773905993,0.0116872434,-0.0275610387,0.0376350284,0.998911381],"scale":0.999999881,"type":"eca_guardrail2"}
{"pos":[115.420364,-962.368958,35.918911],"rotationMatrix":[-0.726610065,0.685121357,-0.051442191,-0.686319649,-0.72725153,0.00838250481,-0.0316683874,0.041396603,0.998640776],"scale":0.99999994,"type":"eca_guardrail2"}
{"pos":[112.670517,-959.5047,35.7462616],"rotationMatrix":[-0.654535294,0.755343735,-0.0322402865,-0.755815804,-0.654771924,0.00403878652,-0.0180593636,0.0270112455,0.999471962],"scale":1,"type":"eca_guardrail2"}
{"pos":[110.265305,-956.346313,35.6625252],"rotationMatrix":[-0.560680866,0.827993453,-0.00799912866,-0.82802552,-0.560688615,0.00144418795,-0.00328924158,0.0074332105,0.999966979],"scale":1,"type":"eca_guardrail2"}
{"pos":[108.193909,-952.952087,35.6807365],"rotationMatrix":[-0.493548512,0.869667768,0.00936968718,-0.869696975,-0.493583083,0.00166656123,0.00607407419,-0.00732625974,0.9999547],"scale":0.999999881,"type":"eca_guardrail2"}
{"pos":[106.292389,-949.445251,35.7056351],"rotationMatrix":[-0.471378207,0.88191247,0.00574387377,-0.881920457,-0.471394539,0.00184811,0.00433750218,-0.0041944813,0.999981821],"scale":1,"type":"eca_guardrail2"}
{"pos":[104.423218,-945.92157,35.7255096],"rotationMatrix":[-0.473814845,0.880617857,0.00340435165,-0.880618453,-0.473822355,0.00184436888,0.00323724211,-0.00212404551,0.99999249],"scale":1,"type":"eca_guardrail2"}
{"pos":[102.543518,-942.395447,35.7082253],"rotationMatrix":[-0.469851255,0.882666945,-0.0117858313,-0.882737041,-0.469863772,0.00184774864,-0.0039067883,0.0112719564,0.999928832],"scale":1,"type":"eca_guardrail2"}
{"pos":[100.713776,-938.852539,35.6725159],"rotationMatrix":[-0.449029684,0.893429399,-0.0125004072,-0.893507242,-0.449045658,0.00165590877,-0.00413381681,0.0119127575,0.999920487],"scale":1.00000012,"type":"eca_guardrail2"}
{"pos":[99.0299988,-935.253784,35.6485977],"rotationMatrix":[-0.4002316,0.916341126,0.0115621621,-0.916395485,-0.400271893,0.00130908797,0.00582757872,-0.0100715756,0.999932289],"scale":1,"type":"eca_guardrail2"}
{"pos":[97.5221252,-931.557983,35.6677971],"rotationMatrix":[-0.367475867,0.93002671,0.00345425028,-0.930029213,-0.367482543,0.00153469515,0.00269668363,-0.00264859013,0.999992847],"scale":1,"type":"eca_guardrail2"}
{"pos":[96.0852356,-927.84314,35.699398],"rotationMatrix":[-0.362290621,0.931997597,0.011220457,-0.932048857,-0.362329245,0.00154375052,0.00550427148,-0.00989872776,0.999935865],"scale":1.00000012,"type":"eca_guardrail2"}
{"pos":[94.6040955,-924.145447,35.7688751],"rotationMatrix":[-0.441201568,0.897265553,0.0159857105,-0.897384048,-0.441249847,-0.00056605041,0.00654579466,-0.0145950653,0.999872088],"scale":1.00000012,"type":"eca_guardrail2"}
{"pos":[737.880432,-881.694519,41.0249252],"rotationMatrix":[-0.995080829,0.0948770791,0.02850472,-0.0951582193,-0.99542439,-0.00867097359,0.0275516156,-0.0113407774,0.999556065],"scale":0.99999994,"type":"eca_guardrail2"}
{"pos":[733.849609,-881.387146,41.0972557],"rotationMatrix":[-0.998900533,0.0465480536,0.00553926686,-0.0465988293,-0.998869181,-0.00942023005,0.00509451004,-0.00966799725,0.999940276],"scale":0.99999994,"type":"eca_guardrail2"}
{"pos":[729.80426,-881.323792,41.0590744],"rotationMatrix":[-0.999358177,-0.0263272859,-0.0242905449,0.0265417956,-0.999611139,-0.00855125859,-0.0240559671,-0.00919048488,0.99966836],"scale":1,"type":"eca_guardrail2"}
{"pos":[725.783325,-881.596497,40.9427719],"rotationMatrix":[-0.992575288,-0.118036546,-0.0293546561,0.118256263,-0.992965937,-0.0058589736,-0.0284565967,-0.00928684417,0.999551892],"scale":0.99999994,"type":"eca_guardrail2"}
