{"pos":[578.653564,-613.336975,48.2238503],"rotationMatrix":[0.688714623,-0.724735141,-0.0207630079,0.724941015,0.687890172,0.0356040411,-0.0115208309,-0.0395729803,0.999150276],"scale":0.99999994,"type":"eca_guardrailpost"}
{"pos":[577.386841,-611.812256,48.2924881],"rotationMatrix":[0.639598966,-0.767957926,-0.0339682922,0.768697023,0.638720274,0.0337820128,-0.0042469278,-0.0477182642,0.998851836],"scale":0.999999821,"type":"eca_guardrailpost"}
{"pos":[576.21991,-610.212097,48.377346],"rotationMatrix":[0.590128064,-0.806221426,-0.041904591,0.807309449,0.589294434,0.0313601568,-0.000589087605,-0.0523364842,0.998629332],"scale":1.00000024,"type":"eca_guardrailpost"}
{"pos":[575.132141,-608.555725,48.4612541],"rotationMatrix":[0.54965508,-0.834376693,-0.0411686078,0.835389733,0.548878789,0.0292591602,-0.00181658752,-0.0504742786,0.998723686],"scale":1,"type":"eca_guardrailpost"}
{"pos":[574.086426,-606.867493,48.5228958],"rotationMatrix":[0.528215528,-0.848592103,-0.0296618864,0.849069059,0.527523041,0.0283035897,-0.00837087538,-0.0401353873,0.999159157],"scale":1,"type":"eca_guardrailpost"}
{"pos":[573.037476,-605.170593,48.5556107],"rotationMatrix":[0.526851118,-0.84975183,-0.0187020637,0.849839449,0.526283503,0.0282583162,-0.0141699677,-0.0307816789,0.999425709],"scale":0.99999994,"type":"eca_guardrailpost"}
{"pos":[571.981567,-603.470459,48.6006165],"rotationMatrix":[0.527290642,-0.849371016,-0.0230974685,0.849602401,0.526665688,0.0282666907,-0.0118442643,-0.0345284268,0.999333501],"scale":0.99999994,"type":"eca_guardrailpost"}
{"pos":[570.926636,-601.769958,48.6580696],"rotationMatrix":[0.526879549,-0.849453449,-0.0287535191,0.849893689,0.526196301,0.0282520987,-0.00886884797,-0.0393228866,0.999187171],"scale":1,"type":"eca_guardrailpost"}
{"pos":[569.873657,-600.069092,48.7257156],"rotationMatrix":[0.526061177,-0.849776387,-0.033759132,0.850423813,0.525340796,0.0282202847,-0.00624588411,-0.0435551666,0.999031484],"scale":1.00000012,"type":"eca_guardrailpost"}
{"pos":[568.822754,-598.367676,48.8013916],"rotationMatrix":[0.525134325,-0.850182116,-0.0377413929,0.85100919,0.524394214,0.0281805471,-0.0041672308,-0.0469168425,0.998890102],"scale":0.99999994,"type":"eca_guardrailpost"}
{"pos":[567.777832,-596.664124,48.8853951],"rotationMatrix":[0.52148056,-0.852211952,-0.0423424691,0.853261232,0.520731211,0.0280055366,-0.00181760453,-0.0507335328,0.998710573],"scale":1,"type":"eca_guardrailpost"}
{"pos":[566.756592,-594.949646,48.98349],"rotationMatrix":[0.509202242,-0.859216869,-0.0495928228,0.860645115,0.508470595,0.0273410641,0.00172458589,-0.056603957,0.998395205],"scale":0.999999821,"type":"eca_guardrailpost"}
{"pos":[565.779053,-593.214355,49.0951385],"rotationMatrix":[0.489600122,-0.870175302,-0.0555579886,0.871935904,0.488921523,0.0261438247,0.00441378914,-0.0612430274,0.998113096],"scale":1,"type":"eca_guardrailpost"}
{"pos":[564.852783,-591.455139,49.2138062],"rotationMatrix":[0.464201629,-0.883744657,-0.0592634305,0.885710299,0.463592708,0.0244763233,0.00584327988,-0.0638521761,0.997942269],"scale":1.00000012,"type":"eca_guardrailpost"}
{"pos":[563.989136,-589.667969,49.3352051],"rotationMatrix":[0.432609558,-0.899531543,-0.0607619211,0.901560366,0.432075858,0.0223462302,0.00615261309,-0.0644477382,0.997902095],"scale":1.00000024,"type":"eca_guardrailpost"}
{"pos":[563.205383,-587.847534,49.4547729],"rotationMatrix":[0.393923402,-0.917188764,-0.0599092469,0.919127226,0.393464386,0.0197732002,0.00543640368,-0.0628533438,0.998007953],"scale":0.99999994,"type":"eca_guardrailpost"}
{"pos":[562.511292,-585.994263,49.5681],"rotationMatrix":[0.347897768,-0.935812831,-0.0567580648,0.937524199,0.347510695,0.0168715771,0.00393539667,-0.0590816438,0.998245418],"scale":1,"type":"eca_guardrailpost"}
{"pos":[561.911011,-584.10553,49.6691399],"rotationMatrix":[0.309274495,-0.949623227,-0.0506471619,0.950971246,0.308933079,0.0146334469,0.00175032206,-0.052689746,0.998609424],"scale":1,"type":"eca_guardrailpost"}
{"pos":[561.286621,-582.206909,49.755455],"rotationMatrix":[0.320649981,-0.946229339,-0.042820096,0.947197556,0.320292413,0.0151516702,-0.000622002408,-0.0454174727,0.998967886],"scale":0.999999881,"type":"eca_guardrailpost"}
{"pos":[560.565674,-580.330872,49.8242416],"rotationMatrix":[0.361597121,-0.931713998,-0.0340082273,0.932328284,0.36122191,0.0168113336,-0.00337884016,-0.0377857611,0.999280155],"scale":1,"type":"eca_guardrailpost"}
{"pos":[559.739136,-578.493408,49.8764877],"rotationMatrix":[0.412929654,-0.910393417,-0.0259409882,0.910742462,0.412561834,0.018465139,-0.00610828027,-0.0312503614,0.999492943],"scale":1,"type":"eca_guardrailpost"}
{"pos":[558.789062,-576.711731,49.9169312],"rotationMatrix":[0.469818056,-0.882520795,-0.02068807,0.882728219,0.469461501,0.0199190956,-0.00786676444,-0.0276202951,0.999587536],"scale":0.999999881,"type":"eca_guardrailpost"}
{"pos":[557.732727,-574.989685,49.9552422],"rotationMatrix":[0.52354753,-0.851770222,-0.0196344405,0.851961434,0.523177743,0.0211367439,-0.00773134548,-0.027793875,0.999583781],"scale":1,"type":"eca_guardrailpost"}
{"pos":[556.588379,-573.327148,50.000824],"rotationMatrix":[0.566291332,-0.823876858,-0.0232608654,0.824189186,0.565879166,0.0222036503,-0.00513023324,-0.0317450874,0.99948281],"scale":1,"type":"eca_guardrailpost"}
{"pos":[555.387573,-571.711365,50.0612946],"rotationMatrix":[0.59322834,-0.804466665,-0.0302227251,0.805033982,0.592780232,0.0230643637,-0.000639078207,-0.0380127542,0.999277055],"scale":1,"type":"eca_guardrailpost"}
{"pos":[554.199951,-570.105225,50.134758],"rotationMatrix":[0.585110545,-0.810139537,-0.0363274254,0.810948491,0.584677815,0.022679247,0.00286648795,-0.0427295342,0.999082565],"scale":1.00000024,"type":"eca_guardrailpost"}
{"pos":[553.156555,-568.432129,50.2115021],"rotationMatrix":[0.517513752,-0.854814351,-0.0383659787,0.85566932,0.517151237,0.0196101777,0.00307795405,-0.0429771282,0.9990713],"scale":1,"type":"eca_guardrailpost"}
{"pos":[552.375244,-566.639771,50.2842102],"rotationMatrix":[0.398473442,-0.916442573,-0.0367675424,0.917178929,0.398210645,0.0145300897,0.00132523291,-0.0395122692,0.999218225],"scale":0.99999994,"type":"eca_guardrailpost"}
{"pos":[551.92627,-564.753235,50.3430977],"rotationMatrix":[0.229002655,-0.972971678,-0.0297295228,0.973424673,0.228850067,0.00848468021,-0.00145175215,-0.0308824666,0.999521971],"scale":1.00000012,"type":"eca_guardrailpost"}
{"pos":[551.875977,-562.823608,50.3741074],"rotationMatrix":[0.0264815092,-0.999530792,-0.0153928064,0.999643803,0.0264272094,0.00372028863,-0.00331175514,-0.0154858418,0.999874592],"scale":0.99999994,"type":"eca_guardrailpost"}
{"pos":[552.185913,-560.912354,50.3673401],"rotationMatrix":[-0.156690001,-0.987639904,0.00395387597,0.987645984,-0.156680822,0.00253273989,-0.00188193819,0.00430188468,0.999988973],"scale":1,"type":"eca_guardrailpost"}
{"pos":[552.72467,-559.026611,50.3268051],"rotationMatrix":[-0.261357069,-0.965055048,0.0190059803,0.965241253,-0.261333942,0.00373976259,0.0013578292,0.0193227679,0.999812365],"scale":1.00000012,"type":"eca_guardrailpost"}
{"pos":[553.278625,-557.109741,50.2850723],"rotationMatrix":[-0.272542357,-0.961933851,0.0200962462,0.962142348,-0.272518516,0.00396938901,0.00165830925,0.0204172768,0.999790192],"scale":1.00000012,"type":"eca_guardrailpost"}
{"pos":[553.817993,-555.182617,50.2460785],"rotationMatrix":[-0.268683791,-0.96303159,0.0194765776,0.963227332,-0.268659711,0.00389042031,0.00148597453,0.0198056661,0.999802768],"scale":0.999999881,"type":"eca_guardrailpost"}
{"pos":[554.338623,-553.248413,50.2083855],"rotationMatrix":[-0.258957148,-0.96570611,0.018786747,0.965888023,-0.258934021,0.00369770452,0.00129363127,0.0191034395,0.999816656],"scale":0.999999881,"type":"eca_guardrailpost"}
{"pos":[554.828796,-551.303955,50.1722107],"rotationMatrix":[-0.243477941,-0.969738901,0.0180221107,0.969905794,-0.243456602,0.0034038485,0.00108675845,0.0183085129,0.999831796],"scale":1.00000024,"type":"eca_guardrailpost"}
{"pos":[555.276733,-549.347473,50.1376953],"rotationMatrix":[-0.222545981,-0.974770844,0.0171846263,0.974921882,-0.222527146,0.00302527985,0.000875089318,0.0174269304,0.99984777],"scale":1.00000012,"type":"eca_guardrailpost"}
{"pos":[555.666992,-547.375122,50.1054497],"rotationMatrix":[-0.19174397,-0.981316328,0.015895471,0.981444836,-0.191728473,0.00250304537,0.000591334887,0.0160804708,0.999870539],"scale":1.00000012,"type":"eca_guardrailpost"}
{"pos":[555.973145,-545.383728,50.078228],"rotationMatrix":[-0.150014281,-0.988595843,0.0131884571,0.98868382,-0.150002599,0.00188105134,0.00011870265,0.0133213997,0.999911249],"scale":1,"type":"eca_guardrailpost"}
{"pos":[556.203125,-543.383972,50.0596619],"rotationMatrix":[-0.116089702,-0.993196726,0.00914154574,0.993238688,-0.11608088,0.00149163161,-0.00042032497,0.00925289933,0.999957085],"scale":1.00000012,"type":"eca_guardrailpost"}
{"pos":[556.384521,-541.381958,50.0513992],"rotationMatrix":[-0.0913494825,-0.995811164,0.00392290018,0.995818436,-0.0913449526,0.00132038258,-0.000956514617,0.00402711285,0.999991417],"scale":0.99999994,"type":"eca_guardrailpost"}
{"pos":[556.534302,-539.3797,50.0556335],"rotationMatrix":[-0.0750495195,-0.997176528,-0.00257064169,0.997178674,-0.0750529766,0.00130163762,-0.00149089657,-0.00246570189,0.999995828],"scale":1,"type":"eca_guardrailpost"}
{"pos":[556.667908,-537.378662,50.0768204],"rotationMatrix":[-0.0678427219,-0.997638345,-0.0107306549,0.997693896,-0.067860961,0.00134159345,-0.0020666169,-0.0106148915,0.999941528],"scale":1,"type":"eca_guardrailpost"}
{"pos":[556.800903,-535.379028,50.117733],"rotationMatrix":[-0.0659365654,-0.997611403,-0.0205889456,0.997820139,-0.0659787655,0.0013754759,-0.00273062289,-0.0204533692,0.999787092],"scale":1,"type":"eca_guardrailpost"}
{"pos":[556.903748,-533.372986,50.1781273],"rotationMatrix":[-0.047866106,-0.998400807,-0.0300781541,0.998848319,-0.0479435921,0.00185781717,-0.00329690054,-0.0299545862,0.999545813],"scale":0.999999881,"type":"eca_guardrailpost"}
{"pos":[556.951111,-531.364014,50.2542877],"rotationMatrix":[-0.0239863396,-0.998998821,-0.0377618074,0.999705851,-0.0241042376,0.00266754255,-0.00357509032,-0.0376867168,0.999283195],"scale":0.99999994,"type":"eca_guardrailpost"}
{"pos":[556.962158,-529.35791,50.3421745],"rotationMatrix":[-0.00622928143,-0.999032795,-0.0435299873,0.999973953,-0.00638282299,0.00338819996,-0.00366276316,-0.0435077436,0.999046385],"scale":1,"type":"eca_guardrailpost"}
{"pos":[556.953003,-527.355652,50.436657],"rotationMatrix":[0.00346851349,-0.998898208,-0.046800673,0.999987185,0.00329309702,0.00382542238,-0.00366709195,-0.0468133464,0.998896897],"scale":1.00000012,"type":"eca_guardrailpost"}
{"pos":[556.945068,-525.358276,50.5311203],"rotationMatrix":[0.0025510788,-0.998901069,-0.0467987694,0.999990046,0.00237667561,0.00378231332,-0.0036669299,-0.0468079522,0.998897195],"scale":0.999999881,"type":"eca_guardrailpost"}
{"pos":[556.960999,-523.36377,50.625679],"rotationMatrix":[-0.0088711977,-0.998788118,-0.0484116003,0.999953866,-0.00903904438,0.00324909016,-0.00368274562,-0.0483805425,0.998822212],"scale":0.99999994,"type":"eca_guardrailpost"}
{"pos":[557.002197,-521.369873,50.728447],"rotationMatrix":[-0.0204073191,-0.99852252,-0.0503618494,0.999784946,-0.0205675364,0.00266577862,-0.00369766355,-0.0502966121,0.9987275],"scale":1.00000012,"type":"eca_guardrailpost"}
{"pos":[557.05835,-519.380493,50.802166],"rotationMatrix":[-0.0287889242,-0.998923838,-0.0363636278,0.999579847,-0.0288921595,0.00231742859,-0.00336555764,-0.0362816341,0.999335945],"scale":1.00000012,"type":"eca_guardrailpost"}
{"pos":[557.180969,-517.395447,50.879364],"rotationMatrix":[-0.0635809898,-0.997155547,-0.0404755622,0.997970104,-0.0636752844,0.00104163028,-0.00361595675,-0.0403271765,0.999179959],"scale":1.00000012,"type":"eca_guardrailpost"}
{"pos":[-117.912613,-246.302734,38.1987152],"rotationMatrix":[0.532682359,-0.845496416,-0.0372201726,0.846092939,0.53303504,0.00052529294,0.0193955246,-0.0317715444,0.999306977],"scale":0.99999994,"type":"eca_guardrailpost"}
{"pos":[-116.657837,-247.783508,38.1548233],"rotationMatrix":[0.651992559,-0.757903457,-0.0220899172,0.758149862,0.652061939,0.00489262817,0.0106958561,-0.0199374259,0.999743998],"scale":0.99999994,"type":"eca_guardrailpost"}
{"pos":[-115.054832,-248.804688,38.1607246],"rotationMatrix":[0.849220216,-0.528029263,0.00318197999,0.527997077,0.849213362,0.00746848807,-0.0066457605,-0.00466231443,0.999967039],"scale":0.99999994,"type":"eca_guardrailpost"}
{"pos":[-113.208023,-249.325745,38.189537],"rotationMatrix":[0.953292251,-0.301799595,0.0122838272,0.301760554,0.953370869,0.00496103987,-0.0132082822,-0.00102254632,0.999912262],"scale":0.99999994,"type":"eca_guardrailpost"}
{"pos":[-111.314117,-249.893921,38.2151337],"rotationMatrix":[0.956011593,-0.293012142,0.0136287715,0.292972624,0.95610851,0.00485493476,-0.0144531392,-0.000648517162,0.999895334],"scale":1,"type":"eca_guardrailpost"}
{"pos":[-109.422607,-250.490051,38.2470703],"rotationMatrix":[0.953393281,-0.301305234,0.0160141923,0.301263988,0.953527749,0.00498626288,-0.0167723633,7.06294086e-05,0.999859333],"scale":0.99999994,"type":"eca_guardrailpost"}
{"pos":[-107.538925,-251.114807,38.2810211],"rotationMatrix":[0.948760152,-0.315543741,0.0169212166,0.315500528,0.948910952,0.00523607619,-0.0177089404,0.000370872905,0.999843121],"scale":1,"type":"eca_guardrailpost"}
{"pos":[-105.667389,-251.778748,38.3133392],"rotationMatrix":[0.941869974,-0.335595131,0.0160260964,0.33554858,0.94200635,0.0055891145,-0.0169723649,0.000113314716,0.999855936],"scale":0.99999994,"type":"eca_guardrailpost"}
{"pos":[-103.815582,-252.493835,38.3332367],"rotationMatrix":[0.932581425,-0.360866576,0.00819382537,0.36082682,0.93261385,0.00595371425,-0.00979017187,-0.00259577134,0.99994868],"scale":0.99999994,"type":"eca_guardrailpost"}
{"pos":[-101.988327,-253.263733,38.3160896],"rotationMatrix":[0.921212137,-0.388972878,-0.00826588739,0.389024496,0.921208322,0.00593106356,0.00530758128,-0.0086794002,0.999948263],"scale":0.99999994,"type":"eca_guardrailpost"}
{"pos":[-100.183365,-254.094421,38.2841568],"rotationMatrix":[0.90848124,-0.417659611,-0.0149073265,0.417774647,0.908533812,0.00553664938,0.0112313759,-0.0112578459,0.999873579],"scale":0.99999994,"type":"eca_guardrailpost"}
{"pos":[-98.4010162,-254.97937,38.2567024],"rotationMatrix":[0.895511568,-0.444851995,-0.0128743239,0.444941819,0.895545006,0.00509175938,0.00926445797,-0.0102880551,0.999904156],"scale":0.99999994,"type":"eca_guardrailpost"}
{"pos":[-96.641861,-255.913513,38.2464294],"rotationMatrix":[0.883005738,-0.469342321,-0.00431835232,0.469359666,0.882993817,0.00483713485,0.00154280616,-0.00629807822,0.99997896],"scale":1,"type":"eca_guardrailpost"}
{"pos":[-94.9075089,-256.889526,38.2533951],"rotationMatrix":[0.871419847,-0.490532428,0.00231533358,0.490518242,0.871417522,0.00483523961,-0.00438946392,-0.00307781063,0.999985635],"scale":0.99999994,"type":"eca_guardrailpost"}
{"pos":[-93.1975098,-257.899719,38.2569046],"rotationMatrix":[0.861052513,-0.508512735,0.00184391323,0.508499861,0.861048281,0.00487879338,-0.00406862702,-0.00326326746,0.99998641],"scale":0.99999994,"type":"eca_guardrailpost"}
{"pos":[-91.5056763,-258.940002,38.2634735],"rotationMatrix":[0.851979554,-0.523562431,0.00363842887,0.523544312,0.851984262,0.00492216088,-0.00567694288,-0.00228870194,0.999981284],"scale":1,"type":"eca_guardrailpost"}
{"pos":[-89.8294296,-260.004883,38.2776871],"rotationMatrix":[0.844105005,-0.536126614,0.00741526904,0.536103368,0.844137549,0.00500062387,-0.00894047506,-0.000245701522,0.999960005],"scale":1,"type":"eca_guardrailpost"}
{"pos":[-88.166832,-261.090271,38.3019028],"rotationMatrix":[0.837295413,-0.546609044,0.012448296,0.546590805,0.837384164,0.00512249675,-0.0132240094,0.00251508201,0.999909401],"scale":0.99999994,"type":"eca_guardrailpost"}
{"pos":[-86.51651,-262.193542,38.3380661],"rotationMatrix":[0.831424236,-0.55533886,0.0182351042,0.55534339,0.831604362,0.00528185116,-0.0180976111,0.00573528511,0.999819756],"scale":0.99999994,"type":"eca_guardrailpost"}
{"pos":[-84.8764191,-263.310669,38.386116],"rotationMatrix":[0.826273024,-0.562748015,0.0242406651,0.562795341,0.8265782,0.00547233224,-0.0231163502,0.00912089087,0.999691188],"scale":0.999999881,"type":"eca_guardrailpost"}
{"pos":[-83.2464371,-264.440918,38.4441032],"rotationMatrix":[0.821203113,-0.569900453,0.0289637987,0.569994509,0.82162869,0.0057073012,-0.0270500835,0.0118223522,0.999564171],"scale":0.99999994,"type":"eca_guardrailpost"}
{"pos":[-81.6287384,-265.58844,38.5078011],"rotationMatrix":[0.815015376,-0.578557372,0.0319577381,0.578685164,0.815528691,0.00603264896,-0.0295526851,0.0135767665,0.999471009],"scale":0.99999994,"type":"eca_guardrailpost"}
{"pos":[-80.025383,-266.756592,38.5763321],"rotationMatrix":[0.807280958,-0.589153707,0.0345741548,0.589312971,0.807878911,0.00646947231,-0.0317432471,0.0151523193,0.999381185],"scale":0.999999881,"type":"eca_guardrailpost"}
{"pos":[-78.440918,-267.951355,38.6496353],"rotationMatrix":[0.797519565,-0.602165401,0.0368709303,0.60235244,0.798199117,0.00705155311,-0.0336765461,0.0165855456,0.999295175],"scale":0.999999881,"type":"eca_guardrailpost"}
{"pos":[-76.8795319,-269.17749,38.7263641],"rotationMatrix":[0.785265088,-0.617958188,0.038553413,0.618162394,0.786011636,0.00780708482,-0.0351278819,0.017701637,0.999226034],"scale":0.999999881,"type":"eca_guardrailpost"}
{"pos":[-75.3482208,-270.442627,38.804451],"rotationMatrix":[0.76982367,-0.637056947,0.0391136296,0.637256026,0.770602345,0.00876381807,-0.0357241072,0.018178802,0.999196351],"scale":0.99999994,"type":"eca_guardrailpost"}
{"pos":[-73.8544312,-271.753235,38.8804321],"rotationMatrix":[0.750682771,-0.659568429,0.0380113758,0.659729838,0.751437485,0.0099071404,-0.0350976102,0.0176401213,0.999228179],"scale":0.99999994,"type":"eca_guardrailpost"}
{"pos":[-72.4054413,-273.115906,38.9541931],"rotationMatrix":[0.72764492,-0.68493855,0.0373092145,0.685068607,0.728392601,0.0111901807,-0.0348403454,0.0174168926,0.999241114],"scale":1,"type":"eca_guardrailpost"}
{"pos":[-71.0073776,-274.532898,39.0300331],"rotationMatrix":[0.701538444,-0.711606741,0.0382042788,0.71173203,0.702338099,0.0125946514,-0.035794761,0.0183555763,0.999190569],"scale":0.99999994,"type":"eca_guardrailpost"}
{"pos":[-69.6623688,-276.000793,39.1097755],"rotationMatrix":[0.67435956,-0.737306952,0.0402204692,0.737449169,0.675256371,0.0140551683,-0.0375220999,0.0201823171,0.999091983],"scale":0.99999994,"type":"eca_guardrailpost"}
{"pos":[-68.3692856,-277.513367,39.1958656],"rotationMatrix":[0.649253726,-0.759333491,0.0433849208,0.759522438,0.650297761,0.0154438457,-0.0399401449,0.0229248442,0.998939037],"scale":0.999999881,"type":"eca_guardrailpost"}
{"pos":[-67.1182861,-279.057434,39.2891006],"rotationMatrix":[0.6289891,-0.776012003,0.0466696396,0.776261747,0.630191445,0.0166256763,-0.0423125327,0.0257704891,0.998772025],"scale":0.99999994,"type":"eca_guardrailpost"}
{"pos":[-65.8979187,-280.620239,39.3792496],"rotationMatrix":[0.615363359,-0.786940634,0.0453037247,0.787142456,0.616524816,0.0174327493,-0.0416494086,0.0249330103,0.998821139],"scale":0.999999881,"type":"eca_guardrailpost"}
{"pos":[-64.6931458,-282.193787,39.4741592],"rotationMatrix":[0.607878625,-0.792549014,0.0484728627,0.792827368,0.609184504,0.0178615618,-0.0436850823,0.0275729503,0.998664796],"scale":0.99999994,"type":"eca_guardrailpost"}
{"pos":[-63.4936523,-283.770142,39.5847321],"rotationMatrix":[0.605123043,-0.794145048,0.0562114865,0.794658482,0.606789351,0.0180141851,-0.0484144092,0.0337681398,0.998256385],"scale":0.999999881,"type":"eca_guardrailpost"}
{"pos":[-62.2930908,-285.343506,39.7157974],"rotationMatrix":[0.605634809,-0.792953908,0.0665627941,0.793862045,0.607833505,0.0179298744,-0.0546766594,0.0419827178,0.997621119],"scale":0.99999994,"type":"eca_guardrailpost"}
{"pos":[-61.087326,-286.910217,39.8704071],"rotationMatrix":[0.608267248,-0.789878547,0.0781205893,0.791333377,0.611130834,0.0176263135,-0.0616645478,0.051097922,0.996788085],"scale":0.99999994,"type":"eca_guardrailpost"}
{"pos":[-59.8834381,-288.478271,40.0440559],"rotationMatrix":[0.604345202,-0.7920174,0.0864598006,0.793917,0.607759595,0.0180000532,-0.0668031275,0.0577636659,0.996092737],"scale":0.99999994,"type":"eca_guardrailpost"}
{"pos":[-58.7162323,-290.078125,40.2193184],"rotationMatrix":[0.584446192,-0.806695819,0.0875468105,0.808599591,0.588013768,0.0201635286,-0.067744568,0.0590058193,0.995956302],"scale":0.999999881,"type":"eca_guardrailpost"}
{"pos":[-57.5990753,-291.713928,40.3938446],"rotationMatrix":[0.562491179,-0.822114825,0.0879251659,0.823978305,0.566173911,0.0225133356,-0.0682894886,0.0597848743,0.995872617],"scale":0.99999994,"type":"eca_guardrailpost"}
{"pos":[-56.5197296,-293.374207,40.5710602],"rotationMatrix":[0.542484045,-0.835300207,0.089356564,0.837195039,0.546349525,0.0246310327,-0.0693942234,0.0614469349,0.995695114],"scale":0.99999994,"type":"eca_guardrailpost"}
{"pos":[-55.4787445,-295.057495,40.7535782],"rotationMatrix":[0.524596989,-0.846374214,0.091916509,0.848380625,0.528721571,0.0265283566,-0.071051158,0.0640634894,0.995413303],"scale":0.99999994,"type":"eca_guardrailpost"}
{"pos":[-54.4677124,-296.757874,40.9426498],"rotationMatrix":[0.50845629,-0.855784357,0.0954218879,0.857976615,0.512910485,0.028265452,-0.0731320158,0.0674979985,0.995035529],"scale":0.99999994,"type":"eca_guardrailpost"}
{"pos":[-53.4867554,-298.47406,41.1410675],"rotationMatrix":[0.494204462,-0.863580167,0.099956274,0.866047919,0.499069989,0.0298352297,-0.0756502897,0.0718222186,0.994544446],"scale":0.99999994,"type":"eca_guardrailpost"}
{"pos":[-52.5296936,-300.202393,41.3502426],"rotationMatrix":[0.481530845,-0.870009661,0.105883203,0.872882724,0.486926973,0.0312719606,-0.0787642971,0.0773652047,0.993886709],"scale":0.99999994,"type":"eca_guardrailpost"}
{"pos":[-51.5951843,-301.94165,41.5780411],"rotationMatrix":[0.470388651,-0.874919295,0.115112029,0.878513098,0.476606488,0.0325736925,-0.0833624825,0.085805133,0.992818296],"scale":0.999999881,"type":"eca_guardrailpost"}
{"pos":[-50.6798401,-303.6875,41.8259315],"rotationMatrix":[0.460732341,-0.878727257,0.12475618,0.883161485,0.467851877,0.0337708816,-0.0880428031,0.0946205184,0.991612554],"scale":0.99999994,"type":"eca_guardrailpost"}
{"pos":[-49.7810974,-305.438354,42.0891571],"rotationMatrix":[0.452703655,-0.881769896,0.132443219,0.886931539,0.460585594,0.0348328277,-0.0917159766,0.101699121,0.990578353],"scale":0.99999994,"type":"eca_guardrailpost"}
{"pos":[-48.8961792,-307.192871,42.3639755],"rotationMatrix":[0.446322083,-0.884150684,0.138109446,0.889880002,0.45479399,0.0357204936,-0.0943936408,0.106957987,0.989772618],"scale":0.99999994,"type":"eca_guardrailpost"}
{"pos":[-48.0210266,-308.949829,42.6458282],"rotationMatrix":[0.441409588,-0.886001885,0.141979396,0.892132699,0.450302064,0.0364316292,-0.096212104,0.110583201,0.989198983],"scale":0.99999994,"type":"eca_guardrailpost"}
{"pos":[-47.1533813,-310.708557,42.9316483],"rotationMatrix":[0.438114822,-0.887324154,0.143913716,0.893656194,0.447230399,0.0369270444,-0.0971288458,0.112431109,0.988901019],"scale":0.99999994,"type":"eca_guardrailpost"}
{"pos":[-46.2896423,-312.467834,43.2176056],"rotationMatrix":[0.436286271,-0.88819313,0.144108385,0.89453733,0.445441127,0.037217699,-0.0972483158,0.112672754,0.988861799],"scale":0.99999994,"type":"eca_guardrailpost"}
{"pos":[-45.4272461,-314.226318,43.498085],"rotationMatrix":[0.436128616,-0.888790369,0.140866935,0.894767404,0.444972396,0.0372937359,-0.0958282128,0.109778285,0.989325881],"scale":0.99999994,"type":"eca_guardrailpost"}
{"pos":[-44.5627747,-315.983521,43.7601471],"rotationMatrix":[0.43776983,-0.88935256,0.131945565,0.894380331,0.445759892,0.0371740237,-0.0918768495,0.101735853,0.990559697],"scale":0.99999994,"type":"eca_guardrailpost"}
{"pos":[-43.6927795,-317.740234,44.0016556],"rotationMatrix":[0.440896034,-0.889226556,0.122011006,0.893289328,0.447968066,0.0368606672,-0.0874345303,0.0927394107,0.991844058],"scale":0.99999994,"type":"eca_guardrailpost"}
{"pos":[-42.8129272,-319.494019,44.2246704],"rotationMatrix":[0.445635438,-0.888012052,0.113330357,0.891313195,0.451929629,0.0363379978,-0.0834859237,0.0848193467,0.992892623],"scale":0.99999994,"type":"eca_guardrailpost"}
{"pos":[-41.9214172,-321.243652,44.4336777],"rotationMatrix":[0.451892078,-0.885775447,0.105808392,0.888479352,0.457529843,0.0356484056,-0.0799869746,0.0778993443,0.993747354],"scale":0.99999994,"type":"eca_guardrailpost"}
{"pos":[-41.0133362,-322.985962,44.6297073],"rotationMatrix":[0.459994853,-0.882314682,0.0996270031,0.884575248,0.465099573,0.0347714946,-0.0770158768,0.0721328706,0.994417131],"scale":0.99999994,"type":"eca_guardrailpost"}
{"pos":[-40.0867615,-324.719482,44.8166122],"rotationMatrix":[0.469895601,-0.877626657,0.0947073773,0.879568577,0.474575043,0.0337282121,-0.0745465383,0.0674529001,0.994933605],"scale":0.999999881,"type":"eca_guardrailpost"}
{"pos":[-39.135498,-326.439575,44.9962158],"rotationMatrix":[0.482222736,-0.871285677,0.0912278146,0.87302959,0.486586094,0.0324546248,-0.0726674348,0.0639942214,0.995301068],"scale":0.99999994,"type":"eca_guardrailpost"}
{"pos":[-38.131897,-328.120422,45.169075],"rotationMatrix":[0.517106414,-0.851398706,0.0878701136,0.853021979,0.521074414,0.0288950428,-0.0703880712,0.060013324,0.995712757],"scale":0.999999881,"type":"eca_guardrailpost"}
{"pos":[-36.9129181,-329.612549,45.3527832],"rotationMatrix":[0.641567469,-0.760772467,0.0980634466,0.763424516,0.645725012,0.0149032325,-0.0746599957,0.0653026178,0.99506855],"scale":0.99999994,"type":"eca_guardrailpost"}
{"pos":[-35.4406662,-330.868225,45.6138916],"rotationMatrix":[0.744656205,-0.653734267,0.134605661,0.659919441,0.75133431,-0.00178381801,-0.0999677032,0.0901572183,0.990897655],"scale":0.99999994,"type":"eca_guardrailpost"}
{"pos":[8.75421143,-397.904541,48.2504807],"rotationMatrix":[-0.596093416,0.802891314,0.0061806757,-0.80291158,-0.596050382,-0.00753878895,-0.0023688341,-0.00945635792,0.999952495],"scale":1.00000012,"type":"eca_guardrailpost"}
{"pos":[7.60557556,-396.273987,48.2569923],"rotationMatrix":[-0.585871816,0.81039089,0.0045593055,-0.810396612,-0.585834026,-0.00746715534,-0.00338031841,-0.00806964189,0.999961734],"scale":1,"type":"eca_guardrailpost"}
{"pos":[6.29056549,-394.82019,48.288105],"rotationMatrix":[-0.676450849,0.73629874,0.0166795552,-0.736471593,-0.676412344,-0.00870896131,0.00486986013,-0.0181752034,0.999822974],"scale":1,"type":"eca_guardrailpost"}
{"pos":[4.84858322,-393.472015,48.331871],"rotationMatrix":[-0.721057415,0.692581654,0.0201663841,-0.692832828,-0.721029758,-0.00993419997,0.00766031863,-0.021135062,0.999747276],"scale":1.00000012,"type":"eca_guardrailpost"}
{"pos":[3.40925598,-392.101288,48.3621025],"rotationMatrix":[-0.723974824,0.689660251,0.0151441898,-0.689814508,-0.723917007,-0.0100091947,0.00406019064,-0.0176930856,0.999835193],"scale":1,"type":"eca_guardrailpost"}
{"pos":[1.96461487,-390.735687,48.3830414],"rotationMatrix":[-0.726690054,0.686884105,0.0105656907,-0.686964929,-0.726620793,-0.0100595318,0.000767519232,-0.014568422,0.999893606],"scale":1.00000012,"type":"eca_guardrailpost"}
{"pos":[0.514240265,-389.375763,48.3961411],"rotationMatrix":[-0.729532599,0.683913887,0.00661368109,-0.683942735,-0.729465723,-0.0100947749,-0.00207950291,-0.0118878484,0.999927163],"scale":1,"type":"eca_guardrailpost"}
{"pos":[-0.942119598,-388.021942,48.4028168],"rotationMatrix":[-0.732488036,0.680771708,0.00336265797,-0.680765629,-0.732431531,-0.0101159848,-0.00442375941,-0.00969901867,0.999943197],"scale":1,"type":"eca_guardrailpost"}
{"pos":[-2.40429306,-386.674957,48.4021034],"rotationMatrix":[-0.735543609,0.677476823,-0.000843703048,-0.677436054,-0.735512018,-0.0101233665,-0.00747889932,-0.00687462324,0.999948382],"scale":1,"type":"eca_guardrailpost"}
{"pos":[-3.87236214,-385.335358,48.3886566],"rotationMatrix":[-0.73866117,0.674045563,-0.00649573514,-0.673976898,-0.738683224,-0.0101050446,-0.0116095524,-0.00308622885,0.999927819],"scale":1,"type":"eca_guardrailpost"}
{"pos":[-5.34724808,-384.001923,48.3692322],"rotationMatrix":[-0.741825342,0.67052561,-0.00951604173,-0.670450985,-0.741885543,-0.0100655062,-0.0138089936,-0.00108680781,0.999904037],"scale":0.99999994,"type":"eca_guardrailpost"}
{"pos":[-6.82933998,-382.674683,48.349514],"rotationMatrix":[-0.745023489,0.666969836,-0.00956639741,-0.666895449,-0.745084167,-0.0100184903,-0.0138097992,-0.00108422292,0.999904037],"scale":1.00000012,"type":"eca_guardrailpost"}
{"pos":[-8.31905365,-381.354004,48.3358917],"rotationMatrix":[-0.748225808,0.663411915,-0.0065387832,-0.663344204,-0.748247862,-0.00997893047,-0.0115127722,-0.00312902895,0.999928832],"scale":0.99999994,"type":"eca_guardrailpost"}
{"pos":[-9.81454849,-380.040405,48.3286667],"rotationMatrix":[-0.751375198,0.659860909,-0.00433348771,-0.65980202,-0.751373529,-0.00995651353,-0.00982598215,-0.00462183449,0.999941051],"scale":1.00000012,"type":"eca_guardrailpost"}
{"pos":[-11.3143559,-378.735413,48.3129349],"rotationMatrix":[-0.754432797,0.656327486,-0.00807756558,-0.65625608,-0.754472971,-0.00992749818,-0.0126099959,-0.00218867953,0.999918103],"scale":1,"type":"eca_guardrailpost"}
{"pos":[-12.8205967,-377.436859,48.2917557],"rotationMatrix":[-0.757390976,0.652878106,-0.0104426546,-0.6528036,-0.757462621,-0.00988451485,-0.0143633047,-0.000669439323,0.999896646],"scale":1.00000012,"type":"eca_guardrailpost"}
{"pos":[-14.3330832,-376.144562,48.2696457],"rotationMatrix":[-0.760245562,0.649544179,-0.010909996,-0.649469793,-0.760323644,-0.00983673893,-0.0146845253,-0.000392624643,0.999892116],"scale":1.00000012,"type":"eca_guardrailpost"}
{"pos":[-15.8516455,-374.858063,48.2501755],"rotationMatrix":[-0.762978196,0.646353364,-0.00957046635,-0.646280408,-0.763037086,-0.00979299285,-0.0136323553,-0.00128663424,0.999906242],"scale":1.00000012,"type":"eca_guardrailpost"}
{"pos":[-17.3735237,-373.574646,48.2333603],"rotationMatrix":[-0.763673306,0.64553535,-0.00932467356,-0.645462871,-0.763728857,-0.00978361815,-0.0134371947,-0.00145275751,0.999908686],"scale":1.00000012,"type":"eca_guardrailpost"}
{"pos":[-18.8778419,-372.270996,48.1948738],"rotationMatrix":[-0.754564524,0.65591222,-0.0202833749,-0.655861437,-0.754815102,-0.00998996384,-0.0218627378,0.00576500921,0.999744356],"scale":1.00000012,"type":"eca_guardrailpost"}
{"pos":[-20.3557472,-370.935913,48.1315918],"rotationMatrix":[-0.741304517,0.670429111,-0.0315016992,-0.670479417,-0.741853714,-0.0105059771,-0.0304131657,0.0133331111,0.999448478],"scale":0.99999994,"type":"eca_guardrailpost"}
{"pos":[-21.8045158,-369.566101,48.0536499],"rotationMatrix":[-0.72547245,0.687163174,-0.0386847705,-0.687315404,-0.726270795,-0.0113261789,-0.035878554,0.0183718093,0.999187291],"scale":1.00000012,"type":"eca_guardrailpost"}
{"pos":[-23.2188568,-368.155609,47.9735489],"rotationMatrix":[-0.707196951,0.705926955,-0.0392356738,-0.706073225,-0.70803082,-0.0123664998,-0.0365099087,0.018957708,0.999153435],"scale":0.99999994,"type":"eca_guardrailpost"}
{"pos":[-24.5965271,-366.702454,47.9107971],"rotationMatrix":[-0.687240601,0.725802243,-0.0301937908,-0.72579056,-0.687785864,-0.0133742653,-0.0304739326,0.0127230305,0.999454558],"scale":0.99999994,"type":"eca_guardrailpost"}
{"pos":[-25.933075,-365.211273,47.8675003],"rotationMatrix":[-0.666618109,0.745062172,-0.0224231053,-0.744964778,-0.666955113,-0.014092627,-0.0254550856,0.0073100226,0.999649227],"scale":0.999999881,"type":"eca_guardrailpost"}
{"pos":[-27.224884,-363.689209,47.8154297],"rotationMatrix":[-0.647243857,0.761792123,-0.0273503195,-0.761734545,-0.647722602,-0.0146961873,-0.0289108586,0.0113216648,0.999517858],"scale":0.99999994,"type":"eca_guardrailpost"}
{"pos":[-28.4806061,-362.146393,47.7312202],"rotationMatrix":[-0.630646348,0.774829745,-0.043863643,-0.775056958,-0.631703496,-0.0154067222,-0.0396464057,0.0242806282,0.998918712],"scale":1.00000012,"type":"eca_guardrailpost"}
{"pos":[-29.7076721,-360.589417,47.5993156],"rotationMatrix":[-0.617970943,0.783412218,-0.0661611632,-0.784362674,-0.620090485,-0.0162204206,-0.0537331775,0.0418705977,0.997677088],"scale":1,"type":"eca_guardrailpost"}
{"pos":[-30.920639,-359.019348,47.4447327],"rotationMatrix":[-0.610016823,0.788719237,-0.076167047,-0.790113866,-0.612727046,-0.016895717,-0.0599955916,0.0498739704,0.996951938],"scale":1,"type":"eca_guardrailpost"}
{"pos":[-32.1285858,-357.440491,47.2952232],"rotationMatrix":[-0.606251121,0.791842282,-0.0737933367,-0.793111145,-0.608832121,-0.017271718,-0.0586042255,0.048055321,0.997123957],"scale":0.999999881,"type":"eca_guardrailpost"}
{"pos":[-33.3370972,-355.856964,47.1686745],"rotationMatrix":[-0.605741978,0.793201864,-0.0625111982,-0.793975294,-0.607701778,-0.0173731707,-0.0517685972,0.0391086899,0.997893035],"scale":0.999999762,"type":"eca_guardrailpost"}
{"pos":[-34.5489655,-354.27182,47.0747643],"rotationMatrix":[-0.606517315,0.793719292,-0.0463282168,-0.793963194,-0.607717514,-0.0173689183,-0.0419405177,0.0262483452,0.998775244],"scale":1.00000012,"type":"eca_guardrailpost"}
{"pos":[-35.7478485,-352.673309,47.0075645],"rotationMatrix":[-0.597960591,0.800785482,-0.0344364345,-0.800766647,-0.598711967,-0.017798692,-0.0348704383,0.0169326328,0.999248385],"scale":0.99999994,"type":"eca_guardrailpost"}
{"pos":[-36.9132996,-351.050995,46.9484863],"rotationMatrix":[-0.583043218,0.811872184,-0.0304016732,-0.81178385,-0.58366847,-0.018389374,-0.0326743163,0.0139577873,0.999368608],"scale":1.00000012,"type":"eca_guardrailpost"}
{"pos":[-38.0438843,-349.407684,46.8814774],"rotationMatrix":[-0.565950155,0.823707581,-0.0347311348,-0.823680401,-0.566734433,-0.0190430507,-0.0353692397,0.017829936,0.999215245],"scale":1.00000012,"type":"eca_guardrailpost"}
{"pos":[-39.1338959,-347.743561,46.7846298],"rotationMatrix":[-0.54672277,0.835801125,-0.0503054298,-0.836142778,-0.548148274,-0.0199696533,-0.04426549,0.0311446562,0.998534203],"scale":1,"type":"eca_guardrailpost"}
{"pos":[-40.1796112,-346.058868,46.6350136],"rotationMatrix":[-0.525782108,0.847313762,-0.0749164447,-0.84865582,-0.52851069,-0.0214418657,-0.0577621348,0.0523045249,0.996959269],"scale":1,"type":"eca_guardrailpost"}
{"pos":[-41.1882935,-344.345673,46.4671249],"rotationMatrix":[-0.505159736,0.859047055,-0.0827749223,-0.860786438,-0.508430958,-0.0233345348,-0.0621308088,0.0594638661,0.996295035],"scale":0.999999881,"type":"eca_guardrailpost"}
{"pos":[-42.1582336,-342.609589,46.2939987],"rotationMatrix":[-0.485757947,0.869767427,-0.0868557543,-0.871715903,-0.489363074,-0.0252033528,-0.0644250512,0.0634708181,0.995902061],"scale":0.999999881,"type":"eca_guardrailpost"}
{"pos":[-43.0930481,-340.856476,46.1120262],"rotationMatrix":[-0.468711138,0.878623009,-0.091276899,-0.880823612,-0.472679734,-0.0269010272,-0.066780597,0.0677900314,0.99546212],"scale":0.999999881,"type":"eca_guardrailpost"}
{"pos":[-44.0000305,-339.091003,45.9213219],"rotationMatrix":[-0.454886794,0.885391653,-0.0957068726,-0.887869895,-0.459222078,-0.0283264015,-0.06903065,0.0720899403,0.995006442],"scale":1.00000024,"type":"eca_guardrailpost"}
{"pos":[-44.8859253,-337.316498,45.7240753],"rotationMatrix":[-0.444927931,0.890083551,-0.0989461392,-0.892776251,-0.449540734,-0.029386498,-0.0706367642,0.0752618909,0.994658768],"scale":1.00000012,"type":"eca_guardrailpost"}
{"pos":[-45.7583008,-335.538635,45.5176048],"rotationMatrix":[-0.438384891,0.892742455,-0.104065686,-0.895818055,-0.443401694,-0.0300815254,-0.0729979575,0.0800366327,0.994115412],"scale":1,"type":"eca_guardrailpost"}
{"pos":[-46.6228027,-333.760773,45.2967453],"rotationMatrix":[-0.434815764,0.893605709,-0.111372873,-0.897285342,-0.440400124,-0.0304406714,-0.0762505978,0.0866971612,0.993312359],"scale":1.00000012,"type":"eca_guardrailpost"}
{"pos":[-47.4842834,-331.98526,45.0585976],"rotationMatrix":[-0.433631778,0.893059433,-0.120034024,-0.897527874,-0.439901352,-0.0305031016,-0.0800442249,0.0945067629,0.992301047],"scale":1.00000012,"type":"eca_guardrailpost"}
{"pos":[-48.3465271,-330.213837,44.8016129],"rotationMatrix":[-0.434129715,0.891457498,-0.129749641,-0.89689976,-0.441193223,-0.0303210653,-0.08427459,0.103209153,0.991083086],"scale":1,"type":"eca_guardrailpost"}
{"pos":[-49.2109985,-328.448059,44.521637],"rotationMatrix":[-0.435380101,0.889150798,-0.140908375,-0.895822704,-0.443398952,-0.0299849547,-0.0891397595,0.113174081,0.989568472],"scale":1.00000012,"type":"eca_guardrailpost"}
{"pos":[-50.0793457,-326.686188,44.2239532],"rotationMatrix":[-0.437232852,0.886800528,-0.149707675,-0.894528866,-0.446032286,-0.0295525342,-0.0929816514,0.120996505,0.988288522],"scale":1.00000012,"type":"eca_guardrailpost"}
{"pos":[-50.9534302,-324.927734,43.9147911],"rotationMatrix":[-0.439798474,0.884587765,-0.155183613,-0.893018842,-0.449082375,-0.0290264897,-0.0953666866,0.125816077,0.987459123],"scale":1,"type":"eca_guardrailpost"}
{"pos":[-51.8345032,-323.172424,43.6010361],"rotationMatrix":[-0.443071246,0.882564545,-0.157377198,-0.891299486,-0.452523589,-0.0284164026,-0.0962962136,0.127679735,0.987129629],"scale":1.00000012,"type":"eca_guardrailpost"}
{"pos":[-52.723999,-321.419342,43.2893066],"rotationMatrix":[-0.447049379,0.880767465,-0.156190142,-0.889374614,-0.456336856,-0.0277366266,-0.0957048386,0.126511931,0.98733747],"scale":1.00000012,"type":"eca_guardrailpost"}
{"pos":[-53.6238708,-319.667267,42.9895325],"rotationMatrix":[-0.451865792,0.879453659,-0.14959459,-0.887262344,-0.46047318,-0.0270155594,-0.0926432312,0.120522253,0.988378286],"scale":1.00000012,"type":"eca_guardrailpost"}
{"pos":[-54.5348358,-317.917358,42.7080307],"rotationMatrix":[-0.457222342,0.878032863,-0.141442657,-0.884904563,-0.465031266,-0.0262624025,-0.0888345093,0.113155499,0.989598036],"scale":1,"type":"eca_guardrailpost"}
{"pos":[-55.4563751,-316.172607,42.4378204],"rotationMatrix":[-0.462788463,0.875986278,-0.135921806,-0.882267535,-0.470058799,-0.0254690163,-0.0862017572,0.108132616,0.990392148],"scale":1,"type":"eca_guardrailpost"}
{"pos":[-56.3885803,-314.434021,42.1735268],"rotationMatrix":[-0.468548059,0.873364449,-0.133030713,-0.87936151,-0.475517273,-0.0246314332,-0.0847706124,0.105441071,0.990805805],"scale":0.99999994,"type":"eca_guardrailpost"}
{"pos":[-57.3324738,-312.703033,41.9098663],"rotationMatrix":[-0.474492788,0.870175242,-0.132859334,-0.876183271,-0.481393099,-0.0237372331,-0.0846131295,0.105145976,0.990850627],"scale":1,"type":"eca_guardrailpost"}
{"pos":[-58.2877197,-310.979248,41.6437836],"rotationMatrix":[-0.480679989,0.866677821,-0.133476987,-0.872783244,-0.487575769,-0.0227873772,-0.0848294571,0.105543047,0.99078989],"scale":0.999999881,"type":"eca_guardrailpost"}
{"pos":[-59.258728,-309.259308,41.3892975],"rotationMatrix":[-0.487569213,0.863747299,-0.127345413,-0.869248331,-0.493893266,-0.021832712,-0.0817530006,0.100049831,0.991618097],"scale":1.00000012,"type":"eca_guardrailpost"}
{"pos":[-60.2437744,-307.544556,41.1505013],"rotationMatrix":[-0.494762897,0.860761821,-0.119577736,-0.865536034,-0.500410438,-0.0208992101,-0.0778271854,0.0931586772,0.992604852],"scale":1,"type":"eca_guardrailpost"}
{"pos":[-61.243927,-305.836182,40.9287186],"rotationMatrix":[-0.502163529,0.857593596,-0.111198753,-0.861640036,-0.507125854,-0.0199972913,-0.0735412985,0.0857713819,0.993596971],"scale":1.00000012,"type":"eca_guardrailpost"}
{"pos":[-62.2591248,-304.134033,40.7244797],"rotationMatrix":[-0.509708166,0.854244888,-0.102291003,-0.857581913,-0.513991237,-0.0191408359,-0.0689276457,0.0779666752,0.994570374],"scale":1,"type":"eca_guardrailpost"}
{"pos":[-63.2896881,-302.439056,40.5390549],"rotationMatrix":[-0.517387271,0.850684464,-0.0929864347,-0.853351414,-0.521013737,-0.0183369704,-0.0640461743,0.069862783,0.995498478],"scale":1,"type":"eca_guardrailpost"}
