{"pos":[892.089172,-905.187195,11.8651609],"rotationMatrix":[0.119061619,0.992886603,0,-0.935747683,0.112209864,0.334342062,0.331963748,-0.0398073159,0.942451894],"scale":1.29908657,"type":"eca_rock_big_wide"}
{"pos":[-115.5541,-794.112061,16.2497597],"rotationMatrix":[-0.875093341,-0.480868191,-0.0545658171,0.479935974,-0.876792967,0.0299261082,-0.062233422,1.62835665e-08,0.998061776],"scale":1.15460134,"type":"eca_rock_big_wide"}
{"pos":[-125.475853,-834.544006,15.3728237],"rotationMatrix":[-0.412826926,-0.910809517,0,0.910809517,-0.412826926,0,0,0,1],"scale":1.01424158,"type":"eca_rock_big_wide"}
{"pos":[-115.879784,-833.33429,13.9675837],"rotationMatrix":[-0.688919663,-0.72311604,0.0499343276,-0.721223533,0.690727711,0.0522758365,-0.072292313,-1.77371476e-07,-0.997383177],"scale":1.20954061,"type":"eca_rock_big_wide"}
{"pos":[468.175354,-958.674805,9.65969849],"rotationMatrix":[0.908311725,-0.418293864,0,0.418293864,0.908311725,0,0,0,1],"scale":1.07147706,"type":"eca_rock_big_wide"}
{"pos":[814.872803,-977.244446,9.77769661],"rotationMatrix":[-0.999757648,0.0220130961,0,-0.0220130961,-0.999757648,0,0,0,1],"scale":1.11242199,"type":"eca_rock_big_wide"}
{"pos":[921.762146,851.767761,7.99360275],"rotationMatrix":[-0.979857564,-0.199699715,0,0.199699715,-0.979857564,0,0,0,1],"scale":1.26711214,"type":"eca_rock_big_wide"}
{"pos":[897.72876,799.512817,8.81774426],"rotationMatrix":[0.968691587,-0.077745989,-0.235778168,0.0231072418,0.973812997,-0.226171464,0.24718754,0.213642314,0.945121288],"scale":1.16556764,"type":"eca_rock_big_wide"}
{"pos":[902.555908,783.610352,8.71344566],"rotationMatrix":[0.920689762,-0.0454877578,-0.38763386,-0.0103062689,0.990005136,-0.140653431,0.390157491,0.133493379,0.911018491],"scale":1.00653017,"type":"eca_rock_big_wide"}
{"pos":[-622.393982,-218.404434,23.8546982],"rotationMatrix":[-0.098866865,-0.99507302,0.00741604436,0.99228555,-0.0991445556,-0.0744317695,0.0748003349,-1.0465111e-09,0.997198522],"scale":0.722893238,"type":"eca_rock_big_wide"}
{"pos":[-771.081421,-290.801117,16.0884094],"rotationMatrix":[0.397787273,-0.917477667,0,0.917477667,0.397787273,0,0,0,1],"scale":1.15098405,"type":"eca_rock_big_wide"}
{"pos":[-782.611633,-304.929626,16.8931637],"rotationMatrix":[0.260949075,0.965352595,0,-0.965352595,0.260949075,0,0,0,1],"scale":1.10665107,"type":"eca_rock_big_wide"}
{"pos":[-778.752869,-311.867676,16.0151634],"rotationMatrix":[-0.773878992,-0.633333504,0,0.633333504,-0.773878992,0,0,0,1],"scale":1.06614912,"type":"eca_rock_big_wide"}
{"pos":[-791.795654,-403.487854,16.4882565],"rotationMatrix":[-0.455269873,0.890353501,0,-0.890353501,-0.455269873,0,0,0,1],"scale":1.193156,"type":"eca_rock_big_wide"}
{"pos":[-786.166199,-453.003754,16.8506031],"rotationMatrix":[0.418145239,-0.90838021,0,0.90838021,0.418145239,0,0,0,1],"scale":1.10109127,"type":"eca_rock_big_wide"}
{"pos":[-795.546082,-430.069885,16.0308228],"rotationMatrix":[-0.393353611,-0.919387281,0,0.919387281,-0.393353611,0,0,0,1],"scale":1.17670083,"type":"eca_rock_big_wide"}
{"pos":[-782.030334,-496.585052,14.3117437],"rotationMatrix":[-0.77115953,-0.636641979,0,0.636641979,-0.77115953,0,0,0,1],"scale":1.241292,"type":"eca_rock_big_wide"}
{"pos":[-791.590515,-504.427277,16.6464424],"rotationMatrix":[0.937077105,0.349122435,0,-0.349122435,0.937077105,0,0,0,1],"scale":1.198928,"type":"eca_rock_big_wide"}
{"pos":[-795.54248,-536.320129,14.7103767],"rotationMatrix":[0.65202719,-0.758195579,0,0.758195579,0.65202719,0,0,0,1],"scale":1.19374895,"type":"eca_rock_big_wide"}
{"pos":[-775.708252,-544.6203,9.65027714],"rotationMatrix":[0.95195514,0.306237489,0,-0.306237489,0.95195514,0,0,0,1],"scale":1.21684384,"type":"eca_rock_big_wide"}
{"pos":[-781.033813,-529.218811,11.3936768],"rotationMatrix":[-0.288255095,-0.957553625,0,0.957553625,-0.288255095,0,0,0,1],"scale":1.16681194,"type":"eca_rock_big_wide"}
{"pos":[-776.662659,-516.032837,12.7244759],"rotationMatrix":[0.763148427,0.646223247,0,-0.646223247,0.763148427,0,0,0,1],"scale":1.13199329,"type":"eca_rock_big_wide"}
{"pos":[-775.43689,-499.395569,14.7342234],"rotationMatrix":[0.460598379,-0.887608647,0,0.887608647,0.460598379,0,0,0,1],"scale":1.02548587,"type":"eca_rock_big_wide"}
{"pos":[-771.255371,-489.589264,16.762167],"rotationMatrix":[-0.988526702,0.151046336,0,-0.151046336,-0.988526702,0,0,0,1],"scale":1.09134471,"type":"eca_rock_big_wide"}
{"pos":[-806.052856,-438.634277,18.6615524],"rotationMatrix":[0.125498876,0.992093742,0,-0.992093742,0.125498876,0,0,0,1],"scale":1.16904378,"type":"eca_rock_big_wide"}
{"pos":[-790.535767,-469.366516,15.818203],"rotationMatrix":[-0.91033715,-0.413867444,0,0.413867444,-0.91033715,0,0,0,1],"scale":1.01578903,"type":"eca_rock_big_wide"}
{"pos":[-773.542419,-293.096313,16.1519814],"rotationMatrix":[-0.588002563,-0.80885905,0,0.80885905,-0.588002563,0,0,0,1],"scale":1.28117585,"type":"eca_rock_big_wide"}
{"pos":[-783.976074,-316.705963,16.5316906],"rotationMatrix":[-0.548891902,0.835893333,0,-0.835893333,-0.548891902,0,0,0,1],"scale":1.1359849,"type":"eca_rock_big_wide"}
{"pos":[-794.001221,-330.407074,17.6552372],"rotationMatrix":[-0.365342349,0.930873215,0,-0.930873215,-0.365342349,0,0,0,1],"scale":1.03750622,"type":"eca_rock_big_wide"}
{"pos":[-748.136292,-202.755035,16.3999615],"rotationMatrix":[0.451921821,-0.892057538,0,0.892057538,0.451921821,0,0,0,1],"scale":1.04960692,"type":"eca_rock_big_wide"}
{"pos":[-765.017273,-224.13385,18.4511566],"rotationMatrix":[-0.90084517,0.434140444,0,-0.434140444,-0.90084517,0,0,0,1],"scale":1.26348984,"type":"eca_rock_big_wide"}
{"pos":[-765.057922,-248.274551,16.9245243],"rotationMatrix":[0.53801614,-0.842934549,0,0.842934549,0.53801614,0,0,0,1],"scale":1.27444363,"type":"eca_rock_big_wide"}
{"pos":[-766.160095,-260.84906,16.2152367],"rotationMatrix":[-0.91768676,-0.397304624,0,0.397304624,-0.91768676,0,0,0,1],"scale":1.05202949,"type":"eca_rock_big_wide"}
{"pos":[-777.827026,-267.762146,18.7885113],"rotationMatrix":[-0.705757022,0.708453953,0,-0.708453953,-0.705757022,0,0,0,1],"scale":1.16580367,"type":"eca_rock_big_wide"}
{"pos":[-769.415588,-269.87384,16.4237614],"rotationMatrix":[-0.853836894,0.520540655,0,-0.520540655,-0.853836894,0,0,0,1],"scale":1.24896336,"type":"eca_rock_big_wide"}
{"pos":[-753.306702,-164.027176,16.6476002],"rotationMatrix":[0.941352367,-0.337425083,0,0.337425083,0.941352367,0,0,0,1],"scale":1.22780848,"type":"eca_rock_big_wide"}
{"pos":[-747.686523,-174.001556,16.37747],"rotationMatrix":[0.883301079,0.468806148,0,-0.468806148,0.883301079,0,0,0,1],"scale":1.28565526,"type":"eca_rock_big_wide"}
{"pos":[-754.371033,-198.973099,17.3670216],"rotationMatrix":[-0.790738523,0.612154067,0,-0.612154067,-0.790738523,0,0,0,1],"scale":1.07227683,"type":"eca_rock_big_wide"}
{"pos":[-759.18866,-193.143738,18.0166779],"rotationMatrix":[0.957097292,-0.289766669,0,0.289766669,0.957097292,0,0,0,1],"scale":1.24094856,"type":"eca_rock_big_wide"}
{"pos":[-760.883972,-207.073334,18.6435242],"rotationMatrix":[0.838235259,-0.545308709,0,0.545308709,0.838235259,0,0,0,1],"scale":1.06205428,"type":"eca_rock_big_wide"}
{"pos":[-722.217407,-158.271149,16.789608],"rotationMatrix":[-0.97142452,0.237348616,0,-0.237348616,-0.97142452,0,0,0,1],"scale":1.08145547,"type":"eca_rock_big_wide"}
{"pos":[-733.444702,-167.59549,16.4463177],"rotationMatrix":[-0.831603169,-0.555370331,0,0.555370331,-0.831603169,0,0,0,1],"scale":1.25759172,"type":"eca_rock_big_wide"}
{"pos":[-730.761902,-156.931213,18.1463718],"rotationMatrix":[-0.466368914,-0.884590328,0,0.884590328,-0.466368914,0,0,0,1],"scale":1.19676435,"type":"eca_rock_big_wide"}
{"pos":[-731.007446,-164.697083,16.9003315],"rotationMatrix":[-0.413083136,-0.910693288,0,0.910693288,-0.413083136,0,0,0,1],"scale":1.28127968,"type":"eca_rock_big_wide"}
{"pos":[-738.402588,-152.654251,17.7915401],"rotationMatrix":[-0.217348427,0.976094067,0,-0.976094067,-0.217348427,0,0,0,1],"scale":1.18006229,"type":"eca_rock_big_wide"}
{"pos":[-754.590942,-126.93531,16.4721394],"rotationMatrix":[0.702926636,-0.711262345,0,0.711262345,0.702926636,0,0,0,1],"scale":1.2112062,"type":"eca_rock_big_wide"}
{"pos":[-749.463501,-112.175613,18.1779594],"rotationMatrix":[-0.119095735,-0.992882788,0,0.992882788,-0.119095735,0,0,0,1],"scale":1.20914519,"type":"eca_rock_big_wide"}
{"pos":[-752.684875,-133.168442,16.7736797],"rotationMatrix":[-0.780728519,0.62487036,0,-0.62487036,-0.780728519,0,0,0,1],"scale":1.18904948,"type":"eca_rock_big_wide"}
{"pos":[-739.891541,-160.900742,16.6199741],"rotationMatrix":[-0.975646853,0.219347343,0,-0.219347343,-0.975646853,0,0,0,1],"scale":1.16997766,"type":"eca_rock_big_wide"}
{"pos":[-680.187683,-100.916382,16.8139553],"rotationMatrix":[-0.615955234,-0.787781119,0,0.787781119,-0.615955234,0,0,0,1],"scale":1.07781649,"type":"eca_rock_big_wide"}
{"pos":[-694.161987,-109.52623,17.8615589],"rotationMatrix":[0.962069511,0.272804528,0,-0.272804528,0.962069511,0,0,0,1],"scale":1.29491138,"type":"eca_rock_big_wide"}
{"pos":[-720.2276,-158.165604,16.5782566],"rotationMatrix":[-0.96309638,0.269156694,0,-0.269156694,-0.96309638,0,0,0,1],"scale":1.0190171,"type":"eca_rock_big_wide"}
{"pos":[-727.858643,-152.618439,18.6253433],"rotationMatrix":[0.879452765,0.475986123,0,-0.475986123,0.879452765,0,0,0,1],"scale":1.28592014,"type":"eca_rock_big_wide"}
{"pos":[-734.40625,-20.4850979,18.7613335],"rotationMatrix":[0.459240496,-0.888311982,0,0.888311982,0.459240496,0,0,0,1],"scale":1.18174827,"type":"eca_rock_big_wide"}
{"pos":[-738.848633,-22.6094437,17.2781963],"rotationMatrix":[-0.905702174,-0.423914582,0,0.423914582,-0.905702174,0,0,0,1],"scale":1.15199471,"type":"eca_rock_big_wide"}
{"pos":[-744.05658,-31.2835464,16.8853054],"rotationMatrix":[0.976275384,0.216532737,0,-0.216532737,0.976275384,0,0,0,1],"scale":1.19309974,"type":"eca_rock_big_wide"}
{"pos":[-747.596191,-44.4518661,16.9517441],"rotationMatrix":[0.0409658477,-0.999160528,0,0.999160528,0.0409658477,0,0,0,1],"scale":1.0396874,"type":"eca_rock_big_wide"}
{"pos":[-748.807495,-67.5608444,17.1725693],"rotationMatrix":[-0.0649174601,-0.997890651,0,0.997890651,-0.0649174601,0,0,0,1],"scale":1.19105864,"type":"eca_rock_big_wide"}
{"pos":[-749.992371,-58.5634193,16.8616428],"rotationMatrix":[-0.963967621,-0.266019642,0,0.266019642,-0.963967621,0,0,0,1],"scale":1.14762092,"type":"eca_rock_big_wide"}
{"pos":[-748.112854,-68.4252014,17.3276634],"rotationMatrix":[0.999278367,-0.0379833691,0,0.0379833691,0.999278367,0,0,0,1],"scale":1.18946958,"type":"eca_rock_big_wide"}
{"pos":[-752.629272,-67.5692291,16.6915646],"rotationMatrix":[0.926503301,-0.376286626,0,0.376286626,0.926503301,0,0,0,1],"scale":1.21729088,"type":"eca_rock_big_wide"}
{"pos":[-747.704895,-83.5359573,17.8767147],"rotationMatrix":[-0.913119793,0.40769136,0,-0.40769136,-0.913119793,0,0,0,1],"scale":1.16914606,"type":"eca_rock_big_wide"}
{"pos":[-749.085144,-86.345871,17.6142559],"rotationMatrix":[0.168492019,0.985702991,0,-0.985702991,0.168492019,0,0,0,1],"scale":1.14916229,"type":"eca_rock_big_wide"}
{"pos":[-755.268738,-8.68855476,18.2537041],"rotationMatrix":[-0.994010329,-0.109286368,0,0.109286368,-0.994010329,0,0,0,1],"scale":1.0660063,"type":"eca_rock_big_wide"}
{"pos":[-749.49353,-16.4744453,16.4041634],"rotationMatrix":[0.322037965,0.946726739,0,-0.946726739,0.322037965,0,0,0,1],"scale":1.15889919,"type":"eca_rock_big_wide"}
{"pos":[-750.386414,-21.4603653,16.2282257],"rotationMatrix":[0.734136581,0.679001808,0,-0.679001808,0.734136581,0,0,0,1],"scale":1.20289874,"type":"eca_rock_big_wide"}
{"pos":[-752.999573,-34.5160942,15.9196053],"rotationMatrix":[-0.944019079,0.329890817,0,-0.329890817,-0.944019079,0,0,0,1],"scale":1.28281522,"type":"eca_rock_big_wide"}
{"pos":[-758.611938,-37.6363831,16.8875637],"rotationMatrix":[-0.595046401,0.803691328,0,-0.803691328,-0.595046401,0,0,0,1],"scale":1.29088056,"type":"eca_rock_big_wide"}
{"pos":[-764.564209,-47.2225227,17.645443],"rotationMatrix":[0.358775973,0.933423698,0,-0.933423698,0.358775973,0,0,0,1],"scale":1.07461607,"type":"eca_rock_big_wide"}
{"pos":[-766.488281,-49.1587029,17.5481014],"rotationMatrix":[-0.927169144,-0.374642968,0,0.374642968,-0.927169144,0,0,0,1],"scale":1.08510721,"type":"eca_rock_big_wide"}
{"pos":[-768.973938,-51.6768913,18.0406857],"rotationMatrix":[0.867783964,0.496941626,0,-0.496941626,0.867783964,0,0,0,1],"scale":1.01347649,"type":"eca_rock_big_wide"}
{"pos":[-765.232849,-65.9944687,15.7784138],"rotationMatrix":[0.832046032,-0.554706573,0,0.554706573,0.832046032,0,0,0,1],"scale":1.19125772,"type":"eca_rock_big_wide"}
{"pos":[-770.900757,-68.7817078,17.0776939],"rotationMatrix":[-0.0371861421,0.999308348,0,-0.999308348,-0.0371861421,0,0,0,1],"scale":1.14132166,"type":"eca_rock_big_wide"}
{"pos":[-773.561401,-65.9682693,17.7214355],"rotationMatrix":[0.828428447,0.560094893,0,-0.560094893,0.828428447,0,0,0,1],"scale":1.1640029,"type":"eca_rock_big_wide"}
{"pos":[-772.840454,-81.8768387,17.0339718],"rotationMatrix":[-0.995944738,-0.0899671838,0,0.0899671838,-0.995944738,0,0,0,1],"scale":1.20579135,"type":"eca_rock_big_wide"}
{"pos":[-775.041504,-79.7989731,17.3003082],"rotationMatrix":[-0.927067637,-0.374894053,0,0.374894053,-0.927067637,0,0,0,1],"scale":1.26013219,"type":"eca_rock_big_wide"}
{"pos":[-763.472961,-79.0513382,15.795248],"rotationMatrix":[-0.659172416,0.751991808,0,-0.751991808,-0.659172416,0,0,0,1],"scale":1.29707551,"type":"eca_rock_big_wide"}
{"pos":[-777.718079,-88.479187,17.8235207],"rotationMatrix":[0.990283608,0.139062598,0,-0.139062598,0.990283608,0,0,0,1],"scale":1.07324052,"type":"eca_rock_big_wide"}
{"pos":[-776.110474,-92.2352295,17.4481144],"rotationMatrix":[-0.683545053,0.729908288,0,-0.729908288,-0.683545053,0,0,0,1],"scale":1.06380486,"type":"eca_rock_big_wide"}
{"pos":[-731.747559,-170.579346,16.1700611],"rotationMatrix":[0.626603603,0.779338121,0,-0.779338121,0.626603603,0,0,0,1],"scale":1.19783294,"type":"eca_rock_big_wide"}
{"pos":[-728.725464,-169.892792,16.0618706],"rotationMatrix":[-0.716555536,-0.697530031,0,0.697530031,-0.716555536,0,0,0,1],"scale":1.23928487,"type":"eca_rock_big_wide"}
{"pos":[-727.349548,-176.198456,16.0382805],"rotationMatrix":[-0.790171146,0.61288625,0,-0.61288625,-0.790171146,0,0,0,1],"scale":1.01900446,"type":"eca_rock_big_wide"}
{"pos":[-729.826904,-176.933899,15.9294863],"rotationMatrix":[0.372932166,-0.927858591,0,0.927858591,0.372932166,0,0,0,1],"scale":1.08378386,"type":"eca_rock_big_wide"}
{"pos":[-736.360474,-179.30304,16.2848549],"rotationMatrix":[-0.596992731,-0.80224663,0,0.80224663,-0.596992731,0,0,0,1],"scale":1.00869298,"type":"eca_rock_big_wide"}
{"pos":[-735.046814,-192.685638,16.0123138],"rotationMatrix":[0.771758974,-0.63591516,0,0.63591516,0.771758974,0,0,0,1],"scale":1.12960029,"type":"eca_rock_big_wide"}
{"pos":[-740.112976,-194.182388,16.2037907],"rotationMatrix":[0.830797672,0.556574523,0,-0.556574523,0.830797672,0,0,0,1],"scale":1.13346529,"type":"eca_rock_big_wide"}
{"pos":[-672.466431,-114.854256,17.003561],"rotationMatrix":[0.29052642,0.95686698,0,-0.95686698,0.29052642,0,0,0,1],"scale":1.18433559,"type":"eca_rock_big_wide"}
{"pos":[-693.662842,-130.181793,16.2432823],"rotationMatrix":[-0.201528877,-0.979482591,0,0.979482591,-0.201528877,0,0,0,1],"scale":1.17027617,"type":"eca_rock_big_wide"}
{"pos":[-687.385986,-125.06945,16.306366],"rotationMatrix":[-0.178167999,0.984000087,0,-0.984000087,-0.178167999,0,0,0,1],"scale":1.0115912,"type":"eca_rock_big_wide"}
{"pos":[-693.450867,-133.314728,16.5540142],"rotationMatrix":[0.887845635,0.46014142,0,-0.46014142,0.887845635,0,0,0,1],"scale":1.18762398,"type":"eca_rock_big_wide"}
{"pos":[-690.028564,-139.528717,19.1824093],"rotationMatrix":[-0.166223988,-0.986088037,0,0.986088037,-0.166223988,0,0,0,1],"scale":1.23069227,"type":"eca_rock_big_wide"}
{"pos":[-691.890625,-138.807663,18.050581],"rotationMatrix":[-0.824020386,-0.566560149,0,0.566560149,-0.824020386,0,0,0,1],"scale":1.15549588,"type":"eca_rock_big_wide"}
{"pos":[-682.816528,-125.552422,16.550827],"rotationMatrix":[-0.894433856,0.447200239,0,-0.447200239,-0.894433856,0,0,0,1],"scale":1.28921461,"type":"eca_rock_big_wide"}
{"pos":[-657.137878,-100.667679,17.1599255],"rotationMatrix":[0.755498171,-0.655150712,0,0.655150712,0.755498171,0,0,0,1],"scale":1.12759781,"type":"eca_rock_big_wide"}
{"pos":[-648.068909,-89.7004395,17.3687534],"rotationMatrix":[0.548786283,0.835962713,0,-0.835962713,0.548786283,0,0,0,1],"scale":1.09112513,"type":"eca_rock_big_wide"}
{"pos":[-671.496216,164.840515,16.5473919],"rotationMatrix":[0.595496237,0.803358078,0,-0.803358078,0.595496237,0,0,0,1],"scale":1.25182772,"type":"eca_rock_big_wide"}
{"pos":[-674.59668,163.028915,16.3319607],"rotationMatrix":[0.58672142,0.809788883,0,-0.809788883,0.58672142,0,0,0,1],"scale":1.05453682,"type":"eca_rock_big_wide"}
{"pos":[-676.026611,154.820602,16.5656128],"rotationMatrix":[-0.560365736,-0.828245282,0,0.828245282,-0.560365736,0,0,0,1],"scale":1.21031356,"type":"eca_rock_big_wide"}
{"pos":[-681.003235,148.910446,17.1938553],"rotationMatrix":[-0.95352453,-0.301315427,0,0.301315427,-0.95352453,0,0,0,1],"scale":1.23812032,"type":"eca_rock_big_wide"}
{"pos":[-676.228394,119.280945,18.7881508],"rotationMatrix":[-0.994858205,0.101277545,0,-0.101277545,-0.994858205,0,0,0,1],"scale":1.14822519,"type":"eca_rock_big_wide"}
{"pos":[-655.046021,88.327713,16.7048969],"rotationMatrix":[-0.998477876,0.0551533513,0,-0.0551533513,-0.998477876,0,0,0,1],"scale":1.15097451,"type":"eca_rock_big_wide"}
{"pos":[-657.593567,111.868912,16.4115372],"rotationMatrix":[0.124749027,0.992188334,0,-0.992188334,0.124749027,0,0,0,1],"scale":1.06033158,"type":"eca_rock_big_wide"}
{"pos":[-657.981506,88.0028076,16.6944389],"rotationMatrix":[-0.918073893,-0.396409363,0,0.396409363,-0.918073893,0,0,0,1],"scale":1.11645091,"type":"eca_rock_big_wide"}
{"pos":[-668.320129,95.1125717,18.916893],"rotationMatrix":[-0.879384875,-0.476111591,0,0.476111591,-0.879384875,0,0,0,1],"scale":1.13193333,"type":"eca_rock_big_wide"}
{"pos":[-653.688171,83.6030045,16.7733078],"rotationMatrix":[0.726139843,0.687547088,0,-0.687547088,0.726139843,0,0,0,1],"scale":1.16766238,"type":"eca_rock_big_wide"}
{"pos":[-658.1604,70.1790085,18.8984509],"rotationMatrix":[-0.629344583,-0.777126372,0,0.777126372,-0.629344583,0,0,0,1],"scale":1.06922197,"type":"eca_rock_big_wide"}
{"pos":[-637.718689,74.6052856,17.8390694],"rotationMatrix":[-0.15491499,0.987927794,0,-0.987927794,-0.15491499,0,0,0,1],"scale":1.27566028,"type":"eca_rock_big_wide"}
{"pos":[-644.168762,83.3761597,16.6404686],"rotationMatrix":[-0.182735667,0.983162105,0,-0.983162105,-0.182735667,0,0,0,1],"scale":1.26341772,"type":"eca_rock_big_wide"}
{"pos":[-634.639587,53.7414017,17.167902],"rotationMatrix":[0.602603137,0.798040986,0,-0.798040986,0.602603137,0,0,0,1],"scale":1.22837996,"type":"eca_rock_big_wide"}
{"pos":[-649.591614,54.5834274,17.2919598],"rotationMatrix":[-0.932020903,-0.362404436,0,0.362404436,-0.932020903,0,0,0,1],"scale":1.13852334,"type":"eca_rock_big_wide"}
{"pos":[-638.579834,49.4205971,16.4481316],"rotationMatrix":[-0.513507366,-0.858085215,0,0.858085215,-0.513507366,0,0,0,1],"scale":1.10374284,"type":"eca_rock_big_wide"}
{"pos":[-635.321289,47.560318,16.5542774],"rotationMatrix":[-0.739377081,0.673291564,0,-0.673291564,-0.739377081,0,0,0,1],"scale":1.21468806,"type":"eca_rock_big_wide"}
{"pos":[-631.019531,40.7551765,16.8513451],"rotationMatrix":[-0.767251313,-0.641346574,0,0.641346574,-0.767251313,0,0,0,1],"scale":1.00649953,"type":"eca_rock_big_wide"}
{"pos":[-631.996094,41.105381,16.4329338],"rotationMatrix":[0.89119643,-0.453617632,0,0.453617632,0.89119643,0,0,0,1],"scale":1.02002466,"type":"eca_rock_big_wide"}
{"pos":[-623.698853,10.2477579,16.205658],"rotationMatrix":[-0.998907089,-0.0467403382,0,0.0467403382,-0.998907089,0,0,0,1],"scale":1.2819252,"type":"eca_rock_big_wide"}
{"pos":[-638.901245,3.83023548,18.9005928],"rotationMatrix":[-0.979245424,0.202677965,0,-0.202677965,-0.979245424,0,0,0,1],"scale":1.10693598,"type":"eca_rock_big_wide"}
{"pos":[-639.518372,-2.90512276,20.1273174],"rotationMatrix":[-0.979767442,-0.200139299,0,0.200139299,-0.979767442,0,0,0,1],"scale":1.10098934,"type":"eca_rock_big_wide"}
{"pos":[-632.428406,-9.29742241,18.3926983],"rotationMatrix":[0.820683897,0.571382463,0,-0.571382463,0.820683897,0,0,0,1],"scale":1.27053261,"type":"eca_rock_big_wide"}
{"pos":[-625.922607,-6.7652626,16.3476887],"rotationMatrix":[0.994502068,0.104716912,0,-0.104716912,0.994502068,0,0,0,1],"scale":1.10298681,"type":"eca_rock_big_wide"}
{"pos":[-622.331482,-6.1271553,16.028595],"rotationMatrix":[-0.166657209,0.986014903,0,-0.986014903,-0.166657209,0,0,0,1],"scale":1.12641013,"type":"eca_rock_big_wide"}
{"pos":[-633.169678,-24.2074585,18.8824387],"rotationMatrix":[0.918113887,0.396316677,0,-0.396316677,0.918113887,0,0,0,1],"scale":1.09327817,"type":"eca_rock_big_wide"}
{"pos":[-616.980286,-12.5057926,16.8657722],"rotationMatrix":[0.570013762,0.821635187,0,-0.821635187,0.570013762,0,0,0,1],"scale":1.20897937,"type":"eca_rock_big_wide"}
{"pos":[-616.111023,-19.3882885,17.3827229],"rotationMatrix":[-0.0714446157,0.99744457,0,-0.99744457,-0.0714446157,0,0,0,1],"scale":1.08888209,"type":"eca_rock_big_wide"}
{"pos":[-632.059631,-22.7706127,18.6496544],"rotationMatrix":[-0.4647457,0.885444224,0,-0.885444224,-0.4647457,0,0,0,1],"scale":1.19299245,"type":"eca_rock_big_wide"}
{"pos":[-676.267395,214.37001,16.5589066],"rotationMatrix":[-0.916276455,-0.400546402,0,0.400546402,-0.916276455,0,0,0,1],"scale":1.19540787,"type":"eca_rock_big_wide"}
{"pos":[-673.801147,223.755768,17.2746983],"rotationMatrix":[-0.96862781,-0.248516008,0,0.248516008,-0.96862781,0,0,0,1],"scale":1.12216902,"type":"eca_rock_big_wide"}
{"pos":[-676.374573,191.360855,16.3876038],"rotationMatrix":[0.971289456,-0.237900913,0,0.237900913,0.971289456,0,0,0,1],"scale":1.24091649,"type":"eca_rock_big_wide"}
{"pos":[-674.85675,197.096649,16.8428307],"rotationMatrix":[-0.758143842,0.652087331,0,-0.652087331,-0.758143842,0,0,0,1],"scale":1.22860694,"type":"eca_rock_big_wide"}
{"pos":[-672.393311,183.535141,17.3230991],"rotationMatrix":[0.877399385,-0.479760647,0,0.479760647,0.877399385,0,0,0,1],"scale":1.25001276,"type":"eca_rock_big_wide"}
{"pos":[-688.800537,170.902008,18.5734978],"rotationMatrix":[-0.231759742,-0.972773075,0,0.972773075,-0.231759742,0,0,0,1],"scale":1.00746381,"type":"eca_rock_big_wide"}
{"pos":[-663.363159,163.489822,19.2574272],"rotationMatrix":[-0.52859199,0.848876059,0,-0.848876059,-0.52859199,0,0,0,1],"scale":1.17775166,"type":"eca_rock_big_wide"}
{"pos":[-683.893738,162.157837,17.1106949],"rotationMatrix":[0.998312056,0.0580773652,0,-0.0580773652,0.998312056,0,0,0,1],"scale":1.23542249,"type":"eca_rock_big_wide"}
{"pos":[-677.365356,156.652435,16.682785],"rotationMatrix":[-0.243794084,-0.969826996,0,0.969826996,-0.243794084,0,0,0,1],"scale":1.10560334,"type":"eca_rock_big_wide"}
{"pos":[-680.038147,162.689606,16.6165085],"rotationMatrix":[-0.180376574,0.983597636,0,-0.983597636,-0.180376574,0,0,0,1],"scale":1.22913742,"type":"eca_rock_big_wide"}
{"pos":[-684.797607,170.368179,17.0360146],"rotationMatrix":[-0.532082736,0.846692383,0,-0.846692383,-0.532082736,0,0,0,1],"scale":1.20189047,"type":"eca_rock_big_wide"}
{"pos":[-671.012024,131.201355,16.3745499],"rotationMatrix":[-0.355486244,-0.934681535,0,0.934681535,-0.355486244,0,0,0,1],"scale":1.24710131,"type":"eca_rock_big_wide"}
{"pos":[-684.987,133.798843,19.6652985],"rotationMatrix":[0.129513234,0.991577685,0,-0.991577685,0.129513234,0,0,0,1],"scale":1.08344221,"type":"eca_rock_big_wide"}
{"pos":[-673.038147,125.765854,16.7980957],"rotationMatrix":[-0.892668426,-0.450713962,0,0.450713962,-0.892668426,0,0,0,1],"scale":1.22339332,"type":"eca_rock_big_wide"}
{"pos":[-602.596008,321.43689,15.9644957],"rotationMatrix":[-0.415804386,-0.909454048,0,0.909454048,-0.415804386,0,0,0,1],"scale":1.25845981,"type":"eca_rock_big_wide"}
{"pos":[-604.064453,336.516418,18.2794952],"rotationMatrix":[-0.983824372,-0.179135576,0,0.179135576,-0.983824372,0,0,0,1],"scale":1.25685906,"type":"eca_rock_big_wide"}
{"pos":[-592.402588,330.158844,16.1872044],"rotationMatrix":[0.860137761,0.51006186,0,-0.51006186,0.860137761,0,0,0,1],"scale":1.26886106,"type":"eca_rock_big_wide"}
{"pos":[-604.110474,311.194092,18.1568623],"rotationMatrix":[-0.545200765,-0.838305473,0,0.838305473,-0.545200765,0,0,0,1],"scale":1.21151137,"type":"eca_rock_big_wide"}
{"pos":[-610.170532,312.250366,17.2843132],"rotationMatrix":[0.219038129,0.975716293,0,-0.975716293,0.219038129,0,0,0,1],"scale":1.29348946,"type":"eca_rock_big_wide"}
{"pos":[-626.682434,300.617554,17.7950249],"rotationMatrix":[-0.731710196,-0.681615829,0,0.681615829,-0.731710196,0,0,0,1],"scale":1.29937601,"type":"eca_rock_big_wide"}
{"pos":[-626.92511,309.556793,16.3243694],"rotationMatrix":[0.498788655,0.866723657,0,-0.866723657,0.498788655,0,0,0,1],"scale":1.08259487,"type":"eca_rock_big_wide"}
{"pos":[-624.700745,301.491913,17.1744404],"rotationMatrix":[0.639173627,0.769062459,0,-0.769062459,0.639173627,0,0,0,1],"scale":1.1698041,"type":"eca_rock_big_wide"}
{"pos":[-627.058289,298.155701,18.7116585],"rotationMatrix":[-0.936932743,-0.349509656,0,0.349509656,-0.936932743,0,0,0,1],"scale":1.01466238,"type":"eca_rock_big_wide"}
{"pos":[-636.809692,317.677155,16.9768047],"rotationMatrix":[-0.431241781,-0.902236402,0,0.902236402,-0.431241781,0,0,0,1],"scale":1.28920996,"type":"eca_rock_big_wide"}
{"pos":[-655.176453,299.566437,16.8775616],"rotationMatrix":[0.303680003,-0.952774107,0,0.952774107,0.303680003,0,0,0,1],"scale":1.10157132,"type":"eca_rock_big_wide"}
{"pos":[-652.439392,298.160614,16.3574524],"rotationMatrix":[0.180927962,-0.983496368,0,0.983496368,0.180927962,0,0,0,1],"scale":1.10231209,"type":"eca_rock_big_wide"}
{"pos":[-643.167175,315.562378,17.4765892],"rotationMatrix":[0.99029994,-0.13894631,0,0.13894631,0.99029994,0,0,0,1],"scale":1.23422837,"type":"eca_rock_big_wide"}
{"pos":[-658.404419,289.178467,16.5877361],"rotationMatrix":[-0.997623861,0.0688958839,0,-0.0688958839,-0.997623861,0,0,0,1],"scale":1.26915777,"type":"eca_rock_big_wide"}
{"pos":[-649.732483,298.667542,16.5783672],"rotationMatrix":[-0.212773755,-0.977101505,0,0.977101505,-0.212773755,0,0,0,1],"scale":1.20331073,"type":"eca_rock_big_wide"}
{"pos":[-643.867981,303.143219,16.218935],"rotationMatrix":[0.044907257,0.998991132,0,-0.998991132,0.044907257,0,0,0,1],"scale":1.02473533,"type":"eca_rock_big_wide"}
{"pos":[-664.715515,283.773224,16.4902611],"rotationMatrix":[0.886355937,-0.46300447,0,0.46300447,0.886355937,0,0,0,1],"scale":1.13674068,"type":"eca_rock_big_wide"}
{"pos":[-661.478516,283.542725,16.5247612],"rotationMatrix":[0.703658283,-0.710538507,0,0.710538507,0.703658283,0,0,0,1],"scale":1.07950675,"type":"eca_rock_big_wide"}
{"pos":[-662.008911,254.112198,18.7966442],"rotationMatrix":[-0.210936159,-0.977499843,0,0.977499843,-0.210936159,0,0,0,1],"scale":1.21229243,"type":"eca_rock_big_wide"}
{"pos":[-670.392944,267.519135,16.3626232],"rotationMatrix":[0.91593945,0.401316464,0,-0.401316464,0.91593945,0,0,0,1],"scale":1.20670509,"type":"eca_rock_big_wide"}
{"pos":[-675.434814,243.773865,16.1652546],"rotationMatrix":[0.502741873,0.864436567,0,-0.864436567,0.502741873,0,0,0,1],"scale":1.0251112,"type":"eca_rock_big_wide"}
{"pos":[-684.28009,261.352264,18.2499256],"rotationMatrix":[-0.268911809,0.963164806,0,-0.963164806,-0.268911809,0,0,0,1],"scale":1.24050605,"type":"eca_rock_big_wide"}
{"pos":[-679.610596,219.162933,16.3547115],"rotationMatrix":[-0.584739268,-0.811221302,0,0.811221302,-0.584739268,0,0,0,1],"scale":1.2520268,"type":"eca_rock_big_wide"}
{"pos":[-671.133728,225.731918,17.5471401],"rotationMatrix":[-0.96946764,0.245219246,0,-0.245219246,-0.96946764,0,0,0,1],"scale":1.00449443,"type":"eca_rock_big_wide"}
{"pos":[-672.313721,216.94809,17.7164364],"rotationMatrix":[-0.487340689,-0.87321192,0,0.87321192,-0.487340689,0,0,0,1],"scale":1.017694,"type":"eca_rock_big_wide"}
{"pos":[-691.984619,232.450684,18.8264599],"rotationMatrix":[0.999968648,-0.00791732688,0,0.00791732688,0.999968648,0,0,0,1],"scale":1.11153352,"type":"eca_rock_big_wide"}
{"pos":[-686.090576,230.318253,16.9021683],"rotationMatrix":[-0.7801916,-0.625540674,0,0.625540674,-0.7801916,0,0,0,1],"scale":1.1786387,"type":"eca_rock_big_wide"}
{"pos":[-823.641235,109.845428,15.7749748],"rotationMatrix":[0.880066216,0.474850953,0,-0.474850953,0.880066216,0,0,0,1],"scale":1.19958043,"type":"eca_rock_big_wide"}
{"pos":[-802.795776,96.2272034,17.385376],"rotationMatrix":[-0.971973479,0.235090509,0,-0.235090509,-0.971973479,0,0,0,1],"scale":1.16806257,"type":"eca_rock_big_wide"}
{"pos":[-829.710266,83.7988739,17.6807938],"rotationMatrix":[-0.579351485,0.815077841,0,-0.815077841,-0.579351485,0,0,0,1],"scale":1.25212979,"type":"eca_rock_big_wide"}
{"pos":[-833.767517,101.914948,16.9414139],"rotationMatrix":[0.991116583,0.132995978,0,-0.132995978,0.991116583,0,0,0,1],"scale":1.00567269,"type":"eca_rock_big_wide"}
{"pos":[-827.824829,104.55175,14.9413509],"rotationMatrix":[-0.987425447,-0.158085197,0,0.158085197,-0.987425447,0,0,0,1],"scale":1.18598962,"type":"eca_rock_big_wide"}
{"pos":[-835.55249,90.2788544,18.304842],"rotationMatrix":[-0.438049883,-0.898950696,0,0.898950696,-0.438049883,0,0,0,1],"scale":1.1394062,"type":"eca_rock_big_wide"}
{"pos":[-815.257446,80.4505844,16.7502365],"rotationMatrix":[0.984276354,-0.17663525,0,0.17663525,0.984276354,0,0,0,1],"scale":1.03479242,"type":"eca_rock_big_wide"}
{"pos":[-818.721436,73.2511902,18.5250416],"rotationMatrix":[-0.810488105,0.58575511,0,-0.58575511,-0.810488105,0,0,0,1],"scale":1.07304239,"type":"eca_rock_big_wide"}
{"pos":[-804.186707,86.8109055,16.1412811],"rotationMatrix":[0.492031038,-0.870577693,0,0.870577693,0.492031038,0,0,0,1],"scale":1.10569775,"type":"eca_rock_big_wide"}
{"pos":[-814.18988,89.3177795,15.4031496],"rotationMatrix":[-0.281035513,-0.959697366,0,0.959697366,-0.281035513,0,0,0,1],"scale":1.26505792,"type":"eca_rock_big_wide"}
{"pos":[-798.656311,89.3523331,17.0050659],"rotationMatrix":[0.271719545,-0.962376475,0,0.962376475,0.271719545,0,0,0,1],"scale":1.15389085,"type":"eca_rock_big_wide"}
{"pos":[-784.295715,63.0360298,16.4619255],"rotationMatrix":[0.171076074,0.985257804,0,-0.985257804,0.171076074,0,0,0,1],"scale":1.03432858,"type":"eca_rock_big_wide"}
{"pos":[-800.427795,83.1192017,15.9305391],"rotationMatrix":[-0.974244535,-0.225493982,0,0.225493982,-0.974244535,0,0,0,1],"scale":1.28776193,"type":"eca_rock_big_wide"}
{"pos":[-799.252075,61.8079453,18.0614204],"rotationMatrix":[0.73024261,-0.683187902,0,0.683187902,0.73024261,0,0,0,1],"scale":1.08287513,"type":"eca_rock_big_wide"}
{"pos":[-805.761414,68.92202,17.8759136],"rotationMatrix":[-0.992256224,0.124207601,0,-0.124207601,-0.992256224,0,0,0,1],"scale":1.10306489,"type":"eca_rock_big_wide"}
{"pos":[-799.500061,51.7497292,22.0132084],"rotationMatrix":[0.896612525,-0.442815989,0,0.442815989,0.896612525,0,0,0,1],"scale":1.24730897,"type":"eca_rock_big_wide"}
{"pos":[-792.638306,87.1754608,17.253582],"rotationMatrix":[0.301719934,0.953396618,0,-0.953396618,0.301719934,0,0,0,1],"scale":1.01992559,"type":"eca_rock_big_wide"}
{"pos":[-803.014893,71.6031418,16.5861759],"rotationMatrix":[0.864698827,-0.502290666,0,0.502290666,0.864698827,0,0,0,1],"scale":1.21975815,"type":"eca_rock_big_wide"}
{"pos":[-790.363159,63.8774223,16.6456699],"rotationMatrix":[0.796767533,0.604285896,0,-0.604285896,0.796767533,0,0,0,1],"scale":1.06643403,"type":"eca_rock_big_wide"}
{"pos":[-771.779724,82.0722198,18.0345383],"rotationMatrix":[-0.177959189,0.984037876,0,-0.984037876,-0.177959189,0,0,0,1],"scale":1.24688745,"type":"eca_rock_big_wide"}
{"pos":[-780.940735,84.9650421,17.8336563],"rotationMatrix":[0.749237478,0.662301421,0,-0.662301421,0.749237478,0,0,0,1],"scale":1.02271128,"type":"eca_rock_big_wide"}
{"pos":[-767.145142,65.9136124,16.4085598],"rotationMatrix":[-0.678286612,0.734797478,0,-0.734797478,-0.678286612,0,0,0,1],"scale":1.15449882,"type":"eca_rock_big_wide"}
{"pos":[-777.539185,51.077652,17.722023],"rotationMatrix":[0.999743998,-0.0226260796,0,0.0226260796,0.999743998,0,0,0,1],"scale":1.07509685,"type":"eca_rock_big_wide"}
{"pos":[-779.424072,81.2577362,17.3866997],"rotationMatrix":[-0.348180026,0.9374277,0,-0.9374277,-0.348180026,0,0,0,1],"scale":1.1775825,"type":"eca_rock_big_wide"}
{"pos":[-776.83844,68.0069962,15.9077845],"rotationMatrix":[-0.880418479,-0.474197507,0,0.474197507,-0.880418479,0,0,0,1],"scale":1.28178048,"type":"eca_rock_big_wide"}
{"pos":[-769.730469,84.2622757,18.4380741],"rotationMatrix":[0.831176698,0.556008339,0,-0.556008339,0.831176698,0,0,0,1],"scale":1.17050838,"type":"eca_rock_big_wide"}
{"pos":[-766.284119,75.2606659,17.534832],"rotationMatrix":[-0.455917627,0.89002198,0,-0.89002198,-0.455917627,0,0,0,1],"scale":1.26623833,"type":"eca_rock_big_wide"}
{"pos":[-771.484314,77.8390961,17.8158512],"rotationMatrix":[0.885204792,0.465201497,0,-0.465201497,0.885204792,0,0,0,1],"scale":1.27383494,"type":"eca_rock_big_wide"}
{"pos":[-779.115784,83.7618561,17.5658035],"rotationMatrix":[0.299679101,-0.954040051,0,0.954040051,0.299679101,0,0,0,1],"scale":1.08998001,"type":"eca_rock_big_wide"}
{"pos":[-789.352295,71.0110168,15.9977541],"rotationMatrix":[-0.804305136,-0.594216526,0,0.594216526,-0.804305136,0,0,0,1],"scale":1.15585482,"type":"eca_rock_big_wide"}
{"pos":[-754.7005,51.6381569,15.1809912],"rotationMatrix":[0.404196799,0.914672077,0,-0.914672077,0.404196799,0,0,0,1],"scale":1.09410667,"type":"eca_rock_big_wide"}
{"pos":[-757.03656,59.2578506,15.7740736],"rotationMatrix":[-0.253511816,-0.967332304,0,0.967332304,-0.253511816,0,0,0,1],"scale":1.28004336,"type":"eca_rock_big_wide"}
{"pos":[-754.600342,55.1235237,15.5508099],"rotationMatrix":[0.965855241,0.259082288,0,-0.259082288,0.965855241,0,0,0,1],"scale":1.08004606,"type":"eca_rock_big_wide"}
{"pos":[-760.828735,38.451973,18.3120079],"rotationMatrix":[0.355740815,0.934584677,0,-0.934584677,0.355740815,0,0,0,1],"scale":1.1057322,"type":"eca_rock_big_wide"}
{"pos":[-750.660034,46.226696,14.4507055],"rotationMatrix":[-0.691616833,-0.722264588,0,0.722264588,-0.691616833,0,0,0,1],"scale":1.02275765,"type":"eca_rock_big_wide"}
{"pos":[-751.040222,40.4409981,15.4632664],"rotationMatrix":[-0.0913641006,0.995817542,0,-0.995817542,-0.0913641006,0,0,0,1],"scale":1.23842478,"type":"eca_rock_big_wide"}
{"pos":[-750.180664,38.4246902,15.3571501],"rotationMatrix":[0.816673517,-0.577099979,0,0.577099979,0.816673517,0,0,0,1],"scale":1.21162343,"type":"eca_rock_big_wide"}
{"pos":[-752.922363,32.9570045,18.5885315],"rotationMatrix":[-0.23292008,0.972495854,0,-0.972495854,-0.23292008,0,0,0,1],"scale":1.06442118,"type":"eca_rock_big_wide"}
{"pos":[-725.400513,34.5603371,17.6015739],"rotationMatrix":[-0.888788283,-0.458317995,0,0.458317995,-0.888788283,0,0,0,1],"scale":1.27034867,"type":"eca_rock_big_wide"}
{"pos":[-745.680054,25.9177361,16.5472622],"rotationMatrix":[-0.623052537,-0.782179952,0,0.782179952,-0.623052537,0,0,0,1],"scale":1.22345734,"type":"eca_rock_big_wide"}
{"pos":[-734.61969,26.0446682,15.5997343],"rotationMatrix":[-0.917712033,0.397246361,0,-0.397246361,-0.917712033,0,0,0,1],"scale":1.07186699,"type":"eca_rock_big_wide"}
{"pos":[-740.732422,20.7800026,15.3989067],"rotationMatrix":[0.799026191,-0.601296186,0,0.601296186,0.799026191,0,0,0,1],"scale":1.22144067,"type":"eca_rock_big_wide"}
{"pos":[-728.662537,19.2906265,16.7814274],"rotationMatrix":[-0.245387003,-0.969425201,0,0.969425201,-0.245387003,0,0,0,1],"scale":1.07053781,"type":"eca_rock_big_wide"}
{"pos":[-730.094238,23.244545,16.5062313],"rotationMatrix":[0.170530081,-0.985352457,0,0.985352457,0.170530081,0,0,0,1],"scale":1.18737674,"type":"eca_rock_big_wide"}
{"pos":[-727.256042,14.7929726,17.5691929],"rotationMatrix":[0.0933130011,-0.995636821,0,0.995636821,0.0933130011,0,0,0,1],"scale":1.02729285,"type":"eca_rock_big_wide"}
{"pos":[-753.831055,38.825943,16.4027367],"rotationMatrix":[-0.275641143,-0.961260617,0,0.961260617,-0.275641143,0,0,0,1],"scale":1.2662437,"type":"eca_rock_big_wide"}
{"pos":[-747.120056,18.1015148,18.0617332],"rotationMatrix":[-0.548755109,-0.835983157,0,0.835983157,-0.548755109,0,0,0,1],"scale":1.06584096,"type":"eca_rock_big_wide"}
{"pos":[-753.130371,12.5180283,18.8229809],"rotationMatrix":[-0.925473034,-0.378813535,0,0.378813535,-0.925473034,0,0,0,1],"scale":1.2563138,"type":"eca_rock_big_wide"}
{"pos":[-763.212891,25.5453186,20.3593502],"rotationMatrix":[0.917539001,0.397645831,0,-0.397645831,0.917539001,0,0,0,1],"scale":1.0203917,"type":"eca_rock_big_wide"}
{"pos":[-744.669556,1.53152275,16.4743328],"rotationMatrix":[0.54274869,-0.839895189,0,0.839895189,0.54274869,0,0,0,1],"scale":1.02370858,"type":"eca_rock_big_wide"}
{"pos":[-760.135071,10.3889818,19.7555313],"rotationMatrix":[0.746783793,-0.665066898,0,0.665066898,0.746783793,0,0,0,1],"scale":1.27177739,"type":"eca_rock_big_wide"}
{"pos":[-745.701355,44.8157997,14.1915426],"rotationMatrix":[-0.532173514,-0.846635342,0,0.846635342,-0.532173514,0,0,0,1],"scale":1.26172233,"type":"eca_rock_big_wide"}
{"pos":[-734.679565,50.0371094,18.1176567],"rotationMatrix":[-0.998950362,0.0458054841,0,-0.0458054841,-0.998950362,0,0,0,1],"scale":1.09238601,"type":"eca_rock_big_wide"}
{"pos":[-846.81134,211.81987,24.8372631],"rotationMatrix":[-0.931087434,-0.364796013,0,0.364796013,-0.931087434,0,0,0,1],"scale":1.11884809,"type":"eca_rock_big_wide"}
{"pos":[-843.177246,218.482651,25.3816204],"rotationMatrix":[0.988636672,-0.150324643,0,0.150324643,0.988636672,0,0,0,1],"scale":1.27646112,"type":"eca_rock_big_wide"}
{"pos":[-843.603027,212.70993,25.3578758],"rotationMatrix":[0.811191738,-0.584780216,0,0.584780216,0.811191738,0,0,0,1],"scale":1.02421117,"type":"eca_rock_big_wide"}
{"pos":[-847.94812,212.350098,24.433115],"rotationMatrix":[0.784064472,0.620679379,0,-0.620679379,0.784064472,0,0,0,1],"scale":1.28250337,"type":"eca_rock_big_wide"}
{"pos":[-858.989502,210.467194,26.0989838],"rotationMatrix":[0.778770864,0.627308488,0,-0.627308488,0.778770864,0,0,0,1],"scale":1.13282728,"type":"eca_rock_big_wide"}
{"pos":[-856.230103,210.942627,25.5609894],"rotationMatrix":[-0.242794022,-0.970077872,0,0.970077872,-0.242794022,0,0,0,1],"scale":1.26704228,"type":"eca_rock_big_wide"}
{"pos":[-859.559814,203.764832,25.1734085],"rotationMatrix":[-0.943105221,-0.332494378,0,0.332494378,-0.943105221,0,0,0,1],"scale":1.1482414,"type":"eca_rock_big_wide"}
{"pos":[-852.683655,166.000534,27.57901],"rotationMatrix":[-0.423530251,0.905881941,0,-0.905881941,-0.423530251,0,0,0,1],"scale":1.08986211,"type":"eca_rock_big_wide"}
{"pos":[-834.647339,164.520645,25.8827229],"rotationMatrix":[0.24899435,0.968504965,0,-0.968504965,0.24899435,0,0,0,1],"scale":1.09217918,"type":"eca_rock_big_wide"}
{"pos":[-846.440674,151.024673,27.778965],"rotationMatrix":[-0.617771149,-0.786357939,0,0.786357939,-0.617771149,0,0,0,1],"scale":1.04089892,"type":"eca_rock_big_wide"}
{"pos":[-835.131653,129.819138,26.1056595],"rotationMatrix":[0.972517252,-0.232830882,0,0.232830882,0.972517252,0,0,0,1],"scale":1.21213567,"type":"eca_rock_big_wide"}
{"pos":[-831.619995,132.033539,25.8622303],"rotationMatrix":[0.560337186,-0.828264594,0,0.828264594,0.560337186,0,0,0,1],"scale":1.08014643,"type":"eca_rock_big_wide"}
{"pos":[-865.381287,176.318985,30.226656],"rotationMatrix":[-0.92519182,0.379499823,0,-0.379499823,-0.92519182,0,0,0,1],"scale":1.12555408,"type":"eca_rock_big_wide"}
{"pos":[-862.974792,176.586761,29.5089874],"rotationMatrix":[0.618836761,-0.7855196,0,0.7855196,0.618836761,0,0,0,1],"scale":1.14539576,"type":"eca_rock_big_wide"}
{"pos":[-854.843506,175.526627,25.9921494],"rotationMatrix":[0.454811335,0.890587807,0,-0.890587807,0.454811335,0,0,0,1],"scale":1.16562629,"type":"eca_rock_big_wide"}
{"pos":[-860.527344,173.061813,28.6498165],"rotationMatrix":[-0.919807494,-0.392369926,0,0.392369926,-0.919807494,0,0,0,1],"scale":1.11754978,"type":"eca_rock_big_wide"}
{"pos":[-852.229736,171.341949,26.3976536],"rotationMatrix":[0.659013391,-0.752131224,0,0.752131224,0.659013391,0,0,0,1],"scale":1.21177495,"type":"eca_rock_big_wide"}
