{"pos":[-0.124686718,-29.6420994,252.742126],"rotationMatrix":[0.753385365,0.657579243,0,-0.657579243,0.753385365,0,0,0,0.999999881],"scale":1.00266755,"type":"eca_rock_big_narrow"}
{"pos":[-1.71282005,-29.559761,252.272476],"rotationMatrix":[0.787070453,0.616862953,0,-0.606953621,0.774426877,0.178522572,0.110123992,-0.140509874,0.983935654],"scale":1.07900357,"type":"eca_rock_big_narrow"}
{"pos":[-5.95406532,-30.123642,252.633926],"rotationMatrix":[-0.470807672,0.882235706,0,-0.882235706,-0.470807672,0,0,0,0.999999881],"scale":1.18956304,"type":"eca_rock_big_narrow"}
{"pos":[226.355927,51.2413445,251.512207],"rotationMatrix":[-0.651910245,0.758295894,0,-0.758295894,-0.651910245,0,0,0,0.999999881],"scale":1.24765456,"type":"eca_rock_big_narrow"}
{"pos":[262.634613,91.5633392,254.435043],"rotationMatrix":[-0.990329564,0.138733938,0,-0.138733938,-0.990329564,0,0,0,0.999999881],"scale":1.03996563,"type":"eca_rock_big_narrow"}
{"pos":[303.558746,123.418228,254.354004],"rotationMatrix":[-0.930007398,-0.367540836,0,0.367540836,-0.930007398,0,0,0,0.999999881],"scale":1.22153687,"type":"eca_rock_big_narrow"}
{"pos":[-648.798462,320.999237,232.824326],"rotationMatrix":[0.435625732,-0.900127709,0,0.900127709,0.435625732,0,0,0,0.999999881],"scale":1.2724154,"type":"eca_rock_big_narrow"}
{"pos":[272.989807,321.247162,223.581863],"rotationMatrix":[0.128523633,0.148793101,0.980480313,-0.961723387,-0.222571984,0.159841433,0.242010832,-0.96349442,0.114492059],"scale":6.66922665,"type":"eca_rock_big_narrow"}
{"pos":[287.396362,289.338623,223.581863],"rotationMatrix":[0.107074954,-0.175564557,0.978626966,0.991364121,-0.0560942292,-0.118531823,0.0757053047,0.982867956,0.168042153],"scale":6.66922665,"type":"eca_rock_big_narrow"}
{"pos":[290.944458,295.40921,217.103256],"rotationMatrix":[-0.802665234,-0.175564542,-0.57000351,-0.569899917,-0.0560942255,0.819796681,-0.17590116,0.982867897,-0.055029355],"scale":6.66922665,"type":"eca_rock_big_narrow"}
{"pos":[300.564667,224.009003,254.463348],"rotationMatrix":[-0.183374703,-0.983043015,0,0.983043015,-0.183374703,0,0,0,0.999999881],"scale":1.29038763,"type":"eca_rock_big_narrow"}
{"pos":[315.426941,240.146194,255.192062],"rotationMatrix":[0.746432126,0.66546154,0,-0.66546154,0.746432126,0,0,0,0.999999881],"scale":1.15175796,"type":"eca_rock_big_narrow"}
{"pos":[326.594971,244.461761,257.393036],"rotationMatrix":[0.408137202,-0.912920535,0,0.912920535,0.408137202,0,0,0,0.999999881],"scale":1.11518216,"type":"eca_rock_big_narrow"}
{"pos":[328.470612,348.432251,263.559875],"rotationMatrix":[0.262390137,-0.964961767,0,0.964961767,0.262390137,0,0,0,0.999999881],"scale":1.23226023,"type":"eca_rock_big_narrow"}
{"pos":[446.763458,126.997894,256.37915],"rotationMatrix":[-0.99586755,0.0908154994,0,-0.0908154994,-0.99586755,0,0,0,0.999999881],"scale":1.28241205,"type":"eca_rock_big_narrow"}
{"pos":[516.076721,95.9864197,257.304932],"rotationMatrix":[-0.42810297,0.903729796,0,-0.903729796,-0.42810297,0,0,0,0.999999881],"scale":1.17784762,"type":"eca_rock_big_narrow"}
{"pos":[511.526123,83.9907379,255.900589],"rotationMatrix":[0.461526781,-0.887126148,0,0.887126148,0.461526781,0,0,0,0.999999881],"scale":1.2961421,"type":"eca_rock_big_narrow"}
{"pos":[515.983093,111.731995,257.140442],"rotationMatrix":[-0.821775079,0.56981194,0,-0.56981194,-0.821775079,0,0,0,0.999999881],"scale":1.03994739,"type":"eca_rock_big_narrow"}
{"pos":[502.481995,118.47081,256.391907],"rotationMatrix":[0.815890729,0.578206062,0,-0.578206062,0.815890729,0,0,0,0.999999881],"scale":1.04701209,"type":"eca_rock_big_narrow"}
{"pos":[513.959595,122.836052,256.965485],"rotationMatrix":[-0.842828751,-0.538181841,0,0.538181841,-0.842828751,0,0,0,0.999999881],"scale":1.12974966,"type":"eca_rock_big_narrow"}
{"pos":[469.815979,165.899307,254.881744],"rotationMatrix":[0.132365361,0.991200864,0,-0.991200864,0.132365361,0,0,0,0.999999881],"scale":1.24935567,"type":"eca_rock_big_narrow"}
{"pos":[468.401611,166.397461,255.427322],"rotationMatrix":[-0.518184662,0.855268598,0,-0.855268598,-0.518184662,0,0,0,0.999999881],"scale":1.13847804,"type":"eca_rock_big_narrow"}
{"pos":[468.9487,149.324951,255.358582],"rotationMatrix":[0.652013958,-0.758206785,0,0.758206785,0.652013958,0,0,0,0.999999881],"scale":1.07121456,"type":"eca_rock_big_narrow"}
{"pos":[457.328857,187.171753,254.447708],"rotationMatrix":[-0.342544556,-0.939501464,0,0.939501464,-0.342544556,0,0,0,0.999999881],"scale":1.16493225,"type":"eca_rock_big_narrow"}
{"pos":[448.738739,215.425476,252.89032],"rotationMatrix":[-0.564546943,-0.825400949,0,0.825400949,-0.564546943,0,0,0,0.999999881],"scale":1.10021877,"type":"eca_rock_big_narrow"}
{"pos":[448.922516,218.57576,252.987122],"rotationMatrix":[-0.998893857,-0.0470199287,0,0.0470199287,-0.998893857,0,0,0,0.999999881],"scale":1.24111986,"type":"eca_rock_big_narrow"}
{"pos":[429.954865,277.897858,251.40921],"rotationMatrix":[0.351728171,-0.936102092,0,0.936102092,0.351728171,0,0,0,0.999999881],"scale":1.062397,"type":"eca_rock_big_narrow"}
{"pos":[411.78241,278.593903,250.582306],"rotationMatrix":[-0.326081485,-0.945341647,0,0.945341647,-0.326081485,0,0,0,0.999999881],"scale":1.13055241,"type":"eca_rock_big_narrow"}
{"pos":[425.02533,277.292908,251.238815],"rotationMatrix":[-0.875405431,-0.483389467,0,0.483389467,-0.875405431,0,0,0,0.999999881],"scale":1.10373473,"type":"eca_rock_big_narrow"}
{"pos":[402.349213,305.26474,250.334244],"rotationMatrix":[0.277806282,-0.960637033,0,0.960637033,0.277806282,0,0,0,0.999999881],"scale":1.21297348,"type":"eca_rock_big_narrow"}
{"pos":[500.720459,147.047073,256.65863],"rotationMatrix":[-0.110546976,0.993870795,0,-0.993870795,-0.110546976,0,0,0,0.999999881],"scale":1.11960149,"type":"eca_rock_big_narrow"}
{"pos":[472.581329,206.383774,253.858398],"rotationMatrix":[0.121112928,-0.992638648,0,0.992638648,0.121112928,0,0,0,0.999999881],"scale":1.19931889,"type":"eca_rock_big_narrow"}
{"pos":[413.961426,316.873505,253.615814],"rotationMatrix":[0.467082441,0.884213746,0,-0.884213746,0.467082441,0,0,0,0.999999881],"scale":1.02612579,"type":"eca_rock_big_narrow"}
{"pos":[395.977081,323.40802,250.250885],"rotationMatrix":[-0.88752383,0.460761756,0,-0.460761756,-0.88752383,0,0,0,0.999999881],"scale":1.27648067,"type":"eca_rock_big_narrow"}
{"pos":[515.39502,34.8398056,254.854431],"rotationMatrix":[-0.230338037,-0.973110616,0,0.973110616,-0.230338037,0,0,0,0.999999881],"scale":1.11027026,"type":"eca_rock_big_narrow"}
{"pos":[533.349792,46.5748863,258.981384],"rotationMatrix":[0.150451049,0.98861742,0,-0.98861742,0.150451049,0,0,0,0.999999881],"scale":1.0306356,"type":"eca_rock_big_narrow"}
{"pos":[533.593079,54.8964806,258.991211],"rotationMatrix":[-0.873982489,-0.485957474,0,0.485957474,-0.873982489,0,0,0,0.999999881],"scale":1.25261033,"type":"eca_rock_big_narrow"}
{"pos":[533.75824,39.7341919,258.815552],"rotationMatrix":[0.662218034,0.749311149,0,-0.749311149,0.662218034,0,0,0,0.999999881],"scale":1.00295687,"type":"eca_rock_big_narrow"}
{"pos":[537.516113,43.5993958,258.838348],"rotationMatrix":[0.672373474,-0.740211904,0,0.740211904,0.672373474,0,0,0,0.999999881],"scale":1.10872841,"type":"eca_rock_big_narrow"}
{"pos":[532.631042,49.7480888,258.552094],"rotationMatrix":[0.932836354,0.360300183,0,-0.360300183,0.932836354,0,0,0,0.999999881],"scale":1.18185019,"type":"eca_rock_big_narrow"}
{"pos":[527.148499,59.5073624,258.821289],"rotationMatrix":[0.0889940783,0.996032059,0,-0.996032059,0.0889940783,0,0,0,0.999999881],"scale":1.07538295,"type":"eca_rock_big_narrow"}
{"pos":[535.91272,83.8361282,258.756439],"rotationMatrix":[0.749587357,0.661905408,0,-0.661905408,0.749587357,0,0,0,0.999999881],"scale":1.23610258,"type":"eca_rock_big_narrow"}
{"pos":[523.436829,88.589859,257.793793],"rotationMatrix":[0.0110744666,-0.999938607,0,0.999938607,0.0110744666,0,0,0,0.999999881],"scale":1.27894402,"type":"eca_rock_big_narrow"}
{"pos":[525.742737,83.7148743,257.727234],"rotationMatrix":[0.817835629,0.575451851,0,-0.575451851,0.817835629,0,0,0,0.999999881],"scale":1.16507363,"type":"eca_rock_big_narrow"}
{"pos":[513.819031,44.6048813,255.136703],"rotationMatrix":[-0.3938196,-0.919187665,0,0.919187665,-0.3938196,0,0,0,0.999999881],"scale":1.00683057,"type":"eca_rock_big_narrow"}
{"pos":[515.061951,39.549202,255.713165],"rotationMatrix":[0.65639317,0.754418969,0,-0.754418969,0.65639317,0,0,0,0.999999881],"scale":1.19429898,"type":"eca_rock_big_narrow"}
{"pos":[539.113953,43.4484901,258.471344],"rotationMatrix":[-0.990463912,-0.13777177,0,0.13777177,-0.990463912,0,0,0,0.999999881],"scale":1.16253388,"type":"eca_rock_big_narrow"}
{"pos":[537.233215,40.2141609,258.74292],"rotationMatrix":[0.116348483,0.993208349,0,-0.993208349,0.116348483,0,0,0,0.999999881],"scale":1.15007138,"type":"eca_rock_big_narrow"}
{"pos":[539.603638,31.8727627,258.404694],"rotationMatrix":[0.118972741,-0.992897451,0,0.992897451,0.118972741,0,0,0,0.999999881],"scale":1.075418,"type":"eca_rock_big_narrow"}
{"pos":[520.423828,35.7158356,256.026642],"rotationMatrix":[0.623199999,0.782062471,0,-0.782062471,0.623199999,0,0,0,0.999999881],"scale":1.04719746,"type":"eca_rock_big_narrow"}
{"pos":[524.720032,42.2575989,257.880798],"rotationMatrix":[0.985528588,0.169508845,0,-0.169508845,0.985528588,0,0,0,0.999999881],"scale":1.04857612,"type":"eca_rock_big_narrow"}
{"pos":[519.004944,36.6328735,255.71936],"rotationMatrix":[0.515958548,0.856613576,0,-0.856613576,0.515958548,0,0,0,0.999999881],"scale":1.24884939,"type":"eca_rock_big_narrow"}
{"pos":[528.739075,43.817234,258.688019],"rotationMatrix":[0.332991481,0.942929804,0,-0.942929804,0.332991481,0,0,0,0.999999881],"scale":1.0773356,"type":"eca_rock_big_narrow"}
{"pos":[534.883911,45.8245239,258.81189],"rotationMatrix":[-0.749426126,0.662087679,0,-0.662087679,-0.749426126,0,0,0,0.999999881],"scale":1.0268383,"type":"eca_rock_big_narrow"}
{"pos":[532.420593,39.7084122,258.971985],"rotationMatrix":[0.652241647,-0.758011043,0,0.758011043,0.652241647,0,0,0,0.999999881],"scale":1.11543894,"type":"eca_rock_big_narrow"}
{"pos":[536.944763,38.7363586,258.758545],"rotationMatrix":[0.85733676,-0.514755666,0,0.514755666,0.85733676,0,0,0,0.999999881],"scale":1.02184021,"type":"eca_rock_big_narrow"}
{"pos":[538.196716,34.7474518,258.408386],"rotationMatrix":[0.655273318,-0.755391777,0,0.755391777,0.655273318,0,0,0,0.999999881],"scale":1.02386141,"type":"eca_rock_big_narrow"}
{"pos":[524.911377,50.6619453,257.812256],"rotationMatrix":[0.521403134,-0.853310287,0,0.853310287,0.521403134,0,0,0,0.999999881],"scale":1.20041394,"type":"eca_rock_big_narrow"}
{"pos":[516.208679,38.4990883,255.852188],"rotationMatrix":[-0.345385015,0.938461006,0,-0.938461006,-0.345385015,0,0,0,0.999999881],"scale":1.26623058,"type":"eca_rock_big_narrow"}
{"pos":[522.080505,37.0041046,256.675049],"rotationMatrix":[0.984831393,-0.173513696,0,0.173513696,0.984831393,0,0,0,0.999999881],"scale":1.10206544,"type":"eca_rock_big_narrow"}
{"pos":[530.06427,34.7856903,258.209015],"rotationMatrix":[0.361687005,-0.932299554,0,0.932299554,0.361687005,0,0,0,0.999999881],"scale":1.16468954,"type":"eca_rock_big_narrow"}
{"pos":[541.869995,34.7315559,257.729675],"rotationMatrix":[0.930279672,-0.366850972,0,0.366850972,0.930279672,0,0,0,0.999999881],"scale":1.22601271,"type":"eca_rock_big_narrow"}
{"pos":[516.872559,37.5648155,255.162949],"rotationMatrix":[-0.886070907,-0.463549495,0,0.463549495,-0.886070907,0,0,0,0.999999881],"scale":1.18852723,"type":"eca_rock_big_narrow"}
{"pos":[527.568359,34.6830406,257.319977],"rotationMatrix":[-0.88396889,0.46754545,0,-0.46754545,-0.88396889,0,0,0,0.999999881],"scale":1.10677505,"type":"eca_rock_big_narrow"}
{"pos":[313.055939,293.574463,231.545227],"rotationMatrix":[-0.551939607,0.833883882,0,-0.833883882,-0.551939607,0,0,0,0.999999881],"scale":1.12523079,"type":"eca_rock_big_narrow"}
{"pos":[311.135864,296.770721,227.389252],"rotationMatrix":[-0.623315334,-0.781970441,0,0.781970441,-0.623315334,0,0,0,0.999999881],"scale":1.23491406,"type":"eca_rock_big_narrow"}
{"pos":[295.024597,309.46286,220.387589],"rotationMatrix":[0.856186032,-0.516667426,0,0.516667426,0.856186032,0,0,0,0.999999881],"scale":1.18704939,"type":"eca_rock_big_narrow"}
{"pos":[296.442444,310.08255,221.107193],"rotationMatrix":[0.0810770765,-0.996707737,0,0.996707737,0.0810770765,0,0,0,0.999999881],"scale":1.28903174,"type":"eca_rock_big_narrow"}
{"pos":[279.561737,318.272247,220.158127],"rotationMatrix":[-0.593575537,-0.804778159,0,0.804778159,-0.593575537,0,0,0,0.999999881],"scale":1.15320706,"type":"eca_rock_big_narrow"}
{"pos":[260.202209,319.829285,223.176559],"rotationMatrix":[0.748554647,-0.663072884,0,0.663072884,0.748554647,0,0,0,0.999999881],"scale":1.07909513,"type":"eca_rock_big_narrow"}
{"pos":[257.695587,313.851379,219.37294],"rotationMatrix":[0.658063948,0.752961993,0,-0.752961993,0.658063948,0,0,0,0.999999881],"scale":1.06163454,"type":"eca_rock_big_narrow"}
{"pos":[288.862671,304.336945,219.359055],"rotationMatrix":[-0.372443229,-0.928054929,0,0.928054929,-0.372443229,0,0,0,0.999999881],"scale":1.08303559,"type":"eca_rock_big_narrow"}
{"pos":[285.120697,303.21225,219.479187],"rotationMatrix":[-0.593230844,0.805032194,0,-0.805032194,-0.593230844,0,0,0,0.999999881],"scale":1.0573988,"type":"eca_rock_big_narrow"}
{"pos":[270.629028,271.669586,226.4617],"rotationMatrix":[-0.255502403,0.966808259,0,-0.966808259,-0.255502403,0,0,0,0.999999881],"scale":1.13467789,"type":"eca_rock_big_narrow"}
{"pos":[278.5755,280.707275,224.710602],"rotationMatrix":[-0.616121113,-0.78765142,0,0.78765142,-0.616121113,0,0,0,0.999999881],"scale":1.20359921,"type":"eca_rock_big_narrow"}
{"pos":[281.561676,271.235199,227.105667],"rotationMatrix":[0.297344416,0.954770267,0,-0.954770267,0.297344416,0,0,0,0.999999881],"scale":1.10717809,"type":"eca_rock_big_narrow"}
{"pos":[281.08786,292.698547,221.621811],"rotationMatrix":[0.600194931,-0.799853623,0,0.799853623,0.600194931,0,0,0,0.999999881],"scale":1.06783676,"type":"eca_rock_big_narrow"}
{"pos":[300.139099,289.987488,225.130447],"rotationMatrix":[-0.687567055,0.72612077,0,-0.72612077,-0.687567055,0,0,0,0.999999881],"scale":1.22905743,"type":"eca_rock_big_narrow"}
{"pos":[294.713928,290.173492,225.255493],"rotationMatrix":[-0.347316086,0.937748015,0,-0.937748015,-0.347316086,0,0,0,0.999999881],"scale":1.0089432,"type":"eca_rock_big_narrow"}
{"pos":[304.396118,302.896545,226.326935],"rotationMatrix":[0.681706369,-0.731625795,0,0.731625795,0.681706369,0,0,0,0.999999881],"scale":1.09707713,"type":"eca_rock_big_narrow"}
{"pos":[310.359955,304.996063,233.32309],"rotationMatrix":[0.808392584,0.58864367,0,-0.58864367,0.808392584,0,0,0,0.999999881],"scale":1.03332126,"type":"eca_rock_big_narrow"}
{"pos":[301.339447,309.703217,226.143906],"rotationMatrix":[0.989830554,-0.14225103,0,0.14225103,0.989830554,0,0,0,0.999999881],"scale":1.03151882,"type":"eca_rock_big_narrow"}
{"pos":[345.746796,195.922562,263.731354],"rotationMatrix":[0.276433855,-0.961032808,0,0.961032808,0.276433855,0,0,0,0.999999881],"scale":1.02090394,"type":"eca_rock_big_narrow"}
{"pos":[331.59494,208.52478,263.44339],"rotationMatrix":[-0.874778926,0.484522045,0,-0.484522045,-0.874778926,0,0,0,0.999999881],"scale":1.29470658,"type":"eca_rock_big_narrow"}
{"pos":[363.250366,234.211761,263.314545],"rotationMatrix":[-0.543862402,-0.83917433,0,0.83917433,-0.543862402,0,0,0,0.999999881],"scale":1.05481434,"type":"eca_rock_big_narrow"}
{"pos":[356.790283,235.648697,263.75412],"rotationMatrix":[-0.981631696,-0.190785587,0,0.190785587,-0.981631696,0,0,0,0.999999881],"scale":1.16712689,"type":"eca_rock_big_narrow"}
{"pos":[356.063385,220.259995,263.436523],"rotationMatrix":[0.344911814,-0.938634932,0,0.938634932,0.344911814,0,0,0,0.999999881],"scale":1.09259748,"type":"eca_rock_big_narrow"}
{"pos":[447.105499,28.549427,262.513123],"rotationMatrix":[-0.398046106,-0.917365372,0,0.917365372,-0.398046106,0,0,0,0.999999881],"scale":1.0743562,"type":"eca_rock_big_narrow"}
{"pos":[452.648682,21.876646,263.413574],"rotationMatrix":[-0.0736825317,0.997281611,0,-0.997281611,-0.0736825317,0,0,0,0.999999881],"scale":1.28708577,"type":"eca_rock_big_narrow"}
{"pos":[421.35788,2.61604691,272.846954],"rotationMatrix":[0.995474398,-0.0950296894,0,0.0950296894,0.995474398,0,0,0,0.999999881],"scale":1.22602654,"type":"eca_rock_big_narrow"}
{"pos":[431.594543,7.99932194,268.392822],"rotationMatrix":[-0.772280812,0.635281205,0,-0.635281205,-0.772280812,0,0,0,0.999999881],"scale":1.25413799,"type":"eca_rock_big_narrow"}
{"pos":[445.801422,57.4024315,257.59079],"rotationMatrix":[0.929494619,0.368835539,0,-0.368835539,0.929494619,0,0,0,0.999999881],"scale":1.09786892,"type":"eca_rock_big_narrow"}
{"pos":[240.84259,213.113632,250.102859],"rotationMatrix":[0.0609860159,0.998138547,0,-0.998138547,0.0609860159,0,0,0,0.999999881],"scale":1.11699569,"type":"eca_rock_big_narrow"}
{"pos":[172.45076,-67.598114,256.976959],"rotationMatrix":[0.953904331,0.300110877,0,-0.300110877,0.953904331,0,0,0,0.999999881],"scale":1.016873,"type":"eca_rock_big_narrow"}
{"pos":[157.349686,-13.4364414,253.48996],"rotationMatrix":[0.0257269908,0.999668896,0,-0.999668896,0.0257269908,0,0,0,0.999999881],"scale":1.06135893,"type":"eca_rock_big_narrow"}
{"pos":[97.0502014,-158.036209,257.85321],"rotationMatrix":[-0.310934126,0.950431287,0,-0.950431287,-0.310934126,0,0,0,0.999999881],"scale":1.28015733,"type":"eca_rock_big_narrow"}
{"pos":[33.4269371,-87.1023407,253.993713],"rotationMatrix":[-0.42146638,0.906843901,0,-0.906843901,-0.42146638,0,0,0,0.999999881],"scale":1.24684739,"type":"eca_rock_big_narrow"}
{"pos":[44.1762009,-90.0785599,253.645355],"rotationMatrix":[0.672163427,-0.740402579,0,0.740402579,0.672163427,0,0,0,0.999999881],"scale":1.12382174,"type":"eca_rock_big_narrow"}
{"pos":[79.2394257,-19.884222,253.525955],"rotationMatrix":[0.573980033,-0.818869174,0,0.818869174,0.573980033,0,0,0,0.999999881],"scale":1.14970469,"type":"eca_rock_big_narrow"}
{"pos":[112.493599,4.49692917,253.695068],"rotationMatrix":[-0.413746476,-0.910391986,0,0.910391986,-0.413746476,0,0,0,0.999999881],"scale":1.08444452,"type":"eca_rock_big_narrow"}
{"pos":[152.404449,-206.213898,265.10144],"rotationMatrix":[-0.998146057,-0.0608629584,0,0.0608629584,-0.998146057,0,0,0,0.999999881],"scale":1.21349525,"type":"eca_rock_big_narrow"}
{"pos":[160.792892,-121.427063,262.961456],"rotationMatrix":[-0.997861862,-0.0653565079,0,0.0653565079,-0.997861862,0,0,0,0.999999881],"scale":1.07331514,"type":"eca_rock_big_narrow"}
{"pos":[117.349693,-202.440201,262.987396],"rotationMatrix":[0.873681605,0.486497432,0,-0.483301282,0.867941737,0.114439547,0.0556745678,-0.0999837667,0.993429899],"scale":1.01356077,"type":"eca_rock_big_narrow"}
{"pos":[134.532593,-241.030182,263.507416],"rotationMatrix":[-0.942142129,-0.106163464,0.317956328,0.0536634773,-0.984057367,-0.169559032,0.33088845,-0.142686173,0.932819426],"scale":0.844408691,"type":"eca_rock_big_narrow"}
{"pos":[56.2820091,-122.021255,255.082153],"rotationMatrix":[-0.992015541,-0.126115143,0,0.126115143,-0.992015541,0,0,0,0.999999881],"scale":1.09557688,"type":"eca_rock_big_narrow"}
{"pos":[-25.5526924,-102.003639,254.15094],"rotationMatrix":[0.287150621,0.957885444,0,-0.957885444,0.287150621,0,0,0,0.999999881],"scale":1.12348032,"type":"eca_rock_big_narrow"}
{"pos":[-34.581234,-97.2994614,253.912445],"rotationMatrix":[-0.676735699,0.736225963,0,-0.736225963,-0.676735699,0,0,0,0.999999881],"scale":1.00835037,"type":"eca_rock_big_narrow"}
{"pos":[241.484833,-120.055634,293.346283],"rotationMatrix":[0.581640005,-0.813446105,0,0.813446105,0.581640005,0,0,0,0.999999881],"scale":1.11260903,"type":"eca_rock_big_narrow"}
{"pos":[243.593353,-128.602982,293.661133],"rotationMatrix":[-0.983093321,-0.183104753,0,0.183104753,-0.983093321,0,0,0,0.999999881],"scale":1.16082835,"type":"eca_rock_big_narrow"}
{"pos":[230.300293,-150.681107,293.453766],"rotationMatrix":[-0.379881144,-0.925035298,0,0.925035298,-0.379881144,0,0,0,0.999999881],"scale":1.01580822,"type":"eca_rock_big_narrow"}
{"pos":[447.026886,98.4226685,263.441437],"rotationMatrix":[0.948272049,0.317458719,0,-0.317458719,0.948272049,0,0,0,0.999999881],"scale":1.191733,"type":"eca_rock_big_narrow"}
{"pos":[490.177155,61.0885277,263.644135],"rotationMatrix":[-0.877250135,-0.480033368,0,0.480033368,-0.877250135,0,0,0,0.999999881],"scale":1.29032922,"type":"eca_rock_big_narrow"}
{"pos":[482.220825,70.0961151,263.281738],"rotationMatrix":[0.822695792,0.568481803,0,-0.568481803,0.822695792,0,0,0,0.999999881],"scale":1.18904257,"type":"eca_rock_big_narrow"}
{"pos":[484.436798,62.972271,263.5112],"rotationMatrix":[-0.441948116,-0.897040546,0,0.897040546,-0.441948116,0,0,0,0.999999881],"scale":1.23030376,"type":"eca_rock_big_narrow"}
{"pos":[47.0982323,-327.599976,266.857483],"rotationMatrix":[0.10205321,0.994778872,0,-0.994778872,0.10205321,0,0,0,0.999999881],"scale":1.15293431,"type":"eca_rock_big_narrow"}
{"pos":[-269.574524,-210.993484,275.985657],"rotationMatrix":[0.883714259,0.468026727,0,-0.468026727,0.883714259,0,0,0,0.999999881],"scale":1.06603169,"type":"eca_rock_big_narrow"}
{"pos":[-221.783035,-202.052933,275.063477],"rotationMatrix":[0.963974535,-0.265994132,0,0.265994132,0.963974535,0,0,0,0.999999881],"scale":1.0708878,"type":"eca_rock_big_narrow"}
{"pos":[-311.365936,-217.953568,273.373016],"rotationMatrix":[0.9539693,-0.29990384,0,0.29990384,0.9539693,0,0,0,0.999999881],"scale":1.07639527,"type":"eca_rock_big_narrow"}
{"pos":[-283.13089,-107.333443,258.703857],"rotationMatrix":[-0.905250013,0.424879283,0,-0.424879283,-0.905250013,0,0,0,0.999999881],"scale":1.00733733,"type":"eca_rock_big_narrow"}
{"pos":[-285.492096,-106.760773,258.46405],"rotationMatrix":[0.90710634,0.420901567,0,-0.420901567,0.90710634,0,0,0,0.999999881],"scale":1.09659743,"type":"eca_rock_big_narrow"}
{"pos":[-459.527405,-192.608841,265.350677],"rotationMatrix":[-0.946649253,0.322265536,0,-0.322265536,-0.946649253,0,0,0,0.999999881],"scale":1.24287534,"type":"eca_rock_big_narrow"}
{"pos":[-456.016968,-167.856247,261.587891],"rotationMatrix":[-0.525059223,-0.851065516,0,0.851065516,-0.525059223,0,0,0,0.999999881],"scale":1.16020608,"type":"eca_rock_big_narrow"}
{"pos":[-443.559052,-140.708435,261.41098],"rotationMatrix":[-0.719030976,-0.69497782,0,0.69497782,-0.719030976,0,0,0,0.999999881],"scale":1.2854228,"type":"eca_rock_big_narrow"}
{"pos":[-360.983612,-71.729126,261.209473],"rotationMatrix":[0.771094322,-0.636720657,0,0.636720657,0.771094322,0,0,0,0.999999881],"scale":1.13282573,"type":"eca_rock_big_narrow"}
{"pos":[-362.754578,-64.6814346,260.211548],"rotationMatrix":[0.307457715,0.951561749,0,-0.951561749,0.307457715,0,0,0,0.999999881],"scale":1.05306053,"type":"eca_rock_big_narrow"}
{"pos":[-320.698761,-69.1201096,257.013306],"rotationMatrix":[0.44710815,0.89447993,0,-0.89447993,0.44710815,0,0,0,0.999999881],"scale":1.0724684,"type":"eca_rock_big_narrow"}
{"pos":[-381.703156,-25.931242,262.228851],"rotationMatrix":[-0.95734328,0.288952619,0,-0.288952619,-0.95734328,0,0,0,0.999999881],"scale":1.27504301,"type":"eca_rock_big_narrow"}
{"pos":[-363.551208,12.6778698,259.050629],"rotationMatrix":[-0.998036265,-0.0626369715,0,0.0626369715,-0.998036265,0,0,0,0.999999881],"scale":1.15048695,"type":"eca_rock_big_narrow"}
{"pos":[-243.310425,-24.249733,254.117859],"rotationMatrix":[0.388353676,-0.921510279,0,0.921510279,0.388353676,0,0,0,0.999999881],"scale":1.08226097,"type":"eca_rock_big_narrow"}
{"pos":[-71.7955093,-96.6473389,254.796051],"rotationMatrix":[-0.728378236,0.685175002,0,-0.685175002,-0.728378236,0,0,0,0.999999881],"scale":1.25876379,"type":"eca_rock_big_narrow"}
{"pos":[-95.6114502,-111.430481,255.450867],"rotationMatrix":[-0.800522625,-0.598451972,0.031914562,0.574303329,-0.781261683,-0.244552016,0.17128624,-0.177440807,0.969110548],"scale":0.788067818,"type":"eca_rock_big_narrow"}
{"pos":[-151.721329,-134.229553,281.471344],"rotationMatrix":[-0.287516475,-0.950939476,-0.114228606,0.532408237,-0.0595436953,-0.84439069,0.796162903,-0.303592503,0.523407817],"scale":1.02735102,"type":"eca_rock_big_narrow"}
{"pos":[-567.964172,-214.766052,268.084564],"rotationMatrix":[0.795497417,-0.605956852,0,0.605956852,0.795497417,0,0,0,0.999999881],"scale":1.20315242,"type":"eca_rock_big_narrow"}
{"pos":[-515.094788,-200.271835,265.323975],"rotationMatrix":[0.927922428,-0.372773141,0,0.372773141,0.927922428,0,0,0,0.999999881],"scale":1.27634799,"type":"eca_rock_big_narrow"}
{"pos":[-533.89917,-211.101974,267.794617],"rotationMatrix":[0.166680396,-0.986010909,0,0.986010909,0.166680396,0,0,0,0.999999881],"scale":1.12972879,"type":"eca_rock_big_narrow"}
{"pos":[-632.850403,-290.417206,282.758789],"rotationMatrix":[-0.385195941,-0.922834754,0,0.922834754,-0.385195941,0,0,0,0.999999881],"scale":1.12483311,"type":"eca_rock_big_narrow"}
{"pos":[-567.068298,-350.02359,285.734985],"rotationMatrix":[0.955193579,-0.295981526,0,0.295981526,0.955193579,0,0,0,0.999999881],"scale":1.29099655,"type":"eca_rock_big_narrow"}
{"pos":[-280.172882,12.3860636,254.349319],"rotationMatrix":[0.930792332,-0.359597266,-0.0656881705,0.358885348,0.864801049,0.351169646,-0.0694724619,-0.350440651,0.934004486],"scale":1.87815881,"type":"eca_rock_big_narrow"}
{"pos":[-511.185028,-203.338272,265.640442],"rotationMatrix":[-0.77795428,-0.626896322,0.042280104,-0.613880455,0.744009256,-0.263819069,0.133930504,-0.231194168,-0.963644624],"scale":1.955796,"type":"eca_rock_big_narrow"}
{"pos":[92.2821808,-287.351257,274.265656],"rotationMatrix":[-0.620817661,-0.783954978,0,0.783954978,-0.620817661,0,0,0,0.999999881],"scale":1.22495103,"type":"eca_rock_big_narrow"}
{"pos":[129.195572,-335.440582,273.56778],"rotationMatrix":[0.791252315,-0.611489534,0,0.611489534,0.791252315,0,0,0,0.999999881],"scale":1.1782701,"type":"eca_rock_big_narrow"}
{"pos":[-851.785339,-85.9020996,326.308685],"rotationMatrix":[-0.658543944,-0.746893346,-0.0920290798,0.725224435,-0.662525654,0.187372565,-0.200919017,0.0566513874,0.977967799],"scale":1.61630237,"type":"eca_rock_big_narrow"}
{"pos":[-710.256653,247.18335,289.829498],"rotationMatrix":[-0.869291544,-0.470027,-0.152990624,0.431191087,-0.872397602,0.230208769,-0.241673052,0.134150401,0.961039603],"scale":1.27869356,"type":"eca_rock_big_narrow"}
{"pos":[-732.2771,186.286652,289.355194],"rotationMatrix":[0.917163253,-0.392013609,0.0716676265,0.398510873,0.902209938,-0.164941311,0,0.179838508,0.983695626],"scale":1.20163071,"type":"eca_rock_big_narrow"}
{"pos":[-740.668518,241.379776,290.094421],"rotationMatrix":[0.98568958,0.168569833,0,-0.168569833,0.98568958,0,0,0,0.999999881],"scale":1.26844954,"type":"eca_rock_big_narrow"}
{"pos":[-775.03363,202.552628,289.426056],"rotationMatrix":[-0.966139257,-0.258021295,0,0.258021295,-0.966139257,0,0,0,0.999999881],"scale":1.05803001,"type":"eca_rock_big_narrow"}
{"pos":[-769.352356,194.611801,288.949249],"rotationMatrix":[-0.562171698,0.827020347,0,-0.827020347,-0.562171698,0,0,0,0.999999881],"scale":1.00097752,"type":"eca_rock_big_narrow"}
{"pos":[-799.447449,216.731537,294.170868],"rotationMatrix":[-0.799816608,-0.600243986,0,0.598549902,-0.797559202,0.075080514,-0.0450666398,0.0600506589,0.997177124],"scale":2.58033562,"type":"eca_rock_big_narrow"}
{"pos":[-766.202454,148.796616,287.730682],"rotationMatrix":[0.614961326,0.788557231,0,-0.788557231,0.614961326,0,0,0,0.999999881],"scale":1.2068764,"type":"eca_rock_big_narrow"}
