{"pos":[716.577393,-45.2606812,51.876358],"rotationMatrix":[-0.913536251,-0.406757027,0,0.406757027,-0.913536251,0,0,0,0.999999881],"scale":1.14559615,"type":"eca_rock_small_4"}
{"pos":[722.943542,-39.4725266,51.9074745],"rotationMatrix":[0.241428599,-0.970418513,0,0.970418513,0.241428599,0,0,0,0.999999881],"scale":0.826639771,"type":"eca_rock_small_4"}
{"pos":[722.66626,-39.3815651,51.8829117],"rotationMatrix":[-0.344479829,-0.938793659,0,0.938793659,-0.344479829,0,0,0,0.999999881],"scale":1.22123587,"type":"eca_rock_small_4"}
{"pos":[726.354858,-50.2484169,51.9195824],"rotationMatrix":[0.886089623,0.463513911,0,-0.463513911,0.886089623,0,0,0,0.999999881],"scale":0.781646013,"type":"eca_rock_small_4"}
{"pos":[706.672241,-66.8327484,51.876358],"rotationMatrix":[-0.673433542,-0.73924768,0,0.73924768,-0.673433542,0,0,0,0.999999762],"scale":1.14559615,"type":"eca_rock_small_4"}
{"pos":[673.554871,0.586777449,49.0831642],"rotationMatrix":[-0.581977546,0.813204646,0,-0.813204646,-0.581977546,0,0,0,0.999999881],"scale":0.944865167,"type":"eca_rock_small_4"}
{"pos":[671.72406,1.40861225,49.6267166],"rotationMatrix":[0.999691665,0.0248280894,0,-0.0248280894,0.999691665,0,0,0,0.999999881],"scale":1.03209805,"type":"eca_rock_small_4"}
{"pos":[673.300537,1.43673301,49.3099747],"rotationMatrix":[-0.370361269,-0.928887725,0,0.928887725,-0.370361269,0,0,0,0.999999881],"scale":1.1901257,"type":"eca_rock_small_4"}
{"pos":[672.678589,0.829185009,49.3027382],"rotationMatrix":[-0.963404119,0.268052697,0,-0.268052697,-0.963404119,0,0,0,0.999999881],"scale":0.72987324,"type":"eca_rock_small_4"}
{"pos":[673.20636,8.99550056,51.6514015],"rotationMatrix":[-0.979077637,-0.203486919,0,0.203486919,-0.979077637,0,0,0,0.999999881],"scale":1.10715008,"type":"eca_rock_small_4"}
{"pos":[698.020386,-2.31566525,50.6189499],"rotationMatrix":[0.998491704,-0.0549007989,0,0.0549007989,0.998491704,0,0,0,0.999999881],"scale":0.969110131,"type":"eca_rock_small_4"}
{"pos":[697.348816,-1.29945254,50.3084984],"rotationMatrix":[0.986299694,-0.16496256,0,0.16496256,0.986299694,0,0,0,0.999999881],"scale":1.25539184,"type":"eca_rock_small_4"}
{"pos":[696.358032,-1.56443906,49.9516716],"rotationMatrix":[0.794726431,0.606967747,0,-0.606967747,0.794726431,0,0,0,0.999999881],"scale":0.82816714,"type":"eca_rock_small_4"}
{"pos":[698.981689,-1.04605722,50.8830109],"rotationMatrix":[0.56996876,0.82166636,0,-0.82166636,0.56996876,0,0,0,0.999999881],"scale":1.15019357,"type":"eca_rock_small_4"}
{"pos":[692.670166,-23.8711472,49.5708961],"rotationMatrix":[-0.982491672,0.186306164,0,-0.186306164,-0.982491672,0,0,0,0.999999881],"scale":0.962297916,"type":"eca_rock_small_4"}
{"pos":[693.839355,-24.6206322,50.2596664],"rotationMatrix":[-0.221001819,-0.975273311,0,0.975273311,-0.221001819,0,0,0,0.999999881],"scale":0.755821288,"type":"eca_rock_small_4"}
{"pos":[693.246338,-23.8387623,49.8887329],"rotationMatrix":[-0.944252729,0.329221368,0,-0.329221368,-0.944252729,0,0,0,0.999999881],"scale":1.03844821,"type":"eca_rock_small_4"}
{"pos":[692.992676,-23.2069912,49.7481003],"rotationMatrix":[0.859337211,0.511409283,0,-0.511409283,0.859337211,0,0,0,0.999999881],"scale":0.705501676,"type":"eca_rock_small_4"}
{"pos":[693.207581,-23.6314411,49.8944168],"rotationMatrix":[0.880792201,0.473502874,0,-0.473502874,0.880792201,0,0,0,0.999999881],"scale":0.714887202,"type":"eca_rock_small_4"}
{"pos":[696.662048,-42.5317345,51.0210419],"rotationMatrix":[0.0877287313,-0.996144235,0,0.996144235,0.0877287313,0,0,0,0.999999881],"scale":0.808187187,"type":"eca_rock_small_4"}
{"pos":[696.735168,-41.0327263,51.1856499],"rotationMatrix":[-0.948480785,-0.316834301,0,0.316834301,-0.948480785,0,0,0,0.999999881],"scale":0.937784672,"type":"eca_rock_small_4"}
{"pos":[697.081909,-40.7579193,51.3148499],"rotationMatrix":[0.632871687,0.774256706,0,-0.774256706,0.632871687,0,0,0,0.999999881],"scale":0.873443246,"type":"eca_rock_small_4"}
{"pos":[696.964783,-41.9911346,51.1283951],"rotationMatrix":[-0.938920796,-0.344133377,0,0.344133377,-0.938920796,0,0,0,0.999999881],"scale":0.943953395,"type":"eca_rock_small_4"}
{"pos":[699.283386,-40.7319641,51.5917473],"rotationMatrix":[-0.842512488,0.53867656,0,-0.53867656,-0.842512488,0,0,0,0.999999881],"scale":1.29754829,"type":"eca_rock_small_4"}
{"pos":[690.640076,-59.3988037,49.7417564],"rotationMatrix":[0.162859082,0.986649215,0,-0.986649215,0.162859082,0,0,0,0.999999881],"scale":1.16641724,"type":"eca_rock_small_4"}
{"pos":[693.481506,-58.64217,51.1420288],"rotationMatrix":[0.0250095818,0.999687135,0,-0.999687135,0.0250095818,0,0,0,0.999999881],"scale":0.800543189,"type":"eca_rock_small_4"}
{"pos":[693.029846,-58.2402611,50.9789505],"rotationMatrix":[0.987812579,-0.155647621,0,0.155647621,0.987812579,0,0,0,0.999999881],"scale":1.00409842,"type":"eca_rock_small_4"}
{"pos":[693.668823,-58.3431015,51.2659988],"rotationMatrix":[-0.728154361,0.685412884,0,-0.685412884,-0.728154361,0,0,0,0.999999881],"scale":0.8754282,"type":"eca_rock_small_4"}
{"pos":[692.321472,-59.5851707,50.5177116],"rotationMatrix":[0.798293948,0.60226804,0,-0.60226804,0.798293948,0,0,0,0.999999881],"scale":0.713809311,"type":"eca_rock_small_4"}
{"pos":[753.945496,4.4340229,52.0391312],"rotationMatrix":[0.934638739,-0.355598509,0,0.355598509,0.934638739,0,0,0,0.999999881],"scale":0.802054703,"type":"eca_rock_small_4"}
{"pos":[773.283264,3.64991784,52.0429192],"rotationMatrix":[-0.936831236,0.349781632,0,-0.349781632,-0.936831236,0,0,0,0.999999881],"scale":1.13655579,"type":"eca_rock_small_4"}
{"pos":[774.184021,4.98561001,52.0009575],"rotationMatrix":[0.246820062,-0.969061196,0,0.969061196,0.246820062,0,0,0,0.999999881],"scale":0.780692637,"type":"eca_rock_small_4"}
{"pos":[767.091003,2.74420309,52.2019348],"rotationMatrix":[0.0410824344,0.999155641,0,-0.999155641,0.0410824344,0,0,0,0.999999881],"scale":0.967403531,"type":"eca_rock_small_4"}
{"pos":[766.706299,4.89225483,52.1319809],"rotationMatrix":[-0.489679694,0.871902287,0,-0.871902287,-0.489679694,0,0,0,0.999999881],"scale":1.1887753,"type":"eca_rock_small_4"}
{"pos":[752.069824,-7.61321306,52.0540657],"rotationMatrix":[0.499863952,-0.866103828,0,0.866103828,0.499863952,0,0,0,0.999999881],"scale":0.949910998,"type":"eca_rock_small_4"}
{"pos":[755.366394,-12.1817102,52.2291641],"rotationMatrix":[0.676832139,0.73613739,0,-0.73613739,0.676832139,0,0,0,0.999999881],"scale":0.917983472,"type":"eca_rock_small_4"}
{"pos":[756.887329,-12.0594034,52.2041588],"rotationMatrix":[0.251945227,-0.96774143,0,0.96774143,0.251945227,0,0,0,0.999999881],"scale":0.836176753,"type":"eca_rock_small_4"}
{"pos":[759.036072,-4.9112606,52.1572227],"rotationMatrix":[-0.834169328,-0.551508188,0,0.551508188,-0.834169328,0,0,0,0.999999881],"scale":1.07243466,"type":"eca_rock_small_4"}
{"pos":[761.131409,-8.04865646,52.1868477],"rotationMatrix":[-0.868833959,0.49510324,0,-0.49510324,-0.868833959,0,0,0,0.999999881],"scale":0.878307402,"type":"eca_rock_small_4"}
{"pos":[759.753662,-4.59326744,52.1767235],"rotationMatrix":[0.621291816,0.78357929,0,-0.78357929,0.621291816,0,0,0,0.999999881],"scale":1.13625491,"type":"eca_rock_small_4"}
{"pos":[759.561218,-4.82674599,52.1508293],"rotationMatrix":[-0.929356039,-0.369184613,0,0.369184613,-0.929356039,0,0,0,0.999999881],"scale":0.934794009,"type":"eca_rock_small_4"}
{"pos":[761.926575,-6.53400898,52.1758537],"rotationMatrix":[-0.903939188,0.427661031,0,-0.427661031,-0.903939188,0,0,0,0.999999881],"scale":0.908780038,"type":"eca_rock_small_4"}
{"pos":[759.387146,-7.89362574,52.1696129],"rotationMatrix":[0.93026191,-0.366895884,0,0.366895884,0.93026191,0,0,0,0.999999881],"scale":1.01214552,"type":"eca_rock_small_4"}
{"pos":[760.521545,-4.01445866,52.1674995],"rotationMatrix":[0.574428797,0.818554521,0,-0.818554521,0.574428797,0,0,0,0.999999881],"scale":1.21880043,"type":"eca_rock_small_4"}
{"pos":[767.474182,-7.53247786,51.8958702],"rotationMatrix":[-0.902395964,0.430907577,0,-0.430907577,-0.902395964,0,0,0,0.999999881],"scale":0.799593389,"type":"eca_rock_small_4"}
{"pos":[777.911438,-21.0057373,51.9197426],"rotationMatrix":[-0.886925936,-0.46191147,0,0.46191147,-0.886925936,0,0,0,0.999999881],"scale":1.20325196,"type":"eca_rock_small_4"}
{"pos":[777.436707,-20.1023827,51.9883842],"rotationMatrix":[0.799054444,-0.601258397,0,0.601258397,0.799054444,0,0,0,0.999999881],"scale":0.793111145,"type":"eca_rock_small_4"}
{"pos":[704.343933,43.433754,54.9246826],"rotationMatrix":[0.149476081,-0.988765299,0,0.988765299,0.149476081,0,0,0,0.999999881],"scale":0.892112732,"type":"eca_rock_small_4"}
{"pos":[700.197815,57.4526443,55.2695923],"rotationMatrix":[-0.966852367,0.25533554,0,-0.25533554,-0.966852367,0,0,0,0.999999881],"scale":1.07053709,"type":"eca_rock_small_4"}
{"pos":[698.00354,59.4295578,55.0704613],"rotationMatrix":[-0.113724008,0.993512273,0,-0.993512273,-0.113724008,0,0,0,0.999999881],"scale":0.925670266,"type":"eca_rock_small_4"}
{"pos":[700.145691,61.4156189,55.1325264],"rotationMatrix":[0.955165625,0.296071798,0,-0.296071798,0.955165625,0,0,0,0.999999881],"scale":1.2080878,"type":"eca_rock_small_4"}
{"pos":[701.020813,66.5789871,54.8649788],"rotationMatrix":[-0.228364542,0.973575532,0,-0.973575532,-0.228364542,0,0,0,0.999999881],"scale":1.23280561,"type":"eca_rock_small_4"}
{"pos":[702.584045,68.833252,54.9382477],"rotationMatrix":[0.822011292,-0.569471121,0,0.569471121,0.822011292,0,0,0,0.999999881],"scale":1.03448081,"type":"eca_rock_small_4"}
{"pos":[699.570801,70.2305756,54.8536263],"rotationMatrix":[0.819611728,0.572919369,0,-0.572919369,0.819611728,0,0,0,0.999999881],"scale":0.951049089,"type":"eca_rock_small_4"}
{"pos":[733.44574,25.0732479,52.1468887],"rotationMatrix":[-0.362263709,-0.93207562,0,0.93207562,-0.362263709,0,0,0,0.999999881],"scale":0.893278956,"type":"eca_rock_small_4"}
{"pos":[747.422607,60.264679,54.9480591],"rotationMatrix":[-0.420134932,0.907461464,0,-0.907461464,-0.420134932,0,0,0,0.999999881],"scale":1.11850047,"type":"eca_rock_small_4"}
{"pos":[734.6922,58.0014839,54.9550896],"rotationMatrix":[0.664493084,0.747294366,0,-0.747294366,0.664493084,0,0,0,0.999999881],"scale":1.25686181,"type":"eca_rock_small_4"}
{"pos":[732.295593,66.459938,54.987793],"rotationMatrix":[-0.991267681,0.131864503,0,-0.131864503,-0.991267681,0,0,0,0.999999881],"scale":1.03682494,"type":"eca_rock_small_4"}
{"pos":[731.073425,68.6117096,54.9697952],"rotationMatrix":[-0.820993662,-0.570937276,0,0.570937276,-0.820993662,0,0,0,0.999999881],"scale":1.05572498,"type":"eca_rock_small_4"}
{"pos":[705.017517,61.4019547,54.971817],"rotationMatrix":[-0.963626444,-0.267252415,0,0.267252415,-0.963626444,0,0,0,0.999999881],"scale":0.767816305,"type":"eca_rock_small_4"}
{"pos":[700.65863,58.90271,55.2645378],"rotationMatrix":[-0.994672775,-0.103081755,0,0.103081755,-0.994672775,0,0,0,0.999999881],"scale":1.22601366,"type":"eca_rock_small_4"}
{"pos":[699.579407,41.2357254,53.1992683],"rotationMatrix":[-0.979099214,-0.203382567,0,0.203382567,-0.979099214,0,0,0,0.999999881],"scale":1.28534102,"type":"eca_rock_small_4"}
{"pos":[704.221069,40.2533875,54.9626579],"rotationMatrix":[0.171089843,0.98525542,0,-0.98525542,0.171089843,0,0,0,0.999999881],"scale":0.911938727,"type":"eca_rock_small_4"}
{"pos":[704.401672,42.7342491,54.9121513],"rotationMatrix":[0.0854411423,-0.996343076,0,0.996343076,0.0854411423,0,0,0,0.999999881],"scale":1.09058297,"type":"eca_rock_small_4"}
{"pos":[703.31189,41.6859894,54.8042755],"rotationMatrix":[0.0893165618,0.996003211,0,-0.996003211,0.0893165618,0,0,0,0.999999881],"scale":1.16527939,"type":"eca_rock_small_4"}
{"pos":[720.94104,-173.78093,58.5661926],"rotationMatrix":[-0.39406085,-0.919084311,0,0.919084311,-0.39406085,0,-0,0,0.999999881],"scale":1.29839694,"type":"eca_rock_small_4"}
{"pos":[711.101929,-165.020248,59.4111938],"rotationMatrix":[0.987776995,0.155873388,0,-0.155873388,0.987776995,-0,-0,0,0.999999881],"scale":1.2704066,"type":"eca_rock_small_4"}
{"pos":[716.094177,-175.927307,59.1437988],"rotationMatrix":[-0.630316496,-0.776338279,0,0.776338279,-0.630316496,0,-0,0,0.999999881],"scale":0.823352575,"type":"eca_rock_small_4"}
{"pos":[706.503052,-178.373825,58.5367584],"rotationMatrix":[-0.193706661,-0.981059432,0,0.981059432,-0.193706661,0,-0,0,0.999999881],"scale":0.973840773,"type":"eca_rock_small_4"}
{"pos":[717.867371,-173.33255,59.0843315],"rotationMatrix":[-0.2647973,0.96430397,-0,-0.96430397,-0.2647973,0,-0,0,0.999999881],"scale":0.764642715,"type":"eca_rock_small_4"}
{"pos":[711.979248,-161.954636,59.2692261],"rotationMatrix":[-0.988014579,-0.154359952,0,0.154359952,-0.988014579,0,-0,0,0.999999881],"scale":1.28149307,"type":"eca_rock_small_4"}
{"pos":[712.789185,-178.691513,58.9846306],"rotationMatrix":[0.989183962,0.146679759,0,-0.146679759,0.989183962,-0,-0,0,0.999999881],"scale":0.878448367,"type":"eca_rock_small_4"}
{"pos":[705.613647,-174.996506,58.6666107],"rotationMatrix":[0.477869034,-0.878431022,0,0.878431022,0.477869034,0,-0,0,0.999999881],"scale":0.967723489,"type":"eca_rock_small_4"}
{"pos":[718.422974,-180.266495,58.3385239],"rotationMatrix":[0.816357911,-0.57754612,0,0.57754612,0.816357911,0,-0,0,0.999999881],"scale":0.801242709,"type":"eca_rock_small_4"}
{"pos":[712.218933,-165.830658,59.5490952],"rotationMatrix":[0.800702989,0.599061489,0,-0.599061489,0.800702989,-0,-0,0,0.999999881],"scale":1.13657618,"type":"eca_rock_small_4"}
{"pos":[716.265564,-172.430206,59.3306236],"rotationMatrix":[0.967517495,-0.252803653,0,0.252803653,0.967517495,0,-0,0,0.999999881],"scale":0.824941754,"type":"eca_rock_small_4"}
{"pos":[706.55719,-171.808105,58.8407097],"rotationMatrix":[0.337051153,-0.94148618,0,0.94148618,0.337051153,0,-0,0,0.999999881],"scale":1.16869378,"type":"eca_rock_small_4"}
{"pos":[711.457336,-176.250885,59.2085648],"rotationMatrix":[-0.530723691,0.84754473,-0,-0.84754473,-0.530723691,0,-0,0,0.999999881],"scale":0.93854332,"type":"eca_rock_small_4"}
{"pos":[715.60437,-176.634323,59.1057968],"rotationMatrix":[-0.644643605,0.764483035,-0,-0.764483035,-0.644643605,0,-0,0,0.999999881],"scale":0.70545125,"type":"eca_rock_small_4"}
{"pos":[709.026672,-163.082306,59.127697],"rotationMatrix":[0.980152905,-0.198242426,0,0.198242426,0.980152905,0,-0,0,0.999999881],"scale":1.07202995,"type":"eca_rock_small_4"}
{"pos":[714.623779,-172.556641,59.4842072],"rotationMatrix":[-0.884027958,-0.467434019,0,0.467434019,-0.884027958,0,-0,0,0.999999881],"scale":0.822802007,"type":"eca_rock_small_4"}
{"pos":[718.034668,-175.370483,58.9693871],"rotationMatrix":[-0.713082671,-0.701079786,0,0.701079786,-0.713082671,0,-0,0,0.999999881],"scale":0.832340419,"type":"eca_rock_small_4"}
{"pos":[711.260315,-170.492798,59.543808],"rotationMatrix":[-0.996467531,-0.0839777663,0,0.0839777663,-0.996467531,0,-0,0,0.999999881],"scale":1.12013102,"type":"eca_rock_small_4"}
{"pos":[719.694458,-167.042526,59.3014908],"rotationMatrix":[0.574812055,0.818285465,0,-0.818285465,0.574812055,-0,-0,0,0.999999881],"scale":0.817276835,"type":"eca_rock_small_4"}
{"pos":[710.109436,-172.187393,59.3700485],"rotationMatrix":[0.796066582,-0.605208874,0,0.605208874,0.796066582,0,-0,0,0.999999881],"scale":0.729296803,"type":"eca_rock_small_4"}
{"pos":[715.189331,-179.965118,58.7387428],"rotationMatrix":[0.870596588,-0.491997302,0,0.491997302,0.870596588,0,-0,0,0.999999881],"scale":1.18079948,"type":"eca_rock_small_4"}
{"pos":[716.428589,-163.283737,59.4506493],"rotationMatrix":[-0.996849597,-0.0793137103,0,0.0793137103,-0.996849597,0,-0,0,0.999999881],"scale":1.03144324,"type":"eca_rock_small_4"}
{"pos":[721.677307,-168.710022,58.8786087],"rotationMatrix":[0.154300854,0.988023818,0,-0.988023818,0.154300854,-0,-0,0,0.999999881],"scale":0.779318154,"type":"eca_rock_small_4"}
{"pos":[717.161194,-177.144363,58.9268799],"rotationMatrix":[-0.183595225,0.983001769,-0,-0.983001769,-0.183595225,0,-0,0,0.999999881],"scale":0.989524722,"type":"eca_rock_small_4"}
{"pos":[717.157898,-169.622299,59.4263344],"rotationMatrix":[-0.622781634,0.782395482,-0,-0.782395482,-0.622781634,0,-0,0,0.999999881],"scale":1.06735981,"type":"eca_rock_small_4"}
{"pos":[710.212891,-175.97525,59.1128654],"rotationMatrix":[-0.96151346,0.274757326,-0,-0.274757326,-0.96151346,0,-0,0,0.999999881],"scale":0.984915495,"type":"eca_rock_small_4"}
{"pos":[709.60498,-165.777069,59.3154373],"rotationMatrix":[0.760647416,0.649165213,0,-0.649165213,0.760647416,-0,-0,0,0.999999881],"scale":0.713857949,"type":"eca_rock_small_4"}
{"pos":[709.460083,-165.104279,59.2240601],"rotationMatrix":[0.570631087,-0.82120645,0,0.82120645,0.570631087,0,-0,0,0.999999881],"scale":0.902556181,"type":"eca_rock_small_4"}
{"pos":[708.130615,-165.852814,59.1169662],"rotationMatrix":[-0.192343295,-0.981327593,0,0.981327593,-0.192343295,0,-0,0,0.999999881],"scale":1.14429438,"type":"eca_rock_small_4"}
{"pos":[717.683533,-175.847534,58.9603271],"rotationMatrix":[-0.498883516,0.86666888,-0,-0.86666888,-0.498883516,0,-0,0,0.999999881],"scale":1.0510813,"type":"eca_rock_small_4"}
{"pos":[715.670166,-162.616226,59.4520836],"rotationMatrix":[0.991621554,-0.12917608,0,0.12917608,0.991621554,0,-0,0,0.999999881],"scale":0.912560701,"type":"eca_rock_small_4"}
{"pos":[732.20105,-151.690903,58.7064781],"rotationMatrix":[-0.920861363,-0.389890194,0,0.389890194,-0.920861363,0,-0,0,0.999999881],"scale":1.10699868,"type":"eca_rock_small_4"}
{"pos":[721.096924,-140.475006,58.6496811],"rotationMatrix":[-0.731541872,0.681796432,-0,-0.681796432,-0.731541872,0,-0,0,0.999999881],"scale":1.0939827,"type":"eca_rock_small_4"}
{"pos":[720.141296,-139.860855,58.6203804],"rotationMatrix":[0.996626139,0.0820740685,0,-0.0820740685,0.996626139,-0,-0,0,0.999999881],"scale":1.16633463,"type":"eca_rock_small_4"}
{"pos":[722.035828,-129.886215,60.3029137],"rotationMatrix":[-0.98244369,-0.186558723,0,0.186558723,-0.98244369,0,-0,0,0.999999881],"scale":0.748675287,"type":"eca_rock_small_4"}
{"pos":[722.31012,-127.940086,60.2383003],"rotationMatrix":[-0.464518815,-0.885563076,0,0.885563076,-0.464518815,0,-0,0,0.999999881],"scale":1.08097064,"type":"eca_rock_small_4"}
{"pos":[723.276733,-129.795166,59.898468],"rotationMatrix":[0.389760673,0.92091614,0,-0.92091614,0.389760673,-0,-0,0,0.999999881],"scale":1.00107062,"type":"eca_rock_small_4"}
{"pos":[743.263123,-123.389687,58.6427269],"rotationMatrix":[0.261227638,-0.965277135,0,0.965277135,0.261227638,0,-0,0,0.999999881],"scale":0.724133432,"type":"eca_rock_small_4"}
{"pos":[744.468811,-123.006317,58.6017761],"rotationMatrix":[0.848451018,-0.529273689,0,0.529273689,0.848451018,0,-0,0,0.999999881],"scale":1.12963629,"type":"eca_rock_small_4"}
{"pos":[744.118286,-136.810944,58.622097],"rotationMatrix":[0.972240865,0.233982161,0,-0.233982161,0.972240865,-0,-0,0,0.999999881],"scale":0.972403646,"type":"eca_rock_small_4"}
{"pos":[742.389832,-139.309708,58.6215324],"rotationMatrix":[0.818372548,0.574688017,0,-0.574688017,0.818372548,-0,-0,0,0.999999881],"scale":0.91703701,"type":"eca_rock_small_4"}
{"pos":[707.181091,-137.781128,58.6272697],"rotationMatrix":[-0.361871451,-0.93222791,0,0.93222791,-0.361871451,0,-0,0,0.999999881],"scale":0.963858008,"type":"eca_rock_small_4"}
{"pos":[707.495361,-151.781342,59.2288094],"rotationMatrix":[-0.999924242,-0.0123029537,0,0.0123029537,-0.999924242,0,-0,0,0.999999881],"scale":1.10382998,"type":"eca_rock_small_4"}
{"pos":[806.893555,-182.69017,71.1548691],"rotationMatrix":[0.138414532,-0.990374267,0,0.990374267,0.138414532,0,-0,0,0.999999881],"scale":1.1967454,"type":"eca_rock_small_4"}
{"pos":[777.455872,-233.538635,71.0248871],"rotationMatrix":[0.950675428,0.310187161,0,-0.310187161,0.950675428,-0,-0,0,0.999999881],"scale":0.714247644,"type":"eca_rock_small_4"}
{"pos":[761.65448,-243.343048,69.9623718],"rotationMatrix":[0.981235981,0.192810237,0,-0.192810237,0.981235981,-0,-0,0,0.999999881],"scale":0.898659348,"type":"eca_rock_small_4"}
{"pos":[761.929565,-243.47023,69.9670029],"rotationMatrix":[0.414514124,0.910042882,0,-0.910042882,0.414514124,-0,-0,0,0.999999881],"scale":0.821332812,"type":"eca_rock_small_4"}
{"pos":[700.385437,-206.753662,58.4509201],"rotationMatrix":[-0.791234314,0.611512959,-0,-0.611512959,-0.791234314,0,-0,0,0.999999881],"scale":1.16290939,"type":"eca_rock_small_4"}
{"pos":[697.867859,-209.636597,59.0764465],"rotationMatrix":[-0.719368279,-0.694628716,0,0.694628716,-0.719368279,0,-0,0,0.999999881],"scale":0.838263035,"type":"eca_rock_small_4"}
{"pos":[718.578613,-224.005539,63.9997025],"rotationMatrix":[-0.336012274,-0.941857517,0,0.941857517,-0.336012274,0,-0,0,0.999999881],"scale":1.23422563,"type":"eca_rock_small_4"}
{"pos":[718.415894,-224.276047,63.9994202],"rotationMatrix":[0.741511643,-0.670939803,0,0.670939803,0.741511643,0,-0,0,0.999999881],"scale":0.818342388,"type":"eca_rock_small_4"}
{"pos":[715.06311,-224.096176,64.0068359],"rotationMatrix":[-0.438972026,-0.898500741,0,0.898500741,-0.438972026,0,-0,0,0.999999881],"scale":1.13405001,"type":"eca_rock_small_4"}
{"pos":[706.304932,-245.166367,64.015213],"rotationMatrix":[-0.993506372,0.113775901,-0,-0.113775901,-0.993506372,0,-0,0,0.999999881],"scale":0.879090786,"type":"eca_rock_small_4"}
{"pos":[704.79541,-246.295044,64.0244827],"rotationMatrix":[0.988939226,0.148320526,0,-0.148320526,0.988939226,-0,-0,0,0.999999881],"scale":0.835620761,"type":"eca_rock_small_4"}
{"pos":[703.901917,-243.506165,64.0082932],"rotationMatrix":[0.217539161,-0.976051509,0,0.976051509,0.217539161,0,-0,0,0.999999881],"scale":0.985828638,"type":"eca_rock_small_4"}
{"pos":[693.742676,-246.993622,64.0168686],"rotationMatrix":[0.244180188,-0.969729841,0,0.969729841,0.244180188,0,-0,0,0.999999881],"scale":0.847631693,"type":"eca_rock_small_4"}
{"pos":[692.266846,-246.810593,63.987587],"rotationMatrix":[0.0312436577,0.999511719,0,-0.999511719,0.0312436577,-0,-0,0,0.999999881],"scale":1.16340899,"type":"eca_rock_small_4"}
{"pos":[693.353821,-248.036652,64.0046844],"rotationMatrix":[0.184549347,0.982823193,0,-0.982823193,0.184549347,-0,-0,0,0.999999881],"scale":0.985117912,"type":"eca_rock_small_4"}
{"pos":[705.83374,-217.801056,63.1661911],"rotationMatrix":[0.249064669,-0.968486845,0,0.968486845,0.249064669,0,-0,0,0.999999881],"scale":1.10006499,"type":"eca_rock_small_4"}
{"pos":[707.245361,-217.508347,63.43993],"rotationMatrix":[-0.676194549,-0.736722946,0,0.736722946,-0.676194549,0,-0,0,0.999999881],"scale":1.01319849,"type":"eca_rock_small_4"}
{"pos":[699.660034,-181.150726,57.9939995],"rotationMatrix":[-0.213222072,0.977003634,-0,-0.977003634,-0.213222072,0,-0,0,0.999999881],"scale":1.20744991,"type":"eca_rock_small_4"}
{"pos":[698.453552,-178.517258,58.021759],"rotationMatrix":[-0.812822342,-0.582511425,0,0.582511425,-0.812822342,0,-0,0,0.999999881],"scale":0.830055833,"type":"eca_rock_small_4"}
