{"pos":[670.252747,1.39277625,49.8956337],"rotationMatrix":[-0.838218272,-0.545334637,0,0.545334637,-0.838218272,0,0,0,0.999999881],"scale":1.36532116,"type":"eca_rock_small_2"}
{"pos":[673.212646,10.2666779,51.8334198],"rotationMatrix":[0.15062359,0.988591135,0,-0.988591135,0.15062359,0,0,0,0.999999881],"scale":1.43902326,"type":"eca_rock_small_2"}
{"pos":[674.388306,10.3597946,51.7242126],"rotationMatrix":[-0.980273187,0.197646827,0,-0.197646827,-0.980273187,0,0,0,0.999999881],"scale":1.50033355,"type":"eca_rock_small_2"}
{"pos":[673.878723,9.6134491,51.7535362],"rotationMatrix":[-0.706062138,-0.708149672,0,0.708149672,-0.706062138,0,0,0,0.999999881],"scale":0.733661532,"type":"eca_rock_small_2"}
{"pos":[672.517029,7.75425911,51.3468399],"rotationMatrix":[0.686554968,0.727077901,0,-0.727077901,0.686554968,0,0,0,0.999999881],"scale":0.786734879,"type":"eca_rock_small_2"}
{"pos":[698.414062,-1.9526813,50.7126083],"rotationMatrix":[-0.226869896,0.973924935,0,-0.973924935,-0.226869896,0,0,0,0.999999881],"scale":1.02701223,"type":"eca_rock_small_2"}
{"pos":[699.210388,-1.47964311,50.97295],"rotationMatrix":[0.968190253,0.250214994,0,-0.250214994,0.968190253,0,0,0,0.999999881],"scale":1.14936411,"type":"eca_rock_small_2"}
{"pos":[699.637329,-2.22727156,51.1699753],"rotationMatrix":[-0.585150421,-0.810924768,0,0.810924768,-0.585150421,0,0,0,0.999999881],"scale":0.985904932,"type":"eca_rock_small_2"}
{"pos":[694.339966,-23.4120178,50.4466896],"rotationMatrix":[0.341555506,0.939861596,0,-0.939861596,0.341555506,0,0,0,0.999999881],"scale":1.52553725,"type":"eca_rock_small_2"}
{"pos":[695.409058,-41.4776039,50.8160591],"rotationMatrix":[-0.0943668932,0.995537341,0,-0.995537341,-0.0943668932,0,0,0,0.999999881],"scale":1.11416733,"type":"eca_rock_small_2"}
{"pos":[694.64917,-40.9050026,50.6168594],"rotationMatrix":[0.340445191,0.940264404,0,-0.940264404,0.340445191,0,0,0,0.999999881],"scale":1.49595141,"type":"eca_rock_small_2"}
{"pos":[695.160767,-42.234726,50.6319809],"rotationMatrix":[-0.560113013,-0.828416169,0,0.828416169,-0.560113013,0,0,0,0.999999881],"scale":1.22552621,"type":"eca_rock_small_2"}
{"pos":[696.735596,-42.262291,51.0663681],"rotationMatrix":[0.784132004,0.620594084,0,-0.620594084,0.784132004,0,0,0,0.999999881],"scale":0.709062755,"type":"eca_rock_small_2"}
{"pos":[698.304016,-41.2374115,51.4411316],"rotationMatrix":[0.269637048,-0.962961912,0,0.962961912,0.269637048,0,0,0,0.999999881],"scale":1.1433388,"type":"eca_rock_small_2"}
{"pos":[697.945374,-40.6461639,51.4392014],"rotationMatrix":[-0.816892862,0.57678926,0,-0.57678926,-0.816892862,0,0,0,0.999999881],"scale":1.01068509,"type":"eca_rock_small_2"}
{"pos":[698.210083,-40.2447243,51.5275726],"rotationMatrix":[-0.840000212,0.542585909,0,-0.542585909,-0.840000212,0,0,0,0.999999881],"scale":1.02695239,"type":"eca_rock_small_2"}
{"pos":[691.924316,-58.7041206,50.4114571],"rotationMatrix":[0.381684363,0.924292743,0,-0.924292743,0.381684363,0,0,0,0.999999881],"scale":0.938031197,"type":"eca_rock_small_2"}
{"pos":[690.818848,-58.0366631,49.859066],"rotationMatrix":[0.854962528,-0.518689513,0,0.518689513,0.854962528,0,0,0,0.999999881],"scale":0.949061394,"type":"eca_rock_small_2"}
{"pos":[753.769653,4.73745728,52.0420265],"rotationMatrix":[-0.0537456684,-0.998554528,0,0.998554528,-0.0537456684,0,0,0,0.999999881],"scale":0.704042435,"type":"eca_rock_small_2"}
{"pos":[753.298035,5.76325798,52.0308266],"rotationMatrix":[0.642781377,-0.766049504,0,0.766049504,0.642781377,0,0,0,0.999999881],"scale":0.834427834,"type":"eca_rock_small_2"}
{"pos":[751.969482,5.41989613,51.9820175],"rotationMatrix":[-0.434233397,0.900800288,0,-0.900800288,-0.434233397,0,0,0,0.999999881],"scale":1.28033519,"type":"eca_rock_small_2"}
{"pos":[754.375183,5.79998827,52.043251],"rotationMatrix":[0.0886549577,0.996062338,0,-0.996062338,0.0886549577,0,0,0,0.999999881],"scale":0.850866437,"type":"eca_rock_small_2"}
{"pos":[761.682495,2.62262893,52.1761169],"rotationMatrix":[-0.769315302,-0.638869107,0,0.638869107,-0.769315302,0,0,0,0.999999881],"scale":1.0380199,"type":"eca_rock_small_2"}
{"pos":[761.577271,0.892791271,53.3870735],"rotationMatrix":[0.702112913,-0.712065458,0,0.712065458,0.702112913,0,0,0,0.999999881],"scale":1.04671979,"type":"eca_rock_small_2"}
{"pos":[773.749512,3.70270491,52.0361443],"rotationMatrix":[0.346489042,-0.938053906,0,0.938053906,0.346489042,0,0,0,0.999999881],"scale":1.43491018,"type":"eca_rock_small_2"}
{"pos":[774.75177,4.03083801,51.9690285],"rotationMatrix":[-0.848515868,-0.529169977,0,0.529169977,-0.848515868,0,0,0,0.999999881],"scale":1.59649158,"type":"eca_rock_small_2"}
{"pos":[764.936951,3.47124171,52.164402],"rotationMatrix":[0.94379288,0.330537319,0,-0.330537319,0.94379288,0,0,0,0.999999881],"scale":1.22973847,"type":"eca_rock_small_2"}
{"pos":[764.86499,2.92831087,52.1531258],"rotationMatrix":[0.999836266,-0.0180896595,0,0.0180896595,0.999836266,0,0,0,0.999999881],"scale":1.47431803,"type":"eca_rock_small_2"}
{"pos":[754.83844,-8.07463169,52.1185913],"rotationMatrix":[-0.852777481,-0.522274435,0,0.522274435,-0.852777481,0,0,0,0.999999881],"scale":0.898176908,"type":"eca_rock_small_2"}
{"pos":[753.89801,-7.0333786,52.0785065],"rotationMatrix":[0.91948688,-0.393120408,0,0.393120408,0.91948688,0,0,0,0.999999881],"scale":1.59091091,"type":"eca_rock_small_2"}
{"pos":[756.965881,-12.63622,52.2265091],"rotationMatrix":[0.182604551,-0.983186424,0,0.983186424,0.182604551,0,0,0,0.999999881],"scale":1.44663775,"type":"eca_rock_small_2"}
{"pos":[758.676453,-6.86627579,52.1330643],"rotationMatrix":[-0.00242787739,0.99999696,0,-0.99999696,-0.00242787739,0,0,0,0.999999881],"scale":1.53487647,"type":"eca_rock_small_2"}
{"pos":[761.406555,-4.19291401,52.1658554],"rotationMatrix":[-0.617701113,0.786412716,0,-0.786412716,-0.617701113,0,0,0,0.999999881],"scale":0.825624943,"type":"eca_rock_small_2"}
{"pos":[762.38385,-6.97979069,52.1174622],"rotationMatrix":[0.83487165,-0.550444484,0,0.550444484,0.83487165,0,0,0,0.999999881],"scale":1.57405543,"type":"eca_rock_small_2"}
{"pos":[758.03479,-3.49888372,52.1380844],"rotationMatrix":[0.98777926,-0.155858755,0,0.155858755,0.98777926,0,0,0,0.999999881],"scale":0.977346063,"type":"eca_rock_small_2"}
{"pos":[759.700867,-3.40287781,52.3927956],"rotationMatrix":[-0.601996601,0.798498452,0,-0.798498452,-0.601996601,0,0,0,0.999999881],"scale":1.36531591,"type":"eca_rock_small_2"}
{"pos":[767.862061,-7.8718605,51.8784981],"rotationMatrix":[-0.488603354,-0.872505963,0,0.872505963,-0.488603354,0,0,0,0.999999881],"scale":1.32743227,"type":"eca_rock_small_2"}
{"pos":[767.791809,-6.46756363,52.0031013],"rotationMatrix":[-0.991526365,0.129904777,0,-0.129904777,-0.991526365,0,0,0,0.999999881],"scale":1.30443203,"type":"eca_rock_small_2"}
{"pos":[767.464233,-6.57304049,51.9677658],"rotationMatrix":[-0.755103707,0.655605078,0,-0.655605078,-0.755103707,0,0,0,0.999999881],"scale":1.19221067,"type":"eca_rock_small_2"}
{"pos":[777.907227,-20.183567,51.9386673],"rotationMatrix":[0.997368753,0.0724936202,0,-0.0724936202,0.997368753,0,0,0,0.999999881],"scale":1.42937863,"type":"eca_rock_small_2"}
{"pos":[777.535522,-21.6158562,51.9335823],"rotationMatrix":[-0.607403815,-0.794393182,0,0.794393182,-0.607403815,0,0,0,0.999999881],"scale":1.19212067,"type":"eca_rock_small_2"}
{"pos":[700.969116,43.7257156,53.5775948],"rotationMatrix":[-0.598734975,-0.800947011,0,0.800947011,-0.598734975,0,0,0,0.999999881],"scale":1.05506444,"type":"eca_rock_small_2"}
{"pos":[704.319275,41.4324684,54.971653],"rotationMatrix":[-0.999324322,-0.0367517248,0,0.0367517248,-0.999324322,0,0,0,0.999999881],"scale":0.79934299,"type":"eca_rock_small_2"}
{"pos":[700.384888,59.385788,55.2627983],"rotationMatrix":[0.0704064518,-0.997518301,0,0.997518301,0.0704064518,0,0,0,0.999999881],"scale":1.30740821,"type":"eca_rock_small_2"}
{"pos":[694.013306,62.6285782,53.9608383],"rotationMatrix":[0.982622206,0.185616463,0,-0.185616463,0.982622206,0,0,0,0.999999881],"scale":1.57174599,"type":"eca_rock_small_2"}
{"pos":[700.064575,63.5166016,54.9244118],"rotationMatrix":[0.673562467,-0.739130139,0,0.739130139,0.673562467,0,0,0,0.999999881],"scale":1.48280025,"type":"eca_rock_small_2"}
{"pos":[696.78363,59.2762299,54.7883034],"rotationMatrix":[0.915166557,-0.403075606,0,0.403075606,0.915166557,0,0,0,0.999999881],"scale":1.10814226,"type":"eca_rock_small_2"}
{"pos":[698.854736,67.6981659,54.790863],"rotationMatrix":[-0.047955554,-0.998849392,0,0.998849392,-0.047955554,0,0,0,0.999999881],"scale":1.01755035,"type":"eca_rock_small_2"}
{"pos":[706.983032,37.1346397,54.9695015],"rotationMatrix":[-0.627926528,0.77827239,0,-0.77827239,-0.627926528,0,0,0,0.999999881],"scale":0.996037424,"type":"eca_rock_small_2"}
{"pos":[751.004944,42.144146,54.9715385],"rotationMatrix":[-0.624060392,0.781375885,0,-0.781375885,-0.624060392,0,0,0,0.999999881],"scale":1.10173488,"type":"eca_rock_small_2"}
{"pos":[750.717346,40.0421333,54.857708],"rotationMatrix":[-0.999666989,0.0258029327,0,-0.0258029327,-0.999666989,0,0,0,0.999999881],"scale":1.0625267,"type":"eca_rock_small_2"}
{"pos":[749.030579,42.6120644,54.8046684],"rotationMatrix":[-0.682771981,-0.730631471,0,0.730631471,-0.682771981,0,0,0,0.999999881],"scale":1.50275052,"type":"eca_rock_small_2"}
{"pos":[749.95166,61.8494873,54.9596291],"rotationMatrix":[0.735501468,0.677523077,0,-0.677523077,0.735501468,0,0,0,0.999999881],"scale":1.5503701,"type":"eca_rock_small_2"}
{"pos":[734.69458,57.730484,54.9702568],"rotationMatrix":[0.773563266,-0.633718967,0,0.633718967,0.773563266,0,0,0,0.999999881],"scale":1.0402,"type":"eca_rock_small_2"}
{"pos":[732.109253,69.9411163,54.9633026],"rotationMatrix":[0.656784475,0.754078329,0,-0.754078329,0.656784475,0,0,0,0.999999881],"scale":0.970132411,"type":"eca_rock_small_2"}
{"pos":[718.485168,-164.153458,59.2929153],"rotationMatrix":[-0.470214009,-0.882552326,0,0.882552326,-0.470214009,0,-0,0,0.999999881],"scale":1.06807435,"type":"eca_rock_small_2"}
{"pos":[707.975464,-169.656143,59.1206093],"rotationMatrix":[-0.067125909,-0.997744441,0,0.997744441,-0.067125909,0,-0,0,0.999999881],"scale":1.34718645,"type":"eca_rock_small_2"}
{"pos":[710.393799,-180.635086,58.6812592],"rotationMatrix":[0.9995386,-0.0303708781,0,0.0303708781,0.9995386,0,-0,0,0.999999881],"scale":0.995802402,"type":"eca_rock_small_2"}
{"pos":[706.12262,-167.074112,58.8314514],"rotationMatrix":[0.998847246,0.0480003022,0,-0.0480003022,0.998847246,-0,-0,0,0.999999881],"scale":1.25149059,"type":"eca_rock_small_2"}
{"pos":[723.674927,-173.655563,58.1347733],"rotationMatrix":[0.901840508,-0.432068765,0,0.432068765,0.901840508,0,-0,0,0.999999881],"scale":1.07919681,"type":"eca_rock_small_2"}
{"pos":[711.13208,-162.323212,59.2319489],"rotationMatrix":[0.999120831,-0.0419201702,0,0.0419201702,0.999120831,0,-0,0,0.999999881],"scale":1.55238807,"type":"eca_rock_small_2"}
{"pos":[711.109131,-170.071335,59.555584],"rotationMatrix":[0.873419821,-0.486967593,0,0.486967593,0.873419821,0,-0,0,0.999999881],"scale":0.969139099,"type":"eca_rock_small_2"}
{"pos":[719.488037,-172.05632,58.9293938],"rotationMatrix":[0.125071362,0.992147684,0,-0.992147684,0.125071362,-0,-0,0,0.999999881],"scale":1.2630862,"type":"eca_rock_small_2"}
{"pos":[708.442139,-180.427734,58.5502129],"rotationMatrix":[0.300596505,0.953751385,0,-0.953751385,0.300596505,-0,-0,0,0.999999881],"scale":1.47167575,"type":"eca_rock_small_2"}
{"pos":[707.161987,-170.846252,58.9865379],"rotationMatrix":[0.615312815,0.78828299,0,-0.78828299,0.615312815,-0,-0,0,0.999999881],"scale":1.10833836,"type":"eca_rock_small_2"}
{"pos":[717.010437,-169.235748,59.4405403],"rotationMatrix":[-0.611466408,-0.791270256,0,0.791270256,-0.611466408,0,-0,0,0.999999881],"scale":1.10225987,"type":"eca_rock_small_2"}
{"pos":[712.213806,-167.512207,59.6199417],"rotationMatrix":[-0.798954606,-0.601391315,0,0.601391315,-0.798954606,0,-0,0,0.999999881],"scale":1.35723197,"type":"eca_rock_small_2"}
{"pos":[709.991821,-175.079056,59.1569977],"rotationMatrix":[0.297917575,0.954591572,0,-0.954591572,0.297917575,-0,-0,0,0.999999881],"scale":1.52205658,"type":"eca_rock_small_2"}
{"pos":[708.262817,-169.596619,59.1791496],"rotationMatrix":[0.500703931,0.865618646,0,-0.865618646,0.500703931,-0,-0,0,0.999999881],"scale":1.01201868,"type":"eca_rock_small_2"}
{"pos":[721.833618,-166.2827,58.9702682],"rotationMatrix":[-0.429097325,-0.903258145,0,0.903258145,-0.429097325,0,-0,0,0.999999881],"scale":1.20385659,"type":"eca_rock_small_2"}
{"pos":[715.880005,-163.610138,59.4919281],"rotationMatrix":[-0.381465435,-0.924382985,0,0.924382985,-0.381465435,0,-0,0,0.999999881],"scale":0.810790837,"type":"eca_rock_small_2"}
{"pos":[721.961853,-174.210526,58.3051682],"rotationMatrix":[-0.770214736,-0.637784481,0,0.637784481,-0.770214736,0,-0,0,0.999999881],"scale":1.50361204,"type":"eca_rock_small_2"}
{"pos":[722.85022,-174.798904,58.1249542],"rotationMatrix":[0.895917773,-0.444219679,0,0.444219679,0.895917773,0,-0,0,0.999999881],"scale":1.41436911,"type":"eca_rock_small_2"}
{"pos":[709.87207,-171.732941,59.3349457],"rotationMatrix":[0.788890481,0.614533842,0,-0.614533842,0.788890481,-0,-0,0,0.999999881],"scale":1.03004825,"type":"eca_rock_small_2"}
{"pos":[723.573853,-171.723801,58.2758408],"rotationMatrix":[-0.945738614,0.324928403,-0,-0.324928403,-0.945738614,0,-0,0,0.999999881],"scale":0.9554528,"type":"eca_rock_small_2"}
{"pos":[717.640564,-163.519043,59.3455009],"rotationMatrix":[-0.926206887,-0.377015591,0,0.377015591,-0.926206887,0,-0,0,0.999999881],"scale":1.03138733,"type":"eca_rock_small_2"}
{"pos":[723.320496,-166.728882,58.7094612],"rotationMatrix":[0.966413021,-0.256993473,0,0.256993473,0.966413021,0,-0,0,0.999999881],"scale":1.20687985,"type":"eca_rock_small_2"}
{"pos":[713.528259,-167.559296,59.7005348],"rotationMatrix":[0.438332975,0.898812711,0,-0.898812711,0.438332975,-0,-0,0,0.999999881],"scale":0.775202811,"type":"eca_rock_small_2"}
{"pos":[708.287598,-172.996994,59.0385933],"rotationMatrix":[-0.551312387,-0.834298909,0,0.834298909,-0.551312387,0,-0,0,0.999999881],"scale":0.913222492,"type":"eca_rock_small_2"}
{"pos":[714.871155,-172.174576,59.4729385],"rotationMatrix":[-0.673675299,0.739027381,-0,-0.739027381,-0.673675299,0,-0,0,0.999999881],"scale":1.41828823,"type":"eca_rock_small_2"}
{"pos":[716.983887,-174.7397,59.1292725],"rotationMatrix":[-0.340269536,0.940327823,-0,-0.940327823,-0.340269536,0,-0,0,0.999999881],"scale":1.47068191,"type":"eca_rock_small_2"}
{"pos":[721.135132,-166.872513,59.0962105],"rotationMatrix":[0.421439022,0.906856775,0,-0.906856775,0.421439022,-0,-0,0,0.999999881],"scale":0.879519582,"type":"eca_rock_small_2"}
{"pos":[715.96167,-177.379547,58.9595108],"rotationMatrix":[0.932290137,-0.361711025,0,0.361711025,0.932290137,0,-0,0,0.999999881],"scale":1.35656559,"type":"eca_rock_small_2"}
{"pos":[714.494873,-176.128143,59.2279625],"rotationMatrix":[0.874004185,-0.485918134,0,0.485918134,0.874004185,0,-0,0,0.999999881],"scale":1.49204767,"type":"eca_rock_small_2"}
{"pos":[713.433838,-179.581833,58.8719254],"rotationMatrix":[0.0982768908,-0.99515903,0,0.99515903,0.0982768908,0,-0,0,0.999999881],"scale":0.804736376,"type":"eca_rock_small_2"}
{"pos":[717.087463,-177.568558,58.8783989],"rotationMatrix":[0.373996288,0.927430212,0,-0.927430212,0.373996288,-0,-0,0,0.999999881],"scale":0.824106336,"type":"eca_rock_small_2"}
{"pos":[721.110718,-178.469269,58.1236877],"rotationMatrix":[-0.86705476,-0.498212755,0,0.498212755,-0.86705476,0,-0,0,0.999999881],"scale":0.848683953,"type":"eca_rock_small_2"}
{"pos":[716.347717,-177.873291,58.9071579],"rotationMatrix":[0.231370658,0.972865641,0,-0.972865641,0.231370658,-0,-0,0,0.999999881],"scale":1.21645486,"type":"eca_rock_small_2"}
{"pos":[719.911682,-170.089874,59.0285149],"rotationMatrix":[-0.0349038877,0.999390543,-0,-0.999390543,-0.0349038877,0,-0,0,0.999999881],"scale":0.998304546,"type":"eca_rock_small_2"}
{"pos":[724.251099,-170.899155,58.2704468],"rotationMatrix":[0.315411359,0.948954999,0,-0.948954999,0.315411359,-0,-0,0,0.999999881],"scale":0.735032082,"type":"eca_rock_small_2"}
{"pos":[704.711731,-170.645264,58.6561394],"rotationMatrix":[-0.659388244,-0.751802385,0,0.751802385,-0.659388244,0,-0,0,0.999999881],"scale":1.18481612,"type":"eca_rock_small_2"}
{"pos":[735.249146,-150.360336,58.4161949],"rotationMatrix":[-0.116637506,0.993174434,-0,-0.993174434,-0.116637506,0,-0,0,0.999999881],"scale":1.43437254,"type":"eca_rock_small_2"}
{"pos":[733.240662,-150.491333,58.6191292],"rotationMatrix":[0.973233104,-0.229819775,0,0.229819775,0.973233104,0,-0,0,0.999999881],"scale":1.24507737,"type":"eca_rock_small_2"}
{"pos":[734.974304,-149.478928,58.4884109],"rotationMatrix":[0.0497185253,-0.998763204,0,0.998763204,0.0497185253,0,-0,0,0.999999881],"scale":1.11017501,"type":"eca_rock_small_2"}
{"pos":[733.911865,-149.182236,58.5479927],"rotationMatrix":[-0.98706013,0.160350159,-0,-0.160350159,-0.98706013,0,-0,0,0.999999881],"scale":1.34256017,"type":"eca_rock_small_2"}
{"pos":[734.111633,-151.657623,58.6449051],"rotationMatrix":[-0.99078995,0.135407045,-0,-0.135407045,-0.99078995,0,-0,0,0.999999881],"scale":1.41761899,"type":"eca_rock_small_2"}
{"pos":[722.520691,-139.543915,58.6716423],"rotationMatrix":[0.0571584664,0.998365045,0,-0.998365045,0.0571584664,-0,-0,0,0.999999881],"scale":1.52134991,"type":"eca_rock_small_2"}
{"pos":[723.000244,-138.037521,58.7713585],"rotationMatrix":[-0.604461014,0.796634495,-0,-0.796634495,-0.604461014,0,-0,0,0.999999881],"scale":0.911987901,"type":"eca_rock_small_2"}
{"pos":[722.348999,-139.203262,58.6824265],"rotationMatrix":[0.839467168,-0.543410242,0,0.543410242,0.839467168,0,-0,0,0.999999881],"scale":1.16189504,"type":"eca_rock_small_2"}
{"pos":[721.25238,-138.587112,58.713253],"rotationMatrix":[0.79367435,0.608342826,0,-0.608342826,0.79367435,-0,-0,0,0.999999881],"scale":1.06512332,"type":"eca_rock_small_2"}
{"pos":[720.577026,-137.143799,58.7903824],"rotationMatrix":[-0.366266161,-0.930510104,0,0.930510104,-0.366266161,0,-0,0,0.999999881],"scale":0.892155647,"type":"eca_rock_small_2"}
{"pos":[718.420349,-137.805695,58.7326508],"rotationMatrix":[0.47482267,-0.880081356,0,0.880081356,0.47482267,0,-0,0,0.999999881],"scale":1.3081913,"type":"eca_rock_small_2"}
{"pos":[723.52594,-130.024597,59.7944565],"rotationMatrix":[0.999984682,-0.00551644899,0,0.00551644899,0.999984682,0,-0,0,0.999999881],"scale":1.19321895,"type":"eca_rock_small_2"}
{"pos":[736.007446,-125.547394,58.9974747],"rotationMatrix":[0.0686721355,0.997639179,0,-0.997639179,0.0686721355,-0,-0,0,0.999999881],"scale":1.09367549,"type":"eca_rock_small_2"}
{"pos":[738.436646,-125.908226,58.7570534],"rotationMatrix":[-0.972915232,-0.231161639,0,0.231161639,-0.972915232,0,-0,0,0.999999881],"scale":1.59613192,"type":"eca_rock_small_2"}
{"pos":[737.213684,-124.37429,58.6578178],"rotationMatrix":[-0.715267181,0.698850989,-0,-0.698850989,-0.715267181,0,-0,0,0.999999881],"scale":1.59066451,"type":"eca_rock_small_2"}
{"pos":[744.617737,-138.347702,58.6220169],"rotationMatrix":[-0.985420763,-0.170134619,0,0.170134619,-0.985420763,0,-0,0,0.999999881],"scale":0.926434875,"type":"eca_rock_small_2"}
{"pos":[744.287231,-137.688812,58.6031647],"rotationMatrix":[-0.0725654364,0.997363508,-0,-0.997363508,-0.0725654364,0,-0,0,0.999999881],"scale":1.20393169,"type":"eca_rock_small_2"}
{"pos":[708.078613,-137.166779,58.6195602],"rotationMatrix":[-0.241005585,-0.970523655,0,0.970523655,-0.241005585,0,-0,0,0.999999881],"scale":0.876495242,"type":"eca_rock_small_2"}
{"pos":[706.068298,-137.288071,58.5634003],"rotationMatrix":[-0.719523609,-0.694467843,0,0.694467843,-0.719523609,0,-0,0,0.999999881],"scale":1.52604139,"type":"eca_rock_small_2"}
{"pos":[706.176575,-136.819702,58.5866737],"rotationMatrix":[-0.179800883,0.983702898,-0,-0.983702898,-0.179800883,0,-0,0,0.999999881],"scale":1.07344222,"type":"eca_rock_small_2"}
{"pos":[833.992676,-151.424057,70.0013046],"rotationMatrix":[-0.470693231,0.882296801,-0,-0.882296801,-0.470693231,0,-0,0,0.999999881],"scale":1.04851818,"type":"eca_rock_small_2"}
{"pos":[808.80719,-171.301422,71.0739441],"rotationMatrix":[-0.109851263,-0.993947923,0,0.993947923,-0.109851263,0,-0,0,0.999999881],"scale":1.02721381,"type":"eca_rock_small_2"}
{"pos":[807.644409,-172.06218,71.0559998],"rotationMatrix":[0.999879897,-0.0154868588,0,0.0154868588,0.999879897,0,-0,0,0.999999881],"scale":1.30350935,"type":"eca_rock_small_2"}
{"pos":[798.278748,-209.851929,70.946106],"rotationMatrix":[0.467917025,-0.883772314,0,0.883772314,0.467917025,0,-0,0,0.999999881],"scale":1.21787906,"type":"eca_rock_small_2"}
{"pos":[786.651489,-222.245255,71.1731567],"rotationMatrix":[0.954694688,-0.297586739,0,0.297586739,0.954694688,0,-0,0,0.999999881],"scale":0.984249353,"type":"eca_rock_small_2"}
{"pos":[786.80481,-221.185089,71.1647491],"rotationMatrix":[-0.890467167,-0.455047309,0,0.455047309,-0.890467167,0,-0,0,0.999999881],"scale":0.881511092,"type":"eca_rock_small_2"}
{"pos":[792.943481,-207.570221,71.1440964],"rotationMatrix":[0.0390188843,-0.999238372,0,0.999238372,0.0390188843,0,-0,0,0.999999881],"scale":1.421875,"type":"eca_rock_small_2"}
{"pos":[794.560242,-207.798935,71.1174927],"rotationMatrix":[0.930130959,-0.367227703,0,0.367227703,0.930130959,0,-0,0,0.999999881],"scale":1.58148777,"type":"eca_rock_small_2"}
{"pos":[697.520447,-208.129822,58.6125336],"rotationMatrix":[0.943980873,0.329999924,0,-0.329999924,0.943980873,-0,-0,0,0.999999881],"scale":0.961841047,"type":"eca_rock_small_2"}
{"pos":[716.735474,-226.939407,63.9962158],"rotationMatrix":[0.881414175,-0.472344071,0,0.472344071,0.881414175,0,-0,0,0.999999881],"scale":1.22748566,"type":"eca_rock_small_2"}
{"pos":[705.731018,-246.317261,64.0966339],"rotationMatrix":[-0.950387776,-0.311067462,0,0.311067462,-0.950387776,0,-0,0,0.999999881],"scale":1.27981973,"type":"eca_rock_small_2"}
{"pos":[706.664368,-244.456161,64.0094376],"rotationMatrix":[0.982163489,0.18802847,0,-0.18802847,0.982163489,-0,-0,0,0.999999881],"scale":0.889266849,"type":"eca_rock_small_2"}
{"pos":[693.538574,-246.955353,63.9954185],"rotationMatrix":[0.943306327,-0.331923187,0,0.331923187,0.943306327,0,-0,0,0.999999881],"scale":1.36012197,"type":"eca_rock_small_2"}
{"pos":[690.79541,-246.824585,64.0047073],"rotationMatrix":[-0.328467727,0.944515049,-0,-0.944515049,-0.328467727,0,-0,0,0.999999881],"scale":0.849373579,"type":"eca_rock_small_2"}
{"pos":[693.285339,-248.380157,63.9883995],"rotationMatrix":[-0.999039948,0.0438050106,-0,-0.0438050106,-0.999039948,0,-0,0,0.999999881],"scale":1.06723571,"type":"eca_rock_small_2"}
{"pos":[708.273132,-219.005646,63.8977432],"rotationMatrix":[-0.922633529,-0.385677576,0,0.385677576,-0.922633529,0,-0,0,0.999999881],"scale":1.37665081,"type":"eca_rock_small_2"}
{"pos":[704.958069,-215.516556,62.3143578],"rotationMatrix":[0.798098505,-0.602526844,0,0.602526844,0.798098505,0,-0,0,0.999999881],"scale":0.95111376,"type":"eca_rock_small_2"}
{"pos":[701.776062,-181.395157,58.0134697],"rotationMatrix":[-0.997166932,-0.0752194673,0,0.0752194673,-0.997166932,0,-0,0,0.999999881],"scale":1.19339824,"type":"eca_rock_small_2"}
{"pos":[701.286133,-180.982162,58.0166283],"rotationMatrix":[-0.997195303,0.0748421103,-0,-0.0748421103,-0.997195303,0,-0,0,0.999999881],"scale":1.01751566,"type":"eca_rock_small_2"}
{"pos":[700.13031,-182.39241,57.9728355],"rotationMatrix":[0.586022317,0.810294867,0,-0.810294867,0.586022317,-0,-0,0,0.999999881],"scale":1.3967638,"type":"eca_rock_small_2"}
