{"pos":[751.52832,-4.53857374,51.5188446],"rotationMatrix":[0.900442958,-0.434973747,0,0.434973747,0.900442958,0,0,0,0.999999881],"scale":1.10806966,"type":"eca_rock_big_wide"}
{"pos":[762.779907,4.92097855,51.3050842],"rotationMatrix":[0.0601278581,0.998190582,0,-0.998190582,0.0601278581,0,0,0,0.999999881],"scale":1.17162478,"type":"eca_rock_big_wide"}
{"pos":[665.927734,-18.5882969,49.4326782],"rotationMatrix":[-0.0903531015,0.995909631,0,-0.995909631,-0.0903531015,0,0,0,0.999999762],"scale":1.17162478,"type":"eca_rock_big_wide"}
{"pos":[665.927734,-33.8025436,49.8587837],"rotationMatrix":[-0.090353094,0.993475735,-0.069583334,-0.995909572,-0.0901322886,0.00631289184,0,0.0698691159,0.997555792],"scale":1.17162478,"type":"eca_rock_big_wide"}
{"pos":[757.437195,26.4097004,52.1299858],"rotationMatrix":[0.997122049,-0.0550539494,-0.0521107167,0.0620278269,0.197371572,0.978363693,-0.0435776487,-0.978781164,0.200218484],"scale":1.10806966,"type":"eca_rock_big_wide"}
{"pos":[762.561951,26.51548,52.1299858],"rotationMatrix":[0.99982059,-0.00209781551,-0.0188000705,0.0189167485,0.110877343,0.993653476,0,-0.993831575,0.110897131],"scale":1.10806966,"type":"eca_rock_big_wide"}
{"pos":[767.942322,26.51548,52.1299858],"rotationMatrix":[0.99982065,0.00375761371,0.0185397901,0.0189167503,-0.198603839,-0.979896784,0,0.98007232,-0.198639363],"scale":1.10806966,"type":"eca_rock_big_wide"}
{"pos":[773.688965,26.51548,52.1299858],"rotationMatrix":[-0.999245942,0.0377213024,0.00913832523,-0.0113840764,-0.0597565621,-0.998147249,-0.0371053778,-0.997499466,0.060141027],"scale":1.10806966,"type":"eca_rock_big_wide"}
{"pos":[779.264832,26.51548,52.1299858],"rotationMatrix":[0.99982059,-0.000409997068,-0.0189123079,0.0189167485,0.0216698647,0.999585688,0,-0.9997648,0.0216736943],"scale":1.10806966,"type":"eca_rock_big_wide"}
{"pos":[783.312378,26.51548,52.1299858],"rotationMatrix":[0.99982065,0.00375761371,0.0185397901,0.0189167503,-0.198603839,-0.979896784,0,0.98007232,-0.198639363],"scale":1.10806966,"type":"eca_rock_big_wide"}
{"pos":[721.888184,26.379118,52.1299858],"rotationMatrix":[0.99982059,-0.00209781551,-0.0188000705,0.0189167485,0.110877343,0.993653476,0,-0.993831575,0.110897131],"scale":1.10806966,"type":"eca_rock_big_wide"}
{"pos":[716.763428,26.2733383,52.1299858],"rotationMatrix":[0.997122049,-0.0550539494,-0.0521107167,0.0620278269,0.197371572,0.978363693,-0.0435776487,-0.978781164,0.200218484],"scale":1.10806966,"type":"eca_rock_big_wide"}
{"pos":[727.268555,26.379118,52.1299858],"rotationMatrix":[0.99982065,0.00375761371,0.0185397901,0.0189167503,-0.198603839,-0.979896784,0,0.98007232,-0.198639363],"scale":1.10806966,"type":"eca_rock_big_wide"}
{"pos":[711.940735,26.379118,52.22332],"rotationMatrix":[0.99982053,-0.00354668009,-0.0185812917,0.0189167466,0.187455237,0.982090354,0,-0.982266426,0.18748872],"scale":1.10806966,"type":"eca_rock_big_wide"}
{"pos":[707.061462,28.1449413,52.22332],"rotationMatrix":[0.670411348,-0.741777241,-0.0177073292,0.151660532,0.113630489,0.981878459,-0.726323843,-0.660948753,0.188677564],"scale":1.10806966,"type":"eca_rock_big_wide"}
{"pos":[703.493408,32.7770576,51.4901924],"rotationMatrix":[0.40412131,-0.906430244,0.122753389,0.179634631,0.210232288,0.961005509,-0.896892369,-0.366312623,0.247785747],"scale":1.10806966,"type":"eca_rock_big_wide"}
{"pos":[732.168335,28.5864277,52.1299858],"rotationMatrix":[0.734722674,0.67811352,0.0185397882,0.148098782,-0.133671522,-0.979896665,-0.662003398,0.722698569,-0.198639333],"scale":1.10806966,"type":"eca_rock_big_wide"}
{"pos":[733.950562,34.0936203,52.1299858],"rotationMatrix":[-0.0251141191,0.999512076,0.0185397863,0.198154405,0.0231548399,-0.979896545,-0.979848623,-0.0209355056,-0.198639303],"scale":1.10806966,"type":"eca_rock_big_wide"}
{"pos":[733.979797,40.2474785,51.9631042],"rotationMatrix":[-0.0267900117,0.999512017,0.0160230398,0.292028993,0.023154838,-0.95612824,-0.956033707,-0.0209355038,-0.292506993],"scale":1.10806966,"type":"eca_rock_big_wide"}
{"pos":[750.097473,34.0936203,52.0394135],"rotationMatrix":[0.0142151285,0.999512017,-0.0277915969,0.25947392,0.023154838,0.965471685,0.965645075,-0.0209355038,-0.25901857],"scale":1.10806966,"type":"eca_rock_big_wide"}
{"pos":[750.14563,40.2474747,51.9151917],"rotationMatrix":[0.016837256,0.999511957,-0.0262859166,0.16484803,0.0231548361,0.986046314,0.986174822,-0.0209355019,-0.164378077],"scale":1.10806966,"type":"eca_rock_big_wide"}
{"pos":[752.123108,28.4650288,52.1299858],"rotationMatrix":[0.69942373,-0.712804139,-0.0521107092,0.178861305,0.103978932,0.978363574,-0.691963851,-0.69361192,0.200218454],"scale":1.10806966,"type":"eca_rock_big_wide"}
{"pos":[730.864136,66.5018234,52.1299858],"rotationMatrix":[-0.0251141191,0.999512076,0.0185397863,0.198154405,0.0231548399,-0.979896545,-0.979848623,-0.0209355056,-0.198639303],"scale":1.10806966,"type":"eca_rock_big_wide"}
{"pos":[730.025696,72.2106781,52.1299858],"rotationMatrix":[0.168975279,-0.982100964,0.0832071602,-0.177888602,-0.113423213,-0.977491021,0.969433665,0.150370389,-0.193870366],"scale":1.10806966,"type":"eca_rock_big_wide"}
{"pos":[732.296509,61.5674858,51.1750031],"rotationMatrix":[0.313139439,-0.946054161,0.0832071528,-0.159044206,-0.138614982,-0.977490902,0.936294377,0.292857736,-0.193870336],"scale":1.44130683,"type":"eca_rock_big_wide"}
{"pos":[749.315002,59.4485817,51.2047462],"rotationMatrix":[-0.149766296,0.988575697,0.0169151481,0.17263101,0.0429907739,-0.9840464,-0.973533094,-0.144457191,-0.17709744],"scale":1.44130683,"type":"eca_rock_big_wide"}
{"pos":[650.053223,-166.622818,52.1299858],"rotationMatrix":[-0.939797282,0.337733895,-0.0521107018,-0.115849167,-0.171411619,0.978363454,0.32149446,0.925501287,0.200218424],"scale":1.96920252,"type":"eca_rock_big_wide"}
{"pos":[639.908325,-163.547485,51.5828056],"rotationMatrix":[0.938395441,-0.345446676,0.00887523592,-0.0913937464,-0.223335639,0.970446229,-0.333255708,-0.911474645,-0.241149247],"scale":1.96920252,"type":"eca_rock_big_wide"}
{"pos":[629.618164,-161.012985,51.5828018],"rotationMatrix":[0.998406112,-0.0557178855,0.00887523498,-0.0220372677,-0.240303934,0.97044611,-0.0519385338,-0.969096303,-0.241149217],"scale":1.96920252,"type":"eca_rock_big_wide"}
{"pos":[626.443542,-162.455032,51.1314812],"rotationMatrix":[0.860089898,0.510063052,0.00887523405,0.115602545,-0.211819872,0.970445991,0.496869385,-0.833646059,-0.241149187],"scale":2.3763032,"type":"eca_rock_big_wide"}
{"pos":[656.09491,-173.92952,52.001091],"rotationMatrix":[-0.0417018533,0.997769415,-0.0521106869,-0.202447861,0.0426358506,0.978363216,0.978403986,0.0513492972,0.200218365],"scale":1.96920252,"type":"eca_rock_big_wide"}
{"pos":[649.112732,-164.717194,47.5823898],"rotationMatrix":[-0.979271114,0.195732012,-0.0521106943,-0.0893583074,-0.186595976,0.978363335,0.181773573,0.9627406,0.200218394],"scale":1.96920252,"type":"eca_rock_big_wide"}
{"pos":[828.623291,23.5718212,57.1697617],"rotationMatrix":[-0.174740046,0.984441876,0.0183870252,-0.452899367,-0.0637808144,-0.88927573,-0.874268949,-0.163719758,0.456998885],"scale":2.36519861,"type":"eca_rock_big_wide"}
{"pos":[829.722961,12.2319241,57.1697617],"rotationMatrix":[-0.00375585258,0.999822736,0.0183870234,-0.457134068,0.0146368146,-0.88927561,-0.889388621,-0.0117452741,0.456998825],"scale":2.36519861,"type":"eca_rock_big_wide"}
{"pos":[829.918213,-0.46494174,57.7165298],"rotationMatrix":[-0.0745369717,0.997047484,0.0183870215,-0.457023114,-0.0177664272,-0.889275491,-0.886324883,-0.0746872723,0.456998765],"scale":2.36519861,"type":"eca_rock_big_wide"}
{"pos":[830.630554,-13.5381746,57.7165298],"rotationMatrix":[-0.0979966596,0.995175481,0.00440916047,-0.324571371,-0.0277722217,-0.94545126,-0.940769613,-0.0940822884,0.325727612],"scale":2.36519861,"type":"eca_rock_big_wide"}
{"pos":[834.894958,-25.3347588,57.7165298],"rotationMatrix":[-0.562583447,0.826726735,0.00440915953,-0.271638602,-0.179806337,-0.945451021,-0.780838907,-0.533094168,0.325727552],"scale":2.36519861,"type":"eca_rock_big_wide"}
{"pos":[843.541321,-35.311142,55.9698067],"rotationMatrix":[-0.356831998,0.924223065,-0.135936782,-0.216845527,-0.223490298,-0.950276077,-0.908650398,-0.309612632,0.280162632],"scale":2.36519861,"type":"eca_rock_big_wide"}
{"pos":[831.791382,-60.5463257,55.4975777],"rotationMatrix":[-0.356832027,0.933724582,-0.0287314504,-0.216845542,-0.112707309,-0.969675064,-0.908650458,-0.339781851,0.242691964],"scale":2.36519861,"type":"eca_rock_big_wide"}
{"pos":[825.032532,23.4739056,56.2733917],"rotationMatrix":[0.191285506,0.981534421,0,-0.981534421,0.191285506,-0,-0,0,0.999999881],"scale":1.0574038,"type":"eca_rock_big_wide"}
{"pos":[835.142456,-28.9310589,57.2158432],"rotationMatrix":[0.440779507,0.397898227,0.804605186,-0.685302079,0.728096366,0.0153602045,-0.579718471,-0.558168292,0.593610704],"scale":1.10958624,"type":"eca_rock_big_wide"}
{"pos":[812.477051,35.8310776,49.6376419],"rotationMatrix":[0.209390119,0.977657914,0.0183870196,-0.443514973,0.111714736,-0.889275372,-0.871462941,0.178050965,0.456998706],"scale":2.36519861,"type":"eca_rock_big_wide"}
{"pos":[816.314697,23.1438446,50.1132812],"rotationMatrix":[-0.84058243,0.512150586,0.176407412,-0.37528336,-0.315775037,-0.871460855,-0.390615225,-0.798739374,0.457637459],"scale":2.36519861,"type":"eca_rock_big_wide"}
{"pos":[851.714417,-38.51437,66.5817719],"rotationMatrix":[-0.750952363,0.655034065,0.0836449713,-0.185245588,-0.0873835534,-0.978796363,-0.633837819,-0.750526786,0.18696332],"scale":2.36519861,"type":"eca_rock_big_wide"}
{"pos":[843.887878,-31.1055508,66.5817719],"rotationMatrix":[-0.681940377,0.726606011,0.0836449638,-0.193031281,-0.0684888884,-0.978796244,-0.705472827,-0.683629096,0.186963305],"scale":2.36519861,"type":"eca_rock_big_wide"}
{"pos":[837.838867,-23.1615982,66.5817719],"rotationMatrix":[-0.528001785,0.845111132,0.0836449564,-0.202651531,-0.0297345705,-0.978796124,-0.82470721,-0.533758759,0.18696329],"scale":2.36519861,"type":"eca_rock_big_wide"}
{"pos":[834.591431,-13.7314205,66.418129],"rotationMatrix":[0.0981379896,-0.994401038,0.0391208716,-0.123129845,-0.0511415303,-0.991068423,0.987523794,0.0924448967,-0.127460226],"scale":2.36519861,"type":"eca_rock_big_wide"}
{"pos":[833.056091,-12.1703787,64.0835037],"rotationMatrix":[-0.0971229076,0.995175421,0.0137813371,-0.413693786,-0.0277722199,-0.909990072,-0.905219257,-0.094082281,0.414395958],"scale":2.36519861,"type":"eca_rock_big_wide"}
{"pos":[845.687927,-35.2148056,64.0835037],"rotationMatrix":[-0.736166,0.676658273,0.0137813352,-0.289692044,-0.296635032,-0.909989953,-0.611665845,-0.673897743,0.414395899],"scale":2.36519861,"type":"eca_rock_big_wide"}
{"pos":[833.433228,-1.53857279,66.8530045],"rotationMatrix":[-0.00309285452,-0.999157012,0.0408685878,-0.348029941,-0.0372382253,-0.936739504,0.937475383,-0.0171207152,-0.34762314],"scale":2.36519861,"type":"eca_rock_big_wide"}
{"pos":[833.285583,11.5223751,62.8689194],"rotationMatrix":[-0.0800250247,0.990921497,0.108002998,-0.271465629,0.0825891718,-0.958893776,-0.959112704,-0.106055073,0.262392759],"scale":3.73638725,"type":"eca_rock_big_wide"}
{"pos":[832.798889,23.7693462,66.8530045],"rotationMatrix":[0.122749723,-0.991592944,0.0408685841,-0.34057036,-0.0807671621,-0.936739385,0.932168722,0.101066321,-0.34762311],"scale":2.36519861,"type":"eca_rock_big_wide"}
{"pos":[863.180725,-45.5624237,66.5817719],"rotationMatrix":[-0.961884618,0.260339409,0.0836449638,-0.128323093,-0.159640163,-0.978796244,-0.241466939,-0.952225924,0.186963305],"scale":2.36519861,"type":"eca_rock_big_wide"}
{"pos":[874.422607,-49.3653412,66.5817719],"rotationMatrix":[0.871541619,-0.487407178,0.0533229336,-0.0687950179,-0.229235113,-0.970932722,0.485465258,0.842543483,-0.233320534],"scale":2.36519861,"type":"eca_rock_big_wide"}
{"pos":[881.616638,-54.5628967,66.5817719],"rotationMatrix":[-0.84123224,0.538856983,0.0442202315,-0.23499237,-0.290743649,-0.927490771,-0.486930281,-0.790629923,0.37121141],"scale":2.36519861,"type":"eca_rock_big_wide"}
{"pos":[890.081848,-61.1073456,66.3559341],"rotationMatrix":[0.788568139,-0.611940086,0.0606798679,-0.183076829,-0.3278234,-0.926824987,0.587056518,0.719759405,-0.370545417],"scale":2.36519861,"type":"eca_rock_big_wide"}
{"pos":[898.390747,-68.5481415,65.4988174],"rotationMatrix":[-0.762639165,0.635727286,0.119272545,-0.337530166,-0.23384361,-0.911801517,-0.551768601,-0.735637069,0.392916769],"scale":2.36519861,"type":"eca_rock_big_wide"}
{"pos":[910.102051,-74.9322815,64.5395203],"rotationMatrix":[-0.893504918,0.432916343,0.11927253,-0.271129608,-0.308379889,-0.911801398,-0.357954264,-0.847041428,0.392916709],"scale":2.36519861,"type":"eca_rock_big_wide"}
{"pos":[907.205811,-71.4936218,64.5395203],"rotationMatrix":[0.942368865,-0.333504796,-0.0266174115,-0.0987546295,-0.353293389,0.930280507,-0.319658399,-0.874043345,-0.365869075],"scale":2.36519861,"type":"eca_rock_big_wide"}
{"pos":[904.041016,-69.3814163,66.6326752],"rotationMatrix":[-0.86264199,0.491544783,0.11927253,-0.29109332,-0.289610207,-0.911801398,-0.413650721,-0.821281552,0.392916709],"scale":2.36519861,"type":"eca_rock_big_wide"}
{"pos":[832.610413,41.7035103,63.080658],"rotationMatrix":[0.0654505789,0.996961057,0.042175144,-0.256505579,0.0576549843,-0.964817166,-0.964321315,0.0523299202,0.259500474],"scale":3.73638725,"type":"eca_rock_big_wide"}
{"pos":[718.985413,-221.523468,60.8610764],"rotationMatrix":[0.99982053,0.00286786119,-0.0186980963,0.0189167466,-0.15157707,0.988263786,0,-0.988440931,-0.151604325],"scale":1.10806966,"type":"eca_rock_big_wide"}
{"pos":[714.162415,-219.213867,60.8610764],"rotationMatrix":[0.73397845,-0.678914368,-0.0186980944,-0.0893946365,-0.123863019,0.988263667,-0.673263073,-0.72369343,-0.15160431],"scale":1.10806966,"type":"eca_rock_big_wide"}
{"pos":[711.664307,-216.945679,60.8610764],"rotationMatrix":[0.121211797,-0.99244976,-0.0186980907,-0.148271635,-0.0367282182,0.988263428,-0.981489658,-0.117016941,-0.15160428],"scale":1.10806966,"type":"eca_rock_big_wide"}
{"pos":[742.425293,-208.553909,60.4902458],"rotationMatrix":[0.394550413,0.905504644,0.156172454,0.69021678,-0.404252112,0.600149155,0.606571555,-0.128996357,-0.784493208],"scale":1.10806966,"type":"eca_rock_big_wide"}
{"pos":[741.486267,-186.213593,57.309639],"rotationMatrix":[-0.822380722,-0.56893748,0,0.56893748,-0.822380722,0,-0,0,0.999999881],"scale":1.13094342,"type":"eca_rock_big_wide"}
{"pos":[739.699219,-204.597,59.3217278],"rotationMatrix":[-0.944078386,0.329721093,-0,-0.329721093,-0.944078386,0,-0,0,0.999999881],"scale":1.14038479,"type":"eca_rock_big_wide"}
{"pos":[747.657898,-211.258545,63.2632027],"rotationMatrix":[0.385018229,0.922908962,0,-0.922908962,0.385018229,-0,-0,0,0.999999881],"scale":1.2707938,"type":"eca_rock_big_wide"}
{"pos":[753.01947,-214.302597,63.3209114],"rotationMatrix":[-0.953230202,-0.30224508,0,0.30224508,-0.953230202,0,-0,0,0.999999881],"scale":1.16407084,"type":"eca_rock_big_wide"}
{"pos":[716.425964,-210.743286,58.9462624],"rotationMatrix":[0.165262237,0.986249626,0,-0.986249626,0.165262237,-0,-0,0,0.999999881],"scale":1.18954825,"type":"eca_rock_big_wide"}
{"pos":[755.291809,-223.863113,64.0835037],"rotationMatrix":[0.746139705,0.665644169,0.0137813333,-0.266533911,0.317605793,-0.909989834,-0.610108018,0.675308228,0.414395839],"scale":2.36519861,"type":"eca_rock_big_wide"}
{"pos":[761.350525,-213.331467,64.0835037],"rotationMatrix":[0.54128325,0.840635896,0.0184247382,-0.269328266,0.194094375,-0.943283558,-0.796536565,0.505622983,0.331467718],"scale":2.36519861,"type":"eca_rock_big_wide"}
{"pos":[769.812866,-201.283646,64.812645],"rotationMatrix":[0.641112804,0.767222524,0.0184247363,-0.243250161,0.225919604,-0.943283439,-0.727873087,0.600271344,0.331467688],"scale":2.36519861,"type":"eca_rock_big_wide"}
{"pos":[778.114685,-190.395187,64.812645],"rotationMatrix":[0.641112804,0.767222524,0.0184247363,-0.243250161,0.225919604,-0.943283439,-0.727873087,0.600271344,0.331467688],"scale":2.36519861,"type":"eca_rock_big_wide"}
{"pos":[786.984497,-180.095978,64.812645],"rotationMatrix":[0.641112804,0.767222524,0.0184247363,-0.243250161,0.225919604,-0.943283439,-0.727873087,0.600271344,0.331467688],"scale":2.36519861,"type":"eca_rock_big_wide"}
{"pos":[797.219238,-169.594437,64.812645],"rotationMatrix":[0.714354932,0.699537575,0.0184247345,-0.219533741,0.249028549,-0.943283319,-0.664452553,0.669796646,0.331467658],"scale":2.36519861,"type":"eca_rock_big_wide"}
{"pos":[807.432556,-161.431183,64.812645],"rotationMatrix":[0.798234165,0.602061272,0.0184247326,-0.18575415,0.275146604,-0.9432832,-0.572985709,0.749541163,0.331467628],"scale":2.36519861,"type":"eca_rock_big_wide"}
{"pos":[818.547546,-153.566711,63.9601212],"rotationMatrix":[0.871463478,0.490108907,0.0184247307,-0.147359729,0.297481686,-0.943283081,-0.467794061,0.819324791,0.331467599],"scale":2.36519861,"type":"eca_rock_big_wide"}
{"pos":[830.04187,-146.184128,63.9601212],"rotationMatrix":[0.820073128,0.57195729,0.0184247289,-0.175392553,0.281864643,-0.943282962,-0.544712782,0.770332456,0.331467569],"scale":2.36519861,"type":"eca_rock_big_wide"}
{"pos":[840.276428,-138.743881,63.562561],"rotationMatrix":[0.820073128,0.57195729,0.0184247289,-0.175392553,0.281864643,-0.943282962,-0.544712782,0.770332456,0.331467569],"scale":2.36519861,"type":"eca_rock_big_wide"}
{"pos":[849.039551,-129.753235,63.3013916],"rotationMatrix":[0.617909014,0.786030054,0.018424727,-0.249889821,0.218552679,-0.943282843,-0.745478272,0.578261256,0.331467539],"scale":2.36519861,"type":"eca_rock_big_wide"}
{"pos":[857.757874,-118.015503,63.3013916],"rotationMatrix":[0.617909014,0.786030054,0.018424727,-0.249889821,0.218552679,-0.943282843,-0.745478272,0.578261256,0.331467539],"scale":2.36519861,"type":"eca_rock_big_wide"}
{"pos":[865.785156,-107.110985,62.6572952],"rotationMatrix":[0.466502547,0.88432461,0.0184247252,-0.285114765,0.170058072,-0.943282723,-0.837304771,0.434792519,0.331467509],"scale":2.36519861,"type":"eca_rock_big_wide"}
{"pos":[872.059448,-94.4236679,62.8167191],"rotationMatrix":[0.395185977,0.918412983,0.0184247233,-0.297657728,0.147003502,-0.943282604,-0.869035125,0.367289454,0.331467479],"scale":2.36519861,"type":"eca_rock_big_wide"}
{"pos":[874.682312,-87.9724655,62.0294266],"rotationMatrix":[0.705799878,0.699640572,0.111099392,-0.174181774,0.323408186,-0.930085838,-0.686659217,0.637105823,0.35012722],"scale":2.36519861,"type":"eca_rock_big_wide"}
{"pos":[702.837402,-118.546448,54.0538635],"rotationMatrix":[0.725300014,0.688299477,-0.0134138465,-0.38771683,0.392303318,-0.834127367,-0.568868876,0.61019522,0.551404119],"scale":1.8290658,"type":"eca_rock_big_wide"}
{"pos":[711.580383,-114.06633,54.0538635],"rotationMatrix":[0.947124243,0.320580423,-0.0134138446,-0.187400639,0.518755376,-0.834127247,-0.260447204,0.792538404,0.551404059],"scale":1.8290658,"type":"eca_rock_big_wide"}
{"pos":[727.938354,-114.332985,54.0538635],"rotationMatrix":[0.759668291,-0.650169253,-0.0134138428,0.350069642,0.426236212,-0.834127128,0.548043013,0.628966212,0.551403999],"scale":1.8290658,"type":"eca_rock_big_wide"}
{"pos":[698.612122,-128.999374,54.0538635],"rotationMatrix":[0.13666597,0.990524411,-0.0134138446,-0.547807813,0.0642870069,-0.834127247,-0.825363755,0.121345401,0.551404059],"scale":1.8290658,"type":"eca_rock_big_wide"}
{"pos":[735.386353,-125.239098,56.5521889],"rotationMatrix":[0.770728648,-0.625834405,0.119600214,0.371240795,0.288527727,-0.882567704,0.517835081,0.724623084,0.454712838],"scale":1.3963995,"type":"eca_rock_big_wide"}
{"pos":[737.711121,-130.527466,55.9705238],"rotationMatrix":[-0.0183121171,0.999454856,0.0273792967,0.29128617,0.0315290019,-0.956112504,-0.956457794,-0.00953323394,-0.291706353],"scale":1.3963995,"type":"eca_rock_big_wide"}
{"pos":[727.587158,-121.663528,56.3332634],"rotationMatrix":[0.973065495,-0.230242595,0.0112749785,0.110015005,0.420857996,-0.900426805,0.202572227,0.877417862,0.434853524],"scale":1.3963995,"type":"eca_rock_big_wide"}
{"pos":[720.397339,-119.633141,56.3332634],"rotationMatrix":[0.973065495,-0.230242595,0.0112749785,0.110015005,0.420857996,-0.900426805,0.202572227,0.877417862,0.434853524],"scale":1.3963995,"type":"eca_rock_big_wide"}
{"pos":[712.358215,-120.747978,56.5768433],"rotationMatrix":[0.776367724,0.627726793,0.0566318743,-0.266186446,0.408005238,-0.873309374,-0.571307838,0.662937284,0.483855724],"scale":1.3963995,"type":"eca_rock_big_wide"}
{"pos":[715.974243,-180.269623,57.9099731],"rotationMatrix":[0.962607861,-0.270898312,0,0.270898312,0.962607861,0,-0,0,0.999999881],"scale":1.01572406,"type":"eca_rock_big_wide"}
{"pos":[720.381592,-174.874878,57.7402077],"rotationMatrix":[-0.880598783,-0.473862439,0,0.473862439,-0.880598783,0,-0,0,0.999999881],"scale":1.03768003,"type":"eca_rock_big_wide"}
{"pos":[721.440613,-171.619751,57.8763809],"rotationMatrix":[-0.453046203,-0.891486943,0,0.891486943,-0.453046203,0,-0,0,0.999999881],"scale":1.25563645,"type":"eca_rock_big_wide"}
{"pos":[794.656433,-184.187759,70.5002594],"rotationMatrix":[-0.994872689,-0.101134092,0,0.101134092,-0.994872689,0,-0,0,0.999999881],"scale":1.00081849,"type":"eca_rock_big_wide"}
{"pos":[723.853638,-240.20311,64.0835037],"rotationMatrix":[0.939432442,0.342451572,0.0137813315,-0.130154043,0.393666923,-0.909989715,-0.317053467,0.853082597,0.414395779],"scale":2.36519861,"type":"eca_rock_big_wide"}
{"pos":[720.706177,-232.25264,60.5253601],"rotationMatrix":[0.867112577,0.497917682,0.0137813296,-0.195498019,0.36564219,-0.909989595,-0.458140194,0.786371589,0.41439572],"scale":2.36519861,"type":"eca_rock_big_wide"}
{"pos":[710.401917,-244.75119,64.6762161],"rotationMatrix":[0.970487475,0.240749016,0.0137813278,-0.0876113325,0.405262768,-0.909989476,-0.224664703,0.881928802,0.41439566],"scale":2.36519861,"type":"eca_rock_big_wide"}
{"pos":[698.325867,-250.77951,64.6762161],"rotationMatrix":[0.801670969,0.597603142,0.0137813259,-0.23763603,0.339768648,-0.909989357,-0.548496664,0.726239502,0.414395601],"scale":2.36519861,"type":"eca_rock_big_wide"}
{"pos":[689.027222,-259.553802,64.8334122],"rotationMatrix":[0.655614197,0.754967332,0.013781324,-0.304691613,0.281205624,-0.909989238,-0.690889776,0.592404842,0.414395541],"scale":2.36519861,"type":"eca_rock_big_wide"}
{"pos":[680.631531,-269.158875,64.457428],"rotationMatrix":[0.722907603,0.686990201,0.0737847835,-0.199470162,0.309746921,-0.929656863,-0.66152209,0.657340705,0.360953212],"scale":2.36519861,"type":"eca_rock_big_wide"}
{"pos":[712.783997,-241.810806,60.5253601],"rotationMatrix":[0.477556884,0.878490388,0.0137813278,-0.358122289,0.208954677,-0.909989476,-0.802299082,0.42963776,0.41439566],"scale":2.36519861,"type":"eca_rock_big_wide"}
{"pos":[671.768982,-282.167145,57.2410469],"rotationMatrix":[0.492988735,0.869279742,0.0361814313,-0.0621277168,0.07665319,-0.995116234,-0.867811322,0.48833549,0.0917952135],"scale":4.84195614,"type":"eca_rock_big_wide"}
{"pos":[680.956238,-259.991821,57.2743912],"rotationMatrix":[0.203597933,0.97895515,0.0137813203,-0.403198808,0.0966656357,-0.909988999,-0.892173767,0.179716021,0.414395422],"scale":2.36519861,"type":"eca_rock_big_wide"}
{"pos":[683.831726,-246.039658,57.2743912],"rotationMatrix":[0.203597933,0.97895515,0.0137813203,-0.403198808,0.0966656357,-0.909988999,-0.892173767,0.179716021,0.414395422],"scale":2.36519861,"type":"eca_rock_big_wide"}
{"pos":[687.28241,-232.344482,57.2743912],"rotationMatrix":[0.203597933,0.97895515,0.0137813203,-0.403198808,0.0966656357,-0.909988999,-0.892173767,0.179716021,0.414395422],"scale":2.36519861,"type":"eca_rock_big_wide"}
{"pos":[675.951904,-239.968018,48.9561386],"rotationMatrix":[0.263689846,0.964506507,0.0137813184,-0.39645645,0.121390998,-0.90998888,-0.879366338,0.234492108,0.414395362],"scale":2.36519861,"type":"eca_rock_big_wide"}
{"pos":[681.769775,-217.832382,48.9561272],"rotationMatrix":[0.144509673,0.989404857,0.0137813166,-0.408271104,0.0723060817,-0.909988761,-0.90134716,0.125876248,0.414395303],"scale":2.36519861,"type":"eca_rock_big_wide"}
