{"pos":[-414.754333,-968.03595,21.335371],"rotationMatrix":[-0.375500113,0.926822364,0,-0.926822364,-0.375500113,0,0,0,1],"scale":0.826962233,"type":"eca_rock_medium_1"}
{"pos":[-430.626862,-929.272705,28.0731506],"rotationMatrix":[0.320327908,-0.947306693,0,0.947306693,0.320327908,0,0,0,1],"scale":1.10432386,"type":"eca_rock_medium_1"}
{"pos":[-436.179077,-930.860107,24.5982552],"rotationMatrix":[-0.0839377567,-0.996470988,0,0.996470988,-0.0839377567,0,0,0,1],"scale":1.00064635,"type":"eca_rock_medium_1"}
{"pos":[-436.380737,-932.80188,22.4535179],"rotationMatrix":[-0.547589183,-0.836747348,0,0.836747348,-0.547589183,0,0,0,1],"scale":1.17427123,"type":"eca_rock_medium_1"}
{"pos":[-437.593964,-930.449158,22.8832035],"rotationMatrix":[0.0346763507,-0.999398589,0,0.999398589,0.0346763507,0,0,0,1],"scale":1.1776185,"type":"eca_rock_medium_1"}
{"pos":[-441.822968,-940.760193,13.2936382],"rotationMatrix":[0.990468919,-0.137736529,0,0.137736529,0.990468919,0,0,0,1],"scale":1.1611594,"type":"eca_rock_medium_1"}
{"pos":[-470.579346,-949.459595,10.7857914],"rotationMatrix":[-0.213817596,0.976873577,0,-0.976873577,-0.213817596,0,0,0,1],"scale":1.07802999,"type":"eca_rock_medium_1"}
{"pos":[-467.307404,-947.751709,10.9336891],"rotationMatrix":[-0.999492288,0.0318614841,0,-0.0318614841,-0.999492288,0,0,0,1],"scale":1.02084434,"type":"eca_rock_medium_1"}
{"pos":[-426.6521,-960.117432,16.2690067],"rotationMatrix":[0.755586028,-0.655049384,0,0.655049384,0.755586028,0,0,0,1],"scale":1.14088202,"type":"eca_rock_medium_1"}
{"pos":[-429.194,-970.033691,11.4243841],"rotationMatrix":[-0.985731244,0.168326646,0,-0.168326646,-0.985731244,0,0,0,1],"scale":1.11643052,"type":"eca_rock_medium_1"}
{"pos":[-424.201782,-965.850769,15.4697571],"rotationMatrix":[0.932174921,0.362008125,0,-0.362008125,0.932174921,0,0,0,1],"scale":1.26557374,"type":"eca_rock_medium_1"}
{"pos":[-420.045227,-982.429993,11.0457106],"rotationMatrix":[0.0507053323,-0.998713672,0,0.998713672,0.0507053323,0,0,0,1],"scale":1.00057685,"type":"eca_rock_medium_1"}
{"pos":[-423.522064,-977.807312,11.620224],"rotationMatrix":[-0.663528204,-0.748151302,0,0.748151302,-0.663528204,0,0,0,1],"scale":1.0213145,"type":"eca_rock_medium_1"}
{"pos":[-552.758484,-923.536499,9.5806427],"rotationMatrix":[-0.997598946,-0.069255814,0,0.069255814,-0.997598946,0,0,0,1],"scale":1.224159,"type":"eca_rock_medium_1"}
{"pos":[-551.225159,-921.731567,10.4753962],"rotationMatrix":[0.30881843,-0.951121032,0,0.951121032,0.30881843,0,0,0,1],"scale":1.24451351,"type":"eca_rock_medium_1"}
{"pos":[-550.450073,-923.516052,10.0073233],"rotationMatrix":[0.845854998,-0.533412874,0,0.533412874,0.845854998,0,0,0,1],"scale":1.22903132,"type":"eca_rock_medium_1"}
{"pos":[-559.281982,-927.161194,8.04797554],"rotationMatrix":[-0.998822749,0.0485085212,0,-0.0485085212,-0.998822749,0,0,0,1],"scale":1.11065578,"type":"eca_rock_medium_1"}
{"pos":[-588.395386,-924.617493,9.78976822],"rotationMatrix":[-0.508531332,0.861043513,0,-0.861043513,-0.508531332,0,0,0,1],"scale":1.18287158,"type":"eca_rock_medium_1"}
{"pos":[-525.804932,-917.203491,15.0422554],"rotationMatrix":[0.284552395,-0.958660483,0,0.958660483,0.284552395,0,0,0,1],"scale":1.18213654,"type":"eca_rock_medium_1"}
{"pos":[-522.45929,-913.258972,19.4393806],"rotationMatrix":[0.822044432,-0.569423378,0,0.569423378,0.822044432,0,0,0,1],"scale":1.04328704,"type":"eca_rock_medium_1"}
{"pos":[-529.91333,-907.416443,23.1710777],"rotationMatrix":[-0.120279737,-0.992740035,0,0.992740035,-0.120279737,0,0,0,1],"scale":1.11013389,"type":"eca_rock_medium_1"}
{"pos":[-536.562439,-901.792603,24.5127258],"rotationMatrix":[-0.451313257,0.892365575,0,-0.892365575,-0.451313257,0,0,0,1],"scale":1.23618889,"type":"eca_rock_medium_1"}
{"pos":[-546.569946,-897.000305,25.0955887],"rotationMatrix":[0.127564952,0.99183023,0,-0.99183023,0.127564952,0,0,0,1],"scale":1.07863426,"type":"eca_rock_medium_1"}
{"pos":[-551.316101,-899.551147,22.869688],"rotationMatrix":[0.995564938,-0.0940768495,0,0.0940768495,0.995564938,0,0,0,1],"scale":1.21531773,"type":"eca_rock_medium_1"}
{"pos":[-542.883545,-894.977051,27.2542095],"rotationMatrix":[0.261286527,-0.965261281,0,0.965261281,0.261286527,0,0,0,1],"scale":1.23132348,"type":"eca_rock_medium_1"}
{"pos":[-490.444946,-914.583496,14.9183283],"rotationMatrix":[0.661883771,-0.749606431,0,0.749606431,0.661883771,0,0,0,1],"scale":1.29125452,"type":"eca_rock_medium_1"}
{"pos":[-490.229919,-917.094543,12.579052],"rotationMatrix":[-0.721033931,0.692899764,0,-0.692899764,-0.721033931,0,0,0,1],"scale":1.12675047,"type":"eca_rock_medium_1"}
{"pos":[-489.036194,-915.395996,15.0737877],"rotationMatrix":[-0.226939559,-0.973908842,0,0.973908842,-0.226939559,0,0,0,1],"scale":1.24718356,"type":"eca_rock_medium_1"}
{"pos":[-484.091858,-897.288696,27.113636],"rotationMatrix":[0.932642102,0.360802799,0,-0.360802799,0.932642102,0,0,0,1],"scale":1.23340058,"type":"eca_rock_medium_1"}
{"pos":[-483.851746,-898.939514,26.3661537],"rotationMatrix":[0.931379318,0.36405015,0,-0.36405015,0.931379318,0,0,0,1],"scale":1.09164894,"type":"eca_rock_medium_1"}
{"pos":[-485.601837,-897.094055,27.7363091],"rotationMatrix":[-0.511611044,-0.859217167,0,0.859217167,-0.511611044,0,0,0,1],"scale":1.037449,"type":"eca_rock_medium_1"}
{"pos":[-482.678162,-901.688049,25.1506271],"rotationMatrix":[0.153389007,0.988165855,0,-0.988165855,0.153389007,0,0,0,1],"scale":1.13914227,"type":"eca_rock_medium_1"}
{"pos":[-482.445618,-907.339661,21.7260761],"rotationMatrix":[0.511917412,-0.859034657,0,0.859034657,0.511917412,0,0,0,1],"scale":1.0752269,"type":"eca_rock_medium_1"}
{"pos":[-483.422211,-910.680664,19.8493137],"rotationMatrix":[-0.868253887,-0.496120095,0,0.496120095,-0.868253887,0,0,0,1],"scale":1.139588,"type":"eca_rock_medium_1"}
{"pos":[-495.828613,-891.300476,28.95298],"rotationMatrix":[-0.232126117,0.972685695,0,-0.972685695,-0.232126117,0,0,0,1],"scale":1.10123909,"type":"eca_rock_medium_1"}
{"pos":[-457.950989,-915.782532,26.7647781],"rotationMatrix":[0.943327665,0.331862837,0,-0.331862837,0.943327665,0,0,0,1],"scale":1.13674903,"type":"eca_rock_medium_1"}
{"pos":[-458.261841,-916.985291,25.3073597],"rotationMatrix":[0.99734664,-0.0727987438,0,0.0727987438,0.99734664,0,0,0,1],"scale":1.20956731,"type":"eca_rock_medium_1"}
{"pos":[-453.586578,-945.706482,9.97893715],"rotationMatrix":[-0.942103028,-0.335323572,0,0.335323572,-0.942103028,0,0,0,1],"scale":1.00011325,"type":"eca_rock_medium_1"}
{"pos":[-464.443329,-946.396118,10.6350155],"rotationMatrix":[-0.773789048,0.633443415,0,-0.633443415,-0.773789048,0,0,0,1],"scale":1.25588298,"type":"eca_rock_medium_1"}
{"pos":[-373.998352,-959.671326,21.0832291],"rotationMatrix":[0.0108654862,0.999940991,0,-0.999940991,0.0108654862,0,0,0,1],"scale":1.23202789,"type":"eca_rock_medium_1"}
{"pos":[-377.040833,-957.736145,24.858326],"rotationMatrix":[-0.99235028,0.123454325,0,-0.123454325,-0.99235028,0,0,0,1],"scale":1.26128697,"type":"eca_rock_medium_1"}
{"pos":[-373.04068,-954.043762,23.408762],"rotationMatrix":[0.112425514,-0.993660152,0,0.993660152,0.112425514,0,0,0,1],"scale":1.0254513,"type":"eca_rock_medium_1"}
{"pos":[-372.059784,-953.218445,22.9954033],"rotationMatrix":[-0.91661644,0.399767846,0,-0.399767846,-0.91661644,0,0,0,1],"scale":1.24342895,"type":"eca_rock_medium_1"}
{"pos":[-365.135651,-948.048462,24.0545712],"rotationMatrix":[-0.862261653,0.50646311,0,-0.50646311,-0.862261653,0,0,0,1],"scale":1.07676828,"type":"eca_rock_medium_1"}
{"pos":[-362.778778,-956.037415,20.3227711],"rotationMatrix":[-0.540194094,0.841540456,0,-0.841540456,-0.540194094,0,0,0,1],"scale":1.04892218,"type":"eca_rock_medium_1"}
{"pos":[-352.903687,-950.823425,19.5157566],"rotationMatrix":[0.966765046,0.255666554,0,-0.255666554,0.966765046,0,0,0,1],"scale":1.17270064,"type":"eca_rock_medium_1"}
{"pos":[-345.201202,-931.078247,23.470314],"rotationMatrix":[-0.987258554,-0.159124255,0,0.159124255,-0.987258554,0,0,0,1],"scale":1.13346648,"type":"eca_rock_medium_1"}
{"pos":[-343.885071,-934.49054,24.2799187],"rotationMatrix":[-0.528746724,-0.848779619,0,0.848779619,-0.528746724,0,0,0,1],"scale":1.14167595,"type":"eca_rock_medium_1"}
{"pos":[-320.512177,-929.411194,9.50524902],"rotationMatrix":[0.310755283,-0.950489938,0,0.950489938,0.310755283,0,0,0,1],"scale":1.27838624,"type":"eca_rock_medium_1"}
{"pos":[-332.974304,-939.338257,8.87361145],"rotationMatrix":[-0.511935115,0.859024107,0,-0.859024107,-0.511935115,0,0,0,1],"scale":1.16779435,"type":"eca_rock_medium_1"}
{"pos":[-333.58313,-942.173889,7.7580843],"rotationMatrix":[-0.256981045,-0.966416419,0,0.966416419,-0.256981045,0,0,0,1],"scale":1.1426568,"type":"eca_rock_medium_1"}
{"pos":[-304.309387,-933.08197,11.3026609],"rotationMatrix":[-0.151497498,-0.98845762,0,0.98845762,-0.151497498,0,0,0,1],"scale":1.27689195,"type":"eca_rock_medium_1"}
{"pos":[-253.968262,-987.480286,8.21810818],"rotationMatrix":[-0.96940279,0.245475575,0,-0.245475575,-0.96940279,0,0,0,1],"scale":1.15895605,"type":"eca_rock_medium_1"}
{"pos":[-258.43512,-990.187134,8.10735321],"rotationMatrix":[0.0167608317,-0.999859512,0,0.999859512,0.0167608317,0,0,0,1],"scale":1.01076841,"type":"eca_rock_medium_1"}
{"pos":[-282.99234,-897.822571,10.7548075],"rotationMatrix":[0.939878762,-0.341508329,0,0.341508329,0.939878762,0,0,0,1],"scale":1.23974943,"type":"eca_rock_medium_1"}
{"pos":[-271.801331,-887.610168,10.9370203],"rotationMatrix":[-0.987755418,0.156010494,0,-0.156010494,-0.987755418,0,0,0,1],"scale":1.17791963,"type":"eca_rock_medium_1"}
{"pos":[-274.129028,-887.142456,11.4480314],"rotationMatrix":[0.0844977424,-0.996423662,0,0.996423662,0.0844977424,0,0,0,1],"scale":1.17881179,"type":"eca_rock_medium_1"}
{"pos":[-276.562073,-892.561096,10.8938942],"rotationMatrix":[0.877469897,-0.479631662,0,0.479631662,0.877469897,0,0,0,1],"scale":1.23896122,"type":"eca_rock_medium_1"}
{"pos":[-231.015854,-876.435364,11.3236141],"rotationMatrix":[0.30556941,0.952169776,0,-0.952169776,0.30556941,0,0,0,1],"scale":1.0138824,"type":"eca_rock_medium_1"}
{"pos":[-237.806488,-867.541626,12.9642363],"rotationMatrix":[0.384884328,0.922964811,0,-0.922964811,0.384884328,0,0,0,1],"scale":1.02270103,"type":"eca_rock_medium_1"}
{"pos":[-239.847229,-867.381714,13.2569447],"rotationMatrix":[0.989603937,-0.14381966,0,0.14381966,0.989603937,0,0,0,1],"scale":1.23563075,"type":"eca_rock_medium_1"}
{"pos":[-99.6335068,-950.789856,7.48391867],"rotationMatrix":[0.817075193,-0.576531112,0,0.576531112,0.817075193,0,0,0,1],"scale":1.27148867,"type":"eca_rock_medium_1"}
{"pos":[-101.41172,-947.234314,8.73209095],"rotationMatrix":[0.0378505923,-0.999283433,0,0.999283433,0.0378505923,0,0,0,1],"scale":1.04889584,"type":"eca_rock_medium_1"}
{"pos":[-99.2843323,-940.441345,7.34509802],"rotationMatrix":[-0.296605229,-0.955000162,0,0.955000162,-0.296605229,0,0,0,1],"scale":1.2522049,"type":"eca_rock_medium_1"}
{"pos":[-105.057182,-952.767456,8.93629551],"rotationMatrix":[-0.875396311,0.483405888,0,-0.483405888,-0.875396311,0,0,0,1],"scale":1.21924877,"type":"eca_rock_medium_1"}
{"pos":[-115.597549,-959.919495,8.70209503],"rotationMatrix":[-0.979131341,0.203228459,0,-0.203228459,-0.979131341,0,0,0,1],"scale":1.19633055,"type":"eca_rock_medium_1"}
{"pos":[-114.060837,-962.364685,7.45525503],"rotationMatrix":[-0.824323833,0.566118538,0,-0.566118538,-0.824323833,0,0,0,1],"scale":1.19847715,"type":"eca_rock_medium_1"}
{"pos":[-121.52964,-963.483093,8.00406647],"rotationMatrix":[0.655435681,0.75525099,0,-0.75525099,0.655435681,0,0,0,1],"scale":1.0226208,"type":"eca_rock_medium_1"}
{"pos":[-132.346725,-962.733337,8.84841442],"rotationMatrix":[-0.389336735,0.92109549,0,-0.92109549,-0.389336735,0,0,0,1],"scale":1.06476986,"type":"eca_rock_medium_1"}
{"pos":[-139.409363,-966.075928,7.70927143],"rotationMatrix":[-0.927524805,0.373761594,0,-0.373761594,-0.927524805,0,0,0,1],"scale":1.28170216,"type":"eca_rock_medium_1"}
{"pos":[-148.538391,-971.06189,7.00472593],"rotationMatrix":[-0.741343081,0.671126246,0,-0.671126246,-0.741343081,0,0,0,1],"scale":1.2055409,"type":"eca_rock_medium_1"}
{"pos":[-161.897888,-963.957581,7.24911213],"rotationMatrix":[0.953715801,-0.300709337,0,0.300709337,0.953715801,0,0,0,1],"scale":1.08099794,"type":"eca_rock_medium_1"}
{"pos":[-171.224899,-961.796387,6.62829256],"rotationMatrix":[-0.960969388,0.27665472,0,-0.27665472,-0.960969388,0,0,0,1],"scale":1.18416834,"type":"eca_rock_medium_1"}
{"pos":[-173.467773,-957.847168,7.21982574],"rotationMatrix":[-0.843478024,-0.537163675,0,0.537163675,-0.843478024,0,0,0,1],"scale":1.04435158,"type":"eca_rock_medium_1"}
{"pos":[-176.946915,-951.852173,7.52758741],"rotationMatrix":[-0.289205939,-0.957266927,0,0.957266927,-0.289205939,0,0,0,1],"scale":1.1156466,"type":"eca_rock_medium_1"}
{"pos":[-174.054321,-955.922302,7.46525812],"rotationMatrix":[0.389617771,-0.920976639,0,0.920976639,0.389617771,0,0,0,1],"scale":1.09142208,"type":"eca_rock_medium_1"}
{"pos":[-183.212967,-951.623657,8.2069397],"rotationMatrix":[0.505923033,-0.86257863,0,0.86257863,0.505923033,0,0,0,1],"scale":1.01436412,"type":"eca_rock_medium_1"}
{"pos":[-186.437927,-953.535156,7.23364401],"rotationMatrix":[0.0741719827,-0.997245491,0,0.997245491,0.0741719827,0,0,0,1],"scale":1.24541879,"type":"eca_rock_medium_1"}
{"pos":[-202.454651,-844.804688,13.980443],"rotationMatrix":[0.859966218,0.510350943,0,-0.510350943,0.859966218,0,0,0,1],"scale":1.28896964,"type":"eca_rock_medium_1"}
{"pos":[-202.059677,-846.075378,12.8162575],"rotationMatrix":[-0.685351789,0.728212178,0,-0.728212178,-0.685351789,0,0,0,1],"scale":1.28732491,"type":"eca_rock_medium_1"}
{"pos":[-203.52951,-846.807068,13.7009096],"rotationMatrix":[-0.778377712,-0.627796233,0,0.627796233,-0.778377712,0,0,0,1],"scale":1.13710415,"type":"eca_rock_medium_1"}
{"pos":[-208.025131,-857.292664,13.5519505],"rotationMatrix":[0.84286201,0.538129747,0,-0.538129747,0.84286201,0,0,0,1],"scale":1.05994582,"type":"eca_rock_medium_1"}
{"pos":[-206.85144,-858.386841,13.2380295],"rotationMatrix":[-0.890312433,0.45535022,0,-0.45535022,-0.890312433,0,0,0,1],"scale":1.26819313,"type":"eca_rock_medium_1"}
{"pos":[-209.497635,-858.516663,13.3244438],"rotationMatrix":[-0.880476177,0.474090397,0,-0.474090397,-0.880476177,0,0,0,1],"scale":1.21726918,"type":"eca_rock_medium_1"}
{"pos":[-137.354126,-862.038574,10.5360527],"rotationMatrix":[-0.411219388,0.911536396,0,-0.911536396,-0.411219388,0,0,0,1],"scale":1.21658969,"type":"eca_rock_medium_1"}
{"pos":[-149.456635,-859.315369,9.95661163],"rotationMatrix":[-0.347454011,0.937697053,0,-0.937697053,-0.347454011,0,0,0,1],"scale":1.17506099,"type":"eca_rock_medium_1"}
{"pos":[-142.788971,-862.344666,8.34108448],"rotationMatrix":[-0.452342272,0.891844451,0,-0.891844451,-0.452342272,0,0,0,1],"scale":1.21512651,"type":"eca_rock_medium_1"}
{"pos":[-150.919769,-860.540405,8.8740797],"rotationMatrix":[0.605178297,-0.796089947,0,0.796089947,0.605178297,0,0,0,1],"scale":1.28271031,"type":"eca_rock_medium_1"}
{"pos":[-154.909607,-862.864075,6.63457632],"rotationMatrix":[0.789281547,-0.614031434,0,0.614031434,0.789281547,0,0,0,1],"scale":1.29827702,"type":"eca_rock_medium_1"}
{"pos":[-153.41301,-862.835327,7.28592777],"rotationMatrix":[-0.358349532,0.933587492,0,-0.933587492,-0.358349532,0,0,0,1],"scale":1.22601509,"type":"eca_rock_medium_1"}
{"pos":[-169.611633,-853.175781,9.84466934],"rotationMatrix":[0.999821007,-0.0189206265,0,0.0189206265,0.999821007,0,0,0,1],"scale":1.20245445,"type":"eca_rock_medium_1"}
{"pos":[-105.735054,-858.999756,9.36935234],"rotationMatrix":[0.399584919,-0.916696191,0,0.916696191,0.399584919,0,0,0,1],"scale":1.10631096,"type":"eca_rock_medium_1"}
{"pos":[-107.203789,-860.55603,9.17633152],"rotationMatrix":[0.840752721,0.541419268,0,-0.541419268,0.840752721,0,0,0,1],"scale":1.0142777,"type":"eca_rock_medium_1"}
{"pos":[-103.973366,-862.797302,7.12308693],"rotationMatrix":[0.592813849,-0.805339515,0,0.805339515,0.592813849,0,0,0,1],"scale":1.1273005,"type":"eca_rock_medium_1"}
{"pos":[-109.518448,-867.770142,9.07244778],"rotationMatrix":[-0.484664053,0.874700367,0,-0.874700367,-0.484664053,0,0,0,1],"scale":1.19099855,"type":"eca_rock_medium_1"}
{"pos":[-102.43148,-856.994751,10.5676165],"rotationMatrix":[-0.756102681,-0.65445298,0,0.65445298,-0.756102681,0,0,0,1],"scale":1.17330837,"type":"eca_rock_medium_1"}
{"pos":[-97.9211426,-857.300598,10.3240166],"rotationMatrix":[-0.421074688,-0.907025993,0,0.907025993,-0.421074688,0,0,0,1],"scale":1.18860936,"type":"eca_rock_medium_1"}
{"pos":[-96.011116,-856.618652,10.2233524],"rotationMatrix":[0.999998391,-0.00177991402,0,0.00177991402,0.999998391,0,0,0,1],"scale":1.19261456,"type":"eca_rock_medium_1"}
{"pos":[-95.5287399,-854.431091,11.752347],"rotationMatrix":[-0.966919363,-0.255082309,0,0.255082309,-0.966919363,0,0,0,1],"scale":1.0176785,"type":"eca_rock_medium_1"}
{"pos":[-79.3408661,-859.178589,13.2453938],"rotationMatrix":[-0.300771385,-0.953696251,0,0.953696251,-0.300771385,0,0,0,1],"scale":1.14712071,"type":"eca_rock_medium_1"}
{"pos":[-81.6696548,-856.876099,13.0806866],"rotationMatrix":[0.754556179,-0.656235456,0,0.656235456,0.754556179,0,0,0,1],"scale":1.06813526,"type":"eca_rock_medium_1"}
{"pos":[-84.4860535,-855.704285,12.7382746],"rotationMatrix":[0.747192323,-0.664607882,0,0.664607882,0.747192323,0,0,0,1],"scale":1.02810657,"type":"eca_rock_medium_1"}
{"pos":[-94.2732773,-856.467834,10.3740501],"rotationMatrix":[-0.210377663,0.977620184,0,-0.977620184,-0.210377663,0,0,0,1],"scale":1.26315403,"type":"eca_rock_medium_1"}
{"pos":[-181.401886,-827.566467,14.1701784],"rotationMatrix":[-0.398021936,-0.917375922,0,0.917375922,-0.398021936,0,0,0,1],"scale":1.09677136,"type":"eca_rock_medium_1"}
{"pos":[-173.990555,-825.761658,14.1489115],"rotationMatrix":[-0.678894103,0.734236181,0,-0.734236181,-0.678894103,0,0,0,1],"scale":1.19749737,"type":"eca_rock_medium_1"}
{"pos":[-173.153595,-827.115601,13.7670755],"rotationMatrix":[-0.913657784,0.406484276,0,-0.406484276,-0.913657784,0,0,0,1],"scale":1.16956747,"type":"eca_rock_medium_1"}
{"pos":[-168.512878,-814.224854,14.4759064],"rotationMatrix":[-0.783363402,0.621563971,0,-0.621563971,-0.783363402,0,0,0,1],"scale":1.18932605,"type":"eca_rock_medium_1"}
{"pos":[-170.370071,-816.27356,14.4601946],"rotationMatrix":[-0.991156042,0.132701337,0,-0.132701337,-0.991156042,0,0,0,1],"scale":1.00982702,"type":"eca_rock_medium_1"}
{"pos":[-163.328964,-815.709595,15.6468754],"rotationMatrix":[-0.157304272,-0.987550199,0,0.987550199,-0.157304272,0,0,0,1],"scale":1.01203442,"type":"eca_rock_medium_1"}
{"pos":[-159.916916,-816.932373,14.7947712],"rotationMatrix":[-0.767058671,0.641576946,0,-0.641576946,-0.767058671,0,0,0,1],"scale":1.10978353,"type":"eca_rock_medium_1"}
{"pos":[-157.665771,-813.452698,15.5100384],"rotationMatrix":[-0.326534688,-0.945185244,0,0.945185244,-0.326534688,0,0,0,1],"scale":1.12878716,"type":"eca_rock_medium_1"}
{"pos":[-167.135513,-811.636719,15.5482101],"rotationMatrix":[-0.695891201,-0.718147218,0,0.718147218,-0.695891201,0,0,0,1],"scale":1.08364046,"type":"eca_rock_medium_1"}
{"pos":[-148.812881,-802.595459,14.5296402],"rotationMatrix":[-0.745152056,0.666894615,0,-0.666894615,-0.745152056,0,0,0,1],"scale":1.26601601,"type":"eca_rock_medium_1"}
{"pos":[-117.802277,-799.31604,14.9052649],"rotationMatrix":[-0.951929927,0.306315809,0,-0.306315809,-0.951929927,0,0,0,1],"scale":1.12391222,"type":"eca_rock_medium_1"}
{"pos":[-120.380402,-790.401001,14.3016872],"rotationMatrix":[-0.858887196,-0.512164831,0,0.512164831,-0.858887196,0,0,0,1],"scale":1.28223431,"type":"eca_rock_medium_1"}
{"pos":[-122.654854,-786.826538,14.5213261],"rotationMatrix":[0.64261657,0.766187966,0,-0.766187966,0.64261657,0,0,0,1],"scale":1.15001678,"type":"eca_rock_medium_1"}
{"pos":[-121.220161,-787.016174,15.5092669],"rotationMatrix":[-0.246840253,0.969056189,0,-0.969056189,-0.246840253,0,0,0,1],"scale":1.1109767,"type":"eca_rock_medium_1"}
{"pos":[-123.577263,-784.734009,14.9535751],"rotationMatrix":[-0.0603604242,0.998176634,0,-0.998176634,-0.0603604242,0,0,0,1],"scale":1.01210856,"type":"eca_rock_medium_1"}
{"pos":[-120.023613,-792.132812,14.3972054],"rotationMatrix":[0.103371657,0.994642794,0,-0.994642794,0.103371657,0,0,0,1],"scale":1.24686503,"type":"eca_rock_medium_1"}
{"pos":[-117.169754,-800.506775,15.3828402],"rotationMatrix":[-0.841754138,0.539861083,0,-0.539861083,-0.841754138,0,0,0,1],"scale":1.28049099,"type":"eca_rock_medium_1"}
{"pos":[-119.665009,-801.126465,14.5423431],"rotationMatrix":[0.990367651,0.138462871,0,-0.138462871,0.990367651,0,0,0,1],"scale":1.29223156,"type":"eca_rock_medium_1"}
{"pos":[-130.049835,-821.887695,14.3727646],"rotationMatrix":[-0.65040803,-0.759585023,0,0.759585023,-0.65040803,0,0,0,1],"scale":1.23571122,"type":"eca_rock_medium_1"}
{"pos":[-127.7453,-823.254517,15.7791977],"rotationMatrix":[-0.714596331,-0.699537039,0,0.699537039,-0.714596331,0,0,0,1],"scale":1.04616368,"type":"eca_rock_medium_1"}
{"pos":[-130.101944,-829.738586,14.7751102],"rotationMatrix":[0.0603514053,0.998177171,0,-0.998177171,0.0603514053,0,0,0,1],"scale":1.04267228,"type":"eca_rock_medium_1"}
{"pos":[-128.429672,-832.946045,15.1293449],"rotationMatrix":[-0.774404526,-0.632690787,0,0.632690787,-0.774404526,0,0,0,1],"scale":1.29392171,"type":"eca_rock_medium_1"}
{"pos":[-128.371338,-835.149719,14.5539951],"rotationMatrix":[-0.913611531,-0.406588256,0,0.406588256,-0.913611531,0,0,0,1],"scale":1.09988058,"type":"eca_rock_medium_1"}
{"pos":[-94.72155,-832.779358,13.7474747],"rotationMatrix":[0.0790778399,0.99686861,0,-0.99686861,0.0790778399,0,0,0,1],"scale":1.26645994,"type":"eca_rock_medium_1"}
{"pos":[-96.0821304,-809.076782,15.4321032],"rotationMatrix":[-0.680486679,-0.732760429,0,0.732760429,-0.680486679,0,0,0,1],"scale":1.17901254,"type":"eca_rock_medium_1"}
{"pos":[-90.8478928,-811.339905,15.1086254],"rotationMatrix":[-0.995983005,0.0895423144,0,-0.0895423144,-0.995983005,0,0,0,1],"scale":1.14667606,"type":"eca_rock_medium_1"}
{"pos":[-90.2653732,-810.117554,15.4009056],"rotationMatrix":[0.263222307,0.96473521,0,-0.96473521,0.263222307,0,0,0,1],"scale":1.21556187,"type":"eca_rock_medium_1"}
{"pos":[-87.6310425,-814.01532,14.2825747],"rotationMatrix":[0.105759665,-0.994391739,0,0.994391739,0.105759665,0,0,0,1],"scale":1.18061113,"type":"eca_rock_medium_1"}
{"pos":[-82.3251343,-813.227783,15.383522],"rotationMatrix":[0.579207659,0.815180004,0,-0.815180004,0.579207659,0,0,0,1],"scale":1.2792809,"type":"eca_rock_medium_1"}
{"pos":[-77.9202728,-811.334473,14.5786953],"rotationMatrix":[0.94416523,0.329472363,0,-0.329472363,0.94416523,0,0,0,1],"scale":1.22340178,"type":"eca_rock_medium_1"}
{"pos":[-71.4931335,-822.277832,14.4905596],"rotationMatrix":[-0.0983737782,0.995149553,0,-0.995149553,-0.0983737782,0,0,0,1],"scale":1.09633982,"type":"eca_rock_medium_1"}
{"pos":[-55.9330406,-815.778687,13.8327131],"rotationMatrix":[-0.999853015,0.0171446428,0,-0.0171446428,-0.999853015,0,0,0,1],"scale":1.07840586,"type":"eca_rock_medium_1"}
{"pos":[-51.5125122,-807.372253,15.4397421],"rotationMatrix":[0.716524422,-0.697562039,0,0.697562039,0.716524422,0,0,0,1],"scale":1.28977871,"type":"eca_rock_medium_1"}
{"pos":[-46.4123383,-803.265137,14.9316044],"rotationMatrix":[-0.929347932,0.369204581,0,-0.369204581,-0.929347932,0,0,0,1],"scale":1.09619534,"type":"eca_rock_medium_1"}
{"pos":[-22.9598045,-809.118469,13.8548946],"rotationMatrix":[0.0727097243,0.997353137,0,-0.997353137,0.0727097243,0,0,0,1],"scale":1.23325729,"type":"eca_rock_medium_1"}
{"pos":[-14.5435791,-809.226257,13.8941259],"rotationMatrix":[0.918561339,0.395278424,0,-0.395278424,0.918561339,0,0,0,1],"scale":1.21017873,"type":"eca_rock_medium_1"}
{"pos":[-4.23816252,-815.508667,15.1026936],"rotationMatrix":[0.177960217,-0.984037697,0,0.984037697,0.177960217,0,0,0,1],"scale":1.01931441,"type":"eca_rock_medium_1"}
{"pos":[-24.3691025,-807.485107,14.5651951],"rotationMatrix":[-0.726771891,-0.68687892,0,0.68687892,-0.726771891,0,0,0,1],"scale":1.09079242,"type":"eca_rock_medium_1"}
{"pos":[6.81611729,-850.532715,15.5769205],"rotationMatrix":[0.790201485,-0.377378434,0.482873142,0.277118117,0.922790289,0.267694175,-0.546613157,-0.0777196661,0.833769739],"scale":1.26605654,"type":"eca_rock_medium_1"}
{"pos":[8.77305698,-847.993958,16.3109779],"rotationMatrix":[0.779361963,-0.452243179,-0.433669001,0.575653732,0.790116251,0.210571855,0.247419044,-0.413754523,0.876123786],"scale":1.2077291,"type":"eca_rock_medium_1"}
{"pos":[-590.025146,-901.608215,27.1845074],"rotationMatrix":[-0.0713689923,0.997449994,0,-0.997449994,-0.0713689923,0,0,0,1],"scale":1.16305995,"type":"eca_rock_medium_1"}
{"pos":[-592.459778,-901.737366,26.5085831],"rotationMatrix":[0.967547834,0.252687812,0,-0.252687812,0.967547834,0,0,0,1],"scale":1.28339052,"type":"eca_rock_medium_1"}
{"pos":[-596.916626,-898.742004,28.6397743],"rotationMatrix":[0.982886851,-0.184210464,0,0.184210464,0.982886851,0,0,0,1],"scale":1.17101634,"type":"eca_rock_medium_1"}
{"pos":[-581.874573,-900.926086,27.0144768],"rotationMatrix":[-0.893039644,0.449977994,0,-0.449977994,-0.893039644,0,0,0,1],"scale":1.29132736,"type":"eca_rock_medium_1"}
{"pos":[-578.967041,-897.836121,28.2917156],"rotationMatrix":[-0.932813525,0.360359401,0,-0.360359401,-0.932813525,0,0,0,1],"scale":1.29124057,"type":"eca_rock_medium_1"}
{"pos":[-605.635864,-905.330322,22.1894569],"rotationMatrix":[-0.416998506,0.908907175,0,-0.908907175,-0.416998506,0,0,0,1],"scale":1.29480457,"type":"eca_rock_medium_1"}
{"pos":[-600.009949,-907.154785,21.5523663],"rotationMatrix":[-0.986915231,0.161240131,0,-0.161240131,-0.986915231,0,0,0,1],"scale":1.22527313,"type":"eca_rock_medium_1"}
{"pos":[-593.480835,-910.877014,19.1257915],"rotationMatrix":[0.266166747,-0.963926971,0,0.963926971,0.266166747,0,0,0,1],"scale":1.2223624,"type":"eca_rock_medium_1"}
{"pos":[-578.4505,-917.907715,13.202116],"rotationMatrix":[-0.127353996,0.99185735,0,-0.99185735,-0.127353996,0,0,0,1],"scale":1.2623266,"type":"eca_rock_medium_1"}
{"pos":[-624.880188,-881.976807,32.0874138],"rotationMatrix":[0.10214977,-0.994769037,0,0.994769037,0.10214977,0,0,0,1],"scale":1.10282862,"type":"eca_rock_medium_1"}
{"pos":[-620.781067,-877.38269,37.8234406],"rotationMatrix":[-0.998175681,0.060376469,0,-0.060376469,-0.998175681,0,0,0,1],"scale":1.29158139,"type":"eca_rock_medium_1"}
{"pos":[-624.407776,-878.598633,35.1269646],"rotationMatrix":[0.999147296,0.0412879065,0,-0.0412879065,0.999147296,0,0,0,1],"scale":1.06851506,"type":"eca_rock_medium_1"}
{"pos":[-625.763489,-877.915161,34.8524208],"rotationMatrix":[-0.198109239,0.980179965,0,-0.980179965,-0.198109239,0,0,0,1],"scale":1.06833625,"type":"eca_rock_medium_1"}
{"pos":[-645.303894,-900.751892,14.301404],"rotationMatrix":[-0.999884605,0.0151898665,0,-0.0151898665,-0.999884605,0,0,0,1],"scale":1.21926403,"type":"eca_rock_medium_1"}
{"pos":[-645.025574,-903.680847,13.1738882],"rotationMatrix":[-0.746523917,-0.665358603,0,0.665358603,-0.746523917,0,0,0,1],"scale":1.06662488,"type":"eca_rock_medium_1"}
{"pos":[-645.212463,-905.759277,11.6713915],"rotationMatrix":[-0.679752052,-0.733442008,0,0.733442008,-0.679752052,0,0,0,1],"scale":1.19411147,"type":"eca_rock_medium_1"}
{"pos":[-640.148743,-901.662598,15.3147326],"rotationMatrix":[0.606223047,-0.795294642,0,0.795294642,0.606223047,0,0,0,1],"scale":1.28855503,"type":"eca_rock_medium_1"}
{"pos":[-650.356567,-916.630005,7.29294825],"rotationMatrix":[0.991425812,0.13067089,0,-0.13067089,0.991425812,0,0,0,1],"scale":1.26808119,"type":"eca_rock_medium_1"}
{"pos":[-652.201965,-911.472473,9.30438805],"rotationMatrix":[-0.717822254,-0.696226358,0,0.696226358,-0.717822254,0,0,0,1],"scale":1.2716403,"type":"eca_rock_medium_1"}
{"pos":[-644.400391,-861.97644,36.6650848],"rotationMatrix":[0.966070652,0.258278042,0,-0.258278042,0.966070652,0,0,0,1],"scale":1.01727486,"type":"eca_rock_medium_1"}
{"pos":[-645.513367,-866.167297,32.8067856],"rotationMatrix":[0.999579132,0.0290098656,0,-0.0290098656,0.999579132,0,0,0,1],"scale":1.15717971,"type":"eca_rock_medium_1"}
{"pos":[-644.294434,-863.419495,35.3875656],"rotationMatrix":[-0.574663222,-0.818390012,0,0.818390012,-0.574663222,0,0,0,1],"scale":1.22550416,"type":"eca_rock_medium_1"}
{"pos":[-647.851074,-863.851379,34.6053123],"rotationMatrix":[-0.996546328,-0.0830388367,0,0.0830388367,-0.996546328,0,0,0,1],"scale":1.2465961,"type":"eca_rock_medium_1"}
{"pos":[-652.388977,-867.901489,33.5321732],"rotationMatrix":[0.483231306,-0.875492752,0,0.875492752,0.483231306,0,0,0,1],"scale":1.15770352,"type":"eca_rock_medium_1"}
{"pos":[-687.347168,-897.111328,16.5258961],"rotationMatrix":[-0.430831134,0.902432561,0,-0.902432561,-0.430831134,0,0,0,1],"scale":1.12956667,"type":"eca_rock_medium_1"}
{"pos":[-689.368408,-898.335571,15.9884586],"rotationMatrix":[0.0898201615,-0.995957971,0,0.995957971,0.0898201615,0,0,0,1],"scale":1.18414259,"type":"eca_rock_medium_1"}
{"pos":[-662.871155,-891.032349,16.1357479],"rotationMatrix":[-0.99986738,0.0162874088,0,-0.0162874088,-0.99986738,0,0,0,1],"scale":1.2556076,"type":"eca_rock_medium_1"}
{"pos":[-665.73175,-892.041321,16.3465481],"rotationMatrix":[0.883957446,-0.467567325,0,0.467567325,0.883957446,0,0,0,1],"scale":1.08310568,"type":"eca_rock_medium_1"}
{"pos":[-664.303894,-888.121277,18.9659595],"rotationMatrix":[-0.602420449,0.798178911,0,-0.798178911,-0.602420449,0,0,0,1],"scale":1.17961073,"type":"eca_rock_medium_1"}
{"pos":[350.952179,-955.804871,12.5256519],"rotationMatrix":[-0.999935687,0.0113399858,0,-0.0113399858,-0.999935687,0,0,0,1],"scale":1.1958195,"type":"eca_rock_medium_1"}
{"pos":[350.710114,-954.584351,14.197484],"rotationMatrix":[0.80789578,0.589325428,0,-0.589325428,0.80789578,0,0,0,1],"scale":1.14526582,"type":"eca_rock_medium_1"}
{"pos":[486.225403,-949.937134,9.52938938],"rotationMatrix":[-0.994443655,-0.105270393,0,0.105270393,-0.994443655,0,0,0,1],"scale":1.08985615,"type":"eca_rock_medium_1"}
{"pos":[952.232483,-433.132629,11.5931787],"rotationMatrix":[-0.970320702,-0.241821691,0,0.241821691,-0.970320702,0,0,0,1],"scale":1.0909127,"type":"eca_rock_medium_1"}
{"pos":[956.651062,-455.128143,14.1127539],"rotationMatrix":[-0.841301143,0.540566683,0,-0.540566683,-0.841301143,0,0,0,1],"scale":1.02069187,"type":"eca_rock_medium_1"}
{"pos":[994.945923,-457.371582,5.93329525],"rotationMatrix":[0.498354077,-0.866973579,0,0.866973579,0.498354077,0,0,0,1],"scale":1.26289701,"type":"eca_rock_medium_1"}
{"pos":[993.716797,-449.337341,6.10659885],"rotationMatrix":[-0.553015232,-0.833171129,0,0.833171129,-0.553015232,0,0,0,1],"scale":1.06917298,"type":"eca_rock_medium_1"}
{"pos":[993.581909,-362.229462,4.67104197],"rotationMatrix":[-0.979658246,0.200673208,0,-0.200673208,-0.979658246,0,0,0,1],"scale":1.05567873,"type":"eca_rock_medium_1"}
{"pos":[984.408936,-356.292816,5.97134113],"rotationMatrix":[-0.877502859,0.479571432,0,-0.479571432,-0.877502859,0,0,0,1],"scale":1.28391325,"type":"eca_rock_medium_1"}
{"pos":[987.529724,-369.560547,7.34983253],"rotationMatrix":[-0.514932454,0.857230783,0,-0.857230783,-0.514932454,0,0,0,1],"scale":1.14261365,"type":"eca_rock_medium_1"}
{"pos":[995.8396,-361.753845,3.79457951],"rotationMatrix":[-0.0952282026,-0.995455444,0,0.995455444,-0.0952282026,0,0,0,1],"scale":1.27183151,"type":"eca_rock_medium_1"}
{"pos":[989.614624,-373.681213,8.1710577],"rotationMatrix":[0.846284688,-0.532730877,0,0.532730877,0.846284688,0,0,0,1],"scale":1.26587057,"type":"eca_rock_medium_1"}
{"pos":[996.786255,-367.972687,5.46701288],"rotationMatrix":[0.16461806,-0.986357391,0,0.986357391,0.16461806,0,0,0,1],"scale":1.20960295,"type":"eca_rock_medium_1"}
{"pos":[981.68689,-351.255493,6.57345486],"rotationMatrix":[-0.0110495109,0.999938965,0,-0.999938965,-0.0110495109,0,0,0,1],"scale":1.07986367,"type":"eca_rock_medium_1"}
{"pos":[985.9552,-349.616913,5.56500196],"rotationMatrix":[-0.52761364,-0.849484444,0,0.849484444,-0.52761364,0,0,0,1],"scale":1.1028583,"type":"eca_rock_medium_1"}
{"pos":[986.949768,-372.002472,9.15845871],"rotationMatrix":[-0.314581662,0.949230433,0,-0.949230433,-0.314581662,0,0,0,1],"scale":1.09266472,"type":"eca_rock_medium_1"}
{"pos":[946.907959,-315.931274,26.5367718],"rotationMatrix":[0.104143463,-0.994562268,0,0.994562268,0.104143463,0,0,0,1],"scale":1.01547122,"type":"eca_rock_medium_1"}
{"pos":[946.844666,-324.304321,22.8767071],"rotationMatrix":[0.947004557,-0.321220189,0,0.321220189,0.947004557,0,0,0,1],"scale":1.0030843,"type":"eca_rock_medium_1"}
{"pos":[945.265991,-312.670471,29.9960747],"rotationMatrix":[0.676400304,-0.736534178,0,0.736534178,0.676400304,0,0,0,1],"scale":1.22048283,"type":"eca_rock_medium_1"}
{"pos":[966.094788,624.592957,5.23569393],"rotationMatrix":[0.0409588777,0.999160826,0,-0.999160826,0.0409588777,0,0,0,1],"scale":1.20917058,"type":"eca_rock_medium_1"}
{"pos":[948.500549,628.718994,3.90311694],"rotationMatrix":[-0.0011380153,-0.999999344,0,0.999999344,-0.0011380153,0,0,0,1],"scale":1.13090682,"type":"eca_rock_medium_1"}
{"pos":[933.930725,659.977417,5.51368046],"rotationMatrix":[0.641230762,-0.767348051,0,0.767348051,0.641230762,0,0,0,1],"scale":1.252527,"type":"eca_rock_medium_1"}
{"pos":[941.583374,667.679382,9.45656681],"rotationMatrix":[-0.956093431,0.293062091,0,-0.293062091,-0.956093431,0,0,0,1],"scale":1.12247741,"type":"eca_rock_medium_1"}
{"pos":[942.618652,675.540161,10.2655334],"rotationMatrix":[-0.542994559,-0.839736223,0,0.839736223,-0.542994559,0,0,0,1],"scale":1.12524605,"type":"eca_rock_medium_1"}
{"pos":[935.797668,690.907349,5.95269966],"rotationMatrix":[0.718438387,0.695590615,0,-0.695590615,0.718438387,0,0,0,1],"scale":1.18279135,"type":"eca_rock_medium_1"}
{"pos":[944.521667,698.528992,8.97855759],"rotationMatrix":[0.964080811,-0.265609115,0,0.265609115,0.964080811,0,0,0,1],"scale":1.27978194,"type":"eca_rock_medium_1"}
{"pos":[949.095581,719.392151,7.80252314],"rotationMatrix":[-0.00728187896,-0.999973476,0,0.999973476,-0.00728187896,0,0,0,1],"scale":1.16594315,"type":"eca_rock_medium_1"}
{"pos":[944.845886,740.637085,4.83240747],"rotationMatrix":[-0.715944588,-0.698157072,0,0.698157072,-0.715944588,0,0,0,1],"scale":1.10137308,"type":"eca_rock_medium_1"}
{"pos":[959.000305,772.01416,5.91172838],"rotationMatrix":[-0.990332067,0.138716951,0,-0.138716951,-0.990332067,0,0,0,1],"scale":1.12473738,"type":"eca_rock_medium_1"}
{"pos":[960.930298,781.333862,4.43087912],"rotationMatrix":[0.58242321,0.812885761,0,-0.812885761,0.58242321,0,0,0,1],"scale":1.23886323,"type":"eca_rock_medium_1"}
{"pos":[981.601074,784.88562,8.17796135],"rotationMatrix":[0.469415247,0.882977545,0,-0.882977545,0.469415247,0,0,0,1],"scale":1.27371073,"type":"eca_rock_medium_1"}
{"pos":[979.931274,786.826782,7.58615828],"rotationMatrix":[0.846056521,-0.533093214,0,0.533093214,0.846056521,0,0,0,1],"scale":1.28783453,"type":"eca_rock_medium_1"}
{"pos":[998.078247,774.265076,6.1142664],"rotationMatrix":[0.959288716,-0.282427222,0,0.282427222,0.959288716,0,0,0,1],"scale":1.08445024,"type":"eca_rock_medium_1"}
{"pos":[993.107178,777.704041,7.70717621],"rotationMatrix":[0.0743280128,0.997233868,0,-0.997233868,0.0743280128,0,0,0,1],"scale":1.15427947,"type":"eca_rock_medium_1"}
{"pos":[907.917725,790.86969,7.07231474],"rotationMatrix":[0.190334871,-0.981719196,0,0.981719196,0.190334871,0,0,0,1],"scale":1.01205873,"type":"eca_rock_medium_1"}
{"pos":[908.820068,787.781799,6.86944914],"rotationMatrix":[-0.0560428463,0.998428345,0,-0.998428345,-0.0560428463,0,0,0,1],"scale":1.03153718,"type":"eca_rock_medium_1"}
{"pos":[917.838867,782.86615,5.31552744],"rotationMatrix":[0.866407931,0.499336809,0,-0.499336809,0.866407931,0,0,0,1],"scale":1.20181036,"type":"eca_rock_medium_1"}
{"pos":[887.071106,799.537354,13.861742],"rotationMatrix":[-0.438220114,0.898867726,0,-0.898867726,-0.438220114,0,0,0,1],"scale":1.05410576,"type":"eca_rock_medium_1"}
{"pos":[915.074219,824.475647,6.10902643],"rotationMatrix":[0.161430597,-0.986884058,0,0.986884058,0.161430597,0,0,0,1],"scale":1.24769092,"type":"eca_rock_medium_1"}
{"pos":[897.389099,820.790283,10.1537771],"rotationMatrix":[-0.801015735,-0.598643303,0,0.598643303,-0.801015735,0,0,0,1],"scale":1.04921806,"type":"eca_rock_medium_1"}
{"pos":[901.60022,812.71521,6.99718523],"rotationMatrix":[-0.644815028,-0.764338672,0,0.764338672,-0.644815028,0,0,0,1],"scale":1.00790036,"type":"eca_rock_medium_1"}
{"pos":[901.696533,787.406982,8.49932384],"rotationMatrix":[0.29720816,0.954812706,0,-0.954812706,0.29720816,0,0,0,1],"scale":1.14836264,"type":"eca_rock_medium_1"}
{"pos":[900.471008,781.009216,9.71626949],"rotationMatrix":[-0.670808077,-0.741630971,0,0.741630971,-0.670808077,0,0,0,1],"scale":1.00142753,"type":"eca_rock_medium_1"}
{"pos":[891.080688,804.77063,10.4856625],"rotationMatrix":[0.994144917,0.108055271,0,-0.108055271,0.994144917,0,0,0,1],"scale":1.02139795,"type":"eca_rock_medium_1"}
{"pos":[914.345337,823.559204,5.93938875],"rotationMatrix":[0.815067172,0.579366505,0,-0.579366505,0.815067172,0,0,0,1],"scale":1.0982368,"type":"eca_rock_medium_1"}
{"pos":[913.064453,846.986816,9.35879517],"rotationMatrix":[-0.999676406,-0.0254366696,0,0.0254366696,-0.999676406,0,0,0,1],"scale":1.2240386,"type":"eca_rock_medium_1"}
{"pos":[907.396057,835.878967,10.2543278],"rotationMatrix":[-0.981985092,0.188958541,0,-0.188958541,-0.981985092,0,0,0,1],"scale":1.28850532,"type":"eca_rock_medium_1"}
{"pos":[918.082336,828.247192,5.80860519],"rotationMatrix":[-0.867451966,-0.497520894,0,0.497520894,-0.867451966,0,0,0,1],"scale":1.22130859,"type":"eca_rock_medium_1"}
{"pos":[915.248352,845.174805,6.95775414],"rotationMatrix":[-0.999950767,0.00992433634,0,-0.00992433634,-0.999950767,0,0,0,1],"scale":1.01049507,"type":"eca_rock_medium_1"}
{"pos":[927.096191,845.557556,6.76328421],"rotationMatrix":[-0.338953376,0.94080317,0,-0.94080317,-0.338953376,0,0,0,1],"scale":1.24624658,"type":"eca_rock_medium_1"}
{"pos":[939.59375,880.488586,11.9836044],"rotationMatrix":[-0.804809749,-0.59353286,0,0.59353286,-0.804809749,0,0,0,1],"scale":1.05210018,"type":"eca_rock_medium_1"}
{"pos":[942.400513,872.265198,8.71483898],"rotationMatrix":[0.947906494,0.318548739,0,-0.318548739,0.947906494,0,0,0,1],"scale":1.09137011,"type":"eca_rock_medium_1"}
{"pos":[940.555115,865.709595,8.21163177],"rotationMatrix":[0.305148065,0.9523049,0,-0.9523049,0.305148065,0,0,0,1],"scale":1.04403055,"type":"eca_rock_medium_1"}
{"pos":[960.363159,880.636475,5.12725925],"rotationMatrix":[0.46622774,-0.884664714,0,0.884664714,0.46622774,0,0,0,1],"scale":1.22243643,"type":"eca_rock_medium_1"}
{"pos":[956.102661,898.614929,14.3316326],"rotationMatrix":[-0.983389735,-0.181506708,0,0.181506708,-0.983389735,0,0,0,1],"scale":1.00004148,"type":"eca_rock_medium_1"}
{"pos":[971.313171,906.068176,5.96462297],"rotationMatrix":[0.330938667,-0.943652272,0,0.943652272,0.330938667,0,0,0,1],"scale":1.17951632,"type":"eca_rock_medium_1"}
{"pos":[957.020264,900.742432,13.8056831],"rotationMatrix":[-0.991590381,0.1294159,0,-0.1294159,-0.991590381,0,0,0,1],"scale":1.28155875,"type":"eca_rock_medium_1"}
{"pos":[953.715698,894.897705,13.7765255],"rotationMatrix":[0.937450647,-0.348118156,0,0.348118156,0.937450647,0,0,0,1],"scale":1.26252067,"type":"eca_rock_medium_1"}
{"pos":[964.923096,899.073364,8.87140751],"rotationMatrix":[0.383087814,-0.923711956,0,0.923711956,0.383087814,0,0,0,1],"scale":1.02058172,"type":"eca_rock_medium_1"}
{"pos":[967.466492,888.745728,4.39935732],"rotationMatrix":[-0.693155587,-0.720788002,0,0.720788002,-0.693155587,0,0,0,1],"scale":1.1069752,"type":"eca_rock_medium_1"}
{"pos":[981.771301,937.496338,3.94569659],"rotationMatrix":[0.930977941,0.365075409,0,-0.365075409,0.930977941,0,0,0,1],"scale":1.02492023,"type":"eca_rock_medium_1"}
{"pos":[979.759094,928.593872,3.8018446],"rotationMatrix":[-0.15771912,-0.987484038,0,0.987484038,-0.15771912,0,0,0,1],"scale":1.06014037,"type":"eca_rock_medium_1"}
{"pos":[969.584961,928.813782,10.9417162],"rotationMatrix":[0.946224451,0.323510885,0,-0.323510885,0.946224451,0,0,0,1],"scale":1.04179442,"type":"eca_rock_medium_1"}
