{"pos":[1.15393817,-27.7981758,251.307404],"rotationMatrix":[-0.729047596,0.682835817,-0.0471591279,0.37399745,0.33970812,-0.862973213,-0.573248804,-0.646786332,-0.503042459],"scale":0.820270061,"type":"eca_rock_big_wide"}
{"pos":[2.78904057,-31.6276741,251.221344],"rotationMatrix":[0.0507130027,0.993346274,0.103392795,0.374046206,0.0770993233,-0.924198687,-0.926021516,0.0855429396,-0.367647648],"scale":0.820270061,"type":"eca_rock_big_wide"}
{"pos":[4.05205345,-32.9805069,251.022812],"rotationMatrix":[-0.684099436,0.72520858,-0.0779673308,0.28891325,0.171270996,-0.941909313,-0.669727504,-0.666886091,-0.326689035],"scale":0.820270061,"type":"eca_rock_big_wide"}
{"pos":[-3.26735663,-26.4770279,250.913635],"rotationMatrix":[-0.961177051,-0.275752425,0.00986847188,-0.130965218,0.424435347,-0.895935774,0.242868483,-0.862446249,-0.444071829],"scale":0.820270061,"type":"eca_rock_big_wide"}
{"pos":[-7.75108051,-28.6114521,251.004272],"rotationMatrix":[-0.747611523,-0.663688779,0.0243288875,-0.29087168,0.294280171,-0.91037941,0.597050011,-0.687687635,-0.413055837],"scale":0.820270061,"type":"eca_rock_big_wide"}
{"pos":[6.33811903,-36.8188744,250.905975],"rotationMatrix":[-0.313000828,0.933897972,0.172809958,0.260861933,0.259489447,-0.929846048,-0.913224518,-0.245963007,-0.324839175],"scale":0.820270061,"type":"eca_rock_big_wide"}
{"pos":[21.8363609,-35.0610085,251.143143],"rotationMatrix":[-0.0104092062,-0.999641716,0.0246175695,-0.44688642,-0.0173729025,-0.894420326,0.894528508,-0.0203112718,-0.446545988],"scale":1.18402743,"type":"eca_rock_big_wide"}
{"pos":[22.2408943,-28.5480328,251.120407],"rotationMatrix":[-0.122373834,-0.992177546,0.0246175658,-0.4460181,0.0328192636,-0.894420207,0.886616826,-0.12043345,-0.446545929],"scale":1.18402743,"type":"eca_rock_big_wide"}
{"pos":[23.9369621,-22.2256203,251.105103],"rotationMatrix":[-0.394583821,-0.918528676,0.0246175621,-0.419107795,0.156069979,-0.894420087,0.817709625,-0.363241374,-0.446545869],"scale":1.18402743,"type":"eca_rock_big_wide"}
{"pos":[27.4707031,-17.1868973,251.117447],"rotationMatrix":[-0.744389057,-0.667290092,0.0246175583,-0.314556926,0.317904234,-0.894419968,0.589012623,-0.67354089,-0.44654581],"scale":1.18402743,"type":"eca_rock_big_wide"}
{"pos":[33.5125771,-14.0582771,251.169006],"rotationMatrix":[-0.992435813,-0.120258242,0.0246175546,-0.0755986124,0.440787911,-0.894419849,0.0967106521,-0.889516771,-0.44654575],"scale":1.18402743,"type":"eca_rock_big_wide"}
{"pos":[40.0697327,-13.788868,251.191238],"rotationMatrix":[-0.999080956,-0.0350403041,0.0246175509,-0.037668176,0.445634604,-0.89441973,0.0203706026,-0.894526601,-0.44654569],"scale":1.18402743,"type":"eca_rock_big_wide"}
{"pos":[36.1389236,4.99787092,249.154556],"rotationMatrix":[0.0348271802,-0.999088883,0.0246175621,-0.445642769,-0.0375731178,-0.894420087,0.89453131,0.0201797262,-0.446545869],"scale":1.18402743,"type":"eca_rock_big_wide"}
{"pos":[43.7008858,5.54509258,250.721832],"rotationMatrix":[-0.0233898219,0.999402523,0.0253848806,-0.479448795,0.0110675227,-0.877497554,-0.877255857,-0.0326954983,0.478904366],"scale":1.18402743,"type":"eca_rock_big_wide"}
{"pos":[33.3255386,9.34336662,249.478836],"rotationMatrix":[0.96526444,-0.260106593,0.0246175509,-0.0949535891,-0.437027395,-0.89441973,0.243403196,0.861015618,-0.44654569],"scale":1.18402743,"type":"eca_rock_big_wide"}
{"pos":[26.8558807,11.0146227,249.478836],"rotationMatrix":[0.96526444,-0.260106593,0.0246175509,-0.0949535891,-0.437027395,-0.89441973,0.243403196,0.861015618,-0.44654569],"scale":1.18402743,"type":"eca_rock_big_wide"}
{"pos":[20.1021271,12.8609772,249.478836],"rotationMatrix":[0.997063339,-0.0724930465,0.0246175472,-0.0104240328,-0.447102249,-0.894419611,0.0758456439,0.891538143,-0.446545631],"scale":1.18402743,"type":"eca_rock_big_wide"}
{"pos":[16.9118576,13.3630943,248.785767],"rotationMatrix":[0.566159844,0.823925495,0.0246175434,0.380617648,-0.234817445,-0.894419491,-0.731156111,0.515755177,-0.446545571],"scale":1.18402743,"type":"eca_rock_big_wide"}
{"pos":[10.9752789,10.2162085,248.892639],"rotationMatrix":[0.998467684,0.0495237559,0.0246175434,0.0441261157,-0.445041478,-0.894419491,-0.0333395228,0.894137084,-0.446545571],"scale":1.18402743,"type":"eca_rock_big_wide"}
{"pos":[4.35117769,9.72882271,248.892639],"rotationMatrix":[0.988327086,0.150331125,0.024617536,0.0889451653,-0.438289523,-0.894419253,-0.123669989,0.886170447,-0.446545452],"scale":1.18402743,"type":"eca_rock_big_wide"}
{"pos":[-2.1796813,11.0174141,248.892639],"rotationMatrix":[0.80710125,-0.589896023,0.0246175323,-0.245793805,-0.373623222,-0.894419134,0.53681308,0.715837896,-0.446545392],"scale":1.18402743,"type":"eca_rock_big_wide"}
{"pos":[-6.98329926,12.1975317,248.892639],"rotationMatrix":[0.996545017,0.0792947933,0.0246175323,0.0573859625,-0.443526506,-0.894419134,-0.060004659,0.892743826,-0.446545392],"scale":1.18402743,"type":"eca_rock_big_wide"}
{"pos":[-11.9525728,12.014308,248.651154],"rotationMatrix":[0.99959892,0.0138368607,0.0246175285,0.0282055084,-0.4463332,-0.894419014,-0.00138859078,0.894756973,-0.446545333],"scale":1.18402743,"type":"eca_rock_big_wide"}
{"pos":[-18.7084484,11.9786005,248.166641],"rotationMatrix":[0.99959892,0.0138368607,0.0246175285,0.0282055084,-0.4463332,-0.894419014,-0.00138859078,0.894756973,-0.446545333],"scale":1.18402743,"type":"eca_rock_big_wide"}
{"pos":[-22.5951385,11.9786005,247.91954],"rotationMatrix":[0.99959892,0.0138368607,0.0246175285,0.0282055084,-0.4463332,-0.894419014,-0.00138859078,0.894756973,-0.446545333],"scale":1.18402743,"type":"eca_rock_big_wide"}
{"pos":[-29.1393147,11.9786005,247.644775],"rotationMatrix":[0.99959892,0.0138368607,0.0246175285,0.0282055084,-0.4463332,-0.894419014,-0.00138859078,0.894756973,-0.446545333],"scale":1.18402743,"type":"eca_rock_big_wide"}
{"pos":[-32.3645859,-22.2201042,248.590332],"rotationMatrix":[-0.959075034,0.17694211,0.221051514,-0.122797832,0.443527073,-0.887806535,-0.255132854,-0.878619134,-0.403648257],"scale":1.18402743,"type":"eca_rock_big_wide"}
{"pos":[-38.3046074,-24.2145214,248.8255],"rotationMatrix":[-0.760231674,-0.64847213,0.0390901901,-0.260778248,0.249504268,-0.932597041,0.595011353,-0.719185233,-0.358788997],"scale":1.18402743,"type":"eca_rock_big_wide"}
{"pos":[-43.5177612,-27.1126537,248.8255],"rotationMatrix":[-0.910723507,-0.411157668,0.0390901864,-0.180996597,0.312246501,-0.932596922,0.371239543,-0.856415153,-0.358788967],"scale":1.18402743,"type":"eca_rock_big_wide"}
{"pos":[-72.5396423,56.5262222,243.425888],"rotationMatrix":[-0.989451051,0.139479056,0.0390901826,0.0139941722,0.360640764,-0.932596803,-0.144175589,-0.92221421,-0.358788937],"scale":2.46178627,"type":"eca_rock_big_wide"}
{"pos":[-85.272934,57.8299675,243.179428],"rotationMatrix":[-0.992666483,-0.119544677,0.0178078525,-0.0678685978,0.429413497,-0.900550246,0.100009434,-0.895157635,-0.434378803],"scale":2.46178627,"type":"eca_rock_big_wide"}
{"pos":[-98.3879776,58.3709869,243.615158],"rotationMatrix":[-0.997240543,0.0720329359,0.0178078506,0.0153019056,0.434474289,-0.900550127,-0.0726065338,-0.897795796,-0.434378743],"scale":2.46178627,"type":"eca_rock_big_wide"}
{"pos":[-112.270851,58.37043,243.615158],"rotationMatrix":[0.995090663,0.0988781899,0.00341319991,-0.0373005345,0.406890273,-0.912710667,-0.0916363671,0.90810585,0.408582687],"scale":2.46178627,"type":"eca_rock_big_wide"}
{"pos":[-121.354233,58.9888268,243.615158],"rotationMatrix":[0.786825597,-0.617160916,0.00341319945,0.254615754,0.319565028,-0.912710547,0.562200606,0.719015896,0.408582628],"scale":2.46178627,"type":"eca_rock_big_wide"}
{"pos":[-132.960281,60.2737541,243.615158],"rotationMatrix":[0.810707092,0.570882916,0.129767463,-0.0937511176,0.345388204,-0.933760107,-0.577890635,0.744843364,0.333531141],"scale":2.46178627,"type":"eca_rock_big_wide"}
{"pos":[-119.28978,161.488312,227.052017],"rotationMatrix":[0.99647826,-0.0788438991,0.0284381099,0.0131710218,-0.187774792,-0.98211956,0.0827743709,0.979039192,-0.186075285],"scale":2.46178627,"type":"eca_rock_big_wide"}
{"pos":[-107.2724,161.347168,224.287704],"rotationMatrix":[0.933382511,0.198222727,-0.299161911,-0.237902164,-0.282353878,-0.929338157,-0.268686622,0.938603461,-0.216387004],"scale":2.46178627,"type":"eca_rock_big_wide"}
{"pos":[-131.450851,162.623688,227.052017],"rotationMatrix":[0.983736515,-0.177334532,0.0284381062,-0.00552673265,-0.188154981,-0.982119441,0.179515153,0.965993524,-0.18607527],"scale":2.46178627,"type":"eca_rock_big_wide"}
{"pos":[-143.368195,163.443192,227.052017],"rotationMatrix":[0.991685927,-0.12547484,0.0284381025,0.00435313256,-0.188185766,-0.982119322,0.128583416,0.974081755,-0.186075255],"scale":2.46178627,"type":"eca_rock_big_wide"}
{"pos":[-157.8022,165.26181,227.052017],"rotationMatrix":[0.973399878,-0.22732681,0.0284380987,-0.0151255671,-0.18762742,-0.982119203,0.228598744,0.955568671,-0.18607524],"scale":2.46178627,"type":"eca_rock_big_wide"}
{"pos":[-169.895645,167.533951,227.052017],"rotationMatrix":[0.973399878,-0.22732681,0.0284380987,-0.0151255671,-0.18762742,-0.982119203,0.228598744,0.955568671,-0.18607524],"scale":2.46178627,"type":"eca_rock_big_wide"}
{"pos":[-182.605591,168.391083,223.737656],"rotationMatrix":[0.99926883,0.0254251212,0.028438095,0.0326667055,-0.185379922,-0.982119083,-0.019698754,0.982334316,-0.186075225],"scale":3.61099195,"type":"eca_rock_big_wide"}
{"pos":[-198.178757,165.940689,223.737656],"rotationMatrix":[-0.990117669,-0.131403327,0.0489190072,-0.00631620549,-0.306733131,-0.951769352,0.140071407,-0.942676961,0.30287376],"scale":3.61099195,"type":"eca_rock_big_wide"}
{"pos":[-213.536591,164.935303,222.35611],"rotationMatrix":[-0.998142779,0.048306603,-0.0370109268,0.0208067261,-0.300626576,-0.95350945,-0.0571875498,-0.952513337,0.299065053],"scale":3.61099195,"type":"eca_rock_big_wide"}
{"pos":[-227.866837,165.512833,221.096725],"rotationMatrix":[-0.992348015,0.113334805,0.0489189923,-0.0807229504,-0.295987964,-0.951769114,-0.0933895558,-0.948439717,0.302873701],"scale":3.61099195,"type":"eca_rock_big_wide"}
{"pos":[-244.447327,167.716446,220.842148],"rotationMatrix":[0.985085785,-0.163883194,-0.0523381159,0.103448555,0.321190715,0.941340864,-0.137460336,-0.932721674,0.333355367],"scale":3.61099195,"type":"eca_rock_big_wide"}
{"pos":[-255.34317,167.660461,221.238403],"rotationMatrix":[0.997279227,-0.0518234298,-0.0523381159,0.0665924549,0.330802858,0.941340864,-0.0314701498,-0.942270994,0.333355367],"scale":3.61099195,"type":"eca_rock_big_wide"}
{"pos":[-273.918762,166.748322,222.983322],"rotationMatrix":[-0.969148695,-0.226663828,0.0967701972,0.00531288236,-0.411765754,-0.911266923,0.246399522,-0.882644534,0.400269628],"scale":3.61099195,"type":"eca_rock_big_wide"}
{"pos":[-291.431671,167.038101,223.737656],"rotationMatrix":[-0.967427075,0.233903065,0.0967701972,-0.180627882,-0.370071441,-0.911266923,-0.177337289,-0.899069428,0.400269628],"scale":3.61099195,"type":"eca_rock_big_wide"}
{"pos":[-306.826447,171.560379,223.737656],"rotationMatrix":[0.995423794,-0.095503591,-0.000451564731,-0.0335510634,-0.34526509,-0.937897682,0.0894173011,0.933627605,-0.346891344],"scale":3.61099195,"type":"eca_rock_big_wide"}
{"pos":[-337.047729,182.271255,223.737656],"rotationMatrix":[0.912130654,-0.409886658,-0.000451564672,-0.142573074,-0.316238135,-0.937897563,0.384291708,0.855555832,-0.346891314],"scale":3.61099195,"type":"eca_rock_big_wide"}
{"pos":[-307.829193,183.866531,223.303787],"rotationMatrix":[0.658515275,0.752560258,-0.000451564672,0.260779023,-0.228753015,-0.937897563,-0.705932915,0.617506623,-0.346891314],"scale":3.61099195,"type":"eca_rock_big_wide"}
{"pos":[-318.992706,187.749725,222.288361],"rotationMatrix":[0.658515275,0.752560258,-0.000451564672,0.260779023,-0.228753015,-0.937897563,-0.705932915,0.617506623,-0.346891314],"scale":3.61099195,"type":"eca_rock_big_wide"}
{"pos":[-353.296814,190.198563,223.737656],"rotationMatrix":[0.849823594,-0.527056992,-0.000451564614,-0.183192253,-0.294574648,-0.937897444,0.494196057,0.797136128,-0.346891284],"scale":3.61099195,"type":"eca_rock_big_wide"}
{"pos":[-370.716888,199.243347,223.737656],"rotationMatrix":[0.945235431,-0.322628409,0.0492945872,-0.0937071592,-0.41295737,-0.905908346,0.312630653,0.851684093,-0.420577198],"scale":3.61099195,"type":"eca_rock_big_wide"}
{"pos":[-387.516235,207.867828,223.737656],"rotationMatrix":[0.776623428,-0.628193855,0.0470868908,-0.227814108,-0.349755466,-0.908711255,0.587320387,0.695005059,-0.41474241],"scale":3.61099195,"type":"eca_rock_big_wide"}
{"pos":[-403.095551,220.562149,221.6754],"rotationMatrix":[0.811973035,-0.581782341,0.0470868759,-0.207006484,-0.362458825,-0.908711016,0.545743525,0.72810775,-0.414742291],"scale":3.61099195,"type":"eca_rock_big_wide"}
{"pos":[-296.774231,195.115448,229.224777],"rotationMatrix":[-0.970052898,0.23390305,-0.0653985068,-0.0266282707,-0.370071411,-0.928614318,-0.241409406,-0.899069369,0.365220129],"scale":3.61099195,"type":"eca_rock_big_wide"}
{"pos":[-280.929626,188.880127,230.335052],"rotationMatrix":[-0.914810419,0.403295964,-0.0215448961,-0.136690691,-0.359375328,-0.92312026,-0.380035907,-0.841540694,0.383890122],"scale":3.61099195,"type":"eca_rock_big_wide"}
{"pos":[-272.309479,186.430649,230.335052],"rotationMatrix":[-0.973273396,0.228614122,-0.0215448942,-0.068437472,-0.378353357,-0.923120141,-0.219191357,-0.896979928,0.383890063],"scale":3.61099195,"type":"eca_rock_big_wide"}
{"pos":[-231.016693,187.708176,227.842514],"rotationMatrix":[-0.979857683,-0.198505014,-0.0215448923,0.0957368761,-0.372383356,-0.923120022,0.175222248,-0.90659517,0.383890003],"scale":3.61099195,"type":"eca_rock_big_wide"}
{"pos":[-206.687515,229.952454,240.13121],"rotationMatrix":[-0.999421954,-0.00866486505,0.0327079706,-0.0268265847,-0.386192083,-0.922020018,0.0206209384,-0.922371209,0.385739505],"scale":3.61099195,"type":"eca_rock_big_wide"}
{"pos":[-192.910477,231.225632,240.13121],"rotationMatrix":[-0.98168236,-0.187667206,0.0327079669,0.0428313874,-0.384745955,-0.922019899,0.185618564,-0.903736413,0.385739446],"scale":3.61099195,"type":"eca_rock_big_wide"}
{"pos":[-222.700699,232.245789,240.13121],"rotationMatrix":[-0.955887616,0.291886926,0.0327079631,-0.141571462,-0.360307485,-0.92201978,-0.257342458,-0.885984421,0.385739386],"scale":3.61099195,"type":"eca_rock_big_wide"}
{"pos":[-238.284897,237.20282,239.50412],"rotationMatrix":[-0.977394342,0.208852112,0.0327079594,-0.110156551,-0.371119171,-0.92201966,-0.18042852,-0.904786646,0.385739326],"scale":3.61099195,"type":"eca_rock_big_wide"}
{"pos":[-144.133453,222.232086,240.13121],"rotationMatrix":[-0.987508655,0.15409638,0.0327079669,-0.0893177763,-0.37667796,-0.922019899,-0.129760474,-0.91343081,0.385739446],"scale":3.61099195,"type":"eca_rock_big_wide"}
{"pos":[-130.684662,220.35376,240.13121],"rotationMatrix":[-0.998009384,0.0538153648,0.0327079631,-0.0509109125,-0.383760363,-0.92201978,-0.0370670483,-0.921856523,0.385739386],"scale":3.61099195,"type":"eca_rock_big_wide"}
{"pos":[-116.406288,221.18399,239.577454],"rotationMatrix":[0.972924411,0.228660032,-0.0334717594,0.0682396591,-0.422640502,-0.903715432,-0.220792025,0.876970112,-0.426804096],"scale":3.61099195,"type":"eca_rock_big_wide"}
{"pos":[-160.926773,228.907364,239.520203],"rotationMatrix":[-0.804799795,0.592634857,0.0327079594,-0.253145009,-0.292884767,-0.92201966,-0.536845326,-0.750326812,0.385739326],"scale":3.61099195,"type":"eca_rock_big_wide"}
{"pos":[-59.2579231,54.9115219,243.425888],"rotationMatrix":[-0.992917836,0.0646415576,0.0996548831,-0.0698662773,0.360671401,-0.930069208,-0.0960640311,-0.9304474,-0.353601515],"scale":2.46178627,"type":"eca_rock_big_wide"}
{"pos":[-45.6688499,53.2787514,242.795227],"rotationMatrix":[-0.979628563,0.174333185,0.0996548682,-0.0294458978,0.36619404,-0.930069089,-0.198635474,-0.914059341,-0.353601485],"scale":2.46178627,"type":"eca_rock_big_wide"}
{"pos":[-32.6420822,51.0194511,242.795227],"rotationMatrix":[-0.979628563,0.174333185,0.0996548682,-0.0294458978,0.36619404,-0.930069089,-0.198635474,-0.914059341,-0.353601485],"scale":2.46178627,"type":"eca_rock_big_wide"}
{"pos":[-118.258652,163.812317,226.493622],"rotationMatrix":[0.983736515,-0.177334532,0.0284381062,-0.00552673265,-0.188154981,-0.982119441,0.179515153,0.965993524,-0.18607527],"scale":2.46178627,"type":"eca_rock_big_wide"}
{"pos":[-160.294327,167.228027,227.009399],"rotationMatrix":[0.983736515,-0.177334532,0.0284381062,-0.00552673265,-0.188154981,-0.982119441,0.179515153,0.965993524,-0.18607527],"scale":2.46178627,"type":"eca_rock_big_wide"}
{"pos":[265.571198,57.6259499,249.010269],"rotationMatrix":[0.969325006,-0.224662095,0.0996548533,0.0105063822,-0.367225707,-0.93006897,0.245547786,0.902588844,-0.353601456],"scale":2.46178627,"type":"eca_rock_big_wide"}
{"pos":[278.102509,54.9202957,249.135284],"rotationMatrix":[0.980449796,-0.169652984,0.0996548384,0.0311943032,-0.3660492,-0.930068851,0.194268122,0.914997399,-0.353601426],"scale":2.46178627,"type":"eca_rock_big_wide"}
{"pos":[289.039673,53.5390434,246.48436],"rotationMatrix":[0.922233701,-0.0381463096,-0.384739578,-0.37199834,-0.358680308,-0.856129766,-0.105340526,0.932677388,-0.344978303],"scale":2.46178627,"type":"eca_rock_big_wide"}
{"pos":[303.695679,52.4639473,251.118607],"rotationMatrix":[0.98500514,-0.140812933,0.0996548086,0.0419209637,-0.364976257,-0.930068612,0.167337865,0.920303166,-0.353601366],"scale":2.46178627,"type":"eca_rock_big_wide"}
{"pos":[315.710602,49.9895515,251.118607],"rotationMatrix":[0.951459825,-0.291182756,0.0996547937,-0.0149238966,-0.367072582,-0.930068493,0.307401508,0.883438706,-0.353601336],"scale":2.46178627,"type":"eca_rock_big_wide"}
{"pos":[324.773956,46.750145,251.926773],"rotationMatrix":[0.91205138,-0.397775561,0.0996547788,-0.0566827059,-0.36297667,-0.930068374,0.406132281,0.842624485,-0.353601307],"scale":2.46178627,"type":"eca_rock_big_wide"}
{"pos":[336.467865,43.7482185,251.926773],"rotationMatrix":[0.98908478,-0.108508855,0.0996547639,0.0538402647,-0.363409132,-0.930068254,0.137136579,0.92528528,-0.353601277],"scale":2.46178627,"type":"eca_rock_big_wide"}
{"pos":[347.927185,42.7649994,251.926773],"rotationMatrix":[0.994208097,-0.0401612297,0.099654749,0.0787301958,-0.358840495,-0.930068135,0.0731130987,0.932530761,-0.353601247],"scale":2.46178627,"type":"eca_rock_big_wide"}
{"pos":[359.695862,43.3451271,251.926773],"rotationMatrix":[0.9912076,0.130984694,0.0185389817,0.0588364378,-0.31097725,-0.948589623,-0.118486047,0.941344142,-0.315950602],"scale":2.46178627,"type":"eca_rock_big_wide"}
{"pos":[371.84964,47.1878815,251.926773],"rotationMatrix":[0.894035816,0.447603822,0.0185389798,0.157197773,-0.274695128,-0.948589504,-0.419501632,0.85099113,-0.315950572],"scale":2.46178627,"type":"eca_rock_big_wide"}
{"pos":[380.029602,55.1505966,251.926773],"rotationMatrix":[0.534701705,0.844833195,0.018538978,0.276424885,-0.154135734,-0.948589385,-0.798546016,0.512339354,-0.315950543],"scale":2.46178627,"type":"eca_rock_big_wide"}
{"pos":[382.657288,65.8970184,251.926773],"rotationMatrix":[-0.0292042196,0.999397874,0.0185389761,0.315356404,0.0268117487,-0.948589265,-0.948519707,-0.0218565464,-0.315950513],"scale":2.46178627,"type":"eca_rock_big_wide"}
{"pos":[379.51239,77.7568436,251.926773],"rotationMatrix":[-0.485920072,0.873802245,0.0185389742,0.267626017,0.168952078,-0.948589146,-0.832015634,-0.455979258,-0.315950483],"scale":2.46178627,"type":"eca_rock_big_wide"}
{"pos":[371.43045,85.905304,251.926773],"rotationMatrix":[-0.871997356,0.489151269,0.0185389724,0.139261156,0.284209073,-0.948589027,-0.469274849,-0.82458961,-0.315950453],"scale":2.46178627,"type":"eca_rock_big_wide"}
{"pos":[359.251556,91.2104645,251.926773],"rotationMatrix":[-0.96894747,0.246553987,0.0185389705,0.0608801916,0.310583383,-0.948588908,-0.239637524,-0.918009043,-0.315950423],"scale":2.46178627,"type":"eca_rock_big_wide"}
{"pos":[351.562164,95.0119171,251.71286],"rotationMatrix":[-0.909558177,0.415152729,0.0185389686,0.115212366,0.294778764,-0.948588789,-0.399276257,-0.8606655,-0.315950394],"scale":2.46178627,"type":"eca_rock_big_wide"}
{"pos":[340.723053,100.54734,250.706711],"rotationMatrix":[-0.870507061,0.491803885,0.018370511,0.20235765,0.391705662,-0.897555709,-0.448619843,-0.777615905,-0.440504849],"scale":2.46178627,"type":"eca_rock_big_wide"}
{"pos":[330.649323,108.220551,250.706711],"rotationMatrix":[-0.770230532,0.637668431,-0.0106992349,0.338520527,0.39456141,-0.854232073,-0.540498734,-0.661581933,-0.519769669],"scale":2.46178627,"type":"eca_rock_big_wide"}
{"pos":[321.051788,116.443756,249.32106],"rotationMatrix":[-0.82220006,0.569089711,-0.010699234,0.303346157,0.42220363,-0.854231954,-0.481620431,-0.705599904,-0.519769609],"scale":2.46178627,"type":"eca_rock_big_wide"}
{"pos":[302.454773,129.44751,249.32106],"rotationMatrix":[-0.82220006,0.569089711,-0.010699234,0.303346157,0.42220363,-0.854231954,-0.481620431,-0.705599904,-0.519769609],"scale":2.46178627,"type":"eca_rock_big_wide"}
{"pos":[293.513123,137.498413,249.32106],"rotationMatrix":[-0.754825056,0.655831456,-0.010699233,0.347821385,0.38638711,-0.854231834,-0.55610168,-0.648521543,-0.519769549],"scale":2.46178627,"type":"eca_rock_big_wide"}
{"pos":[282.772583,146.379105,248.140274],"rotationMatrix":[-0.878219724,0.478127301,-0.0106992321,0.256573081,0.452155888,-0.854231715,-0.403596401,-0.752953589,-0.51976949],"scale":2.46178627,"type":"eca_rock_big_wide"}
{"pos":[222.928894,214.254562,248.140274],"rotationMatrix":[-0.98177439,0.187894449,-0.0283654481,0.107597478,0.4266482,-0.897986829,-0.156625539,-0.884678841,-0.439091325],"scale":2.46178627,"type":"eca_rock_big_wide"}
{"pos":[287.700623,105.783264,250.763931],"rotationMatrix":[-0.996594369,0.0265638884,0.0780004412,-0.0529103428,0.519372821,-0.852900147,-0.0631678551,-0.85412848,-0.516201258],"scale":2.46178627,"type":"eca_rock_big_wide"}
{"pos":[274.438751,102.579491,251.032104],"rotationMatrix":[-0.877855837,-0.474996299,0.0611296147,-0.304479182,0.455025911,-0.836796939,0.36966297,-0.753205419,-0.544076681],"scale":2.46178627,"type":"eca_rock_big_wide"}
{"pos":[265.443726,92.0343399,251.032104],"rotationMatrix":[-0.24459514,-0.967964649,0.056625478,-0.546818495,0.0894777924,-0.832447052,0.800719023,-0.234577954,-0.551190019],"scale":2.46178627,"type":"eca_rock_big_wide"}
{"pos":[270.115662,78.9634247,251.032104],"rotationMatrix":[0.862719774,-0.50249058,0.0566254705,-0.237062246,-0.500817537,-0.832446933,0.446659148,0.704750538,-0.551189959],"scale":2.46178627,"type":"eca_rock_big_wide"}
{"pos":[283.218018,75.2044678,250.694977],"rotationMatrix":[0.995700777,-0.0185710043,-0.090679802,-0.086255379,-0.541572392,-0.836207509,-0.0335808545,0.840441525,-0.540849209],"scale":2.46178627,"type":"eca_rock_big_wide"}
{"pos":[191.807358,200.837158,232.930939],"rotationMatrix":[-0.752028644,-0.659035325,0.010925455,-0.102839626,0.100946136,-0.989558458,0.651053429,-0.745302558,-0.143689826],"scale":7.54461241,"type":"eca_rock_big_wide"}
{"pos":[223.137817,224.990433,228.165054],"rotationMatrix":[-0.813029349,-0.581673741,0.0251566954,-0.102839619,0.100946128,-0.989558399,0.573062599,-0.807130098,-0.141891748],"scale":7.54461241,"type":"eca_rock_big_wide"}
{"pos":[257.448822,248.763916,228.387527],"rotationMatrix":[-0.901578486,-0.43256852,-0.00584649574,-0.0556792356,0.129430488,-0.990019798,0.429009318,-0.892258465,-0.140777275],"scale":7.54461241,"type":"eca_rock_big_wide"}
{"pos":[293.44696,264.277344,230.272369],"rotationMatrix":[-0.953205049,-0.301983654,0.0141290389,-0.0556792356,0.129430488,-0.990019798,0.297141731,-0.944482207,-0.140188441],"scale":7.54461241,"type":"eca_rock_big_wide"}
{"pos":[167.439346,176.393127,233.202988],"rotationMatrix":[-0.670115769,-0.741194546,0.0396138914,-0.133201957,0.0675819963,-0.988777816,0.730202317,-0.667874753,-0.144016847],"scale":7.54461241,"type":"eca_rock_big_wide"}
{"pos":[144.001297,148.141327,232.829788],"rotationMatrix":[-0.58324331,-0.811965704,0.0230738372,-0.133201927,0.0675819814,-0.988777697,0.801297307,-0.579773486,-0.147572681],"scale":7.54461241,"type":"eca_rock_big_wide"}
{"pos":[130.057632,111.905678,230.067932],"rotationMatrix":[-0.0424939096,-0.997140825,-0.0624290593,-0.133201912,0.067581974,-0.988777637,0.990173817,-0.0337009728,-0.135693431],"scale":7.54461241,"type":"eca_rock_big_wide"}
{"pos":[209.672928,214.839767,246.845444],"rotationMatrix":[-0.974058986,-0.218589753,-0.0584534705,-0.034573026,0.399077624,-0.916257381,0.223613799,-0.890474439,-0.396284342],"scale":2.46178627,"type":"eca_rock_big_wide"}
{"pos":[210.906677,216.260071,242.952133],"rotationMatrix":[-0.906884491,-0.418724298,-0.0471039824,-0.119054578,0.361861557,-0.924590409,0.404196799,-0.832895339,-0.378019512],"scale":2.46178627,"type":"eca_rock_big_wide"}
{"pos":[110.885895,113.946396,227.139832],"rotationMatrix":[-0.817311823,-0.566313803,-0.106220372,-0.359398097,0.645152748,-0.67424196,0.450362682,-0.512892425,-0.730825305],"scale":7.54461241,"type":"eca_rock_big_wide"}
{"pos":[89.3325806,67.4286041,239.861938],"rotationMatrix":[-0.989229679,0.104630224,0.102321908,-0.0960105509,0.0636862516,-0.993336439,-0.110450521,-0.992466211,-0.0529548675],"scale":5.50048447,"type":"eca_rock_big_wide"}
{"pos":[63.1550064,66.5402527,239.705582],"rotationMatrix":[-0.98637712,-0.139979601,0.0863634124,-0.0960105434,0.0636862442,-0.99333638,0.13354677,-0.98810029,-0.0762584358],"scale":5.50048447,"type":"eca_rock_big_wide"}
{"pos":[40.2638664,57.8804092,238.05484],"rotationMatrix":[-0.855265021,-0.514104187,-0.064895615,0.0102361953,0.108450405,-0.994044483,0.518082321,-0.850839198,-0.0874917507],"scale":5.50048447,"type":"eca_rock_big_wide"}
{"pos":[58.1140213,81.7748718,222.886169],"rotationMatrix":[-0.98637712,-0.139979601,0.0863634124,-0.0960105434,0.0636862442,-0.99333638,0.13354677,-0.98810029,-0.0762584358],"scale":5.50048447,"type":"eca_rock_big_wide"}
{"pos":[33.5231133,79.1594086,222.886169],"rotationMatrix":[-0.989899397,-0.141496509,0.00839408673,-0.0314796008,0.161716878,-0.986330211,0.138204977,-0.97663635,-0.164538383],"scale":5.50048447,"type":"eca_rock_big_wide"}
{"pos":[7.81239319,65.3248749,220.924301],"rotationMatrix":[-0.590670586,-0.804745197,-0.0590399206,-0.137660637,0.172595054,-0.975320756,0.795078158,-0.567968905,-0.212729514],"scale":5.50048447,"type":"eca_rock_big_wide"}
{"pos":[67.9638443,75.0865021,220.924301],"rotationMatrix":[-0.590670586,-0.804745197,-0.0590399206,-0.137660637,0.172595054,-0.975320756,0.795078158,-0.567968905,-0.212729514],"scale":5.50048447,"type":"eca_rock_big_wide"}
{"pos":[-598.502319,291.206421,226.093323],"rotationMatrix":[-0.604409218,0.792560399,0.0807834342,0.343493104,0.350747108,-0.871190548,-0.718811572,-0.498811275,-0.484236985],"scale":2.72056341,"type":"eca_rock_big_wide"}
{"pos":[-608.896179,303.510559,227.103836],"rotationMatrix":[-0.782223344,0.602727175,0.157589555,0.236635357,0.521453023,-0.819801033,-0.576296806,-0.603981614,-0.550523162],"scale":2.72056341,"type":"eca_rock_big_wide"}
{"pos":[-615.592407,311.196198,227.691406],"rotationMatrix":[-0.654690802,0.755022943,0.0361592136,0.401991606,0.388285726,-0.829228044,-0.640132129,-0.528357267,-0.557724118],"scale":2.72056341,"type":"eca_rock_big_wide"}
{"pos":[-627.221863,320.05481,227.691406],"rotationMatrix":[-0.909862041,0.413316458,0.0361592099,0.203501835,0.520528555,-0.829227924,-0.361558706,-0.747131586,-0.557724059],"scale":2.72056341,"type":"eca_rock_big_wide"}
{"pos":[-641.008911,325.718231,227.691406],"rotationMatrix":[-0.955469251,0.292844176,0.0361592062,0.134853899,0.542381167,-0.829227805,-0.262448996,-0.787432969,-0.557723999],"scale":2.72056341,"type":"eca_rock_big_wide"}
{"pos":[-652.618042,330.158722,226.677124],"rotationMatrix":[-0.919253469,0.391984761,0.0361592025,0.191307053,0.525132775,-0.829227686,-0.344036222,-0.755360246,-0.557723939],"scale":2.72056341,"type":"eca_rock_big_wide"}
{"pos":[-719.376526,353.149811,223.572723],"rotationMatrix":[-0.890027821,0.271001786,0.366598904,-0.193719953,0.503104031,-0.842223167,-0.412685007,-0.82062757,-0.395281047],"scale":2.72056341,"type":"eca_rock_big_wide"}
{"pos":[-730.580444,355.048401,222.765244],"rotationMatrix":[-0.932421744,0.0678852051,-0.354918748,0.353836447,0.370792508,-0.858657658,0.0733114481,-0.926223338,-0.36975798],"scale":2.72056341,"type":"eca_rock_big_wide"}
{"pos":[-747.018799,354.521576,218.080704],"rotationMatrix":[-0.987480998,-0.110589691,-0.112415694,0.0542206652,0.431290418,-0.900571585,0.148079127,-0.895401239,-0.419898003],"scale":2.72056341,"type":"eca_rock_big_wide"}
{"pos":[-359.268707,156.399353,224.896057],"rotationMatrix":[0.754996002,-0.650724888,0.0807834193,-0.263691872,-0.414098412,-0.87119031,0.600362599,0.636448741,-0.484236866],"scale":2.72056341,"type":"eca_rock_big_wide"}
{"pos":[-347.311218,150.295914,225.552948],"rotationMatrix":[0.960427403,-0.266534775,0.0807834119,-0.0618768334,-0.487013429,-0.87119019,0.271547377,0.831723571,-0.484236807],"scale":2.72056341,"type":"eca_rock_big_wide"}
{"pos":[-334.366577,146.45166,225.852188],"rotationMatrix":[0.92019999,-0.383005738,0.0807834044,-0.121496901,-0.475656688,-0.871190071,0.372099191,0.791861236,-0.484236747],"scale":2.72056341,"type":"eca_rock_big_wide"}
{"pos":[-320.530823,142.110535,224.965805],"rotationMatrix":[0.9928478,-0.0809820816,-0.0876492038,-0.116233669,-0.489954799,-0.863954067,0.0270209759,0.867970526,-0.495866954],"scale":2.72056341,"type":"eca_rock_big_wide"}
{"pos":[-308.267487,138.568649,222.711777],"rotationMatrix":[0.903552949,-0.403044403,-0.145375773,-0.322771072,-0.417157471,-0.849576533,0.281775296,0.814568102,-0.507018685],"scale":2.72056341,"type":"eca_rock_big_wide"}
{"pos":[-50.7221146,124.927063,224.075134],"rotationMatrix":[-0.940190077,-0.329161316,-0.0876491889,-0.0927369893,0.494940102,-0.863953829,0.327764273,-0.804159939,-0.495866835],"scale":2.72056341,"type":"eca_rock_big_wide"}
{"pos":[-36.6049156,128.953629,224.830032],"rotationMatrix":[-0.977617919,-0.209518135,-0.0187587589,-0.0838312954,0.469836265,-0.878753483,0.192930162,-0.857520878,-0.476888031],"scale":2.72056341,"type":"eca_rock_big_wide"}
{"pos":[-22.3399811,131.277527,224.451416],"rotationMatrix":[-0.988300323,-0.0911079347,0.122262523,-0.151070192,0.476489514,-0.866092563,0.0206514373,-0.874438524,-0.484682024],"scale":2.72056341,"type":"eca_rock_big_wide"}
{"pos":[-9.22099495,132.375992,222.558517],"rotationMatrix":[-0.943562567,-0.0911079273,0.31839475,-0.322053492,0.476489484,-0.81805861,-0.0771805048,-0.874438465,-0.478942871],"scale":2.72056341,"type":"eca_rock_big_wide"}
{"pos":[-15.8561802,115.60218,224.501953],"rotationMatrix":[0.857136548,-0.41474393,0.305434823,0.112978332,-0.427158892,-0.897079647,0.502532184,0.803435385,-0.319278389],"scale":2.72056341,"type":"eca_rock_big_wide"}
{"pos":[-2.8288641,110.498306,226.497253],"rotationMatrix":[0.951463342,-0.293242663,0.0933362097,-0.0465515368,-0.436952502,-0.898267925,0.304197073,0.850332975,-0.429398298],"scale":2.72056341,"type":"eca_rock_big_wide"}
{"pos":[11.7877407,107.788757,226.145233],"rotationMatrix":[0.99859643,-0.0393208638,-0.0352703594,-0.0491611175,-0.447616905,-0.892861366,0.0193208009,0.893351674,-0.448925138],"scale":2.72056341,"type":"eca_rock_big_wide"}
{"pos":[26.5730286,109.225647,224.135727],"rotationMatrix":[0.948315442,0.291233271,-0.125959128,0.0154572949,-0.438890219,-0.898395896,-0.316928238,0.850024998,-0.420711219],"scale":2.72056341,"type":"eca_rock_big_wide"}
{"pos":[71.0030823,207.576309,229.224228],"rotationMatrix":[0.621782541,0.782845497,0.0230738334,0.129782021,-0.0739371032,-0.988777459,-0.772357166,0.617801487,-0.147572652],"scale":6.04180384,"type":"eca_rock_big_wide"}
{"pos":[94.1912766,232.805801,229.224228],"rotationMatrix":[0.6823228,0.730681956,0.0230738316,0.123461939,-0.0840667188,-0.988777339,-0.720545113,0.677516699,-0.147572637],"scale":6.04180384,"type":"eca_rock_big_wide"}
{"pos":[113.308578,252.023666,229.224228],"rotationMatrix":[0.679297388,0.733795345,0.00959776342,0.188662887,-0.161982477,-0.96858567,-0.709192157,0.659771204,-0.248475254],"scale":6.04180384,"type":"eca_rock_big_wide"}
{"pos":[128.469223,278.814575,225.959076],"rotationMatrix":[0.231629595,0.962270498,-0.142742962,0.243881524,-0.19948855,-0.9490605,-0.941732883,0.185018808,-0.280888617],"scale":6.04180384,"type":"eca_rock_big_wide"}
{"pos":[83.3668137,217.050201,219.93956],"rotationMatrix":[0.476464152,0.873845339,-0.096789889,0.357841849,-0.293306619,-0.886515498,-0.803070605,0.387759089,-0.452450573],"scale":6.04180384,"type":"eca_rock_big_wide"}
{"pos":[47.1307449,190.549438,224.389053],"rotationMatrix":[0.920213163,0.0248921514,0.39061442,0.37627703,-0.331041515,-0.865341306,0.107769825,0.943282664,-0.313996613],"scale":6.04180384,"type":"eca_rock_big_wide"}
{"pos":[73.8325424,199.035461,221.334656],"rotationMatrix":[0.684742153,0.727907658,0.035652563,0.475067526,-0.408728093,-0.779257536,-0.552657962,0.550530076,-0.625681281],"scale":6.04180384,"type":"eca_rock_big_wide"}
{"pos":[95.4107056,225.432648,221.334656],"rotationMatrix":[0.684742153,0.727907658,0.035652563,0.475067526,-0.408728093,-0.779257536,-0.552657962,0.550530076,-0.625681281],"scale":6.04180384,"type":"eca_rock_big_wide"}
{"pos":[119.272163,249.529449,221.334656],"rotationMatrix":[0.684742153,0.727907658,0.035652563,0.475067526,-0.408728093,-0.779257536,-0.552657962,0.550530076,-0.625681281],"scale":6.04180384,"type":"eca_rock_big_wide"}
{"pos":[96.3650589,146.320953,226.616486],"rotationMatrix":[0.718109787,0.677381158,-0.159553021,0.213660255,-0.432794869,-0.875794351,-0.66230768,0.594833255,-0.455527306],"scale":2.72056341,"type":"eca_rock_big_wide"}
{"pos":[85.4475479,138.970901,225.963562],"rotationMatrix":[0.821223438,0.492284328,0.288499117,0.458499968,-0.268376678,-0.84718883,-0.339635611,0.828017712,-0.446113229],"scale":2.72056341,"type":"eca_rock_big_wide"}
{"pos":[68.6777191,142.981781,225.846313],"rotationMatrix":[-0.656052411,-0.752845466,-0.0529396981,-0.316622108,0.338230312,-0.886187255,0.685075819,-0.564630032,-0.460268021],"scale":2.72056341,"type":"eca_rock_big_wide"}
{"pos":[-139.54451,60.3980408,243.119705],"rotationMatrix":[0.988056302,-0.143508568,0.0560519174,0.101673663,0.334025294,-0.93705833,0.115753554,0.931570351,0.344628692],"scale":2.46178627,"type":"eca_rock_big_wide"}
{"pos":[-153.054367,62.4382706,243.119705],"rotationMatrix":[0.996903241,-0.0775595158,-0.0126526468,0.0145211369,0.34004122,-0.940292239,0.0772312433,0.937201738,0.340116322],"scale":2.46178627,"type":"eca_rock_big_wide"}
{"pos":[-163.906158,62.5602646,243.119705],"rotationMatrix":[0.999614596,0.0245350301,-0.0126526449,-0.020240806,0.33974871,-0.94029212,-0.0187716857,0.94019109,0.340116292],"scale":2.46178627,"type":"eca_rock_big_wide"}
{"pos":[-177.268448,63.3279572,243.119705],"rotationMatrix":[-0.999834895,0.0129687674,0.0123535218,-0.0059380997,0.410687387,-0.911749661,-0.0168976113,-0.911678255,-0.410545081],"scale":2.46178627,"type":"eca_rock_big_wide"}
{"pos":[-190.104218,63.0526733,241.948364],"rotationMatrix":[-0.995066106,-0.0713477135,-0.0688710064,0.033817254,0.4087255,-0.912023127,0.0932209045,-0.909858346,-0.404298604],"scale":2.46178627,"type":"eca_rock_big_wide"}
{"pos":[-202.684021,63.3447266,240.443619],"rotationMatrix":[-0.995016217,0.0720389038,-0.0688709989,0.092061609,0.399655789,-0.912023008,-0.0381765217,-0.913824201,-0.404298544],"scale":2.46178627,"type":"eca_rock_big_wide"}
{"pos":[-41.8213806,75.0206451,228.899338],"rotationMatrix":[-0.984812915,0.151127711,0.0854178444,-0.0432077348,0.263168693,-0.963776588,-0.1681339,-0.952834785,-0.252643079],"scale":3.85024691,"type":"eca_rock_big_wide"}
{"pos":[-58.6996994,77.086998,228.899338],"rotationMatrix":[-0.996267378,0.0121304244,0.0854178369,-0.0795325786,0.254556894,-0.963776469,-0.0334353298,-0.966977298,-0.252643049],"scale":3.85024691,"type":"eca_rock_big_wide"}
{"pos":[-76.7719803,71.8602371,227.587616],"rotationMatrix":[-0.665987611,-0.729474366,-0.155946925,-0.187051356,0.365684688,-0.911743164,0.72212404,-0.578042924,-0.379992485],"scale":3.85024691,"type":"eca_rock_big_wide"}
{"pos":[-91.2267227,75.2100449,226.944107],"rotationMatrix":[-0.661465645,0.654098213,0.366892189,0.00716771139,0.494698077,-0.869028926,-0.749935329,-0.572205961,-0.331915557],"scale":3.85024691,"type":"eca_rock_big_wide"}
{"pos":[-109.583054,83.5915985,229.528625],"rotationMatrix":[-0.999401629,0.0341828354,0.00442057801,0.0129197966,0.490420997,-0.871383667,-0.0319549441,-0.870809674,-0.490571469],"scale":3.85024691,"type":"eca_rock_big_wide"}
{"pos":[-130.386276,84.3214874,229.528625],"rotationMatrix":[-0.992578268,-0.11208766,0.0470742285,-0.0995684192,0.527344048,-0.843790889,0.0697541609,-0.842220247,-0.534593105],"scale":3.85024691,"type":"eca_rock_big_wide"}
{"pos":[-145.034012,83.9917374,229.528625],"rotationMatrix":[-0.992578268,-0.11208766,0.0470742285,-0.0995684192,0.527344048,-0.843790889,0.0697541609,-0.842220247,-0.534593105],"scale":3.85024691,"type":"eca_rock_big_wide"}
{"pos":[-163.576599,82.7631683,229.528625],"rotationMatrix":[-0.992578268,-0.11208766,0.0470742285,-0.0995684192,0.527344048,-0.843790889,0.0697541609,-0.842220247,-0.534593105],"scale":3.85024691,"type":"eca_rock_big_wide"}
{"pos":[-179.606277,81.1457748,229.528625],"rotationMatrix":[-0.992578268,-0.11208766,0.0470742285,-0.0995684192,0.527344048,-0.843790889,0.0697541609,-0.842220247,-0.534593105],"scale":3.85024691,"type":"eca_rock_big_wide"}
{"pos":[-200.270065,79.2805176,229.528625],"rotationMatrix":[-0.992578268,-0.11208766,0.0470742285,-0.0995684192,0.527344048,-0.843790889,0.0697541609,-0.842220247,-0.534593105],"scale":3.85024691,"type":"eca_rock_big_wide"}
{"pos":[-148.925568,87.1748734,227.093109],"rotationMatrix":[-0.992578208,0.118406527,-0.0275593922,-0.0995684117,-0.66170013,0.743120193,0.0697541535,0.740353227,0.668581963],"scale":3.85024691,"type":"eca_rock_big_wide"}
{"pos":[-107.107315,86.9807358,227.093109],"rotationMatrix":[-0.992578208,0.118406527,-0.0275593922,-0.0995684117,-0.66170013,0.743120193,0.0697541535,0.740353227,0.668581963],"scale":3.85024691,"type":"eca_rock_big_wide"}
{"pos":[-41.9562111,80.0587616,224.68866],"rotationMatrix":[-0.992578149,0.1100609,-0.051635474,-0.0995684043,-0.492263973,0.864725828,0.069754146,0.863454223,0.499571323],"scale":3.85024691,"type":"eca_rock_big_wide"}
{"pos":[-183.669876,87.0734024,226.029968],"rotationMatrix":[-0.990155518,-0.139389127,0.0123884641,0.101120986,-0.651491046,0.751878858,-0.0967338458,0.745734274,0.659175873],"scale":3.85024691,"type":"eca_rock_big_wide"}
{"pos":[-4.22199535,51.3658867,241.386765],"rotationMatrix":[-0.996029139,0.00376435556,0.0889009982,-0.0788817629,0.424943864,-0.901770234,-0.0411731862,-0.905206919,-0.422961473],"scale":3.85024691,"type":"eca_rock_big_wide"}
{"pos":[-244.448975,170.562469,220.337952],"rotationMatrix":[-0.996240199,0.00927271694,-0.086071007,0.0755827874,-0.391574562,-0.917028368,-0.0422068536,-0.92009294,0.389404684],"scale":3.61099195,"type":"eca_rock_big_wide"}
{"pos":[336.727509,15.0852909,254.083206],"rotationMatrix":[-0.998294771,-0.0197200533,0.0548757575,-0.0578540489,0.217326179,-0.97437793,0.00728891743,-0.975895703,-0.218097001],"scale":3.60640907,"type":"eca_rock_big_wide"}
{"pos":[329.225189,15.0148354,252.163498],"rotationMatrix":[-0.998294771,-0.0197200533,0.0548757575,-0.0578540489,0.217326179,-0.97437793,0.00728891743,-0.975895703,-0.218097001],"scale":3.60640907,"type":"eca_rock_big_wide"}
{"pos":[313.904205,14.4858818,249.363327],"rotationMatrix":[-0.987834454,-0.145478979,0.0548757501,-0.0848036706,0.208293259,-0.974377811,0.13032189,-0.967182279,-0.218096972],"scale":3.60640907,"type":"eca_rock_big_wide"}
{"pos":[293.620667,11.5981617,248.854752],"rotationMatrix":[-0.973323524,-0.222760454,0.0548757426,-0.100931279,0.200974166,-0.974377692,0.206025243,-0.953928053,-0.218096942],"scale":3.60640907,"type":"eca_rock_big_wide"}
