{"pos":[25.3446712,-15.1045589,249.97319],"rotationMatrix":[-0.0751342997,-0.997173309,0,0.997173309,-0.0751342997,0,0,0,0.999999881],"scale":1.32936311,"type":"eca_rock_small_2"}
{"pos":[22.0723991,-23.401186,251.553558],"rotationMatrix":[-0.962916195,0.269800216,0,-0.269800216,-0.962916195,0,0,0,0.999999881],"scale":0.782114029,"type":"eca_rock_small_2"}
{"pos":[20.3822994,-31.8553448,252.014038],"rotationMatrix":[0.778399229,-0.62776953,0,0.62776953,0.778399229,0,0,0,0.999999881],"scale":0.785770774,"type":"eca_rock_small_2"}
{"pos":[34.3217735,-12.8206043,250.902054],"rotationMatrix":[0.330756783,-0.94371593,0,0.94371593,0.330756783,0,0,0,0.999999881],"scale":0.744151592,"type":"eca_rock_small_2"}
{"pos":[5.98823071,-39.1853828,253.068848],"rotationMatrix":[0.9579193,-0.287037432,0,0.287037432,0.9579193,0,0,0,0.999999881],"scale":1.43157029,"type":"eca_rock_small_2"}
{"pos":[-3.32768321,-38.8668442,254.294006],"rotationMatrix":[0.611539483,0.79121387,0,-0.79121387,0.611539483,0,0,0,0.999999881],"scale":0.877323151,"type":"eca_rock_small_2"}
{"pos":[-3.49682713,-38.6670761,254.064026],"rotationMatrix":[-0.459173739,0.888346314,0,-0.888346314,-0.459173739,0,0,0,0.999999881],"scale":1.53259337,"type":"eca_rock_small_2"}
{"pos":[22.9722557,-39.9317093,253.891968],"rotationMatrix":[-0.86764425,-0.497185618,0,0.497185618,-0.86764425,0,0,0,0.999999881],"scale":1.04855371,"type":"eca_rock_small_2"}
{"pos":[24.1286888,-30.3532104,254.245529],"rotationMatrix":[0.905055106,0.42529425,0,-0.42529425,0.905055106,0,0,0,0.999999881],"scale":1.21616054,"type":"eca_rock_small_2"}
{"pos":[-318.772491,147.455811,231.169769],"rotationMatrix":[0.986695111,-0.162581235,0,0.162581235,0.986695111,0,0,0,0.999999881],"scale":0.960843205,"type":"eca_rock_small_2"}
{"pos":[-328.702728,150.299316,232.313019],"rotationMatrix":[0.0667658374,0.997768641,0,-0.997768641,0.0667658374,0,0,0,0.999999881],"scale":0.894259691,"type":"eca_rock_small_2"}
{"pos":[-337.22702,153.791382,232.526306],"rotationMatrix":[-0.32497552,-0.945722342,0,0.945722342,-0.32497552,0,0,0,0.999999881],"scale":0.893192172,"type":"eca_rock_small_2"}
{"pos":[-39.2530403,124.689232,231.494141],"rotationMatrix":[0.814175844,0.580618382,0,-0.580618382,0.814175844,0,0,0,0.999999881],"scale":1.30164003,"type":"eca_rock_small_2"}
{"pos":[-27.8880424,125.916168,232.45697],"rotationMatrix":[0.984937012,0.172912985,0,-0.172912985,0.984937012,0,0,0,0.999999881],"scale":0.844526649,"type":"eca_rock_small_2"}
{"pos":[-2.14387488,119.023361,232.779755],"rotationMatrix":[-0.6624282,0.749125183,0,-0.749125183,-0.6624282,0,0,0,0.999999881],"scale":1.07838213,"type":"eca_rock_small_2"}
{"pos":[16.4639339,112.506966,233.349869],"rotationMatrix":[0.836579204,-0.54784584,0,0.54784584,0.836579204,0,0,0,0.999999881],"scale":0.915394962,"type":"eca_rock_small_2"}
{"pos":[19.9937649,114.456375,232.824219],"rotationMatrix":[0.976668656,0.214751735,0,-0.214751735,0.976668656,0,0,0,0.999999881],"scale":1.38536763,"type":"eca_rock_small_2"}
{"pos":[86.5332642,144.500259,234.295044],"rotationMatrix":[0.61676234,0.787149429,0,-0.787149429,0.61676234,0,0,0,0.999999881],"scale":1.11004865,"type":"eca_rock_small_2"}
{"pos":[293.149567,232.614868,254.073578],"rotationMatrix":[0.654401898,0.756146848,0,-0.756146848,0.654401898,0,0,0,0.999999881],"scale":1.50492167,"type":"eca_rock_small_2"}
{"pos":[298.213745,236.16568,253.772629],"rotationMatrix":[-0.515810788,-0.856702507,0,0.856702507,-0.515810788,0,0,0,0.999999881],"scale":1.44219971,"type":"eca_rock_small_2"}
{"pos":[292.892303,238.681793,252.459381],"rotationMatrix":[-0.427884907,0.903833091,0,-0.903833091,-0.427884907,0,0,0,0.999999881],"scale":1.55818141,"type":"eca_rock_small_2"}
{"pos":[292.777374,236.997772,252.816177],"rotationMatrix":[0.391664296,-0.92010814,0,0.92010814,0.391664296,0,0,0,0.999999881],"scale":1.20551693,"type":"eca_rock_small_2"}
{"pos":[297.687683,234.650269,254.022522],"rotationMatrix":[-0.324163675,-0.946000934,0,0.946000934,-0.324163675,0,0,0,0.999999881],"scale":1.31980908,"type":"eca_rock_small_2"}
{"pos":[307.309845,243.108871,254.35112],"rotationMatrix":[-0.358414352,0.933562458,0,-0.933562458,-0.358414352,0,0,0,0.999999881],"scale":1.01983237,"type":"eca_rock_small_2"}
{"pos":[313.029633,245.510071,255.299057],"rotationMatrix":[0.83452332,-0.550972521,0,0.550972521,0.83452332,0,0,0,0.999999881],"scale":1.21881485,"type":"eca_rock_small_2"}
{"pos":[306.226807,240.66597,254.304779],"rotationMatrix":[0.385052085,-0.922894657,0,0.922894657,0.385052085,0,0,0,0.999999881],"scale":1.17620826,"type":"eca_rock_small_2"}
{"pos":[308.027527,245.370743,254.385971],"rotationMatrix":[-0.090232797,0.995920599,0,-0.995920599,-0.090232797,0,0,0,0.999999881],"scale":1.28039718,"type":"eca_rock_small_2"}
{"pos":[289.576813,216.196198,250.011032],"rotationMatrix":[0.975907803,0.21818316,0,-0.21818316,0.975907803,0,0,0,0.999999881],"scale":1.54182136,"type":"eca_rock_small_2"}
{"pos":[287.61792,214.148758,250.438095],"rotationMatrix":[-0.897392988,0.441232145,0,-0.441232145,-0.897392988,0,0,0,0.999999881],"scale":1.42237592,"type":"eca_rock_small_2"}
{"pos":[289.786163,213.72438,250.121109],"rotationMatrix":[0.685496092,0.728076279,0,-0.728076279,0.685496092,0,0,0,0.999999881],"scale":1.51208377,"type":"eca_rock_small_2"}
{"pos":[283.398956,227.095306,249.899506],"rotationMatrix":[0.992574632,-0.121636152,0,0.121636152,0.992574632,0,0,0,0.999999881],"scale":1.02342772,"type":"eca_rock_small_2"}
{"pos":[282.639893,230.430023,250.19194],"rotationMatrix":[-0.0162428301,-0.999868035,0,0.999868035,-0.0162428301,0,0,0,0.999999881],"scale":0.939512253,"type":"eca_rock_small_2"}
{"pos":[284.831909,230.665817,250.464874],"rotationMatrix":[0.976679146,0.214703768,0,-0.214703768,0.976679146,0,0,0,0.999999881],"scale":0.975346923,"type":"eca_rock_small_2"}
{"pos":[285.733795,226.745789,249.946243],"rotationMatrix":[0.685888469,-0.727706552,0,0.727706552,0.685888469,0,0,0,0.999999881],"scale":1.22189713,"type":"eca_rock_small_2"}
{"pos":[243.821884,190.78479,251.347412],"rotationMatrix":[0.59406054,-0.804420173,0,0.804420173,0.59406054,0,0,0,0.999999881],"scale":0.834043503,"type":"eca_rock_small_2"}
{"pos":[246.456635,192.929413,250.758194],"rotationMatrix":[-0.802767575,-0.596292019,0,0.596292019,-0.802767575,0,0,0,0.999999881],"scale":0.875797987,"type":"eca_rock_small_2"}
{"pos":[248.10524,159.755157,253.148911],"rotationMatrix":[0.90780437,-0.419393688,0,0.419393688,0.90780437,0,0,0,0.999999881],"scale":1.00208724,"type":"eca_rock_small_2"}
{"pos":[246.814163,152.510315,253.506149],"rotationMatrix":[-0.19351998,0.981096208,0,-0.981096208,-0.19351998,0,0,0,0.999999881],"scale":1.42455745,"type":"eca_rock_small_2"}
{"pos":[254.677032,162.950012,252.576813],"rotationMatrix":[-0.464796633,0.885417342,0,-0.885417342,-0.464796633,0,0,0,0.999999881],"scale":0.875466168,"type":"eca_rock_small_2"}
{"pos":[252.89119,153.173187,253.304276],"rotationMatrix":[0.879486501,-0.475923628,0,0.475923628,0.879486501,0,0,0,0.999999881],"scale":0.797486842,"type":"eca_rock_small_2"}
{"pos":[256.78479,160.120377,252.68544],"rotationMatrix":[0.0507896021,0.998709261,0,-0.998709261,0.0507896021,0,0,0,0.999999881],"scale":0.934564352,"type":"eca_rock_small_2"}
{"pos":[252.742538,153.665985,253.268478],"rotationMatrix":[0.686860681,0.726789057,0,-0.726789057,0.686860681,0,0,0,0.999999881],"scale":1.23347533,"type":"eca_rock_small_2"}
{"pos":[243.661621,156.736053,253.503357],"rotationMatrix":[0.163965032,-0.98646611,0,0.98646611,0.163965032,0,0,0,0.999999881],"scale":0.818636894,"type":"eca_rock_small_2"}
{"pos":[250.706619,157.005447,253.166],"rotationMatrix":[-0.787386417,-0.616459548,0,0.616459548,-0.787386417,0,0,0,0.999999881],"scale":1.18242407,"type":"eca_rock_small_2"}
{"pos":[246.96759,164.173004,253.002441],"rotationMatrix":[0.0135650355,-0.999907911,0,0.999907911,0.0135650355,0,0,0,0.999999881],"scale":1.21077514,"type":"eca_rock_small_2"}
{"pos":[244.401764,152.280334,253.618683],"rotationMatrix":[-0.814240396,-0.580527604,0,0.580527604,-0.814240396,0,0,0,0.999999881],"scale":0.966295958,"type":"eca_rock_small_2"}
{"pos":[252.144852,155.383469,253.162933],"rotationMatrix":[-0.710475862,0.703721464,0,-0.703721464,-0.710475862,0,0,0,0.999999881],"scale":1.25776231,"type":"eca_rock_small_2"}
{"pos":[242.538727,154.273773,253.640289],"rotationMatrix":[0.788352907,-0.615223169,0,0.615223169,0.788352907,0,0,0,0.999999881],"scale":0.828913927,"type":"eca_rock_small_2"}
{"pos":[246.288223,153.118179,253.5401],"rotationMatrix":[-0.647891223,-0.761732876,0,0.761732876,-0.647891223,0,0,0,0.999999881],"scale":1.01835847,"type":"eca_rock_small_2"}
{"pos":[254.315521,155.802948,253.085907],"rotationMatrix":[0.986744761,-0.162279427,0,0.162279427,0.986744761,0,0,0,0.999999881],"scale":1.33971763,"type":"eca_rock_small_2"}
{"pos":[256.405975,151.016693,253.370728],"rotationMatrix":[-0.99861747,-0.0525638983,0,0.0525638983,-0.99861747,0,0,0,0.999999881],"scale":0.91002965,"type":"eca_rock_small_2"}
{"pos":[277.768646,134.160614,254.712585],"rotationMatrix":[-0.838007331,0.545658648,0,-0.545658648,-0.838007331,0,0,0,0.999999881],"scale":0.772030473,"type":"eca_rock_small_2"}
{"pos":[277.896149,131.777939,254.794052],"rotationMatrix":[0.772016525,0.635602474,0,-0.635602474,0.772016525,0,0,0,0.999999881],"scale":1.24635744,"type":"eca_rock_small_2"}
{"pos":[269.834534,135.54425,254.342468],"rotationMatrix":[0.280371189,0.959891617,0,-0.959891617,0.280371189,0,0,0,0.999999881],"scale":1.47254109,"type":"eca_rock_small_2"}
{"pos":[268.701874,133.729095,254.330536],"rotationMatrix":[-0.880900264,0.473301917,0,-0.473301917,-0.880900264,0,0,0,0.999999881],"scale":1.42224634,"type":"eca_rock_small_2"}
{"pos":[272.20105,129.487762,254.64444],"rotationMatrix":[0.547986865,0.836486936,0,-0.836486936,0.547986865,0,0,0,0.999999881],"scale":0.867395997,"type":"eca_rock_small_2"}
{"pos":[276.061523,137.55368,254.475311],"rotationMatrix":[0.428126574,0.90371877,0,-0.90371877,0.428126574,0,0,0,0.999999881],"scale":0.808823466,"type":"eca_rock_small_2"}
{"pos":[274.480499,130.282059,254.696762],"rotationMatrix":[0.782453597,-0.622708738,0,0.622708738,0.782453597,0,0,0,0.999999881],"scale":1.44484389,"type":"eca_rock_small_2"}
{"pos":[278.380188,137.380478,254.442825],"rotationMatrix":[0.616523981,0.787336111,0,-0.787336111,0.616523981,0,0,0,0.999999881],"scale":1.1382494,"type":"eca_rock_small_2"}
{"pos":[277.658539,128.401993,255.024033],"rotationMatrix":[0.2827335,0.959198475,0,-0.959198475,0.2827335,0,0,0,0.999999881],"scale":0.966616988,"type":"eca_rock_small_2"}
{"pos":[273.561981,127.58709,254.739975],"rotationMatrix":[0.897908568,0.440181941,0,-0.440181941,0.897908568,0,0,0,0.999999881],"scale":1.1828481,"type":"eca_rock_small_2"}
{"pos":[272.659241,135.026184,254.503113],"rotationMatrix":[-0.648154855,-0.761508524,0,0.761508524,-0.648154855,0,0,0,0.999999881],"scale":1.08430862,"type":"eca_rock_small_2"}
{"pos":[275.86618,139.056915,254.397858],"rotationMatrix":[0.999972939,-0.00734604755,0,0.00734604755,0.999972939,0,0,0,0.999999881],"scale":1.0056088,"type":"eca_rock_small_2"}
{"pos":[222.05423,195.937592,253.867676],"rotationMatrix":[-0.985877931,-0.167465061,0,0.167465061,-0.985877931,0,0,0,0.999999881],"scale":1.38061368,"type":"eca_rock_small_2"}
{"pos":[227.492249,188.628891,253.395248],"rotationMatrix":[0.0129654901,0.999915838,0,-0.999915838,0.0129654901,0,0,0,0.999999881],"scale":1.06520748,"type":"eca_rock_small_2"}
{"pos":[224.561127,185.460114,253.673035],"rotationMatrix":[0.991395533,-0.130899385,0,0.130899385,0.991395533,0,0,0,0.999999881],"scale":0.802218437,"type":"eca_rock_small_2"}
{"pos":[225.261185,191.336441,253.548538],"rotationMatrix":[0.969939709,0.243345141,0,-0.243345141,0.969939709,0,0,0,0.999999881],"scale":1.30024588,"type":"eca_rock_small_2"}
{"pos":[224.465286,194.475128,253.647202],"rotationMatrix":[-0.530159771,-0.847897708,0,0.847897708,-0.530159771,0,0,0,0.999999881],"scale":0.758693159,"type":"eca_rock_small_2"}
{"pos":[225.75354,186.215225,253.55275],"rotationMatrix":[0.269382685,0.963033199,0,-0.963033199,0.269382685,0,0,0,0.999999881],"scale":1.43553519,"type":"eca_rock_small_2"}
{"pos":[227.221664,189.032639,253.404297],"rotationMatrix":[-0.479578495,0.877498806,0,-0.877498806,-0.479578495,0,0,0,0.999999881],"scale":0.813000023,"type":"eca_rock_small_2"}
{"pos":[227.909225,188.768021,253.341934],"rotationMatrix":[-0.860787272,0.508964837,0,-0.508964837,-0.860787272,0,0,0,0.999999881],"scale":0.920963407,"type":"eca_rock_small_2"}
{"pos":[241.005264,127.476776,254.20723],"rotationMatrix":[-0.720341682,-0.693619192,0,0.693619192,-0.720341682,0,0,0,0.999999881],"scale":1.57473588,"type":"eca_rock_small_2"}
{"pos":[244.297119,121.614227,254.205627],"rotationMatrix":[0.0243140887,0.999704242,0,-0.999704242,0.0243140887,0,0,0,0.999999881],"scale":1.40392029,"type":"eca_rock_small_2"}
{"pos":[244.4077,120.271118,254.231384],"rotationMatrix":[0.373705715,0.927547336,0,-0.927547336,0.373705715,0,0,0,0.999999881],"scale":1.22061276,"type":"eca_rock_small_2"}
{"pos":[240.08284,116.380821,254.296875],"rotationMatrix":[-0.335243255,0.94213146,0,-0.94213146,-0.335243255,0,0,0,0.999999881],"scale":1.02266169,"type":"eca_rock_small_2"}
{"pos":[242.942947,126.015068,254.190842],"rotationMatrix":[0.843276143,-0.537480295,0,0.537480295,0.843276143,0,0,0,0.999999881],"scale":1.27673817,"type":"eca_rock_small_2"}
{"pos":[242.181259,116.306068,254.279007],"rotationMatrix":[-0.362541437,0.931967556,0,-0.931967556,-0.362541437,0,0,0,0.999999881],"scale":1.26616335,"type":"eca_rock_small_2"}
{"pos":[239.215851,124.852272,254.303421],"rotationMatrix":[0.821326673,0.570458114,0,-0.570458114,0.821326673,0,0,0,0.999999881],"scale":0.971373737,"type":"eca_rock_small_2"}
{"pos":[245.938705,123.69101,254.156006],"rotationMatrix":[-0.0957064405,0.995409489,0,-0.995409489,-0.0957064405,0,0,0,0.999999881],"scale":1.51649296,"type":"eca_rock_small_2"}
{"pos":[245.678146,124.69146,254.176529],"rotationMatrix":[0.641147852,0.767417371,0,-0.767417371,0.641147852,0,0,0,0.999999881],"scale":1.154634,"type":"eca_rock_small_2"}
{"pos":[221.407608,91.4889374,254.293991],"rotationMatrix":[0.716330647,-0.69776094,0,0.69776094,0.716330647,0,0,0,0.999999881],"scale":0.876672149,"type":"eca_rock_small_2"}
{"pos":[220.180298,92.1487961,254.280365],"rotationMatrix":[-0.865409374,-0.501065254,0,0.501065254,-0.865409374,0,0,0,0.999999881],"scale":1.55572271,"type":"eca_rock_small_2"}
{"pos":[221.847412,91.2732162,254.280411],"rotationMatrix":[0.330103993,-0.943944514,0,0.943944514,0.330103993,0,0,0,0.999999881],"scale":1.39475894,"type":"eca_rock_small_2"}
{"pos":[216.568909,91.3782578,254.246826],"rotationMatrix":[-0.633782148,0.77351135,0,-0.77351135,-0.633782148,0,0,0,0.999999881],"scale":0.865875602,"type":"eca_rock_small_2"}
{"pos":[211.892441,94.0354614,254.249664],"rotationMatrix":[0.667845428,-0.744299829,0,0.744299829,0.667845428,0,0,0,0.999999881],"scale":0.968822837,"type":"eca_rock_small_2"}
{"pos":[220.425385,95.2644882,254.256897],"rotationMatrix":[0.56327647,0.826268494,0,-0.826268494,0.56327647,0,0,0,0.999999881],"scale":1.4040525,"type":"eca_rock_small_2"}
{"pos":[217.825714,94.4255676,254.25766],"rotationMatrix":[-0.508761883,0.860907137,0,-0.860907137,-0.508761883,0,0,0,0.999999881],"scale":1.0414654,"type":"eca_rock_small_2"}
{"pos":[218.507629,95.5813828,254.26297],"rotationMatrix":[-0.999509871,0.0313031413,0,-0.0313031413,-0.999509871,0,0,0,0.999999881],"scale":0.948721647,"type":"eca_rock_small_2"}
{"pos":[215.176331,98.2915649,254.255661],"rotationMatrix":[0.223252848,0.974760592,0,-0.974760592,0.223252848,0,0,0,0.999999881],"scale":1.03719223,"type":"eca_rock_small_2"}
{"pos":[202.296829,77.4508514,254.254089],"rotationMatrix":[-0.537835479,-0.843049645,0,0.843049645,-0.537835479,0,0,0,0.999999881],"scale":0.891171396,"type":"eca_rock_small_2"}
{"pos":[201.098724,76.7795486,254.230835],"rotationMatrix":[-0.972233713,0.23401162,0,-0.23401162,-0.972233713,0,0,0,0.999999881],"scale":0.948296309,"type":"eca_rock_small_2"}
{"pos":[195.610214,75.3340912,254.229004],"rotationMatrix":[-0.37168017,-0.928360701,0,0.928360701,-0.37168017,0,0,0,0.999999881],"scale":0.966290772,"type":"eca_rock_small_2"}
{"pos":[201.788284,74.259491,254.223801],"rotationMatrix":[0.998598933,-0.0529146306,0,0.0529146306,0.998598933,0,0,0,0.999999881],"scale":1.42449129,"type":"eca_rock_small_2"}
{"pos":[201.444061,72.8583832,254.224167],"rotationMatrix":[-0.968028009,0.250841916,0,-0.250841916,-0.968028009,0,0,0,0.999999881],"scale":1.05100727,"type":"eca_rock_small_2"}
{"pos":[199.455933,78.3969116,254.255142],"rotationMatrix":[0.919315279,0.393521726,0,-0.393521726,0.919315279,0,0,0,0.999999881],"scale":0.771867275,"type":"eca_rock_small_2"}
{"pos":[200.128677,81.1293182,254.232529],"rotationMatrix":[-0.0739645436,-0.997260749,0,0.997260749,-0.0739645436,0,0,0,0.999999881],"scale":1.07139397,"type":"eca_rock_small_2"}
{"pos":[199.272705,70.8512115,254.236191],"rotationMatrix":[0.994471729,0.105003804,0,-0.105003804,0.994471729,0,0,0,0.999999881],"scale":0.815013707,"type":"eca_rock_small_2"}
{"pos":[164.5811,64.9309921,254.230667],"rotationMatrix":[0.621835291,-0.783147871,0,0.783147871,0.621835291,0,0,0,0.999999881],"scale":1.19578445,"type":"eca_rock_small_2"}
{"pos":[169.127762,64.7280884,254.244278],"rotationMatrix":[-0.989471495,0.144726977,0,-0.144726977,-0.989471495,0,0,0,0.999999881],"scale":0.795505583,"type":"eca_rock_small_2"}
{"pos":[166.224152,67.7266693,254.242035],"rotationMatrix":[-0.775245547,-0.631659806,0,0.631659806,-0.775245547,0,0,0,0.999999881],"scale":1.23078728,"type":"eca_rock_small_2"}
{"pos":[166.772171,62.2551384,254.232819],"rotationMatrix":[-0.899388969,-0.437149018,0,0.437149018,-0.899388969,0,0,0,0.999999881],"scale":0.961036325,"type":"eca_rock_small_2"}
{"pos":[169.337402,60.1552353,254.239975],"rotationMatrix":[-0.979157865,-0.203100339,0,0.203100339,-0.979157865,0,0,0,0.999999881],"scale":1.55368161,"type":"eca_rock_small_2"}
{"pos":[168.254562,65.000473,254.240341],"rotationMatrix":[-0.79887259,-0.601500034,0,0.601500034,-0.79887259,0,0,0,0.999999881],"scale":0.834441245,"type":"eca_rock_small_2"}
{"pos":[170.211212,58.3982925,254.214035],"rotationMatrix":[0.0943824276,0.99553591,0,-0.99553591,0.0943824276,0,0,0,0.999999881],"scale":1.57808447,"type":"eca_rock_small_2"}
{"pos":[165.844574,60.1495514,254.246506],"rotationMatrix":[-0.99343425,-0.11440412,0,0.11440412,-0.99343425,0,0,0,0.999999881],"scale":0.789371014,"type":"eca_rock_small_2"}
{"pos":[169.643921,63.8939209,254.227112],"rotationMatrix":[0.138733789,0.990329683,0,-0.990329683,0.138733789,0,0,0,0.999999881],"scale":0.987819254,"type":"eca_rock_small_2"}
{"pos":[170.024246,60.0392189,254.226608],"rotationMatrix":[-0.385550767,0.922686517,0,-0.922686517,-0.385550767,0,0,0,0.999999881],"scale":1.08270192,"type":"eca_rock_small_2"}
{"pos":[166.046616,63.1508713,254.213364],"rotationMatrix":[-0.971774936,0.235909373,0,-0.235909373,-0.971774936,0,0,0,0.999999881],"scale":1.18435156,"type":"eca_rock_small_2"}
{"pos":[156.649933,65.0641174,254.312805],"rotationMatrix":[0.503047764,0.864258587,0,-0.864258587,0.503047764,0,0,0,0.999999881],"scale":1.09744763,"type":"eca_rock_small_2"}
{"pos":[160.99472,67.9600525,254.271667],"rotationMatrix":[-0.342663735,-0.939458072,0,0.939458072,-0.342663735,0,0,0,0.999999881],"scale":1.38056052,"type":"eca_rock_small_2"}
{"pos":[162.506073,65.3036041,254.264282],"rotationMatrix":[0.565410078,-0.824809909,0,0.824809909,0.565410078,0,0,0,0.999999881],"scale":0.967913806,"type":"eca_rock_small_2"}
{"pos":[160.948486,58.9090233,254.276215],"rotationMatrix":[-0.32972309,0.944077551,0,-0.944077551,-0.32972309,0,0,0,0.999999881],"scale":1.53693402,"type":"eca_rock_small_2"}
{"pos":[156.108978,95.3676834,254.336258],"rotationMatrix":[-0.0695480257,0.997578502,0,-0.997578502,-0.0695480257,0,0,0,0.999999881],"scale":1.29222333,"type":"eca_rock_small_2"}
{"pos":[158.593613,94.6636658,254.314255],"rotationMatrix":[0.732218325,-0.681069911,0,0.681069911,0.732218325,0,0,0,0.999999881],"scale":1.59291506,"type":"eca_rock_small_2"}
{"pos":[154.596375,101.112038,254.34053],"rotationMatrix":[0.807530046,0.589826405,0,-0.589826405,0.807530046,0,0,0,0.999999881],"scale":1.02475369,"type":"eca_rock_small_2"}
{"pos":[155.702057,96.1548157,254.325211],"rotationMatrix":[-0.814205825,0.580576062,0,-0.580576062,-0.814205825,0,0,0,0.999999881],"scale":1.11853695,"type":"eca_rock_small_2"}
{"pos":[151.875961,99.0901031,254.326813],"rotationMatrix":[0.999368429,-0.0355330445,0,0.0355330445,0.999368429,0,0,0,0.999999881],"scale":1.3296653,"type":"eca_rock_small_2"}
{"pos":[150.350586,94.0873108,254.34964],"rotationMatrix":[0.136121407,-0.990692079,0,0.990692079,0.136121407,0,0,0,0.999999881],"scale":0.753315926,"type":"eca_rock_small_2"}
{"pos":[156.454193,101.308411,254.312927],"rotationMatrix":[-0.170267776,-0.985397756,0,0.985397756,-0.170267776,0,0,0,0.999999881],"scale":1.58954322,"type":"eca_rock_small_2"}
{"pos":[152.432327,101.912064,254.348221],"rotationMatrix":[0.966098011,-0.258175403,0,0.258175403,0.966098011,0,0,0,0.999999881],"scale":0.84407711,"type":"eca_rock_small_2"}
{"pos":[153.417618,91.621994,254.343796],"rotationMatrix":[0.757175624,0.653211355,0,-0.653211355,0.757175624,0,0,0,0.999999881],"scale":0.887671709,"type":"eca_rock_small_2"}
{"pos":[146.762695,94.3005676,254.341156],"rotationMatrix":[0.602592945,-0.798048615,0,0.798048615,0.602592945,0,0,0,0.999999881],"scale":1.50908303,"type":"eca_rock_small_2"}
{"pos":[147.640335,96.6626282,254.337509],"rotationMatrix":[0.00206964649,0.999997795,0,-0.999997795,0.00206964649,0,0,0,0.999999881],"scale":0.930359125,"type":"eca_rock_small_2"}
{"pos":[150.687363,92.0725403,254.327896],"rotationMatrix":[-0.69449693,-0.719495535,0,0.719495535,-0.69449693,0,0,0,0.999999881],"scale":1.09582949,"type":"eca_rock_small_2"}
{"pos":[151.966461,97.8588028,254.321976],"rotationMatrix":[0.933716714,-0.358012497,0,0.358012497,0.933716714,0,0,0,0.999999881],"scale":1.14986587,"type":"eca_rock_small_2"}
{"pos":[150.985886,93.4188766,254.339981],"rotationMatrix":[-0.99521929,0.0976641998,0,-0.0976641998,-0.99521929,0,0,0,0.999999881],"scale":1.57848203,"type":"eca_rock_small_2"}
{"pos":[144.625671,93.3615952,254.321884],"rotationMatrix":[-0.744432628,-0.66769737,0,0.66769737,-0.744432628,0,0,0,0.999999881],"scale":1.23007679,"type":"eca_rock_small_2"}
{"pos":[147.852295,95.0848236,254.352905],"rotationMatrix":[0.999162078,-0.0409263857,0,0.0409263857,0.999162078,0,0,0,0.999999881],"scale":1.19046021,"type":"eca_rock_small_2"}
{"pos":[150.537994,89.65065,254.347321],"rotationMatrix":[0.549792886,0.835300982,0,-0.835300982,0.549792886,0,0,0,0.999999881],"scale":0.844560862,"type":"eca_rock_small_2"}
{"pos":[143.638947,78.7815781,254.349792],"rotationMatrix":[0.719331384,0.694667041,0,-0.694667041,0.719331384,0,0,0,0.999999881],"scale":0.735699534,"type":"eca_rock_small_2"}
{"pos":[149.847504,86.0861969,254.352356],"rotationMatrix":[-0.971032381,-0.238947809,0,0.238947809,-0.971032381,0,0,0,0.999999881],"scale":1.32245564,"type":"eca_rock_small_2"}
{"pos":[150.240128,84.8252869,254.332291],"rotationMatrix":[0.644675732,-0.764455974,0,0.764455974,0.644675732,0,0,0,0.999999881],"scale":1.19124079,"type":"eca_rock_small_2"}
{"pos":[149.145584,84.8055344,254.31929],"rotationMatrix":[-0.281155288,0.959662139,0,-0.959662139,-0.281155288,0,0,0,0.999999881],"scale":1.49770331,"type":"eca_rock_small_2"}
{"pos":[148.141418,79.6808243,254.318069],"rotationMatrix":[0.515520632,-0.856877029,0,0.856877029,0.515520632,0,0,0,0.999999881],"scale":1.38247323,"type":"eca_rock_small_2"}
{"pos":[159.139725,95.1643524,254.355164],"rotationMatrix":[-0.844479978,0.535586834,0,-0.535586834,-0.844479978,0,0,0,0.999999881],"scale":1.11200988,"type":"eca_rock_small_2"}
{"pos":[151.508301,101.793228,254.343964],"rotationMatrix":[0.517992079,0.855385423,0,-0.855385423,0.517992079,0,0,0,0.999999881],"scale":1.57596076,"type":"eca_rock_small_2"}
{"pos":[159.03801,101.615959,254.352921],"rotationMatrix":[-0.587614357,-0.809141099,0,0.809141099,-0.587614357,0,0,0,0.999999881],"scale":1.28834498,"type":"eca_rock_small_2"}
{"pos":[155.133087,99.681076,254.328949],"rotationMatrix":[0.160386249,0.987054288,0,-0.987054288,0.160386249,0,0,0,0.999999881],"scale":1.18519509,"type":"eca_rock_small_2"}
{"pos":[154.78389,98.6610031,254.34549],"rotationMatrix":[-0.691785097,0.722103179,0,-0.722103179,-0.691785097,0,0,0,0.999999881],"scale":1.2788775,"type":"eca_rock_small_2"}
{"pos":[153.322998,97.5596695,254.343811],"rotationMatrix":[-0.855782568,0.517335355,0,-0.517335355,-0.855782568,0,0,0,0.999999881],"scale":0.808693707,"type":"eca_rock_small_2"}
{"pos":[160.047089,136.793488,254.355331],"rotationMatrix":[-0.816790283,-0.576934636,0,0.576934636,-0.816790283,0,0,0,0.999999881],"scale":0.824839115,"type":"eca_rock_small_2"}
{"pos":[151.696594,130.097748,254.348511],"rotationMatrix":[-0.145350903,0.989380062,0,-0.989380062,-0.145350903,0,0,0,0.999999881],"scale":1.27458954,"type":"eca_rock_small_2"}
{"pos":[156.793198,132.695908,254.331314],"rotationMatrix":[0.22413449,0.974558175,0,-0.974558175,0.22413449,0,0,0,0.999999881],"scale":1.2987628,"type":"eca_rock_small_2"}
{"pos":[158.547974,129.084381,254.303833],"rotationMatrix":[0.78143841,-0.623982191,0,0.623982191,0.78143841,0,0,0,0.999999881],"scale":1.58012927,"type":"eca_rock_small_2"}
{"pos":[158.276337,135.82225,254.326431],"rotationMatrix":[-0.561592281,0.827413917,0,-0.827413917,-0.561592281,0,0,0,0.999999881],"scale":1.16710055,"type":"eca_rock_small_2"}
{"pos":[160.397415,132.790314,254.343857],"rotationMatrix":[0.712622106,0.7015481,0,-0.7015481,0.712622106,0,0,0,0.999999881],"scale":1.02458727,"type":"eca_rock_small_2"}
{"pos":[150.917862,133.881088,254.350418],"rotationMatrix":[-0.689140499,-0.724627733,0,0.724627733,-0.689140499,0,0,0,0.999999881],"scale":1.39833522,"type":"eca_rock_small_2"}
{"pos":[166.044495,143.787308,254.343109],"rotationMatrix":[-0.330441505,-0.943826437,0,0.943826437,-0.330441505,0,0,0,0.999999881],"scale":1.31448948,"type":"eca_rock_small_2"}
{"pos":[165.933517,150.557205,254.33342],"rotationMatrix":[0.367180496,-0.930149615,0,0.930149615,0.367180496,0,0,0,0.999999881],"scale":1.20483971,"type":"eca_rock_small_2"}
{"pos":[165.815781,151.59346,254.348465],"rotationMatrix":[0.475418687,-0.87975955,0,0.87975955,0.475418687,0,0,0,0.999999881],"scale":0.717016041,"type":"eca_rock_small_2"}
{"pos":[202.601868,185.310791,254.351715],"rotationMatrix":[-0.540291429,-0.841477931,0,0.841477931,-0.540291429,0,0,0,0.999999881],"scale":1.28138542,"type":"eca_rock_small_2"}
{"pos":[205.909164,187.196564,254.342957],"rotationMatrix":[-0.718237162,0.695798099,0,-0.695798099,-0.718237162,0,0,0,0.999999881],"scale":1.28375375,"type":"eca_rock_small_2"}
{"pos":[200.959396,180.430618,254.324219],"rotationMatrix":[-0.519009471,0.854768336,0,-0.854768336,-0.519009471,0,0,0,0.999999881],"scale":1.58246219,"type":"eca_rock_small_2"}
{"pos":[207.668579,177.5569,254.343033],"rotationMatrix":[0.896088302,-0.4438757,0,0.4438757,0.896088302,0,0,0,0.999999881],"scale":1.02389252,"type":"eca_rock_small_2"}
{"pos":[201.133133,184.334808,254.355118],"rotationMatrix":[-0.471605122,-0.881809831,0,0.881809831,-0.471605122,0,0,0,0.999999881],"scale":1.20095229,"type":"eca_rock_small_2"}
{"pos":[201.549011,177.977112,254.33989],"rotationMatrix":[-0.374344409,0.927289605,0,-0.927289605,-0.374344409,0,0,0,0.999999881],"scale":0.924357593,"type":"eca_rock_small_2"}
{"pos":[203.844131,184.14006,254.339676],"rotationMatrix":[-0.913247049,-0.407405972,0,0.407405972,-0.913247049,0,0,0,0.999999881],"scale":1.37527013,"type":"eca_rock_small_2"}
{"pos":[-3.77727032,-222.017334,253.159897],"rotationMatrix":[-0.679789007,0.733407676,0,-0.733407676,-0.679789007,0,0,0,0.999999881],"scale":0.872826695,"type":"eca_rock_small_2"}
{"pos":[-3.70591426,-221.736298,253.079163],"rotationMatrix":[-0.692635775,-0.721287489,0,0.721287489,-0.692635775,0,0,0,0.999999881],"scale":1.51743746,"type":"eca_rock_small_2"}
{"pos":[162.62738,-69.1815567,257.267151],"rotationMatrix":[-0.403185338,0.915118217,0,-0.915118217,-0.403185338,0,0,0,0.999999881],"scale":1.35783923,"type":"eca_rock_small_2"}
{"pos":[162.364441,-21.3804474,254.091568],"rotationMatrix":[-0.209892675,-0.977724373,0,0.977724373,-0.209892675,0,0,0,0.999999881],"scale":1.27536643,"type":"eca_rock_small_2"}
{"pos":[148.889938,-172.500092,265.750366],"rotationMatrix":[-0.833414853,-0.552647829,0,0.552647829,-0.833414853,0,0,0,0.999999881],"scale":0.882193446,"type":"eca_rock_small_2"}
{"pos":[149.690887,-173.178787,265.724731],"rotationMatrix":[0.695701063,0.718331397,0,-0.718331397,0.695701063,0,0,0,0.999999881],"scale":1.24436688,"type":"eca_rock_small_2"}
{"pos":[159.075516,-188.289154,268.512207],"rotationMatrix":[-0.136559457,0.990631759,0,-0.990631759,-0.136559457,0,0,0,0.999999881],"scale":1.48981118,"type":"eca_rock_small_2"}
{"pos":[164.390366,-210.741882,268.049469],"rotationMatrix":[-0.860809565,0.508926868,0,-0.508926868,-0.860809565,0,0,0,0.999999881],"scale":0.898157239,"type":"eca_rock_small_2"}
{"pos":[131.840927,-176.742447,262.980316],"rotationMatrix":[-0.976473272,-0.215637982,0,0.215637982,-0.976473272,0,0,0,0.999999881],"scale":1.3285346,"type":"eca_rock_small_2"}
{"pos":[120.949242,-174.959427,261.966309],"rotationMatrix":[0.990406811,-0.138181567,0,0.138181567,0.990406811,0,0,0,0.999999881],"scale":0.836023867,"type":"eca_rock_small_2"}
{"pos":[123.255791,-162.501251,261.141327],"rotationMatrix":[0.0291355681,0.999575377,0,-0.999575377,0.0291355681,0,0,0,0.999999881],"scale":1.12848425,"type":"eca_rock_small_2"}
{"pos":[122.805573,-161.34465,260.924683],"rotationMatrix":[-0.9991768,-0.0405654721,0,0.0405654721,-0.9991768,0,0,0,0.999999881],"scale":1.02040815,"type":"eca_rock_small_2"}
{"pos":[122.467033,-209.924896,263.600098],"rotationMatrix":[-0.916172683,0.400783569,0,-0.400783569,-0.916172683,0,0,0,0.999999881],"scale":1.37346315,"type":"eca_rock_small_2"}
{"pos":[133.653595,-233.998734,263.694855],"rotationMatrix":[0.0224782676,-0.999747217,0,0.999747217,0.0224782676,0,0,0,0.999999881],"scale":1.38336933,"type":"eca_rock_small_2"}
