{"pos":[748.983704,-9.00057793,51.4539795],"rotationMatrix":[-0.790588856,0.612347007,0,-0.612347007,-0.790588856,0,0,0,0.999999881],"scale":1.11885929,"type":"eca_rock_medium_1"}
{"pos":[776.39386,2.39825344,51.7829475],"rotationMatrix":[-0.811787784,-0.583952367,0,0.583952367,-0.811787784,0,0,0,0.999999881],"scale":1.20522106,"type":"eca_rock_medium_1"}
{"pos":[730.481201,2.99719405,51.7829475],"rotationMatrix":[0.479657531,-0.877455592,0,0.877455592,0.479657531,0,0,0,0.999999762],"scale":1.20522106,"type":"eca_rock_medium_1"}
{"pos":[839.699402,-33.3896637,57.8778381],"rotationMatrix":[0.253950685,0.967217147,0,-0.967217147,0.253950685,0,0,0,0.999999881],"scale":1.02045381,"type":"eca_rock_medium_1"}
{"pos":[744.406677,-212.49968,63.1493607],"rotationMatrix":[-0.365442723,-0.930833757,0,0.930833757,-0.365442723,0,0,0,0.999999881],"scale":1.18572044,"type":"eca_rock_medium_1"}
{"pos":[754.315857,-217.368851,66.5838165],"rotationMatrix":[-0.123642646,-0.992326796,0,0.992326796,-0.123642646,0,0,0,0.999999881],"scale":1.14610434,"type":"eca_rock_medium_1"}
{"pos":[713.838257,-210.687103,59.2028618],"rotationMatrix":[-0.849950254,-0.526862979,0,0.526862979,-0.849950254,0,0,0,0.999999881],"scale":1.05567551,"type":"eca_rock_medium_1"}
{"pos":[709.625671,-139.151993,58.1419601],"rotationMatrix":[0.889959395,0.456039667,0,-0.456039667,0.889959395,0,0,0,0.999999881],"scale":1.13924277,"type":"eca_rock_medium_1"}
{"pos":[714.369751,-165.566208,59.5250969],"rotationMatrix":[-0.0343282111,0.99941051,0,-0.99941051,-0.0343282111,0,0,0,0.999999881],"scale":1.02008414,"type":"eca_rock_medium_1"}
{"pos":[707.555847,-162.249268,58.7674484],"rotationMatrix":[-0.959638834,-0.28123498,0,0.28123498,-0.959638834,0,0,0,0.999999881],"scale":1.00657308,"type":"eca_rock_medium_1"}
{"pos":[718.496033,-174.139359,58.7480621],"rotationMatrix":[0.626286626,-0.779592752,0,0.779592752,0.626286626,0,0,0,0.999999881],"scale":1.09705245,"type":"eca_rock_medium_1"}
{"pos":[719.78064,-175.914673,58.1256332],"rotationMatrix":[0.209022462,-0.977910757,0,0.977910757,0.209022462,0,0,0,0.999999881],"scale":1.20849633,"type":"eca_rock_medium_1"}
{"pos":[724.779968,-164.423096,58.1136055],"rotationMatrix":[-0.641283333,0.767303944,0,-0.767303944,-0.641283333,0,0,0,0.999999881],"scale":1.05542052,"type":"eca_rock_medium_1"}
{"pos":[783.845642,-205.502808,70.6852417],"rotationMatrix":[-0.960723341,0.277507782,0,-0.277507782,-0.960723341,0,0,0,0.999999881],"scale":1.1394397,"type":"eca_rock_medium_1"}
{"pos":[780.520874,-234.031281,70.2911835],"rotationMatrix":[-0.764049113,0.645157814,0,-0.645157814,-0.764049113,0,0,0,0.999999881],"scale":1.06912851,"type":"eca_rock_medium_1"}
{"pos":[762.603638,-227.732864,69.7094955],"rotationMatrix":[0.94823271,0.317576289,0,-0.317576289,0.94823271,0,0,0,0.999999881],"scale":1.28135514,"type":"eca_rock_medium_1"}
{"pos":[799.627197,-182.715729,70.6717224],"rotationMatrix":[-0.97034061,0.241741568,0,-0.241741568,-0.97034061,0,0,0,0.999999881],"scale":1.10218787,"type":"eca_rock_medium_1"}
{"pos":[832.240295,-155.888489,69.4340973],"rotationMatrix":[0.850156784,0.526529491,0,-0.526529491,0.850156784,0,0,0,0.999999881],"scale":1.24785876,"type":"eca_rock_medium_1"}
{"pos":[835.791992,-149.306808,69.9086914],"rotationMatrix":[0.947840631,0.318744421,0,-0.318744421,0.947840631,0,0,0,0.999999881],"scale":1.26357102,"type":"eca_rock_medium_1"}
