{"pos":[577.777039,-612.826111,49.19804],"rotationMatrix":[0.639598966,-0.767957926,-0.0339682922,0.768697023,0.638720274,0.0337820128,-0.0042469278,-0.0477182642,0.998851836],"scale":0.999999821,"type":"eca_guardrail1"}
{"pos":[575.413818,-609.609985,49.360939],"rotationMatrix":[0.54965508,-0.834376693,-0.0411686078,0.835389733,0.548878789,0.0292591602,-0.00181658752,-0.0504742786,0.998723686],"scale":1,"type":"eca_guardrail1"}
{"pos":[573.28009,-606.214294,49.4786873],"rotationMatrix":[0.526851118,-0.84975183,-0.0187020637,0.849839449,0.526283503,0.0282583162,-0.0141699677,-0.0307816789,0.999425709],"scale":0.99999994,"type":"eca_guardrail1"}
{"pos":[571.174377,-602.821472,49.5709],"rotationMatrix":[0.526879549,-0.849453449,-0.0287535191,0.849893689,0.526196301,0.0282520987,-0.00886884797,-0.0393228866,0.999187171],"scale":1,"type":"eca_guardrail1"}
{"pos":[569.072754,-599.426575,49.7049942],"rotationMatrix":[0.525134325,-0.850182116,-0.0377413929,0.85100919,0.524394214,0.0281805471,-0.0041672308,-0.0469168425,0.998890102],"scale":0.99999994,"type":"eca_guardrail1"}
{"pos":[566.993286,-596.021729,49.8750687],"rotationMatrix":[0.509202242,-0.859216869,-0.0495928228,0.860645115,0.508470595,0.0273410641,0.00172458589,-0.056603957,0.998395205],"scale":0.999999821,"type":"eca_guardrail1"}
{"pos":[565.040527,-592.544373,50.0962143],"rotationMatrix":[0.464201629,-0.883744657,-0.0592634305,0.885710299,0.463592708,0.0244763233,0.00584327988,-0.0638521761,0.997942269],"scale":1.00000012,"type":"eca_guardrail1"}
{"pos":[563.312073,-588.94696,50.3380966],"rotationMatrix":[0.393923402,-0.917188764,-0.0599092469,0.919127226,0.393464386,0.0197732002,0.00543640368,-0.0628533438,0.998007953],"scale":0.99999994,"type":"eca_guardrail1"}
{"pos":[561.919739,-585.200806,50.5638962],"rotationMatrix":[0.309274495,-0.949623227,-0.0506471619,0.950971246,0.308933079,0.0146334469,0.00175032206,-0.052689746,0.998609424],"scale":1,"type":"eca_guardrail1"}
{"pos":[560.627563,-581.410645,50.7355423],"rotationMatrix":[0.361597121,-0.931713998,-0.0340082273,0.932328284,0.36122191,0.0168113336,-0.00337884016,-0.0377857611,0.999280155],"scale":1,"type":"eca_guardrail1"}
{"pos":[558.970337,-577.76709,50.8408241],"rotationMatrix":[0.469818056,-0.882520795,-0.02068807,0.882728219,0.469461501,0.0199190956,-0.00786676444,-0.0276202951,0.999587536],"scale":0.999999881,"type":"eca_guardrail1"}
{"pos":[556.887085,-574.358521,50.9213333],"rotationMatrix":[0.566291332,-0.823876858,-0.0232608654,0.824189186,0.565879166,0.0222036503,-0.00513023324,-0.0317450874,0.99948281],"scale":1,"type":"eca_guardrail1"}
{"pos":[554.529175,-571.139282,51.0417023],"rotationMatrix":[0.585110545,-0.810139537,-0.0363274254,0.810948491,0.584677815,0.022679247,0.00286648795,-0.0427295342,0.999082565],"scale":1.00000024,"type":"eca_guardrail1"}
{"pos":[552.483154,-567.717712,51.1934242],"rotationMatrix":[0.398473442,-0.916442573,-0.0367675424,0.917178929,0.398210645,0.0145300897,0.00132523291,-0.0395122692,0.999218225],"scale":0.99999994,"type":"eca_guardrail1"}
{"pos":[551.582336,-563.843689,51.3086891],"rotationMatrix":[0.0264815092,-0.999530792,-0.0153928064,0.999643803,0.0264272094,0.00372028863,-0.00331175514,-0.0154858418,0.999874592],"scale":0.99999994,"type":"eca_guardrail1"}
{"pos":[552.159241,-559.887939,51.2956352],"rotationMatrix":[-0.261357069,-0.965055048,0.0190059803,0.965241253,-0.261333942,0.00373976259,0.0013578292,0.0193227679,0.999812365],"scale":1.00000012,"type":"eca_guardrail1"}
{"pos":[553.246094,-556.039185,51.2153206],"rotationMatrix":[-0.268683791,-0.96303159,0.0194765776,0.963227332,-0.268659711,0.00389042031,0.00148597453,0.0198056661,0.999802768],"scale":0.999999881,"type":"eca_guardrail1"}
{"pos":[554.27948,-552.176636,51.1401863],"rotationMatrix":[-0.243477941,-0.969738901,0.0180221107,0.969905794,-0.243456602,0.0034038485,0.00108675845,0.0183085129,0.999831796],"scale":1.00000024,"type":"eca_guardrail1"}
{"pos":[555.165222,-548.277832,51.0716248],"rotationMatrix":[-0.19174397,-0.981316328,0.015895471,0.981444836,-0.191728473,0.00250304537,0.000591334887,0.0160804708,0.999870539],"scale":1.00000012,"type":"eca_guardrail1"}
{"pos":[555.771973,-544.329041,51.0195007],"rotationMatrix":[-0.116089702,-0.993196726,0.00914154574,0.993238688,-0.11608088,0.00149163161,-0.00042032497,0.00925289933,0.999957085],"scale":1.00000012,"type":"eca_guardrail1"}
{"pos":[556.141907,-540.352783,51.0038834],"rotationMatrix":[-0.0750495195,-0.997176528,-0.00257064169,0.997178674,-0.0750529766,0.00130163762,-0.00149089657,-0.00246570189,0.999995828],"scale":1,"type":"eca_guardrail1"}
{"pos":[556.416199,-536.37262,51.0477982],"rotationMatrix":[-0.0659365654,-0.997611403,-0.0205889456,0.997820139,-0.0659787655,0.0013754759,-0.00273062289,-0.0204533692,0.999787092],"scale":1,"type":"eca_guardrail1"}
{"pos":[556.606873,-532.388672,51.1663284],"rotationMatrix":[-0.0239863396,-0.998998821,-0.0377618074,0.999705851,-0.0241042376,0.00266754255,-0.00357509032,-0.0376867168,0.999283195],"scale":0.99999994,"type":"eca_guardrail1"}
{"pos":[556.635986,-528.397522,51.3389473],"rotationMatrix":[0.00346851349,-0.998898208,-0.046800673,0.999987185,0.00329309702,0.00382542238,-0.00366709195,-0.0468133464,0.998896897],"scale":1.00000012,"type":"eca_guardrail1"}
{"pos":[556.631653,-524.403137,51.5264778],"rotationMatrix":[-0.0088711977,-0.998788118,-0.0484116003,0.999953866,-0.00903904438,0.00324909016,-0.00368274562,-0.0483805425,0.998822212],"scale":0.99999994,"type":"eca_guardrail1"}
{"pos":[556.709595,-520.402161,51.7157669],"rotationMatrix":[-0.0287889242,-0.998923838,-0.0363636278,0.999579847,-0.0288921595,0.00231742859,-0.00336555764,-0.0362816341,0.999335945],"scale":1.00000012,"type":"eca_guardrail1"}
{"pos":[556.953796,-516.419922,51.8762054],"rotationMatrix":[-0.0912007093,-0.994750381,-0.046413295,0.995824218,-0.0912915468,-0.000163245946,-0.00407474861,-0.0462343693,0.998922288],"scale":1,"type":"eca_guardrail1"}
{"pos":[-116.066681,-248.562683,39.1063957],"rotationMatrix":[0.850876272,-0.525356352,0.00320544932,0.525324047,0.850869536,0.00745844515,-0.0066457605,-0.0046623149,0.999967039],"scale":0.99999994,"type":"eca_guardrail1"}
{"pos":[-112.362823,-249.913696,39.1512985],"rotationMatrix":[0.956928134,-0.290004015,0.0136439679,0.289964795,0.95702523,0.00481205154,-0.0144531364,-0.000648517162,0.999895334],"scale":1,"type":"eca_guardrail1"}
{"pos":[-108.590927,-251.109253,39.2137756],"rotationMatrix":[0.949747622,-0.312558055,0.0169375986,0.312515318,0.949898601,0.005182839,-0.0177089386,0.000370869646,0.999843121],"scale":1,"type":"eca_guardrail1"}
{"pos":[-104.858704,-252.441223,39.2744446],"rotationMatrix":[0.933711529,-0.357932031,0.00821250677,0.357892334,0.933744073,0.00592791708,-0.00979017094,-0.00259577157,0.99994868],"scale":1,"type":"eca_guardrail1"}
{"pos":[-101.201065,-253.986328,39.2481651],"rotationMatrix":[0.909790456,-0.414800733,-0.0148898438,0.41491589,0.90984261,0.00558350235,0.011231374,-0.0112578496,0.999873579],"scale":1,"type":"eca_guardrail1"}
{"pos":[-97.6602783,-255.741638,39.2003403],"rotationMatrix":[0.884477377,-0.466563225,-0.00430311961,0.46658051,0.884465456,0.00485069118,0.00154280651,-0.00629807822,0.99997896],"scale":1,"type":"eca_guardrail1"}
{"pos":[-94.2122345,-257.679382,39.2047462],"rotationMatrix":[0.862647355,-0.505802453,0.0018592464,0.505789459,0.862643182,0.00487296982,-0.00406862609,-0.00326326722,0.99998641],"scale":0.99999994,"type":"eca_guardrail1"}
{"pos":[-90.8410416,-259.748962,39.2199783],"rotationMatrix":[0.84578687,-0.533469141,0.0074309553,0.533446014,0.845819473,0.00497727934,-0.00894047134,-0.000245703617,0.999960005],"scale":1,"type":"eca_guardrail1"}
{"pos":[-87.5305176,-261.90918,39.2694855],"rotationMatrix":[0.83316642,-0.552721143,0.0182516277,0.55272615,0.833346546,0.00522448216,-0.018097613,0.00573528931,0.999819756],"scale":0.99999994,"type":"eca_guardrail1"}
{"pos":[-84.2636261,-264.133118,39.3645859],"rotationMatrix":[0.82299155,-0.56731385,0.0289816018,0.567409217,0.823416829,0.00561618991,-0.0270500798,0.0118223503,0.999564171],"scale":0.99999994,"type":"eca_guardrail1"}
{"pos":[-81.0395813,-266.422302,39.4908752],"rotationMatrix":[0.809130132,-0.586610317,0.0345943347,0.586771488,0.80972755,0.00636071712,-0.0317432508,0.0151523221,0.999381185],"scale":0.999999881,"type":"eca_guardrail1"}
{"pos":[-77.8845062,-268.80542,39.6364136],"rotationMatrix":[0.7872051,-0.615483403,0.0385777652,0.615689993,0.787950993,0.00768581126,-0.0351278782,0.0177016333,0.999226034],"scale":0.999999881,"type":"eca_guardrail1"}
{"pos":[-74.8387451,-271.329102,39.7903442],"rotationMatrix":[0.752753615,-0.657202244,0.0380423442,0.657366037,0.753507853,0.00978755578,-0.0350976065,0.0176401287,0.999228179],"scale":0.99999994,"type":"eca_guardrail1"}
{"pos":[-71.9607086,-274.041138,39.9388542],"rotationMatrix":[0.70377326,-0.709394515,0.0382436924,0.709522307,0.704572558,0.0124744494,-0.035794761,0.0183555707,0.999190569],"scale":1,"type":"eca_guardrail1"}
{"pos":[-69.2905197,-276.953552,40.0984306],"rotationMatrix":[0.651639044,-0.757284701,0.0434332676,0.757476985,0.652682424,0.0153073361,-0.0399401449,0.0229248423,0.998939037],"scale":0.999999881,"type":"eca_guardrail1"}
{"pos":[-66.7962646,-280.020447,40.2791748],"rotationMatrix":[0.617835581,-0.784998,0.0453583188,0.785203516,0.618996382,0.0172901973,-0.0416494049,0.0249330103,0.998821139],"scale":0.99999994,"type":"eca_guardrail1"}
{"pos":[-64.3908081,-283.151672,40.4731979],"rotationMatrix":[0.607618868,-0.79223305,0.0562678538,0.792751729,0.609283566,0.0178373251,-0.048414398,0.0337681472,0.998256385],"scale":0.99999994,"type":"eca_guardrail1"}
{"pos":[-61.9990845,-286.280884,40.736042],"rotationMatrix":[0.610752702,-0.78795284,0.0781756267,0.789416611,0.613611698,0.0173805617,-0.0616645403,0.0510979183,0.996788085],"scale":0.99999994,"type":"eca_guardrail1"}
{"pos":[-59.6158752,-289.417358,41.0740738],"rotationMatrix":[0.586986184,-0.80484271,0.0876097828,0.806757689,0.590547681,0.0198881216,-0.067744568,0.0590058081,0.995956302],"scale":0.999999881,"type":"eca_guardrail1"}
{"pos":[-57.3888702,-292.669434,41.422348],"rotationMatrix":[0.54511404,-0.833577991,0.0894335806,0.835484982,0.54897356,0.0243499037,-0.0693942159,0.0614469349,0.995695114],"scale":0.99999994,"type":"eca_guardrail1"}
{"pos":[-55.3136292,-296.016479,41.7861786],"rotationMatrix":[0.51115185,-0.854167163,0.095510304,0.856373489,0.515599132,0.0279652439,-0.0731320232,0.0674979985,0.995035529],"scale":0.99999994,"type":"eca_guardrail1"}
{"pos":[-53.3592834,-299.42926,42.1814079],"rotationMatrix":[0.484273553,-0.868474007,0.105981007,0.871363997,0.489660561,0.0309388377,-0.0787642896,0.0773651749,0.993886709],"scale":0.99999994,"type":"eca_guardrail1"}
{"pos":[-51.5010071,-302.883301,42.6355591],"rotationMatrix":[0.463507414,-0.877251685,0.124861777,0.881708205,0.470612943,0.0333783887,-0.0880428255,0.0946205109,0.991612554],"scale":0.99999994,"type":"eca_guardrail1"}
{"pos":[-49.7113647,-306.367371,43.1580849],"rotationMatrix":[0.449118018,-0.882716179,0.138221085,0.888472199,0.457571924,0.0352860168,-0.0943936259,0.106958009,0.989772618],"scale":0.99999994,"type":"eca_guardrail1"}
{"pos":[-47.9644165,-309.872253,43.7188301],"rotationMatrix":[0.440923154,-0.885913253,0.144029155,0.892273903,0.450018704,0.0364742912,-0.0971288681,0.112431109,0.988901019],"scale":0.99999994,"type":"eca_guardrail1"}
{"pos":[-46.2353821,-313.390442,44.2885513],"rotationMatrix":[0.438940406,-0.88738662,0.140983492,0.89339143,0.44776535,0.036850553,-0.0958282128,0.10977824,0.989325881],"scale":0.99999994,"type":"eca_guardrail1"}
{"pos":[-44.4971619,-316.921021,44.8132133],"rotationMatrix":[0.443702698,-0.887813687,0.122126296,0.891898632,0.450761914,0.036476817,-0.0874345154,0.0927394032,0.991844058],"scale":0.99999994,"type":"eca_guardrail1"}
{"pos":[-42.7279968,-320.445068,45.263382],"rotationMatrix":[0.454683721,-0.884332299,0.105919972,0.887053967,0.460312963,0.0353154987,-0.0799869746,0.0778993517,0.993747354],"scale":0.999999881,"type":"eca_guardrail1"}
{"pos":[-40.9029846,-323.944275,45.6589813],"rotationMatrix":[0.472659528,-0.876129866,0.0948129594,0.878086448,0.47733283,0.0334302187,-0.0745465457,0.0674528629,0.994933605],"scale":0.999999881,"type":"eca_guardrail1"}
{"pos":[-38.9820862,-327.393127,46.0204735],"rotationMatrix":[0.519786179,-0.849756002,0.0879605561,0.851391673,0.523749113,0.0286185872,-0.0703880787,0.0600133315,0.995712757],"scale":0.999999881,"type":"eca_guardrail1"}
{"pos":[-36.4808273,-330.380859,46.4245834],"rotationMatrix":[0.746727765,-0.65136826,0.134599388,0.657574415,0.753386378,-0.00220710039,-0.0999677107,0.0901572257,0.990897655],"scale":1,"type":"eca_guardrail1"}
{"pos":[7.19772339,-395.344543,49.225563],"rotationMatrix":[-0.67876339,0.734167993,0.0166520849,-0.734340727,-0.678724408,-0.00876137242,0.00486985734,-0.0181752052,0.999822974],"scale":1,"type":"eca_guardrail1"}
{"pos":[4.34744263,-392.563995,49.3014984],"rotationMatrix":[-0.726140261,0.687380433,0.0151126403,-0.687534571,-0.726081967,-0.0100567658,0.00406019203,-0.0176930856,0.999835193],"scale":1,"type":"eca_guardrail1"}
{"pos":[1.45016098,-389.825409,49.3440475],"rotationMatrix":[-0.731679678,0.681616664,0.00658190344,-0.681645274,-0.731612802,-0.0101155257,-0.0020795064,-0.0118878493,0.999927163],"scale":0.99999994,"type":"eca_guardrail1"}
{"pos":[-1.46966553,-387.111664,49.3573761],"rotationMatrix":[-0.737670422,0.675160587,-0.000875532394,-0.675119698,-0.737638831,-0.0101206638,-0.00747889932,-0.00687462324,0.999948382],"scale":1,"type":"eca_guardrail1"}
{"pos":[-4.41470528,-384.424164,49.3329773],"rotationMatrix":[-0.743929982,0.668189466,-0.00954764988,-0.66811496,-0.743990421,-0.0100355353,-0.0138089983,-0.00108680781,0.999904037],"scale":0.99999994,"type":"eca_guardrail1"}
{"pos":[-7.38029861,-381.769165,49.2967072],"rotationMatrix":[-0.750308275,0.661055446,-0.00657013338,-0.660987854,-0.750330567,-0.00995831843,-0.0115127722,-0.00312903035,0.999928832],"scale":0.99999994,"type":"eca_guardrail1"}
{"pos":[-10.372859,-379.140686,49.2752304],"rotationMatrix":[-0.756492734,0.653951705,-0.0081087444,-0.653880417,-0.756533027,-0.00990204141,-0.0126099903,-0.00218867394,0.999918103],"scale":1,"type":"eca_guardrail1"}
{"pos":[-13.3900204,-376.539581,49.2346802],"rotationMatrix":[-0.762284398,0.64714998,-0.0109408759,-0.647075832,-0.762362719,-0.00980238244,-0.0146845262,-0.000392625574,0.999892116],"scale":1.00000012,"type":"eca_guardrail1"}
{"pos":[-16.4271374,-373.965637,49.1968346],"rotationMatrix":[-0.765699267,0.64313066,-0.00935539324,-0.6430583,-0.765755057,-0.00975424424,-0.0134371938,-0.00145275565,0.999908686],"scale":1.00000012,"type":"eca_guardrail1"}
{"pos":[-19.4394875,-371.34436,49.116684],"rotationMatrix":[-0.743409514,0.668092906,-0.0315345824,-0.668144882,-0.743958592,-0.0104068657,-0.0304131731,0.0133331055,0.999448478],"scale":0.99999994,"type":"eca_guardrail1"}
{"pos":[-22.3305511,-368.604584,48.9665718],"rotationMatrix":[-0.709414124,0.703696787,-0.0392743684,-0.70384568,-0.710247517,-0.0122430548,-0.0365099199,0.0189577006,0.999153435],"scale":0.99999994,"type":"eca_guardrail1"}
{"pos":[-25.0616913,-365.722992,48.845005],"rotationMatrix":[-0.668957353,0.742961109,-0.0224673133,-0.742864788,-0.669294596,-0.0140220374,-0.0254550818,0.00731002865,0.999649227],"scale":0.999999881,"type":"eca_guardrail1"}
{"pos":[-27.648407,-362.682648,48.7295494],"rotationMatrix":[-0.633080482,0.772839427,-0.0439118743,-0.773069978,-0.634136915,-0.0152687114,-0.039646402,0.0242806282,0.998918712],"scale":1.00000012,"type":"eca_guardrail1"}
{"pos":[-30.1232758,-359.551025,48.4734612],"rotationMatrix":[-0.612498403,0.786788583,-0.076219812,-0.788191795,-0.615204334,-0.0166561101,-0.0599955916,0.0498739854,0.996951938],"scale":1,"type":"eca_guardrail1"}
{"pos":[-32.5348511,-356.404938,48.1850128],"rotationMatrix":[-0.608235598,0.791286945,-0.0625655353,-0.792066574,-0.610193014,-0.0171765052,-0.0517685972,0.0391087085,0.997893035],"scale":0.999999821,"type":"eca_guardrail1"}
{"pos":[-34.9350128,-353.252594,47.9976997],"rotationMatrix":[-0.600475669,0.798898816,-0.0344922356,-0.798882365,-0.601227045,-0.0176903158,-0.0348704346,0.0169326365,0.999248385],"scale":0.99999994,"type":"eca_guardrail1"}
{"pos":[-37.255661,-350.019073,47.8722725],"rotationMatrix":[-0.568537474,0.821921349,-0.0347908475,-0.821896672,-0.569321752,-0.0189337339,-0.0353692286,0.0178299416,0.999215245],"scale":1.00000012,"type":"eca_guardrail1"}
{"pos":[-39.4441833,-346.672943,47.6639824],"rotationMatrix":[-0.528448343,0.845647573,-0.0749835223,-0.846998215,-0.531172633,-0.0212061778,-0.057762146,0.0523045361,0.996959269],"scale":1,"type":"eca_guardrail1"}
{"pos":[-41.4610901,-343.24765,47.3349152],"rotationMatrix":[-0.488496542,0.868224382,-0.0869345814,-0.870184183,-0.49209547,-0.0249300953,-0.0644250363,0.063470833,0.995902061],"scale":0.999999881,"type":"eca_guardrail1"}
{"pos":[-43.332489,-339.746033,46.9711037],"rotationMatrix":[-0.457676649,0.883943021,-0.0957954675,-0.886434853,-0.462004066,-0.0280252844,-0.0690306574,0.0720899254,0.995006442],"scale":1.00000024,"type":"eca_guardrail1"}
{"pos":[-45.1081848,-336.198364,46.5753288],"rotationMatrix":[-0.441199541,0.891343713,-0.10415975,-0.894435167,-0.446206689,-0.0297541544,-0.0729979649,0.0800366253,0.994115412],"scale":1.00000012,"type":"eca_guardrail1"}
{"pos":[-46.8450012,-332.63266,46.1304359],"rotationMatrix":[-0.43645227,0.891671658,-0.120129362,-0.896159768,-0.442707777,-0.030125495,-0.0800442398,0.0945067555,0.992301047],"scale":1.00000012,"type":"eca_guardrail1"}
{"pos":[-48.5792236,-329.072815,45.6112671],"rotationMatrix":[-0.438194871,0.887752116,-0.141001984,-0.894449294,-0.446192622,-0.0295417011,-0.0891397446,0.113174096,0.989568472],"scale":1.00000024,"type":"eca_guardrail1"}
{"pos":[-50.3241272,-325.534119,45.0161476],"rotationMatrix":[-0.442604065,0.88317138,-0.155274123,-0.891631663,-0.451861382,-0.0285383724,-0.0953666568,0.125816107,0.987459123],"scale":1,"type":"eca_guardrail1"}
{"pos":[-52.0890198,-322.018951,44.3911209],"rotationMatrix":[-0.449844122,0.879328012,-0.156276569,-0.887964368,-0.459104419,-0.0272453204,-0.0957048386,0.126511872,0.98733747],"scale":1.00000012,"type":"eca_guardrail1"}
{"pos":[-53.8848114,-318.524231,43.7970123],"rotationMatrix":[-0.460003018,0.876565993,-0.141524509,-0.88346225,-0.467790246,-0.0258174688,-0.0888345242,0.113155454,0.989598036],"scale":1,"type":"eca_guardrail1"}
{"pos":[-55.7253113,-315.0401,43.2548561],"rotationMatrix":[-0.471311331,0.871864796,-0.133107498,-0.877883673,-0.47826159,-0.0242129676,-0.0847706348,0.105441049,0.990805805],"scale":0.99999994,"type":"eca_guardrail1"}
{"pos":[-57.614624,-311.57489,42.7249374],"rotationMatrix":[-0.483422518,0.865140319,-0.133547977,-0.871267319,-0.490298986,-0.0223675184,-0.0848294646,0.105543017,0.99078989],"scale":0.999999881,"type":"eca_guardrail1"}
{"pos":[-59.5525513,-308.141968,42.2191048],"rotationMatrix":[-0.4974823,0.859183908,-0.119642869,-0.863975883,-0.50311482,-0.0205230713,-0.0778271854,0.0931586847,0.992604852],"scale":1,"type":"eca_guardrail1"}
{"pos":[-61.5472107,-304.735229,41.7773666],"rotationMatrix":[-0.512402415,0.852624238,-0.102350704,-0.855974734,-0.516674995,-0.0188190676,-0.0689276531,0.0779666752,0.994570374],"scale":1,"type":"eca_guardrail1"}
{"pos":[-63.607254,-301.35614,41.404953],"rotationMatrix":[-0.538895249,0.837590933,-0.0896283537,-0.840082169,-0.542220354,-0.0160948895,-0.0620792508,0.0666217208,0.995845199],"scale":0.99999994,"type":"eca_guardrail1"}
{"pos":[-66.0622559,-298.259277,41.058445],"rotationMatrix":[-0.690598369,0.719248593,-0.0758625418,-0.721373737,-0.692545295,0.000886823982,-0.0519004017,0.0553376861,0.997117877],"scale":1,"type":"eca_guardrail1"}
{"pos":[89.582428,-463.821167,46.7106628],"rotationMatrix":[0.615695238,-0.785884976,-0.0574817285,0.787369251,0.616457343,0.00547756441,0.031130299,-0.0486318544,0.998331547],"scale":0.99999994,"type":"eca_guardrail1"}
{"pos":[92.2258606,-466.768433,46.4674416],"rotationMatrix":[0.701626778,-0.709628463,-0.064399451,0.711614013,0.702460408,0.0124467406,0.0364055037,-0.0545605198,0.997846603],"scale":0.99999994,"type":"eca_guardrail1"}
{"pos":[95.0071335,-469.578552,46.2191887],"rotationMatrix":[0.705538571,-0.706122756,-0.0600493662,0.707884431,0.706212759,0.0127698574,0.0333905406,-0.051517643,0.998113751],"scale":0.99999994,"type":"eca_guardrail1"}
{"pos":[97.7987137,-472.381348,45.9875832],"rotationMatrix":[0.707822084,-0.704016685,-0.0578648001,0.705671072,0.70842135,0.0129457749,0.0318786204,-0.0499968193,0.998240471],"scale":0.99999994,"type":"eca_guardrail1"}
{"pos":[100.602638,-475.183105,45.7247238],"rotationMatrix":[0.707945466,-0.702398658,-0.0738197118,0.70494616,0.709140539,0.013059523,0.0431755669,-0.0612843521,0.997186065],"scale":0.999999881,"type":"eca_guardrail1"}
{"pos":[103.389824,-477.964905,45.4815521],"rotationMatrix":[0.709604025,-0.703415334,-0.040853858,0.704321086,0.709762335,0.0130072264,0.0198470484,-0.0380042121,0.999080479],"scale":0.999999881,"type":"eca_guardrail1"}
{"pos":[106.201492,-480.759399,45.3162575],"rotationMatrix":[0.711970329,-0.700580239,-0.0478080846,0.701770782,0.712280989,0.013177501,0.0248208903,-0.0429323018,0.998769641],"scale":0.99999994,"type":"eca_guardrail1"}
{"pos":[109.020363,-483.544189,45.1101799],"rotationMatrix":[0.713175416,-0.69883275,-0.0548966751,0.700348377,0.713677287,0.0133025479,0.0298822522,-0.0479338467,0.99840343],"scale":0.99999994,"type":"eca_guardrail1"}
{"pos":[111.817848,-486.343567,44.8879051],"rotationMatrix":[0.694500864,-0.717285633,-0.0563019887,0.718838692,0.695076227,0.0118276346,0.0306503829,-0.0486863554,0.998343706],"scale":0.999999881,"type":"eca_guardrail1"}
{"pos":[114.488815,-489.262634,44.6635971],"rotationMatrix":[0.65636313,-0.752276361,-0.0571640208,0.753813565,0.657028079,0.00889896601,0.0308638886,-0.0489319675,0.998325109],"scale":0.99999994,"type":"eca_guardrail1"}
{"pos":[117.001358,-492.320129,44.4318085],"rotationMatrix":[0.616059065,-0.78540355,-0.0601038784,0.78703016,0.616886735,0.00585669279,0.0324774161,-0.0509116352,0.998174965],"scale":0.999999881,"type":"eca_guardrail1"}
{"pos":[119.362244,-495.494202,44.190361],"rotationMatrix":[0.581362367,-0.811379135,-0.0606764108,0.812986672,0.582273424,0.00321967155,0.0327178836,-0.0512009077,0.998152316],"scale":0.99999994,"type":"eca_guardrail1"}
{"pos":[121.603592,-498.751343,43.9580307],"rotationMatrix":[0.557846785,-0.828077316,-0.0556322932,0.829407692,0.558641732,0.00150735676,0.0298303142,-0.0469827279,0.99845016],"scale":0.99999994,"type":"eca_guardrail1"}
{"pos":[123.780045,-502.053833,43.7509308],"rotationMatrix":[0.548883677,-0.834389508,-0.0502076969,0.835467994,0.549538374,0.000909335911,0.0268323179,-0.0424460433,0.998738408],"scale":0.99999994,"type":"eca_guardrail1"}
{"pos":[125.948074,-505.36676,43.5519638],"rotationMatrix":[0.551891983,-0.832353294,-0.0510209091,0.833469212,0.55256474,0.00109506771,0.0272808708,-0.0431287214,0.998696983],"scale":0.99999994,"type":"eca_guardrail1"}
{"pos":[128.144562,-508.662231,43.3419647],"rotationMatrix":[0.561401248,-0.825716496,-0.0549629629,0.827018619,0.562171936,0.00172195956,0.0294767842,-0.0464221016,0.998486936],"scale":0.99999994,"type":"eca_guardrail1"}
{"pos":[130.363708,-511.938049,43.1268158],"rotationMatrix":[0.562126398,-0.825387359,-0.0524370186,0.82657516,0.562823594,0.00175943784,0.0280605741,-0.0443321615,0.998622656],"scale":0.99999994,"type":"eca_guardrail1"}
{"pos":[132.56337,-515.223572,42.9342117],"rotationMatrix":[0.551667511,-0.832936764,-0.0433508679,0.833746791,0.552145779,0.00111917593,0.0230037943,-0.0367610604,0.99905926],"scale":0.999999881,"type":"eca_guardrail1"}
{"pos":[134.687866,-518.562012,42.7796135],"rotationMatrix":[0.522909403,-0.851549268,-0.0378115028,0.852154136,0.523290873,-0.000226333737,0.0199791491,-0.0321028754,0.999284863],"scale":0.99999994,"type":"eca_guardrail1"}
{"pos":[136.664627,-521.985657,42.6495895],"rotationMatrix":[0.480516076,-0.876641631,-0.0245696679,0.876882672,0.48070085,-0.00187837146,0.0134573169,-0.0206421278,0.999696374],"scale":0.99999994,"type":"eca_guardrail1"}
{"pos":[138.46376,-525.505981,42.5906029],"rotationMatrix":[0.434096396,-0.900825918,-0.00854389835,0.900845468,0.434131444,-0.00270293118,0.00614404492,-0.00652339961,0.999959826],"scale":0.999999881,"type":"eca_guardrail1"}
{"pos":[140.099808,-529.114929,42.5624695],"rotationMatrix":[0.400345981,-0.916334808,-0.00733128423,0.91634661,0.400374949,-0.00297354581,0.00566002587,-0.00552754989,0.999968708],"scale":0.99999994,"type":"eca_guardrail1"}
{"pos":[141.630203,-532.771606,42.5270042],"rotationMatrix":[0.374277771,-0.927274942,-0.00879507326,0.927295327,0.374316633,-0.00322282384,0.00628058566,-0.00694939867,0.999956131],"scale":0.999999881,"type":"eca_guardrail1"}
{"pos":[143.014526,-536.480164,42.5082893],"rotationMatrix":[0.331864834,-0.943326652,-0.000673728297,0.943320453,0.331865132,-0.00346704153,0.00349413999,0.000515047344,0.999993742],"scale":0.999999881,"type":"eca_guardrail1"}
{"pos":[144.249969,-540.242188,42.5189362],"rotationMatrix":[0.299968719,-0.953931987,0.00570117077,0.953947842,0.299953341,-0.00340331066,0.00153644197,0.00645950623,0.999977946],"scale":0.99999994,"type":"eca_guardrail1"}
{"pos":[145.38504,-544.039124,42.5481567],"rotationMatrix":[0.281139314,-0.959644556,0.00656181155,0.959666133,0.28112334,-0.00326392963,0.00128753344,0.00721476693,0.999973118],"scale":0.999999881,"type":"eca_guardrail1"}
{"pos":[146.47052,-547.857666,42.5550423],"rotationMatrix":[0.273474157,-0.961868405,-0.0045832647,0.961869597,0.273489773,-0.00320592709,0.00433715619,-0.00353176473,0.999984384],"scale":0.99999994,"type":"eca_guardrail1"}
{"pos":[147.545288,-551.683533,42.5022774],"rotationMatrix":[0.27521199,-0.961096227,-0.02350346,0.96133703,0.275356889,-0.00310370233,0.00945479423,-0.0217405707,0.999718964],"scale":0.99999994,"type":"eca_guardrail1"}
{"pos":[148.646027,-555.492981,42.3831482],"rotationMatrix":[0.28868407,-0.956978559,-0.0292173903,0.95736146,0.288880646,-0.00265546702,0.0109815653,-0.0272050109,0.999569535],"scale":0.999999881,"type":"eca_guardrail1"}
{"pos":[149.823608,-559.273376,42.2802467],"rotationMatrix":[0.314083993,-0.949093103,-0.0239467565,0.949348569,0.31421864,-0.00198651943,0.00940991007,-0.0221098848,0.999711275],"scale":0.999999881,"type":"eca_guardrail1"}
{"pos":[151.121582,-563.01825,42.1849518],"rotationMatrix":[0.348457813,-0.936981857,-0.0253405198,0.937272489,0.348595738,-0.00110290945,0.00986700412,-0.0233666562,0.999678254],"scale":0.99999994,"type":"eca_guardrail1"}
{"pos":[152.487244,-566.73938,42.076931],"rotationMatrix":[0.329389453,-0.943757474,-0.0287137963,0.944129646,0.329570234,-0.00167131517,0.0110405283,-0.0265590288,0.999586284],"scale":0.99999994,"type":"eca_guardrail1"}
{"pos":[153.69931,-570.512512,41.9572029],"rotationMatrix":[0.289340615,-0.95669651,-0.0318419039,0.957150698,0.289575517,-0.00293012802,0.0120238801,-0.0296296962,0.999488652],"scale":0.99999994,"type":"eca_guardrail1"}
{"pos":[154.769623,-574.32843,41.8236237],"rotationMatrix":[0.257899046,-0.965515971,-0.0355957001,0.966083527,0.258198678,-0.0040151421,0.0130674466,-0.0333529189,0.999358177],"scale":0.999999881,"type":"eca_guardrail1"}
{"pos":[155.727234,-578.171204,41.6824608],"rotationMatrix":[0.232529819,-0.971983135,-0.0343325734,0.972504914,0.232829571,-0.00495221838,0.0128071113,-0.0322370604,0.999398172],"scale":0.999999881,"type":"eca_guardrail1"}
{"pos":[156.60376,-582.031433,41.5565109],"rotationMatrix":[0.218366385,-0.975449085,-0.0285515543,0.975798488,0.218603849,-0.00544055831,0.0115484651,-0.0266725309,0.999577522],"scale":0.99999994,"type":"eca_guardrail1"}
{"pos":[157.448486,-585.897766,41.460495],"rotationMatrix":[0.216685355,-0.976044476,-0.0196107868,0.976193845,0.216829479,-0.00552200666,0.00964191929,-0.0179473925,0.999792457],"scale":0.99999994,"type":"eca_guardrail1"}
{"pos":[158.30603,-589.765259,41.3924522],"rotationMatrix":[0.223892748,-0.974479556,-0.0161764883,0.974573255,0.22400403,-0.00540831499,0.00889389217,-0.0145542901,0.999854505],"scale":0.999999881,"type":"eca_guardrail1"}
{"pos":[159.209839,-593.625671,41.324749],"rotationMatrix":[0.239777923,-0.970639169,-0.01913324,0.970780671,0.239913762,-0.00511669228,0.00955678895,-0.0173473116,0.999803841],"scale":0.99999994,"type":"eca_guardrail1"}
{"pos":[160.192627,-597.468079,41.2347488],"rotationMatrix":[0.264833629,-0.963969052,-0.0250381827,0.96423167,0.265022695,-0.0045017302,0.0109752165,-0.0229503978,0.999676347],"scale":0.999999881,"type":"eca_guardrail1"}
{"pos":[161.58815,-601.173157,41.1342354],"rotationMatrix":[0.451246381,-0.891807079,-0.032511998,0.892286062,0.451470315,0.00050655473,0.0142264524,-0.0292385817,0.999471188],"scale":0.99999994,"type":"eca_guardrail1"}
{"pos":[256.94754,-967.026367,28.0797977],"rotationMatrix":[-0.990450025,-0.00927048549,0.137560695,0.0174184889,-0.998156071,0.0581470653,0.136767983,0.0599878579,0.988785088],"scale":0.99999994,"type":"eca_guardrail1"}
{"pos":[253.011993,-967.348633,28.633358],"rotationMatrix":[-0.980789423,-0.135349169,0.140473187,0.14229764,-0.988990426,0.0406127051,0.133429736,0.0598215163,0.989251196],"scale":0.999999881,"type":"eca_guardrail1"}
{"pos":[249.102631,-967.906494,29.1954803],"rotationMatrix":[-0.978864908,-0.15002805,0.138978675,0.156730056,-0.986889124,0.0385417752,0.131374195,0.0595093258,0.989545107],"scale":1,"type":"eca_guardrail1"}
{"pos":[245.191589,-968.516174,29.7255783],"rotationMatrix":[-0.97857058,-0.160844132,0.128563568,0.166834787,-0.985282779,0.0372007191,0.120687962,0.0578524098,0.991003275],"scale":1,"type":"eca_guardrail1"}
{"pos":[241.28949,-969.158875,30.2377739],"rotationMatrix":[-0.977554679,-0.166909441,0.128560945,0.172845587,-0.984275579,0.036411684,0.120461956,0.0578156076,0.991032958],"scale":0.99999994,"type":"eca_guardrail1"}
{"pos":[237.390381,-969.81604,30.7507515],"rotationMatrix":[-0.977293372,-0.167974085,0.129159585,0.173935145,-0.984089017,0.0362668708,0.121012643,0.057908766,0.990960419],"scale":1,"type":"eca_guardrail1"}
{"pos":[233.487732,-970.467407,31.2608299],"rotationMatrix":[-0.978459477,-0.163848266,0.125582933,0.169640973,-0.984817266,0.0368377194,0.117640436,0.0573482215,0.99139899],"scale":0.99999994,"type":"eca_guardrail1"}
{"pos":[229.577606,-971.091858,31.7505722],"rotationMatrix":[-0.98059082,-0.154359072,0.120893486,0.159964412,-0.986388803,0.0380630977,0.113372587,0.056662973,0.991935492],"scale":1,"type":"eca_guardrail1"}
{"pos":[225.656433,-971.668274,32.219944],"rotationMatrix":[-0.983665586,-0.139665961,0.113559052,0.144974679,-0.988631606,0.0398772284,0.106698558,0.0556890368,0.992730677],"scale":1,"type":"eca_guardrail1"}
{"pos":[221.735138,-972.243103,32.6723862],"rotationMatrix":[-0.980674028,-0.160383388,0.112051651,0.16545926,-0.985502958,0.0375122875,0.104410887,0.0553273112,0.99299407],"scale":1,"type":"eca_guardrail1"}
{"pos":[217.815155,-972.924255,33.0779953],"rotationMatrix":[-0.978321671,-0.185656443,0.0917511657,0.189502522,-0.981253386,0.0350777023,0.083518751,0.0517043583,0.995163918],"scale":0.99999994,"type":"eca_guardrail1"}
{"pos":[213.917572,-973.685669,33.4430389],"rotationMatrix":[-0.975540996,-0.199837252,0.0915684476,0.203605965,-0.978470802,0.0337568596,0.0828511789,0.0515750796,0.995226443],"scale":0.99999994,"type":"eca_guardrail1"}
{"pos":[210.025665,-974.47229,33.8099365],"rotationMatrix":[-0.975875854,-0.198177442,0.0916076973,0.201956257,-0.978807211,0.0339134708,0.0829453841,0.0515960827,0.995217502],"scale":0.99999994,"type":"eca_guardrail1"}
{"pos":[206.12088,-975.22644,34.1575165],"rotationMatrix":[-0.97941649,-0.184270442,0.0823876783,0.187644124,-0.981605768,0.0352091528,0.0743842199,0.0499439873,0.995978177],"scale":0.999999881,"type":"eca_guardrail1"}
{"pos":[202.200836,-975.912903,34.4697952],"rotationMatrix":[-0.983490229,-0.165388167,0.0734414905,0.168393493,-0.98503387,0.0367695764,0.0662610978,0.0485295877,0.99662149],"scale":1,"type":"eca_guardrail1"}
{"pos":[198.264282,-976.507935,34.7425156],"rotationMatrix":[-0.989671469,-0.127688825,0.0651622862,0.130411506,-0.990677714,0.0393795855,0.0595264807,0.0474707596,0.997097373],"scale":0.99999994,"type":"eca_guardrail1"}
{"pos":[194.304352,-976.884033,34.9976959],"rotationMatrix":[-0.995592594,-0.0690092817,0.0635075942,0.0718243048,-0.996482968,0.0431629159,0.0603055954,0.0475340672,0.997047544],"scale":0.99999994,"type":"eca_guardrail1"}
{"pos":[190.33075,-977.046814,35.2508202],"rotationMatrix":[-0.997755885,-0.0195667613,0.0640339106,0.0225561652,-0.998672843,0.046299696,0.0630429983,0.0476401523,0.996873081],"scale":1,"type":"eca_guardrail1"}
{"pos":[186.351654,-977.024536,35.5020599],"rotationMatrix":[-0.997828484,0.0237384774,0.0614396855,-0.0207367428,-0.998581529,0.0490414612,0.0625166968,0.0476609059,0.996905267],"scale":0.99999994,"type":"eca_guardrail1"}
{"pos":[182.374786,-976.838989,35.7368889],"rotationMatrix":[-0.99638021,0.062950328,0.057126984,-0.0600358471,-0.99687314,0.0513759777,0.0601824969,0.047760345,0.997044146],"scale":0.99999994,"type":"eca_guardrail1"}
{"pos":[178.404968,-976.502319,35.9521637],"rotationMatrix":[-0.993784547,0.0994951576,0.0499291494,-0.0968211144,-0.993868709,0.0533915609,0.0549352244,0.0482255146,0.997324646],"scale":1,"type":"eca_guardrail1"}
{"pos":[174.448395,-976.023315,36.1308899],"rotationMatrix":[-0.989970207,0.134421095,0.0434745476,-0.131972536,-0.989726305,0.0550025776,0.0504214093,0.048713468,0.997539341],"scale":0.99999994,"type":"eca_guardrail1"}
{"pos":[170.517105,-975.408386,36.3137169],"rotationMatrix":[-0.984528899,0.168459296,0.0482091866,-0.165694267,-0.984554052,0.0565553941,0.0569918342,0.0476924367,0.997234881],"scale":1,"type":"eca_guardrail1"}
{"pos":[166.607666,-974.65979,36.5098],"rotationMatrix":[-0.979902744,0.193125546,0.0499349833,-0.190209061,-0.980042458,0.0577720702,0.0600956604,0.0471129119,0.997080207],"scale":0.99999994,"type":"eca_guardrail1"}
{"pos":[162.680603,-973.980652,36.7057381],"rotationMatrix":[-0.989166737,0.138631105,0.0482777841,-0.135945618,-0.98918438,0.0550738648,0.0553905778,0.0479140803,0.997314453],"scale":1,"type":"eca_guardrail1"}
{"pos":[158.72168,-973.519714,36.8921165],"rotationMatrix":[-0.995066762,0.0875823349,0.0465988182,-0.0851073712,-0.994977951,0.0526834093,0.0509789325,0.0484576039,0.997523427],"scale":1,"type":"eca_guardrail1"}
{"pos":[154.757782,-973.235168,37.1020584],"rotationMatrix":[-0.996635079,0.0526026674,0.0628600493,-0.0494454242,-0.997485638,0.0507693104,0.0653725937,0.0474903397,0.996730208],"scale":1,"type":"eca_guardrail1"}
{"pos":[150.781403,-973.042725,37.3785896],"rotationMatrix":[-0.997433066,0.0422793068,0.0577899106,-0.0394005291,-0.997967839,0.0500779338,0.0597897358,0.0476724394,0.997071981],"scale":0.99999994,"type":"eca_guardrail1"}
{"pos":[146.768097,-972.836487,37.4950218],"rotationMatrix":[-0.998283386,0.0584317781,-0.00399815198,-0.0585594438,-0.996996284,0.0506865084,-0.00102444028,0.0508336276,0.998706639],"scale":1,"type":"eca_guardrail1"}
{"pos":[142.790253,-972.523987,37.4393883],"rotationMatrix":[-0.995399833,0.0950229242,-0.0122376308,-0.0955218151,-0.994160533,0.0502012968,-0.00739589706,0.0511393249,0.998664141],"scale":1,"type":"eca_guardrail1"}
{"pos":[138.830841,-972.040649,37.3806458],"rotationMatrix":[-0.989733815,0.141610608,-0.0193188898,-0.142410472,-0.988567829,0.0495247468,-0.0120848045,0.0517675355,0.998586059],"scale":1.00000012,"type":"eca_guardrail1"}
{"pos":[134.891113,-971.404785,37.2861099],"rotationMatrix":[-0.984799504,0.171205059,-0.0293045677,-0.172484532,-0.983801126,0.0488304608,-0.0204698443,0.0531427972,0.998377085],"scale":0.99999994,"type":"eca_guardrail1"}
{"pos":[130.974854,-970.624329,37.1234283],"rotationMatrix":[-0.974675059,0.217988312,-0.049896948,-0.220304221,-0.974305391,0.0468536764,-0.0384013057,0.0566596165,0.997654736],"scale":1,"type":"eca_guardrail1"}
{"pos":[127.119812,-969.595825,36.9003372],"rotationMatrix":[-0.951890945,0.297622144,-0.0729702562,-0.301094472,-0.95266223,0.0421503335,-0.0569711439,0.0620934665,0.996443033],"scale":0.99999994,"type":"eca_guardrail1"}
{"pos":[123.412689,-968.169189,36.5645866],"rotationMatrix":[-0.903412104,0.420544654,-0.083598502,-0.424176246,-0.90504837,0.0310134105,-0.0626181737,0.0634783953,0.9960168],"scale":1,"type":"eca_guardrail1"}
{"pos":[119.980331,-966.195435,36.2268791],"rotationMatrix":[-0.820134521,0.567224383,-0.0750736147,-0.569782376,-0.821626544,0.0166712552,-0.0522261299,0.0564482883,0.997038603],"scale":0.999999762,"type":"eca_guardrail1"}
{"pos":[116.895912,-963.708618,36.0191498],"rotationMatrix":[-0.750689626,0.658955693,-0.0473555773,-0.660023689,-0.751176119,0.0101589477,-0.0288780797,0.0388820171,0.998826444],"scale":1.00000012,"type":"eca_guardrail1"}
{"pos":[114.013512,-960.96637,35.8209419],"rotationMatrix":[-0.69489491,0.717750788,-0.044213213,-0.718628645,-0.695366859,0.00613359734,-0.026342012,0.036035087,0.999003291],"scale":0.99999994,"type":"eca_guardrail1"}
{"pos":[111.425446,-957.957336,35.6924706],"rotationMatrix":[-0.607638001,0.793927908,-0.0213230476,-0.794136882,-0.607734442,0.00236649625,-0.0110799214,0.018371392,0.999769866],"scale":0.99999994,"type":"eca_guardrail1"}
{"pos":[109.203278,-954.66925,35.6625633],"rotationMatrix":[-0.521133065,0.853448749,0.00675516343,-0.853462458,-0.521152496,0.00138781313,0.00470489776,-0.00504204305,0.999976218],"scale":1.00000012,"type":"eca_guardrail1"}
{"pos":[107.23761,-951.200195,35.6945648],"rotationMatrix":[-0.477991819,0.878348649,0.00523504335,-0.878354728,-0.478005886,0.00180837908,0.00409076922,-0.00373383495,0.999984682],"scale":1.00000012,"type":"eca_guardrail1"}
{"pos":[105.365234,-947.679688,35.7166595],"rotationMatrix":[-0.470798731,0.88222599,0.00510347215,-0.882231474,-0.47081244,0.00185394497,0.00403837627,-0.00362960878,0.999985278],"scale":1.00000012,"type":"eca_guardrail1"}
{"pos":[103.486725,-944.156311,35.7258034],"rotationMatrix":[-0.47358489,0.880735695,-0.0046959212,-0.880747974,-0.473581672,0.0018645518,-0.000581724336,0.00501894671,0.999987245],"scale":1.00000024,"type":"eca_guardrail1"}
{"pos":[101.625214,-940.628052,35.6850243],"rotationMatrix":[-0.462622404,0.88651526,-0.00842957478,-0.886552215,-0.462625146,0.00174476975,-0.00235296856,0.00828042906,0.999962926],"scale":1,"type":"eca_guardrail1"}
{"pos":[99.8504944,-937.056396,35.6410255],"rotationMatrix":[-0.427035451,0.904160142,-0.0116252806,-0.90422678,-0.42705071,0.00126341544,-0.00382225472,0.0110514136,0.999931633],"scale":1.00000012,"type":"eca_guardrail1"}
{"pos":[98.2650452,-933.408081,35.6622238],"rotationMatrix":[-0.378944755,0.925412178,0.00360042579,-0.925415039,-0.378951788,0.00149960723,0.00275214319,-0.00276362011,0.999992371],"scale":1.00000012,"type":"eca_guardrail1"}
{"pos":[96.8077087,-929.699585,35.6796951],"rotationMatrix":[-0.363090634,0.931716859,0.00830319989,-0.931743205,-0.363114595,0.00154524203,0.00445474125,-0.00717538688,0.999964356],"scale":1.00000012,"type":"eca_guardrail1"}
{"pos":[95.3750916,-925.982422,35.7235947],"rotationMatrix":[-0.362636209,0.931814313,0.0147336777,-0.931906223,-0.362696171,0.00152794318,0.00676760683,-0.0131763183,0.999890268],"scale":1.00000012,"type":"eca_guardrail1"}
{"pos":[93.5860291,-922.39856,35.7500191],"rotationMatrix":[-0.572879434,0.818777204,-0.0375922322,-0.819378018,-0.573252797,0.00102191605,-0.0207131281,0.0313876793,0.999292612],"scale":0.99999994,"type":"eca_guardrail1"}
{"pos":[739.888428,-881.904419,40.9579849],"rotationMatrix":[-0.99311018,0.11123883,0.0368536897,-0.11160969,-0.993718624,-0.00815681834,0.0357148461,-0.0122138476,0.999287367],"scale":0.99999994,"type":"eca_guardrail1"}
