{"pos":[716.600037,-58.2840118,51.9031601],"rotationMatrix":[0.881534636,-0.472119153,0,0.472119153,0.881534636,0,0,0,0.999999881],"scale":0.870963633,"type":"eca_rock_small_5"}
{"pos":[721.921875,-50.414547,51.8472633],"rotationMatrix":[0.188759342,-0.982023299,0,0.982023299,0.188759342,0,0,0,0.999999881],"scale":0.748272002,"type":"eca_rock_small_5"}
{"pos":[722.115051,-50.6568642,51.8650856],"rotationMatrix":[-0.0884397179,-0.996081471,0,0.996081471,-0.0884397179,0,0,0,0.999999881],"scale":1.14200246,"type":"eca_rock_small_5"}
{"pos":[725.779236,-50.1126556,51.9242554],"rotationMatrix":[0.571619809,0.820518553,0,-0.820518553,0.571619809,0,0,0,0.999999881],"scale":0.823847711,"type":"eca_rock_small_5"}
{"pos":[733.314758,-52.2241364,51.9185829],"rotationMatrix":[0.9671821,0.25408408,0,-0.25408408,0.9671821,0,0,0,0.999999881],"scale":1.05886185,"type":"eca_rock_small_5"}
{"pos":[733.651184,-51.7857971,51.9227028],"rotationMatrix":[0.675080419,0.737744153,0,-0.737744153,0.675080419,0,0,0,0.999999881],"scale":0.802073479,"type":"eca_rock_small_5"}
{"pos":[709.455505,-70.1308289,51.8472633],"rotationMatrix":[0.188759342,-0.982023299,0,0.982023299,0.188759342,0,0,0,0.999999881],"scale":0.748272002,"type":"eca_rock_small_5"}
{"pos":[670.96521,0.31673789,49.5693893],"rotationMatrix":[0.980228007,-0.197870702,0,0.197870702,0.980228007,0,0,0,0.999999881],"scale":0.724947989,"type":"eca_rock_small_5"}
{"pos":[672.107666,1.39821863,49.5876999],"rotationMatrix":[-0.385328829,-0.922779262,0,0.922779262,-0.385328829,0,0,0,0.999999881],"scale":1.05300021,"type":"eca_rock_small_5"}
{"pos":[672.686035,1.69533777,49.5316391],"rotationMatrix":[-0.641184866,-0.767386436,0,0.767386436,-0.641184866,0,0,0,0.999999881],"scale":0.951793909,"type":"eca_rock_small_5"}
{"pos":[671.681335,-0.247628927,49.3051414],"rotationMatrix":[-0.419808686,-0.907612503,0,0.907612503,-0.419808686,0,0,0,0.999999881],"scale":0.943429232,"type":"eca_rock_small_5"}
{"pos":[672.240662,0.277691364,49.3024368],"rotationMatrix":[0.753297567,-0.657679737,0,0.657679737,0.753297567,0,0,0,0.999999881],"scale":0.773600876,"type":"eca_rock_small_5"}
{"pos":[673.312561,0.131213069,49.0555916],"rotationMatrix":[-0.572611332,-0.819826782,0,0.819826782,-0.572611332,0,0,0,0.999999881],"scale":0.839591086,"type":"eca_rock_small_5"}
{"pos":[671.438538,-1.10010481,49.1917877],"rotationMatrix":[0.255673319,0.966763198,0,-0.966763198,0.255673319,0,0,0,0.999999881],"scale":1.252226,"type":"eca_rock_small_5"}
{"pos":[672.414856,10.1759434,51.9018211],"rotationMatrix":[-0.669192851,0.743088663,0,-0.743088663,-0.669192851,0,0,0,0.999999881],"scale":0.837253809,"type":"eca_rock_small_5"}
{"pos":[674.201843,7.96455336,51.1699066],"rotationMatrix":[-0.591092944,-0.806603432,0,0.806603432,-0.591092944,0,0,0,0.999999881],"scale":0.72743696,"type":"eca_rock_small_5"}
{"pos":[675.200684,7.88146257,50.884922],"rotationMatrix":[-0.696610749,-0.717449307,0,0.717449307,-0.696610749,0,0,0,0.999999881],"scale":0.877440453,"type":"eca_rock_small_5"}
{"pos":[672.161987,8.39642048,51.6252747],"rotationMatrix":[-0.667318821,-0.744772017,0,0.744772017,-0.667318821,0,0,0,0.999999881],"scale":0.862615228,"type":"eca_rock_small_5"}
{"pos":[698.838501,-3.66337013,50.9762268],"rotationMatrix":[0.953610301,0.30104363,0,-0.30104363,0.953610301,0,0,0,0.999999881],"scale":0.722974777,"type":"eca_rock_small_5"}
{"pos":[696.375244,-3.95884848,50.0103645],"rotationMatrix":[0.779174089,-0.626807392,0,0.626807392,0.779174089,0,0,0,0.999999881],"scale":0.750262797,"type":"eca_rock_small_5"}
{"pos":[694.719543,-23.8280411,50.7027321],"rotationMatrix":[0.980743706,-0.195299014,0,0.195299014,0.980743706,0,0,0,0.999999881],"scale":0.854816079,"type":"eca_rock_small_5"}
{"pos":[694.438293,-22.5587769,50.5014954],"rotationMatrix":[0.878724515,-0.477328956,0,0.477328956,0.878724515,0,0,0,0.999999881],"scale":1.19542444,"type":"eca_rock_small_5"}
{"pos":[692.827454,-23.6905308,49.6722374],"rotationMatrix":[0.663912594,-0.747810066,0,0.747810066,0.663912594,0,0,0,0.999999881],"scale":1.04487062,"type":"eca_rock_small_5"}
{"pos":[696.849487,-40.3151741,51.3519287],"rotationMatrix":[-0.287662745,-0.957731664,0,0.957731664,-0.287662745,0,0,0,0.999999881],"scale":1.09439015,"type":"eca_rock_small_5"}
{"pos":[698.139832,-41.4056969,51.4253845],"rotationMatrix":[0.243838474,0.969815791,0,-0.969815791,0.243838474,0,0,0,0.999999881],"scale":1.15699673,"type":"eca_rock_small_5"}
{"pos":[697.857056,-41.5958328,51.3404541],"rotationMatrix":[0.210258931,-0.977645636,0,0.977645636,0.210258931,0,0,0,0.999999881],"scale":1.07655084,"type":"eca_rock_small_5"}
{"pos":[699.16394,-40.2075424,51.6575089],"rotationMatrix":[-0.803094447,0.595851421,0,-0.595851421,-0.803094447,0,0,0,0.999999881],"scale":0.854413509,"type":"eca_rock_small_5"}
{"pos":[697.180664,-41.2675133,51.2517166],"rotationMatrix":[-0.984728277,0.174097836,0,-0.174097836,-0.984728277,0,0,0,0.999999881],"scale":1.24873102,"type":"eca_rock_small_5"}
{"pos":[697.242859,-40.3879242,51.3891869],"rotationMatrix":[0.997214913,-0.0745800883,0,0.0745800883,0.997214913,0,0,0,0.999999881],"scale":1.06995058,"type":"eca_rock_small_5"}
{"pos":[698.044983,-42.2952042,51.3253899],"rotationMatrix":[0.888360202,0.459147066,0,-0.459147066,0.888360202,0,0,0,0.999999881],"scale":1.15821803,"type":"eca_rock_small_5"}
{"pos":[690.98999,-57.8881607,49.9738846],"rotationMatrix":[0.457380861,-0.889270842,0,0.889270842,0.457380861,0,0,0,0.999999881],"scale":0.861700714,"type":"eca_rock_small_5"}
{"pos":[692.073547,-58.3300438,50.5404091],"rotationMatrix":[-0.486204684,-0.873844802,0,0.873844802,-0.486204684,0,0,0,0.999999881],"scale":0.883497596,"type":"eca_rock_small_5"}
{"pos":[751.894958,4.20858765,52.0258102],"rotationMatrix":[-0.110044613,0.993926585,0,-0.993926585,-0.110044613,0,0,0,0.999999881],"scale":1.20147896,"type":"eca_rock_small_5"}
{"pos":[754.483704,5.22528362,52.0734749],"rotationMatrix":[-0.579942644,-0.814657271,0,0.814657271,-0.579942644,0,0,0,0.999999881],"scale":1.02368689,"type":"eca_rock_small_5"}
{"pos":[753.382568,6.95531082,51.9972115],"rotationMatrix":[0.79692632,-0.604076445,0,0.604076445,0.79692632,0,0,0,0.999999881],"scale":1.26143837,"type":"eca_rock_small_5"}
{"pos":[754.659302,5.00822639,52.2026825],"rotationMatrix":[-0.983393371,-0.181486532,0,0.181486532,-0.983393371,0,0,0,0.999999881],"scale":1.05449784,"type":"eca_rock_small_5"}
{"pos":[751.847168,5.26151371,51.9971695],"rotationMatrix":[0.613320947,0.789833784,0,-0.789833784,0.613320947,0,0,0,0.999999881],"scale":0.992125332,"type":"eca_rock_small_5"}
{"pos":[759.817871,1.67634225,52.9266548],"rotationMatrix":[-0.999973893,-0.0072132037,0,0.0072132037,-0.999973893,0,0,0,0.999999881],"scale":1.28488243,"type":"eca_rock_small_5"}
{"pos":[761.86792,1.82315779,52.2121582],"rotationMatrix":[0.878398359,0.477929056,0,-0.477929056,0.878398359,0,0,0,0.999999881],"scale":1.27473617,"type":"eca_rock_small_5"}
{"pos":[760.263245,1.48231077,53.131031],"rotationMatrix":[0.936738372,0.350030184,0,-0.350030184,0.936738372,0,0,0,0.999999881],"scale":0.739903808,"type":"eca_rock_small_5"}
{"pos":[773.611206,4.65543461,52.018219],"rotationMatrix":[-0.696247995,-0.717801273,0,0.717801273,-0.696247995,0,0,0,0.999999881],"scale":0.978381395,"type":"eca_rock_small_5"}
{"pos":[766.355103,3.88978887,52.175499],"rotationMatrix":[0.669012427,0.743251204,0,-0.743251204,0.669012427,0,0,0,0.999999881],"scale":1.07929552,"type":"eca_rock_small_5"}
{"pos":[765.852112,3.70466805,52.1758232],"rotationMatrix":[-0.658957601,0.75217998,0,-0.75217998,-0.658957601,0,0,0,0.999999881],"scale":1.07666004,"type":"eca_rock_small_5"}
{"pos":[754.633545,-7.19158936,52.1389999],"rotationMatrix":[-0.754508495,-0.656290293,0,0.656290293,-0.754508495,0,0,0,0.999999881],"scale":1.15435028,"type":"eca_rock_small_5"}
{"pos":[754.928833,-7.22563648,52.1226349],"rotationMatrix":[-0.114266448,-0.993450046,0,0.993450046,-0.114266448,0,0,0,0.999999881],"scale":1.10164714,"type":"eca_rock_small_5"}
{"pos":[754.093811,-6.510149,52.1179237],"rotationMatrix":[0.956674933,-0.291157961,0,0.291157961,0.956674933,0,0,0,0.999999881],"scale":0.740705252,"type":"eca_rock_small_5"}
{"pos":[756.6474,-12.4901323,52.2514534],"rotationMatrix":[0.773475647,-0.633825779,0,0.633825779,0.773475647,0,0,0,0.999999881],"scale":0.829379022,"type":"eca_rock_small_5"}
{"pos":[755.858643,-12.635828,52.2631798],"rotationMatrix":[-0.977949977,-0.208838969,0,0.208838969,-0.977949977,0,0,0,0.999999881],"scale":1.20011663,"type":"eca_rock_small_5"}
{"pos":[762.271057,-6.24098206,52.1717186],"rotationMatrix":[-0.864446342,-0.502725065,0,0.502725065,-0.864446342,0,0,0,0.999999881],"scale":1.15482569,"type":"eca_rock_small_5"}
{"pos":[759.901978,-7.8012743,52.178112],"rotationMatrix":[-0.376995862,0.926214814,0,-0.926214814,-0.376995862,0,0,0,0.999999881],"scale":1.22216928,"type":"eca_rock_small_5"}
{"pos":[759.643982,-5.86809826,52.2019196],"rotationMatrix":[-0.681402326,0.731908798,0,-0.731908798,-0.681402326,0,0,0,0.999999881],"scale":1.16052568,"type":"eca_rock_small_5"}
{"pos":[757.573853,-4.40856552,52.1629982],"rotationMatrix":[-0.632027447,-0.774946034,0,0.774946034,-0.632027447,0,0,0,0.999999881],"scale":1.13010895,"type":"eca_rock_small_5"}
{"pos":[757.601257,-5.80979872,52.1517601],"rotationMatrix":[-0.999922574,-0.0124390805,0,0.0124390805,-0.999922574,0,0,0,0.999999881],"scale":0.925438523,"type":"eca_rock_small_5"}
{"pos":[758.469788,-6.6520195,52.1964951],"rotationMatrix":[0.060630478,0.998160183,0,-0.998160183,0.060630478,0,0,0,0.999999881],"scale":0.87767756,"type":"eca_rock_small_5"}
{"pos":[760.197021,-5.0509491,52.1822243],"rotationMatrix":[0.499394119,0.86637491,0,-0.86637491,0.499394119,0,0,0,0.999999881],"scale":0.978553176,"type":"eca_rock_small_5"}
{"pos":[778.864075,-21.4038391,51.9476509],"rotationMatrix":[0.555197001,0.831718862,0,-0.831718862,0.555197001,0,0,0,0.999999881],"scale":1.12729955,"type":"eca_rock_small_5"}
{"pos":[776.824585,-20.8551788,51.9559975],"rotationMatrix":[0.54126358,0.840852976,0,-0.840852976,0.54126358,0,0,0,0.999999881],"scale":0.975811243,"type":"eca_rock_small_5"}
{"pos":[703.750549,38.7052002,54.8732567],"rotationMatrix":[-0.751512051,-0.659719348,0,0.659719348,-0.751512051,0,0,0,0.999999881],"scale":0.988096118,"type":"eca_rock_small_5"}
{"pos":[701.959839,54.9970932,54.0181236],"rotationMatrix":[-0.998981237,-0.0451255627,0,0.0451255627,-0.998981237,0,0,0,0.999999881],"scale":0.949186206,"type":"eca_rock_small_5"}
{"pos":[699.004456,56.4134064,54.9939308],"rotationMatrix":[0.941828728,0.336093098,0,-0.336093098,0.941828728,0,0,0,0.999999881],"scale":0.899550319,"type":"eca_rock_small_5"}
{"pos":[699.313965,57.284626,55.1981888],"rotationMatrix":[-0.849305689,0.527901232,0,-0.527901232,-0.849305689,0,0,0,0.999999881],"scale":0.826052427,"type":"eca_rock_small_5"}
{"pos":[702.720398,56.2373009,54.5055466],"rotationMatrix":[-0.918559015,0.395283908,0,-0.395283908,-0.918559015,0,0,0,0.999999881],"scale":1.23931837,"type":"eca_rock_small_5"}
{"pos":[699.455688,66.6270447,54.8391991],"rotationMatrix":[0.0434749462,-0.999054432,0,0.999054432,0.0434749462,0,0,0,0.999999881],"scale":0.986602426,"type":"eca_rock_small_5"}
{"pos":[700.994385,69.4599915,54.906601],"rotationMatrix":[-0.939811766,0.341692328,0,-0.341692328,-0.939811766,0,0,0,0.999999881],"scale":0.837997854,"type":"eca_rock_small_5"}
{"pos":[704.381348,34.6823082,54.9843025],"rotationMatrix":[0.0634974018,0.997981906,0,-0.997981906,0.0634974018,0,0,0,0.999999881],"scale":0.710163891,"type":"eca_rock_small_5"}
{"pos":[706.225464,36.7677116,54.9908257],"rotationMatrix":[0.793839991,-0.608126521,0,0.608126521,0.793839991,0,0,0,0.999999881],"scale":0.859730959,"type":"eca_rock_small_5"}
{"pos":[706.249146,24.355732,52.1176834],"rotationMatrix":[0.795279801,-0.606242537,0,0.606242537,0.795279801,0,0,0,0.999999881],"scale":1.19894326,"type":"eca_rock_small_5"}
{"pos":[706.515503,24.6721439,52.2259064],"rotationMatrix":[0.977677524,-0.210110426,0,0.210110426,0.977677524,0,0,0,0.999999881],"scale":0.842174172,"type":"eca_rock_small_5"}
{"pos":[732.028076,26.611042,52.269104],"rotationMatrix":[0.402772397,0.91530019,0,-0.91530019,0.402772397,0,0,0,0.999999881],"scale":1.0155586,"type":"eca_rock_small_5"}
{"pos":[732.428589,26.1986542,52.2255478],"rotationMatrix":[-0.987507045,0.157574475,0,-0.157574475,-0.987507045,0,0,0,0.999999881],"scale":0.729267657,"type":"eca_rock_small_5"}
{"pos":[747.615906,60.7078705,54.9766426],"rotationMatrix":[0.987633228,0.156781435,0,-0.156781435,0.987633228,0,0,0,0.999999881],"scale":0.847756028,"type":"eca_rock_small_5"}
{"pos":[731.775391,67.3901749,54.9978676],"rotationMatrix":[0.538618624,0.842549682,0,-0.842549682,0.538618624,0,0,0,0.999999881],"scale":0.789714873,"type":"eca_rock_small_5"}
{"pos":[729.851624,69.5979996,54.9983597],"rotationMatrix":[-0.953789532,-0.300475508,0,0.300475508,-0.953789532,0,0,0,0.999999881],"scale":0.774006426,"type":"eca_rock_small_5"}
{"pos":[704.189209,59.8667717,54.9742241],"rotationMatrix":[0.983666956,0.179997891,0,-0.179997891,0.983666956,0,0,0,0.999999881],"scale":1.21102607,"type":"eca_rock_small_5"}
{"pos":[699.920532,58.4703293,55.2879257],"rotationMatrix":[-0.301918864,-0.953333557,0,0.953333557,-0.301918864,0,0,0,0.999999881],"scale":1.15402639,"type":"eca_rock_small_5"}
{"pos":[695.157654,54.9648972,53.4865341],"rotationMatrix":[-0.882392824,0.470513195,0,-0.470513195,-0.882392824,0,0,0,0.999999881],"scale":1.20599008,"type":"eca_rock_small_5"}
{"pos":[704.670471,38.4620514,54.9786987],"rotationMatrix":[-0.622503221,-0.782617211,0,0.782617211,-0.622503221,0,0,0,0.999999881],"scale":0.753581822,"type":"eca_rock_small_5"}
{"pos":[705.072754,37.4917488,54.9713173],"rotationMatrix":[0.608561814,0.793506444,0,-0.793506444,0.608561814,0,0,0,0.999999881],"scale":1.01690078,"type":"eca_rock_small_5"}
{"pos":[703.242065,42.695343,54.7676888],"rotationMatrix":[0.634212375,0.773158848,0,-0.773158848,0.634212375,0,0,0,0.999999881],"scale":1.18604279,"type":"eca_rock_small_5"}
{"pos":[706.342468,45.4918365,54.9829979],"rotationMatrix":[0.794942319,0.606685042,0,-0.606685042,0.794942319,0,0,0,0.999999881],"scale":1.2512145,"type":"eca_rock_small_5"}
{"pos":[710.105774,-170.475891,59.4351158],"rotationMatrix":[-0.860114276,-0.510101259,0,0.510101259,-0.860114276,0,-0,0,0.999999881],"scale":1.213148,"type":"eca_rock_small_5"}
{"pos":[706.866028,-167.633636,59.0746078],"rotationMatrix":[-0.989089906,0.147312284,-0,-0.147312284,-0.989089906,0,-0,0,0.999999881],"scale":0.744199932,"type":"eca_rock_small_5"}
{"pos":[712.589783,-169.508743,59.6503944],"rotationMatrix":[-0.70685488,0.707358301,-0,-0.707358301,-0.70685488,0,-0,0,0.999999881],"scale":0.796548188,"type":"eca_rock_small_5"}
{"pos":[710.599182,-172.32991,59.4667015],"rotationMatrix":[-0.982118189,0.188265011,-0,-0.188265011,-0.982118189,0,-0,0,0.999999881],"scale":1.25980532,"type":"eca_rock_small_5"}
{"pos":[718.653931,-162.504456,59.1796913],"rotationMatrix":[-0.990329802,-0.13873212,0,0.13873212,-0.990329802,0,-0,0,0.999999881],"scale":0.786515474,"type":"eca_rock_small_5"}
{"pos":[715.953125,-173.663803,59.320591],"rotationMatrix":[0.502305388,-0.864690125,0,0.864690125,0.502305388,0,-0,0,0.999999881],"scale":1.2893374,"type":"eca_rock_small_5"}
{"pos":[711.293274,-162.086502,59.2885818],"rotationMatrix":[-0.220215365,-0.975451171,0,0.975451171,-0.220215365,0,-0,0,0.999999881],"scale":0.733045459,"type":"eca_rock_small_5"}
{"pos":[713.30542,-174.737762,59.4078751],"rotationMatrix":[-0.885128796,0.46534583,-0,-0.46534583,-0.885128796,0,-0,0,0.999999881],"scale":1.1498009,"type":"eca_rock_small_5"}
{"pos":[717.882141,-177.459152,58.8308945],"rotationMatrix":[0.938121021,0.346307576,0,-0.346307576,0.938121021,-0,-0,0,0.999999881],"scale":0.962403536,"type":"eca_rock_small_5"}
{"pos":[705.47406,-168.186691,58.8206177],"rotationMatrix":[0.87956053,0.475786895,0,-0.475786895,0.87956053,-0,-0,0,0.999999881],"scale":1.24166834,"type":"eca_rock_small_5"}
{"pos":[709.516724,-179.723007,58.737236],"rotationMatrix":[-0.991591752,0.129405245,-0,-0.129405245,-0.991591752,0,-0,0,0.999999881],"scale":1.09302974,"type":"eca_rock_small_5"}
{"pos":[714.687988,-163.623611,59.5168076],"rotationMatrix":[-0.54560113,-0.838044822,0,0.838044822,-0.54560113,0,-0,0,0.999999881],"scale":1.08651233,"type":"eca_rock_small_5"}
{"pos":[714.42511,-172.640488,59.5129204],"rotationMatrix":[-0.631558001,-0.775328457,0,0.775328457,-0.631558001,0,-0,0,0.999999881],"scale":1.06572199,"type":"eca_rock_small_5"}
{"pos":[704.624207,-171.930878,58.6764412],"rotationMatrix":[-0.316160738,-0.948705554,0,0.948705554,-0.316160738,0,-0,0,0.999999881],"scale":1.20587361,"type":"eca_rock_small_5"}
{"pos":[707.809998,-178.783157,58.6512527],"rotationMatrix":[-0.379582494,0.925157726,-0,-0.925157726,-0.379582494,0,-0,0,0.999999881],"scale":0.744613588,"type":"eca_rock_small_5"}
{"pos":[714.660828,-179.407242,58.8773956],"rotationMatrix":[-0.515429616,-0.856931865,0,0.856931865,-0.515429616,0,-0,0,0.999999881],"scale":1.23266697,"type":"eca_rock_small_5"}
{"pos":[704.75293,-171.695572,58.6748734],"rotationMatrix":[-0.854750454,-0.519038916,0,0.519038916,-0.854750454,0,-0,0,0.999999881],"scale":1.16479683,"type":"eca_rock_small_5"}
{"pos":[722.503174,-169.592529,58.7022476],"rotationMatrix":[0.790576518,-0.61236316,0,0.61236316,0.790576518,0,-0,0,0.999999881],"scale":0.950853944,"type":"eca_rock_small_5"}
{"pos":[705.610046,-171.689789,58.7660599],"rotationMatrix":[0.145384252,-0.989375174,0,0.989375174,0.145384252,0,-0,0,0.999999881],"scale":1.00718546,"type":"eca_rock_small_5"}
{"pos":[716.907532,-176.744446,58.9736786],"rotationMatrix":[-0.904456675,0.426565468,-0,-0.426565468,-0.904456675,0,-0,0,0.999999881],"scale":1.07323062,"type":"eca_rock_small_5"}
{"pos":[712.707092,-172.058502,59.6005974],"rotationMatrix":[-0.648210406,-0.761461079,0,0.761461079,-0.648210406,0,-0,0,0.999999881],"scale":1.24892294,"type":"eca_rock_small_5"}
{"pos":[717.934753,-174.706894,59.0104446],"rotationMatrix":[0.406897932,-0.913473547,0,0.913473547,0.406897932,0,-0,0,0.999999881],"scale":0.833907485,"type":"eca_rock_small_5"}
{"pos":[709.520996,-170.30481,59.3631287],"rotationMatrix":[0.761271417,0.648433328,0,-0.648433328,0.761271417,-0,-0,0,0.999999881],"scale":0.718675613,"type":"eca_rock_small_5"}
{"pos":[712.793579,-167.938095,59.6759987],"rotationMatrix":[-0.613261938,-0.78987962,0,0.78987962,-0.613261938,0,-0,0,0.999999881],"scale":0.947922051,"type":"eca_rock_small_5"}
{"pos":[708.556641,-166.879303,59.2610397],"rotationMatrix":[0.954367816,-0.298633546,0,0.298633546,0.954367816,0,-0,0,0.999999881],"scale":1.23079348,"type":"eca_rock_small_5"}
{"pos":[707.479431,-169.823624,59.0902557],"rotationMatrix":[-0.396968424,0.917832136,-0,-0.917832136,-0.396968424,0,-0,0,0.999999881],"scale":1.24422443,"type":"eca_rock_small_5"}
{"pos":[717.323364,-181.36824,58.3818626],"rotationMatrix":[-0.755549967,-0.655090868,0,0.655090868,-0.755549967,0,-0,0,0.999999881],"scale":1.25493848,"type":"eca_rock_small_5"}
{"pos":[720.678467,-176.968338,58.305439],"rotationMatrix":[-0.288874537,0.957366884,-0,-0.957366884,-0.288874537,0,-0,0,0.999999881],"scale":1.20578325,"type":"eca_rock_small_5"}
{"pos":[712.785461,-177.61705,59.1184578],"rotationMatrix":[-0.773280084,0.634064257,-0,-0.634064257,-0.773280084,0,-0,0,0.999999881],"scale":0.889597058,"type":"eca_rock_small_5"}
{"pos":[707.477905,-173.943115,58.891655],"rotationMatrix":[0.999994278,-0.00335012004,0,0.00335012004,0.999994278,0,-0,0,0.999999881],"scale":0.911773026,"type":"eca_rock_small_5"}
{"pos":[706.804504,-172.657059,58.8605461],"rotationMatrix":[-0.210686803,-0.977553546,0,0.977553546,-0.210686803,0,-0,0,0.999999881],"scale":1.03164005,"type":"eca_rock_small_5"}
{"pos":[713.940735,-164.998779,59.6432343],"rotationMatrix":[-0.972715676,0.2319998,-0,-0.2319998,-0.972715676,0,-0,0,0.999999881],"scale":0.931747317,"type":"eca_rock_small_5"}
{"pos":[707.18988,-164.249207,58.9785995],"rotationMatrix":[-0.0439000279,0.999035895,-0,-0.999035895,-0.0439000279,0,-0,0,0.999999881],"scale":0.734346032,"type":"eca_rock_small_5"}
{"pos":[714.17511,-173.935959,59.4488754],"rotationMatrix":[0.377391845,-0.926053584,0,0.926053584,0.377391845,0,-0,0,0.999999881],"scale":1.14909875,"type":"eca_rock_small_5"}
{"pos":[723.450073,-173.039169,58.2022476],"rotationMatrix":[0.760681927,-0.649124563,0,0.649124563,0.760681927,0,-0,0,0.999999881],"scale":1.04809785,"type":"eca_rock_small_5"}
{"pos":[717.763367,-177.823517,58.8095436],"rotationMatrix":[-0.050626643,-0.998717546,0,0.998717546,-0.050626643,0,-0,0,0.999999881],"scale":0.911543012,"type":"eca_rock_small_5"}
{"pos":[735.537292,-149.146423,58.5235672],"rotationMatrix":[0.912243903,0.409647346,0,-0.409647346,0.912243903,-0,-0,0,0.999999881],"scale":0.955758691,"type":"eca_rock_small_5"}
{"pos":[733.693115,-153.662094,58.5914116],"rotationMatrix":[0.921439826,-0.388520718,0,0.388520718,0.921439826,0,-0,0,0.999999881],"scale":1.24776876,"type":"eca_rock_small_5"}
{"pos":[720.539368,-139.392303,58.6814384],"rotationMatrix":[-0.887993336,0.459856063,-0,-0.459856063,-0.887993336,0,-0,0,0.999999881],"scale":0.75290364,"type":"eca_rock_small_5"}
{"pos":[722.258545,-141.343781,58.6430473],"rotationMatrix":[0.915865064,-0.40148589,0,0.40148589,0.915865064,0,-0,0,0.999999881],"scale":0.882899344,"type":"eca_rock_small_5"}
{"pos":[718.307556,-138.047195,58.7581635],"rotationMatrix":[0.961044252,-0.276394457,0,0.276394457,0.961044252,0,-0,0,0.999999881],"scale":0.899937868,"type":"eca_rock_small_5"}
{"pos":[721.644592,-129.187469,60.5643768],"rotationMatrix":[0.988945603,0.148278087,0,-0.148278087,0.988945603,-0,-0,0,0.999999881],"scale":1.0194602,"type":"eca_rock_small_5"}
{"pos":[737.849426,-126.499924,58.9476204],"rotationMatrix":[-0.600927293,-0.79930371,0,0.79930371,-0.600927293,0,-0,0,0.999999881],"scale":0.992018163,"type":"eca_rock_small_5"}
{"pos":[743.924927,-120.236603,58.6409569],"rotationMatrix":[-0.728169739,-0.685396791,0,0.685396791,-0.728169739,0,-0,0,0.999999881],"scale":0.787549376,"type":"eca_rock_small_5"}
{"pos":[742.362915,-120.997498,58.6354942],"rotationMatrix":[-0.841820776,-0.539756954,0,0.539756954,-0.841820776,0,-0,0,0.999999881],"scale":0.935385287,"type":"eca_rock_small_5"}
{"pos":[706.026672,-136.076157,58.6314392],"rotationMatrix":[-0.0812119767,0.99669677,-0,-0.99669677,-0.0812119767,0,-0,0,0.999999881],"scale":0.849658012,"type":"eca_rock_small_5"}
{"pos":[706.926208,-150.30542,59.0738869],"rotationMatrix":[-0.913435996,0.406982154,-0,-0.406982154,-0.913435996,0,-0,0,0.999999881],"scale":1.10513747,"type":"eca_rock_small_5"}
{"pos":[707.389832,-150.265656,59.1707497],"rotationMatrix":[-0.438670784,-0.898647785,0,0.898647785,-0.438670784,0,-0,0,0.999999881],"scale":1.28110003,"type":"eca_rock_small_5"}
{"pos":[705.878357,-152.670471,58.8531723],"rotationMatrix":[-0.623479009,-0.781839907,0,0.781839907,-0.623479009,0,-0,0,0.999999881],"scale":1.29346001,"type":"eca_rock_small_5"}
{"pos":[762.335266,-238.359146,70.218605],"rotationMatrix":[0.0349728577,0.999388158,0,-0.999388158,0.0349728577,-0,-0,0,0.999999881],"scale":1.26057637,"type":"eca_rock_small_5"}
{"pos":[766.084595,-223.93515,70.7210083],"rotationMatrix":[0.64929533,0.760536373,0,-0.760536373,0.64929533,-0,-0,0,0.999999881],"scale":1.02404904,"type":"eca_rock_small_5"}
{"pos":[766.757324,-224.449005,70.9113617],"rotationMatrix":[-0.655408502,-0.755274415,0,0.755274415,-0.655408502,0,-0,0,0.999999881],"scale":1.23471534,"type":"eca_rock_small_5"}
{"pos":[777.281494,-224.232941,71.1677094],"rotationMatrix":[0.863984883,0.503517628,0,-0.503517628,0.863984883,-0,-0,0,0.999999881],"scale":1.15030873,"type":"eca_rock_small_5"}
{"pos":[777.347595,-225.138962,71.1807785],"rotationMatrix":[0.939108908,-0.343619347,0,0.343619347,0.939108908,0,-0,0,0.999999881],"scale":0.938816071,"type":"eca_rock_small_5"}
{"pos":[697.245667,-206.540787,58.2898216],"rotationMatrix":[0.0287351683,-0.99958694,0,0.99958694,0.0287351683,0,-0,0,0.999999881],"scale":1.20526147,"type":"eca_rock_small_5"}
{"pos":[698.233459,-209.274796,59.0549545],"rotationMatrix":[0.904409289,-0.426665783,0,0.426665783,0.904409289,0,-0,0,0.999999881],"scale":1.02516484,"type":"eca_rock_small_5"}
{"pos":[695.813171,-207.609863,58.2961388],"rotationMatrix":[-0.682414472,-0.730965257,0,0.730965257,-0.682414472,0,-0,0,0.999999881],"scale":1.04382002,"type":"eca_rock_small_5"}
{"pos":[704.544678,-245.220947,64.0357895],"rotationMatrix":[0.999370217,0.0354814529,0,-0.0354814529,0.999370217,-0,-0,0,0.999999881],"scale":0.838126004,"type":"eca_rock_small_5"}
{"pos":[703.503784,-244.305038,64.017868],"rotationMatrix":[-0.0740705654,0.997252882,-0,-0.997252882,-0.0740705654,0,-0,0,0.999999881],"scale":0.874385118,"type":"eca_rock_small_5"}
{"pos":[693.606201,-245.766663,64.0320435],"rotationMatrix":[-0.93316251,-0.359454542,0,0.359454542,-0.93316251,0,-0,0,0.999999881],"scale":1.29115331,"type":"eca_rock_small_5"}
{"pos":[705.84021,-218.491562,63.3415489],"rotationMatrix":[0.0726822913,0.997355103,0,-0.997355103,0.0726822913,-0,-0,0,0.999999881],"scale":0.718693733,"type":"eca_rock_small_5"}
{"pos":[699.370483,-182.949341,58.0156021],"rotationMatrix":[0.511552393,-0.859251976,0,0.859251976,0.511552393,0,-0,0,0.999999881],"scale":0.896742105,"type":"eca_rock_small_5"}
