{"pos":[672.782288,9.61568356,51.8097534],"rotationMatrix":[0.939770401,-0.341806114,0,0.341806114,0.939770401,0,0,0,0.999999881],"scale":1.07590294,"type":"eca_rock_small_3"}
{"pos":[672.930969,8.59636307,51.5839958],"rotationMatrix":[-0.677597821,0.735432446,0,-0.735432446,-0.677597821,0,0,0,0.999999881],"scale":0.877787173,"type":"eca_rock_small_3"}
{"pos":[698.475708,-1.66256428,50.7458611],"rotationMatrix":[0.952010334,0.306065887,0,-0.306065887,0.952010334,0,0,0,0.999999881],"scale":0.755417705,"type":"eca_rock_small_3"}
{"pos":[698.021606,-1.43109298,50.557785],"rotationMatrix":[0.159504637,0.987197101,0,-0.987197101,0.159504637,0,0,0,0.999999881],"scale":1.29279459,"type":"eca_rock_small_3"}
{"pos":[697.134521,-2.87268209,50.2748985],"rotationMatrix":[-0.615897655,0.787825942,0,-0.787825942,-0.615897655,0,0,0,0.999999881],"scale":1.00387514,"type":"eca_rock_small_3"}
{"pos":[692.324646,-22.9445992,49.3223419],"rotationMatrix":[0.697119832,-0.71695441,0,0.71695441,0.697119832,0,0,0,0.999999881],"scale":0.887679458,"type":"eca_rock_small_3"}
{"pos":[691.972778,-24.3370533,49.185482],"rotationMatrix":[-0.879398406,0.476086348,0,-0.476086348,-0.879398406,0,0,0,0.999999881],"scale":0.709556699,"type":"eca_rock_small_3"}
{"pos":[695.050232,-39.9497566,50.969429],"rotationMatrix":[0.931342244,-0.364144713,0,0.364144713,0.931342244,0,0,0,0.999999881],"scale":0.829048276,"type":"eca_rock_small_3"}
{"pos":[697.17157,-42.8612633,51.0985413],"rotationMatrix":[-0.70327872,-0.710914075,0,0.710914075,-0.70327872,0,0,0,0.999999881],"scale":0.795114875,"type":"eca_rock_small_3"}
{"pos":[699.686951,-41.674263,51.5589485],"rotationMatrix":[0.837156713,0.546963036,0,-0.546963036,0.837156713,0,0,0,0.999999881],"scale":0.77514416,"type":"eca_rock_small_3"}
{"pos":[693.973267,-58.2464256,51.3708267],"rotationMatrix":[0.840497077,0.541816056,0,-0.541816056,0.840497077,0,0,0,0.999999881],"scale":0.897500575,"type":"eca_rock_small_3"}
{"pos":[693.321228,-57.137352,51.2548027],"rotationMatrix":[-0.196233079,0.980557203,0,-0.980557203,-0.196233079,0,0,0,0.999999881],"scale":0.902452826,"type":"eca_rock_small_3"}
{"pos":[693.228699,-59.7742615,50.855442],"rotationMatrix":[0.357958317,-0.933737457,0,0.933737457,0.357958317,0,0,0,0.999999881],"scale":1.29848588,"type":"eca_rock_small_3"}
{"pos":[760.106506,1.96739268,52.6518059],"rotationMatrix":[-0.988220036,0.153039187,0,-0.153039187,-0.988220036,0,0,0,0.999999881],"scale":1.01331019,"type":"eca_rock_small_3"}
{"pos":[752.702087,-6.93865108,52.0343781],"rotationMatrix":[0.560548127,0.828121841,0,-0.828121841,0.560548127,0,0,0,0.999999881],"scale":1.14692008,"type":"eca_rock_small_3"}
{"pos":[760.595093,-4.67233181,52.1774368],"rotationMatrix":[0.993696511,-0.112103291,0,0.112103291,0.993696511,0,0,0,0.999999881],"scale":0.885102272,"type":"eca_rock_small_3"}
{"pos":[761.68573,-3.91604614,52.1548157],"rotationMatrix":[-0.996926069,0.0783470199,0,-0.0783470199,-0.996926069,0,0,0,0.999999881],"scale":1.0915488,"type":"eca_rock_small_3"}
{"pos":[767.727539,-7.1574564,51.8911591],"rotationMatrix":[-0.0278683007,0.999611497,0,-0.999611497,-0.0278683007,0,0,0,0.999999881],"scale":1.19226182,"type":"eca_rock_small_3"}
{"pos":[699.594055,68.588768,54.8111153],"rotationMatrix":[0.95714277,-0.289616197,0,0.289616197,0.95714277,0,0,0,0.999999881],"scale":1.14225793,"type":"eca_rock_small_3"}
{"pos":[733.323059,66.9861374,54.9475136],"rotationMatrix":[-0.0035684905,-0.999993563,0,0.999993563,-0.0035684905,0,0,0,0.999999881],"scale":1.18264496,"type":"eca_rock_small_3"}
{"pos":[705.405029,38.1030006,54.9660149],"rotationMatrix":[0.731804073,0.681515038,0,-0.681515038,0.731804073,0,0,0,0.999999881],"scale":0.700638354,"type":"eca_rock_small_3"}
{"pos":[708.358582,-177.397659,58.771431],"rotationMatrix":[0.742524922,0.669818401,0,-0.669818401,0.742524922,0,0,0,0.999999881],"scale":1.27807963,"type":"eca_rock_small_3"}
{"pos":[707.710693,-167.113632,59.1340714],"rotationMatrix":[-0.975520015,0.219910458,0,-0.219910458,-0.975520015,0,0,0,0.999999881],"scale":1.1232264,"type":"eca_rock_small_3"}
{"pos":[713.860352,-172.683167,59.5066986],"rotationMatrix":[-0.910609484,-0.413267881,0,0.413267881,-0.910609484,0,0,0,0.999999881],"scale":1.20616126,"type":"eca_rock_small_3"}
{"pos":[721.867249,-168.310089,58.8528328],"rotationMatrix":[0.982411563,0.186728224,0,-0.186728224,0.982411563,0,0,0,0.999999881],"scale":1.23190975,"type":"eca_rock_small_3"}
{"pos":[719.478394,-165.849777,59.2685471],"rotationMatrix":[-0.711141288,0.703048825,0,-0.703048825,-0.711141288,0,0,0,0.999999881],"scale":1.25383568,"type":"eca_rock_small_3"}
{"pos":[722.492859,-174.385513,58.2013779],"rotationMatrix":[-0.0447222628,-0.998999357,0,0.998999357,-0.0447222628,0,0,0,0.999999881],"scale":0.840073347,"type":"eca_rock_small_3"}
{"pos":[706.756897,-174.837967,58.7590141],"rotationMatrix":[-0.99478513,0.101991937,0,-0.101991937,-0.99478513,0,0,0,0.999999881],"scale":1.06249917,"type":"eca_rock_small_3"}
{"pos":[711.010498,-168.662766,59.5374184],"rotationMatrix":[0.389734745,-0.920927107,0,0.920927107,0.389734745,0,0,0,0.999999881],"scale":1.12925208,"type":"eca_rock_small_3"}
{"pos":[717.162537,-175.114944,59.0718346],"rotationMatrix":[-0.646211922,0.763157785,0,-0.763157785,-0.646211922,0,0,0,0.999999881],"scale":1.25487673,"type":"eca_rock_small_3"}
{"pos":[711.314209,-166.790115,59.5058136],"rotationMatrix":[0.963018596,-0.269434571,0,0.269434571,0.963018596,0,0,0,0.999999881],"scale":0.82965523,"type":"eca_rock_small_3"}
{"pos":[710.350647,-170.997391,59.4056168],"rotationMatrix":[0.777814567,-0.628493667,0,0.628493667,0.777814567,0,0,0,0.999999881],"scale":1.11296356,"type":"eca_rock_small_3"}
{"pos":[706.925598,-174.133179,58.7676582],"rotationMatrix":[0.133263066,-0.991080582,0,0.991080582,0.133263066,0,0,0,0.999999881],"scale":1.12912536,"type":"eca_rock_small_3"}
{"pos":[714.577271,-176.649002,59.1680832],"rotationMatrix":[-0.292911112,0.956139565,0,-0.956139565,-0.292911112,0,0,0,0.999999881],"scale":0.90302968,"type":"eca_rock_small_3"}
{"pos":[708.564087,-167.748901,59.2591553],"rotationMatrix":[-0.60850215,0.793551981,0,-0.793551981,-0.60850215,0,0,0,0.999999881],"scale":0.802914083,"type":"eca_rock_small_3"}
{"pos":[717.4599,-175.237915,59.0089417],"rotationMatrix":[0.846373379,0.532589912,0,-0.532589912,0.846373379,0,0,0,0.999999881],"scale":1.01868737,"type":"eca_rock_small_3"}
{"pos":[704.339539,-168.248276,58.5885468],"rotationMatrix":[-0.918228984,-0.396049887,0,0.396049887,-0.918228984,0,0,0,0.999999881],"scale":0.928769827,"type":"eca_rock_small_3"}
{"pos":[733.237915,-148.996445,58.5866547],"rotationMatrix":[-0.999807119,0.0196325947,0,-0.0196325947,-0.999807119,0,0,0,0.999999881],"scale":0.869395196,"type":"eca_rock_small_3"}
{"pos":[741.962097,-121.069061,58.6094513],"rotationMatrix":[0.796663284,0.604423404,0,-0.604423404,0.796663284,0,0,0,0.999999881],"scale":1.19419408,"type":"eca_rock_small_3"}
{"pos":[743.96106,-139.634567,58.6791153],"rotationMatrix":[0.30219692,0.953245461,0,-0.953245461,0.30219692,0,0,0,0.999999881],"scale":1.00834823,"type":"eca_rock_small_3"}
{"pos":[744.08197,-139.465698,58.6590996],"rotationMatrix":[-0.0309144724,-0.999521911,0,0.999521911,-0.0309144724,0,0,0,0.999999881],"scale":0.919083774,"type":"eca_rock_small_3"}
{"pos":[833.833618,-152.551331,69.9411163],"rotationMatrix":[0.976504564,0.215496346,0,-0.215496346,0.976504564,0,0,0,0.999999881],"scale":1.24412203,"type":"eca_rock_small_3"}
{"pos":[806.061523,-182.358322,71.1612778],"rotationMatrix":[0.663819551,-0.747892678,0,0.747892678,0.663819551,0,0,0,0.999999881],"scale":1.10944319,"type":"eca_rock_small_3"}
{"pos":[777.40033,-234.582199,70.8221283],"rotationMatrix":[-0.834065437,0.551665187,0,-0.551665187,-0.834065437,0,0,0,0.999999881],"scale":1.28305876,"type":"eca_rock_small_3"}
{"pos":[794.625977,-208.647095,71.1110764],"rotationMatrix":[-0.525888443,-0.850553393,0,0.850553393,-0.525888443,0,0,0,0.999999881],"scale":1.16164994,"type":"eca_rock_small_3"}
{"pos":[696.778748,-208.843094,58.6870537],"rotationMatrix":[-0.213885888,0.976858556,0,-0.976858556,-0.213885888,0,0,0,0.999999881],"scale":1.05230486,"type":"eca_rock_small_3"}
{"pos":[699.77124,-209.477188,59.2806854],"rotationMatrix":[0.998683333,0.0512964204,0,-0.0512964204,0.998683333,0,0,0,0.999999881],"scale":0.8350631,"type":"eca_rock_small_3"}
{"pos":[716.730347,-222.917389,63.9582367],"rotationMatrix":[0.0407670327,0.999168575,0,-0.999168575,0.0407670327,0,0,0,0.999999881],"scale":0.891813874,"type":"eca_rock_small_3"}
{"pos":[717.615967,-223.761368,63.9757309],"rotationMatrix":[-0.693022609,-0.720915854,0,0.720915854,-0.693022609,0,0,0,0.999999881],"scale":1.2527231,"type":"eca_rock_small_3"}
{"pos":[718.004395,-224.928635,63.9922333],"rotationMatrix":[-0.998333335,-0.0577094704,0,0.0577094704,-0.998333335,0,0,0,0.999999881],"scale":0.941756368,"type":"eca_rock_small_3"}
{"pos":[703.721924,-243.012619,64.0067215],"rotationMatrix":[-0.0346046127,0.999401033,0,-0.999401033,-0.0346046127,0,0,0,0.999999881],"scale":0.977211893,"type":"eca_rock_small_3"}
{"pos":[705.54187,-245.646957,64.0118866],"rotationMatrix":[0.446751118,-0.894658267,0,0.894658267,0.446751118,0,0,0,0.999999881],"scale":0.909427047,"type":"eca_rock_small_3"}
{"pos":[706.044983,-217.042984,63.0272598],"rotationMatrix":[-0.710548699,0.703647792,0,-0.703647792,-0.710548699,0,0,0,0.999999881],"scale":0.756322503,"type":"eca_rock_small_3"}
{"pos":[708.702576,-216.194977,63.5301208],"rotationMatrix":[0.267441034,-0.963574111,0,0.963574111,0.267441034,0,0,0,0.999999881],"scale":1.04225183,"type":"eca_rock_small_3"}
{"pos":[708.203796,-218.751343,63.8627357],"rotationMatrix":[0.535165012,-0.844747365,0,0.844747365,0.535165012,0,0,0,0.999999881],"scale":0.834742725,"type":"eca_rock_small_3"}
{"pos":[700.134216,-181.704514,58.0019569],"rotationMatrix":[-0.647604227,-0.761976898,0,0.761976898,-0.647604227,0,0,0,0.999999881],"scale":0.784012139,"type":"eca_rock_small_3"}
