{"pos":[-510.815643,-927.907776,10.7380171],"rotationMatrix":[-0.999454319,-0.0330192447,0,0.0330192447,-0.999454319,0,0,0,1],"scale":1.01349103,"type":"eca_rock_big_narrow"}
{"pos":[-451.644135,-923.75708,23.4182434],"rotationMatrix":[-0.600125611,0.799905777,0,-0.799905777,-0.600125611,0,0,0,1],"scale":1.0546602,"type":"eca_rock_big_narrow"}
{"pos":[-129.327972,-826.964539,15.0515518],"rotationMatrix":[0.95990932,-0.280310333,0,0.280310333,0.95990932,0,0,0,1],"scale":1.21052909,"type":"eca_rock_big_narrow"}
{"pos":[-178.265976,-825.654297,14.5179615],"rotationMatrix":[0.115622312,-0.993204653,-0.0132855475,0.986712158,0.116383128,-0.113377824,0.114153624,-1.04537112e-09,0.993463218],"scale":1.24223208,"type":"eca_rock_big_narrow"}
{"pos":[-97.1477661,-830.711853,13.8997936],"rotationMatrix":[-0.934022307,-0.286280543,0.213656485,-0.282317311,0.958041608,0.0495164916,-0.218867883,-0.0140694771,-0.97565186],"scale":1.07532418,"type":"eca_rock_big_narrow"}
{"pos":[-685.867798,-854.804504,16.3058758],"rotationMatrix":[0.160122722,0.976795912,-0.142228469,-0.689026594,0.00742889382,-0.72469604,-0.706824422,0.214040056,0.674229205],"scale":1.26199114,"type":"eca_rock_big_narrow"}
{"pos":[357.849609,-957.320984,10.95895],"rotationMatrix":[-0.436151475,-0.899873257,0,0.899873257,-0.436151475,0,0,0,1],"scale":1.14188099,"type":"eca_rock_big_narrow"}
{"pos":[365.728851,-954.872742,12.830101],"rotationMatrix":[0.932189107,-0.361971557,0,0.361971557,0.932189107,0,0,0,1],"scale":1.10886729,"type":"eca_rock_big_narrow"}
{"pos":[822.906311,-975.67218,10.7789707],"rotationMatrix":[-0.474584609,0.880209863,0,-0.880209863,-0.474584609,0,0,0,1],"scale":1.1088382,"type":"eca_rock_big_narrow"}
{"pos":[957.05304,-584.952881,33.7238541],"rotationMatrix":[-0.276806116,-0.960925817,0,0.960925817,-0.276806116,0,0,0,1],"scale":1.02083027,"type":"eca_rock_big_narrow"}
{"pos":[-787.234253,-330.689178,16.5874786],"rotationMatrix":[0.161704823,-0.986839175,0,0.986839175,0.161704823,0,0,0,1],"scale":1.11017299,"type":"eca_rock_big_narrow"}
{"pos":[-795.864807,-338.872772,17.6565704],"rotationMatrix":[-0.99004519,-0.140749902,0,0.140749902,-0.99004519,0,0,0,1],"scale":1.22717333,"type":"eca_rock_big_narrow"}
{"pos":[-786.362122,-398.305511,17.221838],"rotationMatrix":[0.953426898,-0.301624209,0,0.301624209,0.953426898,0,0,0,1],"scale":1.15642381,"type":"eca_rock_big_narrow"}
{"pos":[-801.256348,-438.407501,16.9884529],"rotationMatrix":[-0.163814291,-0.986491203,0,0.986491203,-0.163814291,0,0,0,1],"scale":1.01263154,"type":"eca_rock_big_narrow"}
{"pos":[-784.696106,-490.39093,15.4118271],"rotationMatrix":[0.999928117,-0.0119897379,0,0.0119897379,0.999928117,0,0,0,1],"scale":1.11671925,"type":"eca_rock_big_narrow"}
{"pos":[-788.716919,-493.257233,15.8269815],"rotationMatrix":[0.995514512,0.0946089998,0,-0.0946089998,0.995514512,0,0,0,1],"scale":1.14643908,"type":"eca_rock_big_narrow"}
{"pos":[-787.738892,-514.161621,13.8773899],"rotationMatrix":[0.626144528,0.779707015,0,-0.779707015,0.626144528,0,0,0,1],"scale":1.265993,"type":"eca_rock_big_narrow"}
{"pos":[-787.356506,-545.129883,10.8747215],"rotationMatrix":[-0.225438818,-0.97425735,0,0.97425735,-0.225438818,0,0,0,1],"scale":1.0085578,"type":"eca_rock_big_narrow"}
{"pos":[-794.895752,-542.806396,13.7727976],"rotationMatrix":[0.998878658,-0.0473431312,0,0.0473431312,0.998878658,0,0,0,1],"scale":1.06400335,"type":"eca_rock_big_narrow"}
{"pos":[-784.440369,-502.874298,14.7448111],"rotationMatrix":[-0.997957885,0.0638756379,0,-0.0638756379,-0.997957885,0,0,0,1],"scale":1.08497214,"type":"eca_rock_big_narrow"}
{"pos":[-800.411743,-428.290436,16.7346668],"rotationMatrix":[-0.00181905727,-0.999998331,0,0.999998331,-0.00181905727,0,0,0,1],"scale":1.22237468,"type":"eca_rock_big_narrow"}
{"pos":[-800.320618,-459.026123,17.933403],"rotationMatrix":[-0.681679368,0.731651008,0,-0.731651008,-0.681679368,0,0,0,1],"scale":1.12855864,"type":"eca_rock_big_narrow"}
{"pos":[-791.948425,-476.048981,15.9551678],"rotationMatrix":[-0.381028682,-0.924563229,0,0.924563229,-0.381028682,0,0,0,1],"scale":1.17842221,"type":"eca_rock_big_narrow"}
{"pos":[-784.298645,-305.805878,17.3707294],"rotationMatrix":[0.274987489,-0.961447775,0,0.961447775,0.274987489,0,0,0,1],"scale":1.11785841,"type":"eca_rock_big_narrow"}
{"pos":[-792.529053,-320.585022,18.1439457],"rotationMatrix":[-0.182362959,0.983231306,0,-0.983231306,-0.182362959,0,0,0,1],"scale":1.28607941,"type":"eca_rock_big_narrow"}
{"pos":[-766.473938,-237.412338,17.6284542],"rotationMatrix":[0.0504918024,0.998724461,0,-0.998724461,0.0504918024,0,0,0,1],"scale":1.09151125,"type":"eca_rock_big_narrow"}
{"pos":[-760.579346,-243.964508,17.2094765],"rotationMatrix":[-0.955747783,-0.294187337,0,0.294187337,-0.955747783,0,0,0,1],"scale":1.1559298,"type":"eca_rock_big_narrow"}
{"pos":[-774.672241,-113.801361,18.263298],"rotationMatrix":[-0.415500969,0.909592748,0,-0.909592748,-0.415500969,0,0,0,1],"scale":1.03307641,"type":"eca_rock_big_narrow"}
{"pos":[-766.529175,-132.593246,17.4443111],"rotationMatrix":[0.22999233,-0.973192453,0,0.973192453,0.22999233,0,0,0,1],"scale":1.28596044,"type":"eca_rock_big_narrow"}
{"pos":[-751.861023,-195.630814,16.6970024],"rotationMatrix":[0.907004833,-0.421120167,0,0.421120167,0.907004833,0,0,0,1],"scale":1.03363848,"type":"eca_rock_big_narrow"}
{"pos":[-746.257629,-152.949463,16.3981934],"rotationMatrix":[0.347990811,-0.937497973,0,0.937497973,0.347990811,0,0,0,1],"scale":1.29224849,"type":"eca_rock_big_narrow"}
{"pos":[-741.439453,-139.442673,18.304224],"rotationMatrix":[0.540640652,0.841253638,0,-0.841253638,0.540640652,0,0,0,1],"scale":1.13222742,"type":"eca_rock_big_narrow"}
{"pos":[-740.427429,-131.55719,19.6290359],"rotationMatrix":[-0.780157566,-0.625583053,0,0.625583053,-0.780157566,0,0,0,1],"scale":1.26399827,"type":"eca_rock_big_narrow"}
{"pos":[-751.295715,-110.208725,17.6908665],"rotationMatrix":[-0.762196004,0.647346258,0,-0.647346258,-0.762196004,0,0,0,1],"scale":1.22786021,"type":"eca_rock_big_narrow"}
{"pos":[-752.765015,-129.80809,16.9553318],"rotationMatrix":[0.931841016,0.362866729,0,-0.362866729,0.931841016,0,0,0,1],"scale":1.01582158,"type":"eca_rock_big_narrow"}
{"pos":[-746.618164,-145.008377,17.0811863],"rotationMatrix":[-0.0631512552,0.99800396,0,-0.99800396,-0.0631512552,0,0,0,1],"scale":1.14718378,"type":"eca_rock_big_narrow"}
{"pos":[-753.163513,-148.960068,16.266922],"rotationMatrix":[-0.804219604,0.594332278,0,-0.594332278,-0.804219604,0,0,0,1],"scale":1.20812106,"type":"eca_rock_big_narrow"}
{"pos":[-660.988525,-81.0746384,16.7291946],"rotationMatrix":[0.611765981,-0.791038811,0,0.791038811,0.611765981,0,0,0,1],"scale":1.15681481,"type":"eca_rock_big_narrow"}
{"pos":[-707.041382,-125.317596,18.546236],"rotationMatrix":[-0.74421972,-0.667934895,0,0.667934895,-0.74421972,0,0,0,1],"scale":1.00410187,"type":"eca_rock_big_narrow"}
{"pos":[-713.384705,-135.427261,17.9442749],"rotationMatrix":[-0.753374994,0.657591164,0,-0.657591164,-0.753374994,0,0,0,1],"scale":1.14909792,"type":"eca_rock_big_narrow"}
{"pos":[-709.348572,-145.428589,16.4336357],"rotationMatrix":[-0.604721665,-0.796436846,0,0.796436846,-0.604721665,0,0,0,1],"scale":1.17667913,"type":"eca_rock_big_narrow"}
{"pos":[-716.611877,-154.28862,16.6505775],"rotationMatrix":[0.967441976,0.253092885,0,-0.253092885,0.967441976,0,0,0,1],"scale":1.21937287,"type":"eca_rock_big_narrow"}
{"pos":[-723.85376,-148.402237,18.8275242],"rotationMatrix":[-0.953906894,-0.3001028,0,0.3001028,-0.953906894,0,0,0,1],"scale":1.18146348,"type":"eca_rock_big_narrow"}
{"pos":[-736.407959,3.17272139,15.4650888],"rotationMatrix":[-0.813150704,0.582053244,0,-0.582053244,-0.813150704,0,0,0,1],"scale":1.05013132,"type":"eca_rock_big_narrow"}
{"pos":[-738.141907,0.929548264,15.4647579],"rotationMatrix":[0.813097417,0.582127631,0,-0.582127631,0.813097417,0,0,0,1],"scale":1.0485431,"type":"eca_rock_big_narrow"}
{"pos":[-737.400452,-31.9633121,18.7052822],"rotationMatrix":[0.960246205,0.279154509,0,-0.279154509,0.960246205,0,0,0,1],"scale":1.15049279,"type":"eca_rock_big_narrow"}
{"pos":[-743.448425,-45.9600677,17.8030853],"rotationMatrix":[-0.280917972,0.959731758,0,-0.959731758,-0.280917972,0,0,0,1],"scale":1.29723597,"type":"eca_rock_big_narrow"}
{"pos":[-738.268555,-39.7702179,18.8207989],"rotationMatrix":[-0.723867774,0.689938724,0,-0.689938724,-0.723867774,0,0,0,1],"scale":1.08520222,"type":"eca_rock_big_narrow"}
{"pos":[-748.142822,-48.0023613,16.8271675],"rotationMatrix":[0.973793983,0.227431804,0,-0.227431804,0.973793983,0,0,0,1],"scale":1.18379283,"type":"eca_rock_big_narrow"}
{"pos":[-740.723816,-57.0065346,18.6972942],"rotationMatrix":[0.302700102,-0.95308584,0,0.95308584,0.302700102,0,0,0,1],"scale":1.28861773,"type":"eca_rock_big_narrow"}
{"pos":[-753.224731,-59.3055992,15.7836008],"rotationMatrix":[-0.821397066,-0.570356786,0,0.570356786,-0.821397066,0,0,0,1],"scale":1.21794438,"type":"eca_rock_big_narrow"}
{"pos":[-743.01239,-63.931366,17.99263],"rotationMatrix":[-0.735811293,-0.677186668,0,0.677186668,-0.735811293,0,0,0,1],"scale":1.28751862,"type":"eca_rock_big_narrow"}
{"pos":[-753.856812,-81.9454727,17.0245342],"rotationMatrix":[-0.910556793,-0.41338405,0,0.41338405,-0.910556793,0,0,0,1],"scale":1.18069494,"type":"eca_rock_big_narrow"}
{"pos":[-755.588684,-90.2461319,16.6409473],"rotationMatrix":[0.991112173,0.133028597,0,-0.133028597,0.991112173,0,0,0,1],"scale":1.11459386,"type":"eca_rock_big_narrow"}
{"pos":[-737.423401,17.2684441,15.7395887],"rotationMatrix":[0.424498111,-0.905428827,0,0.905428827,0.424498111,0,0,0,1],"scale":1.06199253,"type":"eca_rock_big_narrow"}
{"pos":[-744.118347,8.08110905,16.3003559],"rotationMatrix":[0.975924551,-0.218108386,0,0.218108386,0.975924551,0,0,0,1],"scale":1.16726685,"type":"eca_rock_big_narrow"}
{"pos":[-739.645569,13.4054518,15.5401239],"rotationMatrix":[-0.675150454,-0.737680018,0,0.737680018,-0.675150454,0,0,0,1],"scale":1.10289752,"type":"eca_rock_big_narrow"}
{"pos":[-746.783447,-4.02841759,16.3107357],"rotationMatrix":[-0.896995783,-0.442039073,0,0.442039073,-0.896995783,0,0,0,1],"scale":1.06025839,"type":"eca_rock_big_narrow"}
{"pos":[-757.232178,-21.6637993,17.6209564],"rotationMatrix":[-0.664979637,0.746861458,0,-0.746861458,-0.664979637,0,0,0,1],"scale":1.16841102,"type":"eca_rock_big_narrow"}
{"pos":[-754.754578,-29.3105049,16.4489784],"rotationMatrix":[0.576992214,0.816749632,0,-0.816749632,0.576992214,0,0,0,1],"scale":1.02935493,"type":"eca_rock_big_narrow"}
{"pos":[-758.933777,-27.1942539,18.3183136],"rotationMatrix":[0.831361473,0.555732012,0,-0.555732012,0.831361473,0,0,0,1],"scale":1.14806342,"type":"eca_rock_big_narrow"}
{"pos":[-761.861877,-55.7379189,16.2126427],"rotationMatrix":[0.555780172,-0.831329286,0,0.831329286,0.555780172,0,0,0,1],"scale":1.23615253,"type":"eca_rock_big_narrow"}
{"pos":[-774.283386,-89.0987625,17.5001698],"rotationMatrix":[-0.803177595,0.595739722,0,-0.595739722,-0.803177595,0,0,0,1],"scale":1.12248635,"type":"eca_rock_big_narrow"}
{"pos":[-767.629883,-86.7234802,16.5283985],"rotationMatrix":[-0.397707671,0.917512178,0,-0.917512178,-0.397707671,0,0,0,1],"scale":1.06940174,"type":"eca_rock_big_narrow"}
{"pos":[-774.8703,-96.5172958,17.7304516],"rotationMatrix":[-0.863113523,0.505009949,0,-0.505009949,-0.863113523,0,0,0,1],"scale":1.0996207,"type":"eca_rock_big_narrow"}
{"pos":[-727.011963,-172.704559,16.1460114],"rotationMatrix":[0.299058378,0.954234838,0,-0.954234838,0.299058378,0,0,0,1],"scale":1.0597887,"type":"eca_rock_big_narrow"}
{"pos":[-732.222046,-177.070816,16.1115131],"rotationMatrix":[0.164369717,-0.986398816,0,0.986398816,0.164369717,0,0,0,1],"scale":1.20551169,"type":"eca_rock_big_narrow"}
{"pos":[-733.193298,-186.346344,15.8500824],"rotationMatrix":[0.100583896,0.994928598,0,-0.994928598,0.100583896,0,0,0,1],"scale":1.28951859,"type":"eca_rock_big_narrow"}
{"pos":[-741.36438,-198.340714,16.1401005],"rotationMatrix":[0.676065087,0.736841917,0,-0.736841917,0.676065087,0,0,0,1],"scale":1.0633924,"type":"eca_rock_big_narrow"}
{"pos":[-645.893982,-74.8163986,16.3494225],"rotationMatrix":[0.566625297,-0.823975563,0,0.823975563,0.566625297,0,0,0,1],"scale":1.29320049,"type":"eca_rock_big_narrow"}
{"pos":[-651.382935,-81.7177429,16.0015125],"rotationMatrix":[0.419167638,-0.907908857,0,0.907908857,0.419167638,0,0,0,1],"scale":1.01013672,"type":"eca_rock_big_narrow"}
{"pos":[-657.658081,-97.8392487,16.3725128],"rotationMatrix":[0.984100044,0.177615076,0,-0.177615076,0.984100044,0,0,0,1],"scale":1.24730277,"type":"eca_rock_big_narrow"}
{"pos":[-655.838562,-92.892807,16.5525513],"rotationMatrix":[0.160421818,-0.987048566,0,0.987048566,0.160421818,0,0,0,1],"scale":1.01158655,"type":"eca_rock_big_narrow"}
{"pos":[-668.431213,-103.659981,16.4073467],"rotationMatrix":[-0.998713076,-0.0507164784,0,0.0507164784,-0.998713076,0,0,0,1],"scale":1.02852631,"type":"eca_rock_big_narrow"}
{"pos":[-681.843201,-121.148315,16.2200108],"rotationMatrix":[0.504282713,0.863538623,0,-0.863538623,0.504282713,0,0,0,1],"scale":1.06918311,"type":"eca_rock_big_narrow"}
{"pos":[-686.828674,-127.673645,16.3497543],"rotationMatrix":[0.838020921,-0.545638144,0,0.545638144,0.838020921,0,0,0,1],"scale":1.0168643,"type":"eca_rock_big_narrow"}
{"pos":[-699.507446,-131.898773,16.2037754],"rotationMatrix":[0.520461559,0.853885114,0,-0.853885114,0.520461559,0,0,0,1],"scale":1.03127086,"type":"eca_rock_big_narrow"}
{"pos":[-698.137817,-136.860977,16.545927],"rotationMatrix":[-0.649051845,0.760744154,0,-0.760744154,-0.649051845,0,0,0,1],"scale":1.25304234,"type":"eca_rock_big_narrow"}
{"pos":[-704.584778,-155.481735,17.4969444],"rotationMatrix":[0.897763014,-0.440478742,0,0.440478742,0.897763014,0,0,0,1],"scale":1.26070905,"type":"eca_rock_big_narrow"}
{"pos":[-698.008484,-148.090393,18.1590347],"rotationMatrix":[-0.971552134,-0.236825675,0,0.236825675,-0.971552134,0,0,0,1],"scale":1.21086812,"type":"eca_rock_big_narrow"}
{"pos":[-678.264404,-120.864197,16.8256817],"rotationMatrix":[0.89836067,0.439258635,0,-0.439258635,0.89836067,0,0,0,1],"scale":1.24358535,"type":"eca_rock_big_narrow"}
{"pos":[-667.761902,-112.473946,17.412323],"rotationMatrix":[0.891763985,-0.45250082,0,0.45250082,0.891763985,0,0,0,1],"scale":1.07069433,"type":"eca_rock_big_narrow"}
{"pos":[-658.808899,-106.88475,18.3340111],"rotationMatrix":[-0.548205316,0.836343765,0,-0.836343765,-0.548205316,0,0,0,1],"scale":1.23994255,"type":"eca_rock_big_narrow"}
{"pos":[-647.590027,-93.498085,18.4692841],"rotationMatrix":[0.945316076,-0.326155603,0,0.326155603,0.945316076,0,0,0,1],"scale":1.28715444,"type":"eca_rock_big_narrow"}
{"pos":[-643.38739,-81.1074905,16.3847218],"rotationMatrix":[0.448640585,-0.893712282,0,0.893712282,0.448640585,0,0,0,1],"scale":1.03108466,"type":"eca_rock_big_narrow"}
{"pos":[-670.326233,173.068848,17.9120483],"rotationMatrix":[-0.0138678756,0.999903858,0,-0.999903858,-0.0138678756,0,0,0,1],"scale":1.05021238,"type":"eca_rock_big_narrow"}
{"pos":[-687.62854,152.590454,18.7764397],"rotationMatrix":[0.887903929,-0.460028917,0,0.460028917,0.887903929,0,0,0,1],"scale":1.21891797,"type":"eca_rock_big_narrow"}
{"pos":[-689.689026,157.954453,19.457058],"rotationMatrix":[0.997197211,0.0748180747,0,-0.0748180747,0.997197211,0,0,0,1],"scale":1.1048528,"type":"eca_rock_big_narrow"}
{"pos":[-659.997375,110.453171,16.2851601],"rotationMatrix":[-0.684619725,-0.728900433,0,0.728900433,-0.684619725,0,0,0,1],"scale":1.1007911,"type":"eca_rock_big_narrow"}
{"pos":[-668.503174,121.295822,16.2181339],"rotationMatrix":[0.990398228,-0.138243973,0,0.138243973,0.990398228,0,0,0,1],"scale":1.26624119,"type":"eca_rock_big_narrow"}
{"pos":[-672.934204,107.359207,19.0044994],"rotationMatrix":[-0.492058665,0.870562077,0,-0.870562077,-0.492058665,0,0,0,1],"scale":1.06415784,"type":"eca_rock_big_narrow"}
{"pos":[-656.776917,118.423622,17.4340496],"rotationMatrix":[0.814418077,-0.580278516,0,0.580278516,0.814418077,0,0,0,1],"scale":1.19853759,"type":"eca_rock_big_narrow"}
{"pos":[-666.502686,122.047531,16.2638168],"rotationMatrix":[0.994872749,0.101134494,0,-0.101134494,0.994872749,0,0,0,1],"scale":1.13461769,"type":"eca_rock_big_narrow"}
{"pos":[-665.988586,110.228279,16.6731167],"rotationMatrix":[0.158419818,0.987371862,0,-0.987371862,0.158419818,0,0,0,1],"scale":1.17063284,"type":"eca_rock_big_narrow"}
{"pos":[-663.94165,101.476906,16.9601498],"rotationMatrix":[0.861780286,0.507281661,0,-0.507281661,0.861780286,0,0,0,1],"scale":1.19567704,"type":"eca_rock_big_narrow"}
{"pos":[-670.428833,101.362091,18.8917637],"rotationMatrix":[0.179951712,-0.98367542,0,0.98367542,0.179951712,0,0,0,1],"scale":1.24858069,"type":"eca_rock_big_narrow"}
{"pos":[-653.374634,95.2824554,16.3870735],"rotationMatrix":[0.326552242,0.945179164,0,-0.945179164,0.326552242,0,0,0,1],"scale":1.24956536,"type":"eca_rock_big_narrow"}
{"pos":[-654.118896,102.838654,16.475544],"rotationMatrix":[-0.938856304,0.34430927,0,-0.34430927,-0.938856304,0,0,0,1],"scale":1.26283228,"type":"eca_rock_big_narrow"}
{"pos":[-645.558167,84.3440323,16.7112808],"rotationMatrix":[-0.980353892,0.197246701,0,-0.197246701,-0.980353892,0,0,0,1],"scale":1.28604567,"type":"eca_rock_big_narrow"}
{"pos":[-647.520386,89.3583069,16.3851929],"rotationMatrix":[0.856976867,-0.515354812,0,0.515354812,0.856976867,0,0,0,1],"scale":1.16526222,"type":"eca_rock_big_narrow"}
{"pos":[-647.538818,60.0397797,16.2679176],"rotationMatrix":[-0.979961514,-0.19918707,0,0.19918707,-0.979961514,0,0,0,1],"scale":1.18852806,"type":"eca_rock_big_narrow"}
{"pos":[-645.464233,67.310112,16.275423],"rotationMatrix":[0.280719429,-0.959789872,0,0.959789872,0.280719429,0,0,0,1],"scale":1.03251565,"type":"eca_rock_big_narrow"}
{"pos":[-635.792114,58.8836517,17.0083675],"rotationMatrix":[-0.555941045,0.8312217,0,-0.8312217,-0.555941045,0,0,0,1],"scale":1.2330786,"type":"eca_rock_big_narrow"}
{"pos":[-650.301453,51.8960381,18.3213024],"rotationMatrix":[-0.905423343,0.424509764,0,-0.424509764,-0.905423343,0,0,0,1],"scale":1.26255226,"type":"eca_rock_big_narrow"}
{"pos":[-648.101074,45.3409729,17.3465557],"rotationMatrix":[0.98783654,-0.155495986,0,0.155495986,0.98783654,0,0,0,1],"scale":1.08717513,"type":"eca_rock_big_narrow"}
{"pos":[-644.289124,48.7018814,15.9982529],"rotationMatrix":[0.725174248,0.688565433,0,-0.688565433,0.725174248,0,0,0,1],"scale":1.11200619,"type":"eca_rock_big_narrow"}
{"pos":[-627.972778,35.6153717,16.8190994],"rotationMatrix":[-0.88462323,-0.466306478,0,0.466306478,-0.88462323,0,0,0,1],"scale":1.06845295,"type":"eca_rock_big_narrow"}
{"pos":[-636.222961,31.2818203,16.2785015],"rotationMatrix":[-0.826726258,-0.562604368,0,0.562604368,-0.826726258,0,0,0,1],"scale":1.0540415,"type":"eca_rock_big_narrow"}
{"pos":[-635.327148,51.3979263,16.9142399],"rotationMatrix":[0.950830102,0.309712976,0,-0.309712976,0.950830102,0,0,0,1],"scale":1.0300144,"type":"eca_rock_big_narrow"}
{"pos":[-624.625793,36.1938972,18.9329529],"rotationMatrix":[-0.531148911,-0.847278476,0,0.847278476,-0.531148911,0,0,0,1],"scale":1.2499156,"type":"eca_rock_big_narrow"}
{"pos":[-624.366028,34.5211411,18.4045506],"rotationMatrix":[0.250127316,-0.968212962,0,0.968212962,0.250127316,0,0,0,1],"scale":1.1882205,"type":"eca_rock_big_narrow"}
{"pos":[-646.755981,24.1560955,19.8063374],"rotationMatrix":[-0.985284269,0.170923695,0,-0.170923695,-0.985284269,0,0,0,1],"scale":1.15571082,"type":"eca_rock_big_narrow"}
{"pos":[-633.923889,36.7853394,15.9100866],"rotationMatrix":[-0.99493438,-0.100526623,0,0.100526623,-0.99493438,0,0,0,1],"scale":1.26149523,"type":"eca_rock_big_narrow"}
{"pos":[-641.367188,41.1645813,16.200573],"rotationMatrix":[-0.99168545,0.12868534,0,-0.12868534,-0.99168545,0,0,0,1],"scale":1.13872457,"type":"eca_rock_big_narrow"}
{"pos":[-633.30603,33.4898033,15.8611746],"rotationMatrix":[-0.797790766,0.60293442,0,-0.60293442,-0.797790766,0,0,0,1],"scale":1.25342953,"type":"eca_rock_big_narrow"}
{"pos":[-624.388855,20.1448803,16.7171497],"rotationMatrix":[0.57511121,0.81807524,0,-0.81807524,0.57511121,0,0,0,1],"scale":1.09556341,"type":"eca_rock_big_narrow"}
{"pos":[-633.444275,18.4950562,16.12714],"rotationMatrix":[-0.669886708,0.742463291,0,-0.742463291,-0.669886708,0,0,0,1],"scale":1.11555386,"type":"eca_rock_big_narrow"}
{"pos":[-619.273804,13.9719753,18.2574577],"rotationMatrix":[-0.299306601,-0.954156995,0,0.954156995,-0.299306601,0,0,0,1],"scale":1.00192487,"type":"eca_rock_big_narrow"}
{"pos":[-636.417969,-2.29701996,19.1084023],"rotationMatrix":[-0.0631369799,0.998004854,0,-0.998004854,-0.0631369799,0,0,0,1],"scale":1.06526482,"type":"eca_rock_big_narrow"}
{"pos":[-639.288696,-6.90489864,20.6812],"rotationMatrix":[-0.491363168,0.870954752,0,-0.870954752,-0.491363168,0,0,0,1],"scale":1.07179475,"type":"eca_rock_big_narrow"}
{"pos":[-632.666382,-21.4826851,18.469635],"rotationMatrix":[0.514196515,0.857672393,0,-0.857672393,0.514196515,0,0,0,1],"scale":1.21845889,"type":"eca_rock_big_narrow"}
{"pos":[-621.42157,-1.23930168,16.4792671],"rotationMatrix":[-0.681252718,-0.732048273,0,0.732048273,-0.681252718,0,0,0,1],"scale":1.14438915,"type":"eca_rock_big_narrow"}
{"pos":[-613.410767,-16.0823021,18.8384514],"rotationMatrix":[0.901183963,-0.433436751,0,0.433436751,0.901183963,0,0,0,1],"scale":1.1091187,"type":"eca_rock_big_narrow"}
{"pos":[-617.427612,-26.976326,17.2550182],"rotationMatrix":[0.257278293,-0.966337323,0,0.966337323,0.257278293,0,0,0,1],"scale":1.04300261,"type":"eca_rock_big_narrow"}
{"pos":[-634.455566,-27.8227062,19.4936237],"rotationMatrix":[-0.647774041,-0.761832535,0,0.761832535,-0.647774041,0,0,0,1],"scale":1.00264633,"type":"eca_rock_big_narrow"}
{"pos":[-628.662415,-18.0628777,16.709137],"rotationMatrix":[-0.66760093,0.744519293,0,-0.744519293,-0.66760093,0,0,0,1],"scale":1.10217071,"type":"eca_rock_big_narrow"}
{"pos":[-688.403198,215.348389,17.4567394],"rotationMatrix":[-0.937017977,0.349281073,0,-0.349281073,-0.937017977,0,0,0,1],"scale":1.02298689,"type":"eca_rock_big_narrow"}
{"pos":[-692.873291,222.575241,18.6434422],"rotationMatrix":[-0.349107832,0.937082529,0,-0.937082529,-0.349107832,0,0,0,1],"scale":1.12583804,"type":"eca_rock_big_narrow"}
{"pos":[-673.979797,229.954727,17.3666821],"rotationMatrix":[-0.700481057,0.713671029,0,-0.713671029,-0.700481057,0,0,0,1],"scale":1.15606165,"type":"eca_rock_big_narrow"}
{"pos":[-671.608948,191.315445,17.9755707],"rotationMatrix":[0.994847953,-0.101378478,0,0.101378478,0.994847953,0,0,0,1],"scale":1.10571003,"type":"eca_rock_big_narrow"}
{"pos":[-679.725891,186.299881,16.9922256],"rotationMatrix":[0.417498648,-0.908677518,0,0.908677518,0.417498648,0,0,0,1],"scale":1.12148666,"type":"eca_rock_big_narrow"}
{"pos":[-684.255127,190.887619,17.2240601],"rotationMatrix":[0.906224489,-0.422796905,0,0.422796905,0.906224489,0,0,0,1],"scale":1.01501417,"type":"eca_rock_big_narrow"}
{"pos":[-695.347351,195.631042,19.510622],"rotationMatrix":[0.974028885,-0.22642377,0,0.22642377,0.974028885,0,0,0,1],"scale":1.19116402,"type":"eca_rock_big_narrow"}
{"pos":[-680.08429,210.007629,16.4014187],"rotationMatrix":[-0.920598567,0.390510291,0,-0.390510291,-0.920598567,0,0,0,1],"scale":1.08952141,"type":"eca_rock_big_narrow"}
{"pos":[-669.158203,197.073608,18.7070923],"rotationMatrix":[0.999995172,-0.00311364932,0,0.00311364932,0.999995172,0,0,0,1],"scale":1.25077486,"type":"eca_rock_big_narrow"}
{"pos":[-670.196228,181.533157,18.2543354],"rotationMatrix":[0.99926585,-0.0383120403,0,0.0383120403,0.99926585,0,0,0,1],"scale":1.04102111,"type":"eca_rock_big_narrow"}
{"pos":[-673.45636,172.965195,16.6544075],"rotationMatrix":[0.310186028,0.950675905,0,-0.950675905,0.310186028,0,0,0,1],"scale":1.28890419,"type":"eca_rock_big_narrow"}
{"pos":[-668.92627,182.419342,18.0636024],"rotationMatrix":[-0.749818683,-0.661643326,0,0.661643326,-0.749818683,0,0,0,1],"scale":1.07487929,"type":"eca_rock_big_narrow"}
{"pos":[-666.854919,179.227783,19.0651779],"rotationMatrix":[-0.954113722,0.299444497,0,-0.299444497,-0.954113722,0,0,0,1],"scale":1.09892941,"type":"eca_rock_big_narrow"}
{"pos":[-676.581604,176.595184,16.8286209],"rotationMatrix":[0.829790294,-0.558075368,0,0.558075368,0.829790294,0,0,0,1],"scale":1.11644065,"type":"eca_rock_big_narrow"}
{"pos":[-678.656677,148.721725,17.0318089],"rotationMatrix":[0.489395499,0.872061968,0,-0.872061968,0.489395499,0,0,0,1],"scale":1.0639782,"type":"eca_rock_big_narrow"}
{"pos":[-681.947266,172.565674,16.9684467],"rotationMatrix":[-0.70751518,-0.706698179,0,0.706698179,-0.70751518,0,0,0,1],"scale":1.20220447,"type":"eca_rock_big_narrow"}
{"pos":[-672.472107,134.931824,16.5002651],"rotationMatrix":[-0.922293723,0.386489749,0,-0.386489749,-0.922293723,0,0,0,1],"scale":1.11196017,"type":"eca_rock_big_narrow"}
{"pos":[-666.898926,139.324371,16.7174873],"rotationMatrix":[0.652853668,0.757484019,0,-0.757484019,0.652853668,0,0,0,1],"scale":1.27657771,"type":"eca_rock_big_narrow"}
{"pos":[-673.184265,133.646561,16.5125103],"rotationMatrix":[0.804702938,0.59367764,0,-0.59367764,0.804702938,0,0,0,1],"scale":1.26627088,"type":"eca_rock_big_narrow"}
{"pos":[-601.084717,324.897522,16.0477734],"rotationMatrix":[0.997478485,-0.0709693879,0,0.0709693879,0.997478485,0,0,0,1],"scale":1.10231233,"type":"eca_rock_big_narrow"}
{"pos":[-598.1427,324.150055,16.3774338],"rotationMatrix":[-0.361809969,-0.932251871,0,0.932251871,-0.361809969,0,0,0,1],"scale":1.07179451,"type":"eca_rock_big_narrow"}
{"pos":[-597.095947,332.266052,16.8957939],"rotationMatrix":[-0.686360717,0.727261305,0,-0.727261305,-0.686360717,0,0,0,1],"scale":1.08719718,"type":"eca_rock_big_narrow"}
{"pos":[-602.984985,335.85675,17.7937508],"rotationMatrix":[0.778251708,-0.627952456,0,0.627952456,0.778251708,0,0,0,1],"scale":1.23469591,"type":"eca_rock_big_narrow"}
{"pos":[-601.338806,330.866455,16.7200451],"rotationMatrix":[-0.82227993,-0.569083214,0,0.569083214,-0.82227993,0,0,0,1],"scale":1.04879105,"type":"eca_rock_big_narrow"}
{"pos":[-611.084534,334.923828,17.9458599],"rotationMatrix":[0.215198591,-0.976570308,0,0.976570308,0.215198591,0,0,0,1],"scale":1.14472437,"type":"eca_rock_big_narrow"}
{"pos":[-600.946777,311.840912,18.3422356],"rotationMatrix":[-0.321446896,-0.946927607,0,0.946927607,-0.321446896,0,0,0,1],"scale":1.12440515,"type":"eca_rock_big_narrow"}
{"pos":[-613.532043,330.855072,17.6633797],"rotationMatrix":[0.589289725,0.807921767,0,-0.807921767,0.589289725,0,0,0,1],"scale":1.11493957,"type":"eca_rock_big_narrow"}
{"pos":[-609.479736,314.246216,16.4759445],"rotationMatrix":[-0.356758863,0.934196532,0,-0.934196532,-0.356758863,0,0,0,1],"scale":1.14450908,"type":"eca_rock_big_narrow"}
{"pos":[-622.189453,330.656982,18.3063927],"rotationMatrix":[0.801081896,0.59855479,0,-0.59855479,0.801081896,0,0,0,1],"scale":1.13403451,"type":"eca_rock_big_narrow"}
{"pos":[-616.832764,312.523376,16.3008709],"rotationMatrix":[-0.810083985,0.586313844,0,-0.586313844,-0.810083985,0,0,0,1],"scale":1.01377904,"type":"eca_rock_big_narrow"}
{"pos":[-604.297058,327.96701,16.2926044],"rotationMatrix":[0.262818843,0.964845181,0,-0.964845181,0.262818843,0,0,0,1],"scale":1.22170854,"type":"eca_rock_big_narrow"}
{"pos":[-614.669434,327.67984,16.8676624],"rotationMatrix":[0.384975821,-0.922926664,0,0.922926664,0.384975821,0,0,0,1],"scale":1.0647707,"type":"eca_rock_big_narrow"}
{"pos":[-626.96521,307.4888,16.6296101],"rotationMatrix":[0.337344378,-0.941381335,0,0.941381335,0.337344378,0,0,0,1],"scale":1.22249818,"type":"eca_rock_big_narrow"}
{"pos":[-629.360352,303.577209,16.6854305],"rotationMatrix":[0.265540034,0.964099824,0,-0.964099824,0.265540034,0,0,0,1],"scale":1.25110173,"type":"eca_rock_big_narrow"}
{"pos":[-644.342529,301.732819,16.6275501],"rotationMatrix":[0.899873674,-0.43615061,0,0.43615061,0.899873674,0,0,0,1],"scale":1.25621462,"type":"eca_rock_big_narrow"}
{"pos":[-634.24823,304.208557,16.4952335],"rotationMatrix":[-0.860766649,0.508999825,0,-0.508999825,-0.860766649,0,0,0,1],"scale":1.06049967,"type":"eca_rock_big_narrow"}
{"pos":[-636.646118,295.594116,17.1710835],"rotationMatrix":[0.855592549,-0.517649829,0,0.517649829,0.855592549,0,0,0,1],"scale":1.25417447,"type":"eca_rock_big_narrow"}
{"pos":[-651.919678,296.87851,16.7626762],"rotationMatrix":[-0.994879663,-0.1010665,0,0.1010665,-0.994879663,0,0,0,1],"scale":1.0502305,"type":"eca_rock_big_narrow"}
{"pos":[-657.50354,281.849304,16.1776562],"rotationMatrix":[-0.198638931,-0.980072737,0,0.980072737,-0.198638931,0,0,0,1],"scale":1.23084903,"type":"eca_rock_big_narrow"}
{"pos":[-661.751221,292.087952,17.2239017],"rotationMatrix":[-0.450766802,0.892641723,0,-0.892641723,-0.450766802,0,0,0,1],"scale":1.07034624,"type":"eca_rock_big_narrow"}
{"pos":[-657.329468,297.259888,17.1293182],"rotationMatrix":[0.424724966,-0.905322433,0,0.905322433,0.424724966,0,0,0,1],"scale":1.26862121,"type":"eca_rock_big_narrow"}
{"pos":[-668.383728,268.139404,16.3023911],"rotationMatrix":[-0.432118207,0.901816964,0,-0.901816964,-0.432118207,0,0,0,1],"scale":1.04959869,"type":"eca_rock_big_narrow"}
{"pos":[-661.991272,270.472473,16.6186848],"rotationMatrix":[-0.811322212,-0.584599197,0,0.584599197,-0.811322212,0,0,0,1],"scale":1.23073578,"type":"eca_rock_big_narrow"}
{"pos":[-678.357483,262.578796,16.834095],"rotationMatrix":[-0.220356911,0.975419283,0,-0.975419283,-0.220356911,0,0,0,1],"scale":1.16089571,"type":"eca_rock_big_narrow"}
{"pos":[-662.674377,256.184662,18.5780334],"rotationMatrix":[-0.332863182,0.942975104,0,-0.942975104,-0.332863182,0,0,0,1],"scale":1.0070889,"type":"eca_rock_big_narrow"}
{"pos":[-801.776367,93.032547,17.4567127],"rotationMatrix":[0.907572627,-0.419895172,0,0.419895172,0.907572627,0,0,0,1],"scale":1.16022122,"type":"eca_rock_big_narrow"}
{"pos":[-804.319336,109.521103,20.5440636],"rotationMatrix":[-0.498883277,0.866669178,0,-0.866669178,-0.498883277,0,0,0,1],"scale":1.18072987,"type":"eca_rock_big_narrow"}
{"pos":[-839.215759,93.4871674,19.4042625],"rotationMatrix":[0.262472212,-0.964939535,0,0.964939535,0.262472212,0,0,0,1],"scale":1.06323826,"type":"eca_rock_big_narrow"}
{"pos":[-829.95343,113.024765,16.596756],"rotationMatrix":[0.994675577,0.103055589,0,-0.103055589,0.994675577,0,0,0,1],"scale":1.21990895,"type":"eca_rock_big_narrow"}
{"pos":[-826.395691,100.672501,15.5355139],"rotationMatrix":[-0.941334069,0.337476224,0,-0.337476224,-0.941334069,0,0,0,1],"scale":1.07270265,"type":"eca_rock_big_narrow"}
{"pos":[-805.071838,77.7476959,15.6772842],"rotationMatrix":[-0.984134316,-0.177425116,0,0.177425116,-0.984134316,0,0,0,1],"scale":1.04867578,"type":"eca_rock_big_narrow"}
{"pos":[-812.220581,91.4119873,15.8354654],"rotationMatrix":[-0.277269095,-0.960792303,0,0.960792303,-0.277269095,0,0,0,1],"scale":1.03731322,"type":"eca_rock_big_narrow"}
{"pos":[-812.908203,84.3287964,15.8516226],"rotationMatrix":[0.172570869,-0.984997094,0,0.984997094,0.172570869,0,0,0,1],"scale":1.10929906,"type":"eca_rock_big_narrow"}
{"pos":[-823.625366,98.6478653,15.390358],"rotationMatrix":[0.15059939,0.98859489,0,-0.98859489,0.15059939,0,0,0,1],"scale":1.09141481,"type":"eca_rock_big_narrow"}
{"pos":[-815.79895,93.8291779,15.9688644],"rotationMatrix":[-0.896434724,0.443175763,0,-0.443175763,-0.896434724,0,0,0,1],"scale":1.07818222,"type":"eca_rock_big_narrow"}
{"pos":[-810.259277,84.5273819,15.8698778],"rotationMatrix":[-0.79836756,0.602170467,0,-0.602170467,-0.79836756,0,0,0,1],"scale":1.12868214,"type":"eca_rock_big_narrow"}
{"pos":[-826.483398,69.3172531,21.6989536],"rotationMatrix":[0.534312367,-0.845287085,0,0.845287085,0.534312367,0,0,0,1],"scale":1.14553022,"type":"eca_rock_big_narrow"}
{"pos":[-782.888733,64.7594452,16.1862125],"rotationMatrix":[0.813878775,-0.58103472,0,0.58103472,0.813878775,0,0,0,1],"scale":1.26080418,"type":"eca_rock_big_narrow"}
{"pos":[-806.584045,61.5118103,19.2472706],"rotationMatrix":[0.122111052,-0.992516458,0,0.992516458,0.122111052,0,0,0,1],"scale":1.18135214,"type":"eca_rock_big_narrow"}
{"pos":[-789.536621,53.5912247,18.7956924],"rotationMatrix":[0.948687673,0.316214561,0,-0.316214561,0.948687673,0,0,0,1],"scale":1.0666604,"type":"eca_rock_big_narrow"}
{"pos":[-790.192322,79.0530319,16.3720913],"rotationMatrix":[-0.163291782,-0.986577809,0,0.986577809,-0.163291782,0,0,0,1],"scale":1.12746084,"type":"eca_rock_big_narrow"}
{"pos":[-781.91156,66.1909714,15.7718458],"rotationMatrix":[0.468455851,0.883486927,0,-0.883486927,0.468455851,0,0,0,1],"scale":1.00742161,"type":"eca_rock_big_narrow"}
{"pos":[-798.105652,51.1974487,21.3958397],"rotationMatrix":[0.651756406,0.758428335,0,-0.758428335,0.651756406,0,0,0,1],"scale":1.05975974,"type":"eca_rock_big_narrow"}
{"pos":[-802.465027,72.5975342,16.8117409],"rotationMatrix":[-0.981403768,-0.191954732,0,0.191954732,-0.981403768,0,0,0,1],"scale":1.22301412,"type":"eca_rock_big_narrow"}
{"pos":[-767.769409,73.3786163,17.5413647],"rotationMatrix":[0.114317007,-0.993444324,0,0.993444324,0.114317007,0,0,0,1],"scale":1.23208714,"type":"eca_rock_big_narrow"}
{"pos":[-789.075378,76.2139435,16.40238],"rotationMatrix":[-0.894129932,0.44780767,0,-0.44780767,-0.894129932,0,0,0,1],"scale":1.2106328,"type":"eca_rock_big_narrow"}
{"pos":[-797.305664,55.4628525,19.4632416],"rotationMatrix":[-0.635890782,-0.77177906,0,0.77177906,-0.635890782,0,0,0,1],"scale":1.27682543,"type":"eca_rock_big_narrow"}
{"pos":[-779.250549,57.746666,16.9928684],"rotationMatrix":[0.965563834,0.260166258,0,-0.260166258,0.965563834,0,0,0,1],"scale":1.15461612,"type":"eca_rock_big_narrow"}
{"pos":[-768.841614,71.3368149,17.0588608],"rotationMatrix":[-0.955241621,-0.295826644,0,0.295826644,-0.955241621,0,0,0,1],"scale":1.02269959,"type":"eca_rock_big_narrow"}
{"pos":[-780.493713,66.6904297,15.9545832],"rotationMatrix":[0.275699556,0.961243868,0,-0.961243868,0.275699556,0,0,0,1],"scale":1.14042866,"type":"eca_rock_big_narrow"}
{"pos":[-781.919922,79.0246277,16.8262424],"rotationMatrix":[-0.79861927,-0.601836622,0,0.601836622,-0.79861927,0,0,0,1],"scale":1.29503536,"type":"eca_rock_big_narrow"}
{"pos":[-774.562622,84.5026245,18.155405],"rotationMatrix":[-0.105126373,-0.994458854,0,0.994458854,-0.105126373,0,0,0,1],"scale":1.01668477,"type":"eca_rock_big_narrow"}
{"pos":[-791.576782,63.9501114,16.6139927],"rotationMatrix":[-0.363894582,-0.931440115,0,0.931440115,-0.363894582,0,0,0,1],"scale":1.19177699,"type":"eca_rock_big_narrow"}
{"pos":[-766.271057,84.8339996,18.5752735],"rotationMatrix":[-0.991738439,0.128276542,0,-0.128276542,-0.991738439,0,0,0,1],"scale":1.02504146,"type":"eca_rock_big_narrow"}
{"pos":[-764.808533,54.1498489,16.2284241],"rotationMatrix":[0.854575217,-0.519327641,0,0.519327641,0.854575217,0,0,0,1],"scale":1.12937617,"type":"eca_rock_big_narrow"}
{"pos":[-744.161621,64.3040543,17.8301487],"rotationMatrix":[0.593303204,0.804979026,0,-0.804979026,0.593303204,0,0,0,1],"scale":1.14853776,"type":"eca_rock_big_narrow"}
{"pos":[-743.237305,59.8377609,17.8500957],"rotationMatrix":[0.764235675,0.644937038,0,-0.644937038,0.764235675,0,0,0,1],"scale":1.00389445,"type":"eca_rock_big_narrow"}
{"pos":[-748.248779,41.5949326,14.8154545],"rotationMatrix":[-0.994302928,-0.10659115,0,0.10659115,-0.994302928,0,0,0,1],"scale":1.268049,"type":"eca_rock_big_narrow"}
{"pos":[-739.701538,55.3279724,17.4760895],"rotationMatrix":[-0.562504292,0.826794386,0,-0.826794386,-0.562504292,0,0,0,1],"scale":1.0802654,"type":"eca_rock_big_narrow"}
{"pos":[-768.870178,41.830101,18.1306324],"rotationMatrix":[0.882946789,-0.469473064,0,0.469473064,0.882946789,0,0,0,1],"scale":1.07575202,"type":"eca_rock_big_narrow"}
{"pos":[-745.071411,49.8581581,15.4628267],"rotationMatrix":[-0.46442607,0.885611892,0,-0.885611892,-0.46442607,0,0,0,1],"scale":1.22775292,"type":"eca_rock_big_narrow"}
{"pos":[-732.108276,25.1934547,16.0579662],"rotationMatrix":[-0.716888607,0.697187722,0,-0.697187722,-0.716888607,0,0,0,1],"scale":1.13598943,"type":"eca_rock_big_narrow"}
{"pos":[-725.108765,23.3886395,17.6527443],"rotationMatrix":[-0.277267843,-0.960792661,0,0.960792661,-0.277267843,0,0,0,1],"scale":1.03128779,"type":"eca_rock_big_narrow"}
{"pos":[-754.518005,41.0480881,16.5485878],"rotationMatrix":[0.770718753,-0.6371755,0,0.6371755,0.770718753,0,0,0,1],"scale":1.11808217,"type":"eca_rock_big_narrow"}
{"pos":[-731.328064,34.2829895,16.8385296],"rotationMatrix":[-0.327507526,0.944848597,0,-0.944848597,-0.327507526,0,0,0,1],"scale":1.19390941,"type":"eca_rock_big_narrow"}
{"pos":[-750.642639,32.3860779,17.5133419],"rotationMatrix":[-0.491593391,-0.870824873,0,0.870824873,-0.491593391,0,0,0,1],"scale":1.13181639,"type":"eca_rock_big_narrow"}
{"pos":[-732.051636,13.5694609,15.6344557],"rotationMatrix":[-0.554448247,-0.83221823,0,0.83221823,-0.554448247,0,0,0,1],"scale":1.2984277,"type":"eca_rock_big_narrow"}
{"pos":[-750.015686,29.0239944,18.5755634],"rotationMatrix":[0.515747726,0.856740534,0,-0.856740534,0.515747726,0,0,0,1],"scale":1.17430437,"type":"eca_rock_big_narrow"}
{"pos":[-759.535217,12.6283026,20.0103016],"rotationMatrix":[-0.0945135579,-0.995523572,0,0.995523572,-0.0945135579,0,0,0,1],"scale":1.1045897,"type":"eca_rock_big_narrow"}
{"pos":[-739.426636,2.9452877,15.6537752],"rotationMatrix":[-0.744624376,-0.667483747,0,0.667483747,-0.744624376,0,0,0,1],"scale":1.29409337,"type":"eca_rock_big_narrow"}
{"pos":[-735.957397,14.7119627,15.4561949],"rotationMatrix":[-0.729767919,0.683694959,0,-0.683694959,-0.729767919,0,0,0,1],"scale":1.0911696,"type":"eca_rock_big_narrow"}
{"pos":[-743.423401,45.2399864,15.1102457],"rotationMatrix":[0.9967314,-0.0807865709,0,0.0807865709,0.9967314,0,0,0,1],"scale":1.08669686,"type":"eca_rock_big_narrow"}
{"pos":[-738.24115,43.0598488,15.7954664],"rotationMatrix":[0.998841286,-0.0481257513,0,0.0481257513,0.998841286,0,0,0,1],"scale":1.03349531,"type":"eca_rock_big_narrow"}
{"pos":[-844.080872,221.32869,25.5010796],"rotationMatrix":[-0.508332193,0.861161053,0,-0.861161053,-0.508332193,0,0,0,1],"scale":1.03489661,"type":"eca_rock_big_narrow"}
{"pos":[-859.247986,208.55864,26.2652073],"rotationMatrix":[0.956950843,-0.290250063,0,0.290250063,0.956950843,0,0,0,1],"scale":1.01858401,"type":"eca_rock_big_narrow"}
{"pos":[-859.225525,212.345596,26.3471146],"rotationMatrix":[-0.906775534,-0.421613723,0,0.421613723,-0.906775534,0,0,0,1],"scale":1.26534367,"type":"eca_rock_big_narrow"}
{"pos":[-847.784058,187.579391,25.1837234],"rotationMatrix":[0.570107222,-0.821570277,0,0.821570277,0.570107222,0,0,0,1],"scale":1.23680186,"type":"eca_rock_big_narrow"}
{"pos":[-846.394165,183.431366,25.0779648],"rotationMatrix":[0.863905907,0.503653228,0,-0.503653228,0.863905907,0,0,0,1],"scale":1.08334029,"type":"eca_rock_big_narrow"}
{"pos":[-848.931396,176.030899,25.9793892],"rotationMatrix":[-0.0626529977,0.998035371,0,-0.998035371,-0.0626529977,0,0,0,1],"scale":1.12444186,"type":"eca_rock_big_narrow"}
{"pos":[-837.791748,180.131897,26.1222286],"rotationMatrix":[-0.546435952,-0.83750087,0,0.83750087,-0.546435952,0,0,0,1],"scale":1.07074606,"type":"eca_rock_big_narrow"}
{"pos":[-841.288635,192.5495,25.6293716],"rotationMatrix":[0.507534146,0.861631632,0,-0.861631632,0.507534146,0,0,0,1],"scale":1.02415514,"type":"eca_rock_big_narrow"}
{"pos":[-836.640625,168.671036,25.551424],"rotationMatrix":[0.999909341,-0.0134638613,0,0.0134638613,0.999909341,0,0,0,1],"scale":1.03473175,"type":"eca_rock_big_narrow"}
{"pos":[-849.803406,174.039597,26.1264362],"rotationMatrix":[-0.995876849,-0.0907153711,0,0.0907153711,-0.995876849,0,0,0,1],"scale":1.16949391,"type":"eca_rock_big_narrow"}
{"pos":[-838.622498,167.238754,25.4706841],"rotationMatrix":[0.987264812,0.159085333,0,-0.159085333,0.987264812,0,0,0,1],"scale":1.02000833,"type":"eca_rock_big_narrow"}
{"pos":[-840.585815,147.589203,26.0665951],"rotationMatrix":[-0.545239985,0.838279963,0,-0.838279963,-0.545239985,0,0,0,1],"scale":1.21443963,"type":"eca_rock_big_narrow"}
{"pos":[-831.291321,125.432663,25.7188911],"rotationMatrix":[0.965167463,0.26163283,0,-0.26163283,0.965167463,0,0,0,1],"scale":1.07820845,"type":"eca_rock_big_narrow"}
{"pos":[-835.50592,130.897034,26.1850224],"rotationMatrix":[-0.329268128,0.944236457,0,-0.944236457,-0.329268128,0,0,0,1],"scale":1.08747649,"type":"eca_rock_big_narrow"}
