{"pos":[1.15393817,-27.7981758,251.307404],"rotationMatrix":[-0.729047596,0.682835817,-0.0471591279,0.37399745,0.33970812,-0.862973213,-0.573248804,-0.646786332,-0.503042459],"scale":0.820270061,"type":"eca_rock_big_wide"}
{"pos":[2.78904057,-31.6276741,251.221344],"rotationMatrix":[0.0507130027,0.993346274,0.103392795,0.374046206,0.0770993233,-0.924198687,-0.926021516,0.0855429396,-0.367647648],"scale":0.820270061,"type":"eca_rock_big_wide"}
{"pos":[4.05205345,-32.9805069,251.022812],"rotationMatrix":[-0.684099436,0.72520858,-0.0779673308,0.28891325,0.171270996,-0.941909313,-0.669727504,-0.666886091,-0.326689035],"scale":0.820270061,"type":"eca_rock_big_wide"}
{"pos":[-3.26735663,-26.4770279,250.913635],"rotationMatrix":[-0.961177051,-0.275752425,0.00986847188,-0.130965218,0.424435347,-0.895935774,0.242868483,-0.862446249,-0.444071829],"scale":0.820270061,"type":"eca_rock_big_wide"}
{"pos":[-7.75108051,-28.6114521,251.004272],"rotationMatrix":[-0.747611523,-0.663688779,0.0243288875,-0.29087168,0.294280171,-0.91037941,0.597050011,-0.687687635,-0.413055837],"scale":0.820270061,"type":"eca_rock_big_wide"}
{"pos":[6.33811903,-36.8188744,250.905975],"rotationMatrix":[-0.313000828,0.933897972,0.172809958,0.260861933,0.259489447,-0.929846048,-0.913224518,-0.245963007,-0.324839175],"scale":0.820270061,"type":"eca_rock_big_wide"}
{"pos":[21.8363609,-35.0610085,251.143143],"rotationMatrix":[-0.0104092062,-0.999641716,0.0246175695,-0.44688642,-0.0173729025,-0.894420326,0.894528508,-0.0203112718,-0.446545988],"scale":1.18402743,"type":"eca_rock_big_wide"}
{"pos":[22.2408943,-28.5480328,251.120407],"rotationMatrix":[-0.122373834,-0.992177546,0.0246175658,-0.4460181,0.0328192636,-0.894420207,0.886616826,-0.12043345,-0.446545929],"scale":1.18402743,"type":"eca_rock_big_wide"}
{"pos":[23.9369621,-22.2256203,251.105103],"rotationMatrix":[-0.394583821,-0.918528676,0.0246175621,-0.419107795,0.156069979,-0.894420087,0.817709625,-0.363241374,-0.446545869],"scale":1.18402743,"type":"eca_rock_big_wide"}
{"pos":[27.4707031,-17.1868973,251.117447],"rotationMatrix":[-0.744389057,-0.667290092,0.0246175583,-0.314556926,0.317904234,-0.894419968,0.589012623,-0.67354089,-0.44654581],"scale":1.18402743,"type":"eca_rock_big_wide"}
{"pos":[33.5125771,-14.0582771,251.169006],"rotationMatrix":[-0.992435813,-0.120258242,0.0246175546,-0.0755986124,0.440787911,-0.894419849,0.0967106521,-0.889516771,-0.44654575],"scale":1.18402743,"type":"eca_rock_big_wide"}
{"pos":[40.0697327,-13.788868,251.191238],"rotationMatrix":[-0.999080956,-0.0350403041,0.0246175509,-0.037668176,0.445634604,-0.89441973,0.0203706026,-0.894526601,-0.44654569],"scale":1.18402743,"type":"eca_rock_big_wide"}
{"pos":[36.1389236,4.99787092,249.154556],"rotationMatrix":[0.0348271802,-0.999088883,0.0246175621,-0.445642769,-0.0375731178,-0.894420087,0.89453131,0.0201797262,-0.446545869],"scale":1.18402743,"type":"eca_rock_big_wide"}
{"pos":[43.7008858,5.54509258,250.721832],"rotationMatrix":[-0.0233898219,0.999402523,0.0253848806,-0.479448795,0.0110675227,-0.877497554,-0.877255857,-0.0326954983,0.478904366],"scale":1.18402743,"type":"eca_rock_big_wide"}
{"pos":[33.3255386,9.34336662,249.478836],"rotationMatrix":[0.96526444,-0.260106593,0.0246175509,-0.0949535891,-0.437027395,-0.89441973,0.243403196,0.861015618,-0.44654569],"scale":1.18402743,"type":"eca_rock_big_wide"}
{"pos":[26.8558807,11.0146227,249.478836],"rotationMatrix":[0.96526444,-0.260106593,0.0246175509,-0.0949535891,-0.437027395,-0.89441973,0.243403196,0.861015618,-0.44654569],"scale":1.18402743,"type":"eca_rock_big_wide"}
{"pos":[20.1021271,12.8609772,249.478836],"rotationMatrix":[0.997063339,-0.0724930465,0.0246175472,-0.0104240328,-0.447102249,-0.894419611,0.0758456439,0.891538143,-0.446545631],"scale":1.18402743,"type":"eca_rock_big_wide"}
{"pos":[16.9118576,13.3630943,248.785767],"rotationMatrix":[0.566159844,0.823925495,0.0246175434,0.380617648,-0.234817445,-0.894419491,-0.731156111,0.515755177,-0.446545571],"scale":1.18402743,"type":"eca_rock_big_wide"}
{"pos":[10.9752789,10.2162085,248.892639],"rotationMatrix":[0.998467684,0.0495237559,0.0246175434,0.0441261157,-0.445041478,-0.894419491,-0.0333395228,0.894137084,-0.446545571],"scale":1.18402743,"type":"eca_rock_big_wide"}
{"pos":[4.35117769,9.72882271,248.892639],"rotationMatrix":[0.988327086,0.150331125,0.024617536,0.0889451653,-0.438289523,-0.894419253,-0.123669989,0.886170447,-0.446545452],"scale":1.18402743,"type":"eca_rock_big_wide"}
{"pos":[-2.1796813,11.0174141,248.892639],"rotationMatrix":[0.80710125,-0.589896023,0.0246175323,-0.245793805,-0.373623222,-0.894419134,0.53681308,0.715837896,-0.446545392],"scale":1.18402743,"type":"eca_rock_big_wide"}
{"pos":[-6.98329926,12.1975317,248.892639],"rotationMatrix":[0.996545017,0.0792947933,0.0246175323,0.0573859625,-0.443526506,-0.894419134,-0.060004659,0.892743826,-0.446545392],"scale":1.18402743,"type":"eca_rock_big_wide"}
{"pos":[-11.9525728,12.014308,248.651154],"rotationMatrix":[0.99959892,0.0138368607,0.0246175285,0.0282055084,-0.4463332,-0.894419014,-0.00138859078,0.894756973,-0.446545333],"scale":1.18402743,"type":"eca_rock_big_wide"}
{"pos":[-18.7084484,11.9786005,248.166641],"rotationMatrix":[0.99959892,0.0138368607,0.0246175285,0.0282055084,-0.4463332,-0.894419014,-0.00138859078,0.894756973,-0.446545333],"scale":1.18402743,"type":"eca_rock_big_wide"}
{"pos":[-22.5951385,11.9786005,247.91954],"rotationMatrix":[0.99959892,0.0138368607,0.0246175285,0.0282055084,-0.4463332,-0.894419014,-0.00138859078,0.894756973,-0.446545333],"scale":1.18402743,"type":"eca_rock_big_wide"}
{"pos":[-29.1393147,11.9786005,247.644775],"rotationMatrix":[0.99959892,0.0138368607,0.0246175285,0.0282055084,-0.4463332,-0.894419014,-0.00138859078,0.894756973,-0.446545333],"scale":1.18402743,"type":"eca_rock_big_wide"}
{"pos":[-32.3645859,-22.2201042,248.590332],"rotationMatrix":[-0.959075034,0.17694211,0.221051514,-0.122797832,0.443527073,-0.887806535,-0.255132854,-0.878619134,-0.403648257],"scale":1.18402743,"type":"eca_rock_big_wide"}
{"pos":[-38.3046074,-24.2145214,248.8255],"rotationMatrix":[-0.760231674,-0.64847213,0.0390901901,-0.260778248,0.249504268,-0.932597041,0.595011353,-0.719185233,-0.358788997],"scale":1.18402743,"type":"eca_rock_big_wide"}
{"pos":[-43.5177612,-27.1126537,248.8255],"rotationMatrix":[-0.910723507,-0.411157668,0.0390901864,-0.180996597,0.312246501,-0.932596922,0.371239543,-0.856415153,-0.358788967],"scale":1.18402743,"type":"eca_rock_big_wide"}
{"pos":[-72.5396423,56.5262222,243.425888],"rotationMatrix":[-0.989451051,0.139479056,0.0390901826,0.0139941722,0.360640764,-0.932596803,-0.144175589,-0.92221421,-0.358788937],"scale":2.46178627,"type":"eca_rock_big_wide"}
{"pos":[-85.272934,57.8299675,243.179428],"rotationMatrix":[-0.992666483,-0.119544677,0.0178078525,-0.0678685978,0.429413497,-0.900550246,0.100009434,-0.895157635,-0.434378803],"scale":2.46178627,"type":"eca_rock_big_wide"}
{"pos":[-98.3879776,58.3709869,243.615158],"rotationMatrix":[-0.997240543,0.0720329359,0.0178078506,0.0153019056,0.434474289,-0.900550127,-0.0726065338,-0.897795796,-0.434378743],"scale":2.46178627,"type":"eca_rock_big_wide"}
{"pos":[-112.270851,58.37043,243.615158],"rotationMatrix":[0.995090663,0.0988781899,0.00341319991,-0.0373005345,0.406890273,-0.912710667,-0.0916363671,0.90810585,0.408582687],"scale":2.46178627,"type":"eca_rock_big_wide"}
{"pos":[-121.354233,58.9888268,243.615158],"rotationMatrix":[0.786825597,-0.617160916,0.00341319945,0.254615754,0.319565028,-0.912710547,0.562200606,0.719015896,0.408582628],"scale":2.46178627,"type":"eca_rock_big_wide"}
{"pos":[-132.960281,60.2737541,243.615158],"rotationMatrix":[0.810707092,0.570882916,0.129767463,-0.0937511176,0.345388204,-0.933760107,-0.577890635,0.744843364,0.333531141],"scale":2.46178627,"type":"eca_rock_big_wide"}
{"pos":[-118.992775,158.818344,227.052017],"rotationMatrix":[0.99647826,-0.0788438991,0.0284381099,0.0131710218,-0.187774792,-0.98211956,0.0827743709,0.979039192,-0.186075285],"scale":2.46178627,"type":"eca_rock_big_wide"}
{"pos":[-107.360214,159.450104,224.287704],"rotationMatrix":[0.933382511,0.198222727,-0.299161911,-0.237902164,-0.282353878,-0.929338157,-0.268686622,0.938603461,-0.216387004],"scale":2.46178627,"type":"eca_rock_big_wide"}
{"pos":[-131.252319,160.131302,227.052017],"rotationMatrix":[0.983736515,-0.177334532,0.0284381062,-0.00552673265,-0.188154981,-0.982119441,0.179515153,0.965993524,-0.18607527],"scale":2.46178627,"type":"eca_rock_big_wide"}
{"pos":[-143.456009,161.546127,227.052017],"rotationMatrix":[0.991685927,-0.12547484,0.0284381025,0.00435313256,-0.188185766,-0.982119322,0.128583416,0.974081755,-0.186075255],"scale":2.46178627,"type":"eca_rock_big_wide"}
{"pos":[-157.890015,163.364746,227.052017],"rotationMatrix":[0.973399878,-0.22732681,0.0284380987,-0.0151255671,-0.18762742,-0.982119203,0.228598744,0.955568671,-0.18607524],"scale":2.46178627,"type":"eca_rock_big_wide"}
{"pos":[-169.983459,165.636887,227.052017],"rotationMatrix":[0.973399878,-0.22732681,0.0284380987,-0.0151255671,-0.18762742,-0.982119203,0.228598744,0.955568671,-0.18607524],"scale":2.46178627,"type":"eca_rock_big_wide"}
{"pos":[-182.693405,166.494019,223.737656],"rotationMatrix":[0.99926883,0.0254251212,0.028438095,0.0326667055,-0.185379922,-0.982119083,-0.019698754,0.982334316,-0.186075225],"scale":3.61099195,"type":"eca_rock_big_wide"}
{"pos":[-200.616745,164.608307,223.737656],"rotationMatrix":[-0.998326898,-0.0307149068,0.0489190146,-0.0372684114,-0.30452618,-0.951769471,0.044130858,-0.952004433,0.30287379],"scale":3.61099195,"type":"eca_rock_big_wide"}
{"pos":[-211.524506,164.159912,222.35611],"rotationMatrix":[-0.998142779,0.048306603,-0.0370109268,0.0208067261,-0.300626576,-0.95350945,-0.0571875498,-0.952513337,0.299065053],"scale":3.61099195,"type":"eca_rock_big_wide"}
{"pos":[-227.866837,165.512833,221.096725],"rotationMatrix":[-0.992348015,0.113334805,0.0489189923,-0.0807229504,-0.295987964,-0.951769114,-0.0933895558,-0.948439717,0.302873701],"scale":3.61099195,"type":"eca_rock_big_wide"}
{"pos":[-244.447327,167.716446,220.842148],"rotationMatrix":[0.985085785,-0.163883194,-0.0523381159,0.103448555,0.321190715,0.941340864,-0.137460336,-0.932721674,0.333355367],"scale":3.61099195,"type":"eca_rock_big_wide"}
{"pos":[-255.34317,167.660461,221.238403],"rotationMatrix":[0.997279227,-0.0518234298,-0.0523381159,0.0665924549,0.330802858,0.941340864,-0.0314701498,-0.942270994,0.333355367],"scale":3.61099195,"type":"eca_rock_big_wide"}
{"pos":[-273.918762,166.748322,222.983322],"rotationMatrix":[-0.969148695,-0.226663828,0.0967701972,0.00531288236,-0.411765754,-0.911266923,0.246399522,-0.882644534,0.400269628],"scale":3.61099195,"type":"eca_rock_big_wide"}
{"pos":[-291.431671,167.038101,223.737656],"rotationMatrix":[-0.967427075,0.233903065,0.0967701972,-0.180627882,-0.370071441,-0.911266923,-0.177337289,-0.899069428,0.400269628],"scale":3.61099195,"type":"eca_rock_big_wide"}
{"pos":[-306.826447,171.560379,223.737656],"rotationMatrix":[0.995423794,-0.095503591,-0.000451564731,-0.0335510634,-0.34526509,-0.937897682,0.0894173011,0.933627605,-0.346891344],"scale":3.61099195,"type":"eca_rock_big_wide"}
{"pos":[-337.047729,182.271255,223.737656],"rotationMatrix":[0.912130654,-0.409886658,-0.000451564672,-0.142573074,-0.316238135,-0.937897563,0.384291708,0.855555832,-0.346891314],"scale":3.61099195,"type":"eca_rock_big_wide"}
{"pos":[-307.829193,183.866531,223.303787],"rotationMatrix":[0.658515275,0.752560258,-0.000451564672,0.260779023,-0.228753015,-0.937897563,-0.705932915,0.617506623,-0.346891314],"scale":3.61099195,"type":"eca_rock_big_wide"}
{"pos":[-318.992706,187.749725,222.288361],"rotationMatrix":[0.658515275,0.752560258,-0.000451564672,0.260779023,-0.228753015,-0.937897563,-0.705932915,0.617506623,-0.346891314],"scale":3.61099195,"type":"eca_rock_big_wide"}
{"pos":[-353.296814,190.198563,223.737656],"rotationMatrix":[0.849823594,-0.527056992,-0.000451564614,-0.183192253,-0.294574648,-0.937897444,0.494196057,0.797136128,-0.346891284],"scale":3.61099195,"type":"eca_rock_big_wide"}
{"pos":[-370.716888,199.243347,223.737656],"rotationMatrix":[0.945235431,-0.322628409,0.0492945872,-0.0937071592,-0.41295737,-0.905908346,0.312630653,0.851684093,-0.420577198],"scale":3.61099195,"type":"eca_rock_big_wide"}
{"pos":[-387.516235,207.867828,223.737656],"rotationMatrix":[0.776623428,-0.628193855,0.0470868908,-0.227814108,-0.349755466,-0.908711255,0.587320387,0.695005059,-0.41474241],"scale":3.61099195,"type":"eca_rock_big_wide"}
{"pos":[-403.095551,220.562149,221.6754],"rotationMatrix":[0.811973035,-0.581782341,0.0470868759,-0.207006484,-0.362458825,-0.908711016,0.545743525,0.72810775,-0.414742291],"scale":3.61099195,"type":"eca_rock_big_wide"}
{"pos":[-296.774231,195.115448,229.224777],"rotationMatrix":[-0.970052898,0.23390305,-0.0653985068,-0.0266282707,-0.370071411,-0.928614318,-0.241409406,-0.899069369,0.365220129],"scale":3.61099195,"type":"eca_rock_big_wide"}
{"pos":[-280.929626,188.880127,230.335052],"rotationMatrix":[-0.914810419,0.403295964,-0.0215448961,-0.136690691,-0.359375328,-0.92312026,-0.380035907,-0.841540694,0.383890122],"scale":3.61099195,"type":"eca_rock_big_wide"}
{"pos":[-272.309479,186.430649,230.335052],"rotationMatrix":[-0.973273396,0.228614122,-0.0215448942,-0.068437472,-0.378353357,-0.923120141,-0.219191357,-0.896979928,0.383890063],"scale":3.61099195,"type":"eca_rock_big_wide"}
{"pos":[-231.016693,187.708176,227.842514],"rotationMatrix":[-0.979857683,-0.198505014,-0.0215448923,0.0957368761,-0.372383356,-0.923120022,0.175222248,-0.90659517,0.383890003],"scale":3.61099195,"type":"eca_rock_big_wide"}
{"pos":[-206.687515,229.952454,240.13121],"rotationMatrix":[-0.999421954,-0.00866486505,0.0327079706,-0.0268265847,-0.386192083,-0.922020018,0.0206209384,-0.922371209,0.385739505],"scale":3.61099195,"type":"eca_rock_big_wide"}
{"pos":[-192.910477,231.225632,240.13121],"rotationMatrix":[-0.98168236,-0.187667206,0.0327079669,0.0428313874,-0.384745955,-0.922019899,0.185618564,-0.903736413,0.385739446],"scale":3.61099195,"type":"eca_rock_big_wide"}
{"pos":[-222.700699,232.245789,240.13121],"rotationMatrix":[-0.955887616,0.291886926,0.0327079631,-0.141571462,-0.360307485,-0.92201978,-0.257342458,-0.885984421,0.385739386],"scale":3.61099195,"type":"eca_rock_big_wide"}
{"pos":[-238.284897,237.20282,239.50412],"rotationMatrix":[-0.977394342,0.208852112,0.0327079594,-0.110156551,-0.371119171,-0.92201966,-0.18042852,-0.904786646,0.385739326],"scale":3.61099195,"type":"eca_rock_big_wide"}
{"pos":[-144.133453,222.232086,240.13121],"rotationMatrix":[-0.987508655,0.15409638,0.0327079669,-0.0893177763,-0.37667796,-0.922019899,-0.129760474,-0.91343081,0.385739446],"scale":3.61099195,"type":"eca_rock_big_wide"}
{"pos":[-130.684662,220.35376,240.13121],"rotationMatrix":[-0.998009384,0.0538153648,0.0327079631,-0.0509109125,-0.383760363,-0.92201978,-0.0370670483,-0.921856523,0.385739386],"scale":3.61099195,"type":"eca_rock_big_wide"}
{"pos":[-116.406288,221.18399,239.577454],"rotationMatrix":[0.972924411,0.228660032,-0.0334717594,0.0682396591,-0.422640502,-0.903715432,-0.220792025,0.876970112,-0.426804096],"scale":3.61099195,"type":"eca_rock_big_wide"}
{"pos":[-160.926773,228.907364,239.520203],"rotationMatrix":[-0.804799795,0.592634857,0.0327079594,-0.253145009,-0.292884767,-0.92201966,-0.536845326,-0.750326812,0.385739326],"scale":3.61099195,"type":"eca_rock_big_wide"}
{"pos":[-59.2579231,54.9115219,243.425888],"rotationMatrix":[-0.992917836,0.0646415576,0.0996548831,-0.0698662773,0.360671401,-0.930069208,-0.0960640311,-0.9304474,-0.353601515],"scale":2.46178627,"type":"eca_rock_big_wide"}
{"pos":[-45.6688499,53.2787514,242.795227],"rotationMatrix":[-0.979628563,0.174333185,0.0996548682,-0.0294458978,0.36619404,-0.930069089,-0.198635474,-0.914059341,-0.353601485],"scale":2.46178627,"type":"eca_rock_big_wide"}
{"pos":[-32.6420822,51.0194511,242.795227],"rotationMatrix":[-0.979628563,0.174333185,0.0996548682,-0.0294458978,0.36619404,-0.930069089,-0.198635474,-0.914059341,-0.353601485],"scale":2.46178627,"type":"eca_rock_big_wide"}
