{"pos":[21.6194592,-21.7882843,250.941071],"rotationMatrix":[-0.853072464,0.521792173,0,-0.521792173,-0.853072464,0,0,0,0.999999881],"scale":0.891482115,"type":"eca_rock_small_4"}
{"pos":[20.7324066,-31.6259613,252.021484],"rotationMatrix":[-0.782480121,-0.622675359,0,0.622675359,-0.782480121,0,0,0,0.999999881],"scale":0.763724744,"type":"eca_rock_small_4"}
{"pos":[35.494278,-13.0212402,251.185638],"rotationMatrix":[0.999589145,-0.0286597088,0,0.0286597088,0.999589145,0,0,0,0.999999881],"scale":0.916071713,"type":"eca_rock_small_4"}
{"pos":[3.74891448,-30.9439888,251.965912],"rotationMatrix":[0.99351728,0.113680422,0,-0.113680422,0.99351728,0,0,0,0.999999881],"scale":0.824745297,"type":"eca_rock_small_4"}
{"pos":[3.59686089,-28.9181271,251.809479],"rotationMatrix":[0.444785535,0.895637155,0,-0.895637155,0.444785535,0,0,0,0.999999881],"scale":0.710259616,"type":"eca_rock_small_4"}
{"pos":[3.88498902,-29.3492432,251.819473],"rotationMatrix":[0.893062532,0.449932575,0,-0.449932575,0.893062532,0,0,0,0.999999881],"scale":0.900816679,"type":"eca_rock_small_4"}
{"pos":[-13.4298897,-38.5242043,252.655777],"rotationMatrix":[-0.165162653,0.986266255,0,-0.986266255,-0.165162653,0,0,0,0.999999881],"scale":0.734401047,"type":"eca_rock_small_4"}
{"pos":[226.118652,45.1289406,252.356308],"rotationMatrix":[-0.973482966,-0.228759214,0,0.228759214,-0.973482966,0,0,0,0.999999881],"scale":1.17478883,"type":"eca_rock_small_4"}
{"pos":[-728.754822,350.701996,232.840454],"rotationMatrix":[0.88912791,0.457658738,0,-0.457658738,0.88912791,0,0,0,0.999999881],"scale":1.27733564,"type":"eca_rock_small_4"}
{"pos":[-726.539429,350.771088,232.929321],"rotationMatrix":[-0.409545094,0.912289739,0,-0.912289739,-0.409545094,0,0,0,0.999999881],"scale":0.70531565,"type":"eca_rock_small_4"}
{"pos":[-725.89093,351.540955,232.988312],"rotationMatrix":[0.724406719,-0.689372659,0,0.689372659,0.724406719,0,0,0,0.999999881],"scale":0.751226306,"type":"eca_rock_small_4"}
{"pos":[-357.592041,160.397156,232.074142],"rotationMatrix":[-0.251373857,-0.967889965,0,0.967889965,-0.251373857,0,0,0,0.999999881],"scale":0.89959389,"type":"eca_rock_small_4"}
{"pos":[-43.6697922,124.144882,231.464508],"rotationMatrix":[0.99771142,0.0676147267,0,-0.0676147267,0.99771142,0,0,0,0.999999881],"scale":1.19104517,"type":"eca_rock_small_4"}
{"pos":[0.443678141,115.466888,233.518036],"rotationMatrix":[-0.27921766,0.960227728,0,-0.960227728,-0.27921766,0,0,0,0.999999881],"scale":0.740978062,"type":"eca_rock_small_4"}
{"pos":[110.877518,171.709824,230.919937],"rotationMatrix":[-0.972068965,0.234695375,0,-0.234695375,-0.972068965,0,0,0,0.999999881],"scale":0.769213617,"type":"eca_rock_small_4"}
{"pos":[291.932556,237.904724,252.445328],"rotationMatrix":[0.411535949,0.911393523,0,-0.911393523,0.411535949,0,0,0,0.999999881],"scale":1.08360338,"type":"eca_rock_small_4"}
{"pos":[291.088562,232.872162,253.656647],"rotationMatrix":[-0.644419372,-0.764672279,0,0.764672279,-0.644419372,0,0,0,0.999999881],"scale":0.729385078,"type":"eca_rock_small_4"}
{"pos":[291.851868,241.762497,251.960327],"rotationMatrix":[0.943222463,-0.332161576,0,0.332161576,0.943222463,0,0,0,0.999999881],"scale":0.940489948,"type":"eca_rock_small_4"}
{"pos":[309.635712,244.087357,254.744171],"rotationMatrix":[0.23635821,0.971666038,0,-0.971666038,0.23635821,0,0,0,0.999999881],"scale":1.1588608,"type":"eca_rock_small_4"}
{"pos":[311.537994,245.336029,255.074493],"rotationMatrix":[0.920067608,-0.391759396,0,0.391759396,0.920067608,0,0,0,0.999999881],"scale":1.11850429,"type":"eca_rock_small_4"}
{"pos":[308.640198,242.110046,254.658829],"rotationMatrix":[0.379611939,0.925145805,0,-0.925145805,0.379611939,0,0,0,0.999999881],"scale":0.722898543,"type":"eca_rock_small_4"}
{"pos":[307.647003,239.644012,254.639542],"rotationMatrix":[-0.99944973,0.0331661291,0,-0.0331661291,-0.99944973,0,0,0,0.999999881],"scale":0.798022866,"type":"eca_rock_small_4"}
{"pos":[314.002167,240.921875,255.746918],"rotationMatrix":[0.922233403,-0.386633456,0,0.386633456,0.922233403,0,0,0,0.999999881],"scale":1.15061533,"type":"eca_rock_small_4"}
{"pos":[310.120392,239.689133,255.003738],"rotationMatrix":[-0.999383867,-0.0350955464,0,0.0350955464,-0.999383867,0,0,0,0.999999881],"scale":1.0339607,"type":"eca_rock_small_4"}
{"pos":[310.256073,240.064377,255.031296],"rotationMatrix":[0.531521499,0.847044826,0,-0.847044826,0.531521499,0,0,0,0.999999881],"scale":0.828750551,"type":"eca_rock_small_4"}
{"pos":[309.205353,212.711151,263.708954],"rotationMatrix":[-0.135264128,-0.9908095,0,0.9908095,-0.135264128,0,0,0,0.999999881],"scale":0.975525379,"type":"eca_rock_small_4"}
{"pos":[311.929535,217.866241,263.954559],"rotationMatrix":[0.499486655,-0.866321445,0,0.866321445,0.499486655,0,0,0,0.999999881],"scale":1.12944663,"type":"eca_rock_small_4"}
{"pos":[314.959717,214.244614,263.952759],"rotationMatrix":[-0.798556685,-0.601919353,0,0.601919353,-0.798556685,0,0,0,0.999999881],"scale":1.18688941,"type":"eca_rock_small_4"}
{"pos":[286.43988,218.228424,250.595901],"rotationMatrix":[0.75518018,0.65551722,0,-0.65551722,0.75518018,0,0,0,0.999999881],"scale":1.08972454,"type":"eca_rock_small_4"}
{"pos":[285.700714,212.669022,250.497879],"rotationMatrix":[0.652397811,0.757876694,0,-0.757876694,0.652397811,0,0,0,0.999999881],"scale":1.10402095,"type":"eca_rock_small_4"}
{"pos":[283.794952,214.77095,250.586563],"rotationMatrix":[0.929304898,0.36931327,0,-0.36931327,0.929304898,0,0,0,0.999999881],"scale":1.01212227,"type":"eca_rock_small_4"}
{"pos":[282.420013,231.163315,250.301514],"rotationMatrix":[-0.653240263,-0.75715071,0,0.75715071,-0.653240263,0,0,0,0.999999881],"scale":0.757494569,"type":"eca_rock_small_4"}
{"pos":[282.351807,225.518234,249.93219],"rotationMatrix":[0.0766969621,-0.997054398,0,0.997054398,0.0766969621,0,0,0,0.999999881],"scale":1.11565912,"type":"eca_rock_small_4"}
{"pos":[244.218597,192.266159,251.114746],"rotationMatrix":[0.933204472,-0.359345615,0,0.359345615,0.933204472,0,0,0,0.999999881],"scale":1.11228335,"type":"eca_rock_small_4"}
{"pos":[253.384583,182.127411,251.168625],"rotationMatrix":[0.979990542,-0.199043676,0,0.199043676,0.979990542,0,0,0,0.999999881],"scale":0.817445159,"type":"eca_rock_small_4"}
{"pos":[252.003525,178.693802,251.685501],"rotationMatrix":[0.65305382,-0.757311463,0,0.757311463,0.65305382,0,0,0,0.999999881],"scale":1.0923456,"type":"eca_rock_small_4"}
{"pos":[245.829453,160.620728,253.222504],"rotationMatrix":[-0.441189975,-0.897413611,0,0.897413611,-0.441189975,0,0,0,0.999999881],"scale":1.15843594,"type":"eca_rock_small_4"}
{"pos":[249.911667,158.407333,253.121216],"rotationMatrix":[0.499207795,0.866482317,0,-0.866482317,0.499207795,0,0,0,0.999999881],"scale":0.840042055,"type":"eca_rock_small_4"}
{"pos":[252.875488,161.363876,252.78418],"rotationMatrix":[0.0803855434,-0.996763766,0,0.996763766,0.0803855434,0,0,0,0.999999881],"scale":1.09739065,"type":"eca_rock_small_4"}
{"pos":[250.544769,156.818649,253.179962],"rotationMatrix":[-0.961872458,-0.273498148,0,0.273498148,-0.961872458,0,0,0,0.999999881],"scale":1.26381159,"type":"eca_rock_small_4"}
{"pos":[251.221878,163.93515,252.75383],"rotationMatrix":[-0.782751739,0.622334003,0,-0.622334003,-0.782751739,0,0,0,0.999999881],"scale":0.904360175,"type":"eca_rock_small_4"}
{"pos":[250.981308,149.891632,253.522446],"rotationMatrix":[0.365837336,-0.930678785,0,0.930678785,0.365837336,0,0,0,0.999999881],"scale":1.20763862,"type":"eca_rock_small_4"}
{"pos":[255.462677,158.070847,252.891968],"rotationMatrix":[0.991086006,-0.133222997,0,0.133222997,0.991086006,0,0,0,0.999999881],"scale":0.728302836,"type":"eca_rock_small_4"}
{"pos":[242.477142,156.172546,253.578857],"rotationMatrix":[0.993310511,-0.115473263,0,0.115473263,0.993310511,0,0,0,0.999999881],"scale":1.0633601,"type":"eca_rock_small_4"}
{"pos":[246.646866,162.748779,253.095566],"rotationMatrix":[-0.940472782,-0.339868724,0,0.339868724,-0.940472782,0,0,0,0.999999881],"scale":1.21812034,"type":"eca_rock_small_4"}
{"pos":[246.076767,152.22467,253.58017],"rotationMatrix":[-0.933918536,-0.357485861,0,0.357485861,-0.933918536,0,0,0,0.999999881],"scale":0.712837756,"type":"eca_rock_small_4"}
{"pos":[243.169037,156.913437,253.517609],"rotationMatrix":[0.992408633,0.122983456,0,-0.122983456,0.992408633,0,0,0,0.999999881],"scale":1.22136784,"type":"eca_rock_small_4"}
{"pos":[255.65477,156.75618,252.985992],"rotationMatrix":[-0.918761671,-0.394812375,0,0.394812375,-0.918761671,0,0,0,0.999999881],"scale":0.739251196,"type":"eca_rock_small_4"}
{"pos":[248.943542,156.044449,253.270828],"rotationMatrix":[0.9077999,0.419403523,0,-0.419403523,0.9077999,0,0,0,0.999999881],"scale":1.19361055,"type":"eca_rock_small_4"}
{"pos":[279.629364,132.093063,254.856796],"rotationMatrix":[-0.793513119,0.608552873,0,-0.608552873,-0.793513119,0,0,0,0.999999881],"scale":0.754293382,"type":"eca_rock_small_4"}
{"pos":[279.75,134.832169,254.696869],"rotationMatrix":[-0.650736511,-0.759303629,0,0.759303629,-0.650736511,0,0,0,0.999999881],"scale":0.795348465,"type":"eca_rock_small_4"}
{"pos":[274.32431,129.960114,254.724487],"rotationMatrix":[0.992707014,0.120551229,0,-0.120551229,0.992707014,0,0,0,0.999999881],"scale":1.28955173,"type":"eca_rock_small_4"}
{"pos":[278.118958,126.67791,254.9935],"rotationMatrix":[-0.952927291,-0.303198785,0,0.303198785,-0.952927291,0,0,0,0.999999881],"scale":1.04577267,"type":"eca_rock_small_4"}
{"pos":[277.9375,136.85498,254.480362],"rotationMatrix":[-0.830145359,0.557546854,0,-0.557546854,-0.830145359,0,0,0,0.999999881],"scale":1.25379193,"type":"eca_rock_small_4"}
{"pos":[277.425995,135.178528,254.633041],"rotationMatrix":[-0.969255686,0.246055633,0,-0.246055633,-0.969255686,0,0,0,0.999999881],"scale":0.829136014,"type":"eca_rock_small_4"}
{"pos":[272.956848,126.901428,254.741241],"rotationMatrix":[0.794156671,-0.607712984,0,0.607712984,0.794156671,0,0,0,0.999999881],"scale":0.759792924,"type":"eca_rock_small_4"}
{"pos":[226.211533,191.636917,253.478439],"rotationMatrix":[0.719600141,-0.694388568,0,0.694388568,0.719600141,0,0,0,0.999999881],"scale":1.07266772,"type":"eca_rock_small_4"}
{"pos":[222.213318,193.677246,253.84375],"rotationMatrix":[0.0603686981,0.998176038,0,-0.998176038,0.0603686981,0,0,0,0.999999881],"scale":0.742062449,"type":"eca_rock_small_4"}
{"pos":[224.888535,192.11557,253.614792],"rotationMatrix":[-0.133762479,0.991013288,0,-0.991013288,-0.133762479,0,0,0,0.999999881],"scale":0.744769096,"type":"eca_rock_small_4"}
{"pos":[225.802292,189.635803,253.502594],"rotationMatrix":[0.0425497852,-0.999094248,0,0.999094248,0.0425497852,0,0,0,0.999999881],"scale":1.12739134,"type":"eca_rock_small_4"}
{"pos":[225.789352,188.108444,253.570679],"rotationMatrix":[-0.556656897,0.8307423,0,-0.8307423,-0.556656897,0,0,0,0.999999881],"scale":1.19504476,"type":"eca_rock_small_4"}
{"pos":[222.638641,190.269058,253.788879],"rotationMatrix":[0.950308263,0.311310261,0,-0.311310261,0.950308263,0,0,0,0.999999881],"scale":1.26823354,"type":"eca_rock_small_4"}
{"pos":[227.77002,189.255249,253.351456],"rotationMatrix":[0.739390016,-0.673277259,0,0.673277259,0.739390016,0,0,0,0.999999881],"scale":0.856340408,"type":"eca_rock_small_4"}
{"pos":[225.488373,193.531006,253.516357],"rotationMatrix":[-0.999943137,0.0106555261,0,-0.0106555261,-0.999943137,0,0,0,0.999999881],"scale":0.744445145,"type":"eca_rock_small_4"}
{"pos":[220.623123,191.45459,253.917862],"rotationMatrix":[0.767101705,0.641525507,0,-0.641525507,0.767101705,0,0,0,0.999999881],"scale":0.706698596,"type":"eca_rock_small_4"}
{"pos":[229.837006,189.108505,253.126465],"rotationMatrix":[-0.999380052,0.0352034159,0,-0.0352034159,-0.999380052,0,0,0,0.999999881],"scale":0.859883785,"type":"eca_rock_small_4"}
{"pos":[240.59523,124.083473,254.290863],"rotationMatrix":[-0.92385298,0.382747501,0,-0.382747501,-0.92385298,0,0,0,0.999999881],"scale":1.15778613,"type":"eca_rock_small_4"}
{"pos":[244.533936,117.842918,254.226532],"rotationMatrix":[-0.11100477,0.993819773,0,-0.993819773,-0.11100477,0,0,0,0.999999881],"scale":1.25344634,"type":"eca_rock_small_4"}
{"pos":[242.700806,124.508484,254.233276],"rotationMatrix":[0.999545574,0.0301418565,0,-0.0301418565,0.999545574,0,0,0,0.999999881],"scale":0.70739305,"type":"eca_rock_small_4"}
{"pos":[246.107605,118.493301,254.224014],"rotationMatrix":[-0.732463837,-0.680805743,0,0.680805743,-0.732463837,0,0,0,0.999999881],"scale":0.717310905,"type":"eca_rock_small_4"}
{"pos":[241.313431,122.793739,254.273239],"rotationMatrix":[0.876664281,0.481102526,0,-0.481102526,0.876664281,0,0,0,0.999999881],"scale":1.17185307,"type":"eca_rock_small_4"}
{"pos":[238.177704,124.625496,254.315384],"rotationMatrix":[-0.651965201,0.758248627,0,-0.758248627,-0.651965201,0,0,0,0.999999881],"scale":0.809482276,"type":"eca_rock_small_4"}
{"pos":[240.857208,123.055374,254.280502],"rotationMatrix":[-0.362449884,0.93200314,0,-0.93200314,-0.362449884,0,0,0,0.999999881],"scale":0.753463924,"type":"eca_rock_small_4"}
{"pos":[215.227203,89.2709656,254.240524],"rotationMatrix":[-0.923990488,-0.382415175,0,0.382415175,-0.923990488,0,0,0,0.999999881],"scale":0.727875769,"type":"eca_rock_small_4"}
{"pos":[215.891937,89.6682281,254.254456],"rotationMatrix":[0.620266736,0.784390926,0,-0.784390926,0.620266736,0,0,0,0.999999881],"scale":0.996205211,"type":"eca_rock_small_4"}
{"pos":[212.854782,92.1882706,254.25589],"rotationMatrix":[-0.450010091,0.893023312,0,-0.893023312,-0.450010091,0,0,0,0.999999881],"scale":0.768838763,"type":"eca_rock_small_4"}
{"pos":[213.52626,97.6806335,254.26947],"rotationMatrix":[0.400259972,-0.916401565,0,0.916401565,0.400259972,0,0,0,0.999999881],"scale":1.0603348,"type":"eca_rock_small_4"}
{"pos":[217.407623,87.7894058,254.216202],"rotationMatrix":[-0.241831526,0.970318139,0,-0.970318139,-0.241831526,0,0,0,0.999999881],"scale":1.23931074,"type":"eca_rock_small_4"}
{"pos":[219.525024,94.8801575,254.268295],"rotationMatrix":[0.872925758,-0.487852901,0,0.487852901,0.872925758,0,0,0,0.999999881],"scale":1.13669932,"type":"eca_rock_small_4"}
{"pos":[211.908081,92.8632202,254.233566],"rotationMatrix":[0.064636603,0.997908771,0,-0.997908771,0.064636603,0,0,0,0.999999881],"scale":1.03149366,"type":"eca_rock_small_4"}
{"pos":[221.00415,90.4124985,254.302322],"rotationMatrix":[-0.232873097,-0.97250706,0,0.97250706,-0.232873097,0,0,0,0.999999881],"scale":0.900601864,"type":"eca_rock_small_4"}
{"pos":[198.167587,73.2296677,254.256821],"rotationMatrix":[0.226303369,-0.97405678,0,0.97405678,0.226303369,0,0,0,0.999999881],"scale":1.16620159,"type":"eca_rock_small_4"}
{"pos":[201.220886,78.0557938,254.237274],"rotationMatrix":[-0.998910248,0.0466692969,0,-0.0466692969,-0.998910248,0,0,0,0.999999881],"scale":0.96070087,"type":"eca_rock_small_4"}
{"pos":[197.742493,80.4869232,254.235764],"rotationMatrix":[-0.484735608,0.874660552,0,-0.874660552,-0.484735608,0,0,0,0.999999881],"scale":0.999648988,"type":"eca_rock_small_4"}
{"pos":[198.181839,72.6109085,254.258347],"rotationMatrix":[-0.938193858,0.346109867,0,-0.346109867,-0.938193858,0,0,0,0.999999881],"scale":0.808140159,"type":"eca_rock_small_4"}
{"pos":[200.355515,77.6356583,254.231415],"rotationMatrix":[0.551439941,-0.834214389,0,0.834214389,0.551439941,0,0,0,0.999999881],"scale":0.979876161,"type":"eca_rock_small_4"}
{"pos":[171.698685,62.2325706,254.231689],"rotationMatrix":[0.473197401,0.880956471,0,-0.880956471,0.473197401,0,0,0,0.999999881],"scale":0.838333964,"type":"eca_rock_small_4"}
{"pos":[163.525131,65.4252319,254.263214],"rotationMatrix":[0.474544853,-0.880231202,0,0.880231202,0.474544853,0,0,0,0.999999881],"scale":0.784510076,"type":"eca_rock_small_4"}
{"pos":[168.159546,64.0717773,254.24765],"rotationMatrix":[-0.950320423,0.311273128,0,-0.311273128,-0.950320423,0,0,0,0.999999881],"scale":0.793908358,"type":"eca_rock_small_4"}
{"pos":[168.912521,59.3168793,254.270615],"rotationMatrix":[0.555255711,0.831679702,0,-0.831679702,0.555255711,0,0,0,0.999999881],"scale":0.932727098,"type":"eca_rock_small_4"}
{"pos":[166.031677,60.7431793,254.214478],"rotationMatrix":[0.341129273,0.940016389,0,-0.940016389,0.341129273,0,0,0,0.999999881],"scale":1.26515579,"type":"eca_rock_small_4"}
{"pos":[168.714325,64.0824738,254.228302],"rotationMatrix":[0.706430018,-0.707782686,0,0.707782686,0.706430018,0,0,0,0.999999881],"scale":1.13273835,"type":"eca_rock_small_4"}
{"pos":[162.260605,64.5608139,254.244659],"rotationMatrix":[0.856008589,-0.516961277,0,0.516961277,0.856008589,0,0,0,0.999999881],"scale":1.0554508,"type":"eca_rock_small_4"}
{"pos":[166.169922,59.5946159,254.233017],"rotationMatrix":[0.694243252,0.71974045,0,-0.71974045,0.694243252,0,0,0,0.999999881],"scale":1.1307807,"type":"eca_rock_small_4"}
{"pos":[167.941498,62.5134773,254.23793],"rotationMatrix":[0.594304264,-0.804240048,0,0.804240048,0.594304264,0,0,0,0.999999881],"scale":1.02217269,"type":"eca_rock_small_4"}
{"pos":[156.818222,61.4441261,254.332764],"rotationMatrix":[0.850266635,-0.526351988,0,0.526351988,0.850266635,0,0,0,0.999999881],"scale":0.75784868,"type":"eca_rock_small_4"}
{"pos":[165.936447,59.6383018,254.26683],"rotationMatrix":[-0.781466603,0.623946786,0,-0.623946786,-0.781466603,0,0,0,0.999999881],"scale":0.765666664,"type":"eca_rock_small_4"}
{"pos":[157.333038,62.0316963,254.321365],"rotationMatrix":[-0.630096197,0.776516855,0,-0.776516855,-0.630096197,0,0,0,0.999999881],"scale":0.86840713,"type":"eca_rock_small_4"}
{"pos":[159.126404,59.2099915,254.324997],"rotationMatrix":[0.0689432696,-0.997620463,0,0.997620463,0.0689432696,0,0,0,0.999999881],"scale":0.914205313,"type":"eca_rock_small_4"}
{"pos":[160.755096,60.4572105,254.281052],"rotationMatrix":[-0.63229084,-0.774730921,0,0.774730921,-0.63229084,0,0,0,0.999999881],"scale":1.13123357,"type":"eca_rock_small_4"}
{"pos":[157.797379,66.11409,254.264404],"rotationMatrix":[-0.996572673,0.082720384,0,-0.082720384,-0.996572673,0,0,0,0.999999881],"scale":1.16177034,"type":"eca_rock_small_4"}
{"pos":[155.557175,97.1300659,254.36821],"rotationMatrix":[-0.171330035,0.985213578,0,-0.985213578,-0.171330035,0,0,0,0.999999881],"scale":0.766154945,"type":"eca_rock_small_4"}
{"pos":[155.196167,91.7416153,254.342651],"rotationMatrix":[-0.15898931,-0.98728019,0,0.98728019,-0.15898931,0,0,0,0.999999881],"scale":0.836009145,"type":"eca_rock_small_4"}
{"pos":[152.170166,89.5124283,254.34996],"rotationMatrix":[0.999891818,-0.0147050191,0,0.0147050191,0.999891818,0,0,0,0.999999881],"scale":0.819223344,"type":"eca_rock_small_4"}
{"pos":[148.974747,96.3171692,254.315094],"rotationMatrix":[-0.673864186,0.738855124,0,-0.738855124,-0.673864186,0,0,0,0.999999881],"scale":1.29121768,"type":"eca_rock_small_4"}
{"pos":[143.758911,93.574585,254.337845],"rotationMatrix":[-0.473903924,0.880576432,0,-0.880576432,-0.473903924,0,0,0,0.999999881],"scale":1.25157654,"type":"eca_rock_small_4"}
{"pos":[151.094742,98.885498,254.347733],"rotationMatrix":[-0.478784174,-0.877932489,0,0.877932489,-0.478784174,0,0,0,0.999999881],"scale":1.1487571,"type":"eca_rock_small_4"}
{"pos":[154.438812,94.6624222,254.359451],"rotationMatrix":[0.802235782,-0.597007096,0,0.597007096,0.802235782,0,0,0,0.999999881],"scale":1.18141246,"type":"eca_rock_small_4"}
{"pos":[154.601715,96.6277618,254.356247],"rotationMatrix":[0.21573928,0.97645098,0,-0.97645098,0.21573928,0,0,0,0.999999881],"scale":0.715477645,"type":"eca_rock_small_4"}
{"pos":[148.9077,97.2530289,254.360184],"rotationMatrix":[-0.34647128,0.938060462,0,-0.938060462,-0.34647128,0,0,0,0.999999881],"scale":1.12622142,"type":"eca_rock_small_4"}
{"pos":[151.555191,97.7567368,254.355331],"rotationMatrix":[0.0983990803,-0.99514693,0,0.99514693,0.0983990803,0,0,0,0.999999881],"scale":0.880404472,"type":"eca_rock_small_4"}
{"pos":[142.31897,81.8706741,254.331192],"rotationMatrix":[0.983217418,0.18243733,0,-0.18243733,0.983217418,0,0,0,0.999999881],"scale":1.18132675,"type":"eca_rock_small_4"}
{"pos":[139.866501,83.3029633,254.344101],"rotationMatrix":[-0.932145298,-0.362084419,0,0.362084419,-0.932145298,0,0,0,0.999999881],"scale":0.954882026,"type":"eca_rock_small_4"}
{"pos":[150.37915,81.2236023,254.33812],"rotationMatrix":[0.91975683,0.392488688,0,-0.392488688,0.91975683,0,0,0,0.999999881],"scale":1.27931416,"type":"eca_rock_small_4"}
{"pos":[144.019836,84.3864212,254.354858],"rotationMatrix":[-0.494872481,0.868965447,0,-0.868965447,-0.494872481,0,0,0,0.999999881],"scale":1.16528022,"type":"eca_rock_small_4"}
{"pos":[142.752426,82.8596725,254.357574],"rotationMatrix":[0.0120333219,-0.999927521,0,0.999927521,0.0120333219,0,0,0,0.999999881],"scale":0.978930354,"type":"eca_rock_small_4"}
{"pos":[152.423065,104.179161,254.34729],"rotationMatrix":[0.628117204,0.77811873,0,-0.77811873,0.628117204,0,0,0,0.999999881],"scale":0.882661581,"type":"eca_rock_small_4"}
{"pos":[150.760544,98.3737946,254.337051],"rotationMatrix":[-0.79400903,-0.607905924,0,0.607905924,-0.79400903,0,0,0,0.999999881],"scale":0.898700237,"type":"eca_rock_small_4"}
{"pos":[158.888016,100.806908,254.344467],"rotationMatrix":[0.330235183,-0.943898618,0,0.943898618,0.330235183,0,0,0,0.999999881],"scale":0.771287322,"type":"eca_rock_small_4"}
{"pos":[149.680908,96.8527374,254.344543],"rotationMatrix":[-0.641200244,-0.767373443,0,0.767373443,-0.641200244,0,0,0,0.999999881],"scale":1.06758118,"type":"eca_rock_small_4"}
{"pos":[154.39502,102.828072,254.354935],"rotationMatrix":[-0.565278411,0.824899971,0,-0.824899971,-0.565278411,0,0,0,0.999999881],"scale":1.02759004,"type":"eca_rock_small_4"}
{"pos":[158.240601,103.669296,254.329025],"rotationMatrix":[0.99799633,0.0632714927,0,-0.0632714927,0.99799633,0,0,0,0.999999881],"scale":1.13399267,"type":"eca_rock_small_4"}
{"pos":[151.784241,95.4855804,254.338272],"rotationMatrix":[0.276127756,0.961120903,0,-0.961120903,0.276127756,0,0,0,0.999999881],"scale":0.860430956,"type":"eca_rock_small_4"}
{"pos":[155.442398,133.665253,254.334854],"rotationMatrix":[0.410757869,-0.911744416,0,0.911744416,0.410757869,0,0,0,0.999999881],"scale":1.21895027,"type":"eca_rock_small_4"}
{"pos":[155.967163,133.493469,254.351578],"rotationMatrix":[0.132746279,-0.991149962,0,0.991149962,0.132746279,0,0,0,0.999999881],"scale":1.15353775,"type":"eca_rock_small_4"}
{"pos":[155.498154,134.773544,254.368484],"rotationMatrix":[0.155589923,-0.987821579,0,0.987821579,0.155589923,0,0,0,0.999999881],"scale":0.739844561,"type":"eca_rock_small_4"}
{"pos":[153.116272,134.478912,254.36084],"rotationMatrix":[0.298649877,0.95436269,0,-0.95436269,0.298649877,0,0,0,0.999999881],"scale":0.765271127,"type":"eca_rock_small_4"}
{"pos":[158.179214,135.530823,254.368134],"rotationMatrix":[0.71893245,0.695079923,0,-0.695079923,0.71893245,0,0,0,0.999999881],"scale":0.892707586,"type":"eca_rock_small_4"}
{"pos":[170.399841,143.908432,254.353729],"rotationMatrix":[0.616002738,0.787743986,0,-0.787743986,0.616002738,0,0,0,0.999999881],"scale":1.24453247,"type":"eca_rock_small_4"}
{"pos":[168.71077,147.807297,254.319214],"rotationMatrix":[0.356577247,0.934265852,0,-0.934265852,0.356577247,0,0,0,0.999999881],"scale":1.28918004,"type":"eca_rock_small_4"}
{"pos":[163.674973,147.18277,254.325211],"rotationMatrix":[0.21869117,0.975794137,0,-0.975794137,0.21869117,0,0,0,0.999999881],"scale":1.23769891,"type":"eca_rock_small_4"}
{"pos":[161.654526,149.364685,254.336441],"rotationMatrix":[0.711356223,-0.702831447,0,0.702831447,0.711356223,0,0,0,0.999999881],"scale":1.24400949,"type":"eca_rock_small_4"}
{"pos":[163.26741,149.183594,254.327866],"rotationMatrix":[-0.582279921,0.812988162,0,-0.812988162,-0.582279921,0,0,0,0.999999881],"scale":1.15437722,"type":"eca_rock_small_4"}
{"pos":[165.313522,146.284424,254.353012],"rotationMatrix":[0.153145537,0.988203585,0,-0.988203585,0.153145537,0,0,0,0.999999881],"scale":1.00670791,"type":"eca_rock_small_4"}
{"pos":[209.333649,178.480896,254.309875],"rotationMatrix":[-0.996953189,-0.0780010074,0,0.0780010074,-0.996953189,0,0,0,0.999999881],"scale":1.04535568,"type":"eca_rock_small_4"}
{"pos":[204.931366,181.17981,254.356323],"rotationMatrix":[0.146495685,0.989211261,0,-0.989211261,0.146495685,0,0,0,0.999999881],"scale":0.889220953,"type":"eca_rock_small_4"}
{"pos":[201.317719,178.711411,254.335571],"rotationMatrix":[-0.282407492,0.959294438,0,-0.959294438,-0.282407492,0,0,0,0.999999881],"scale":0.894810677,"type":"eca_rock_small_4"}
{"pos":[206.510284,186.247726,254.344437],"rotationMatrix":[0.981482208,0.191552863,0,-0.191552863,0.981482208,0,0,0,0.999999881],"scale":0.759007454,"type":"eca_rock_small_4"}
{"pos":[208.185501,177.598679,254.357513],"rotationMatrix":[0.246487349,-0.969145894,0,0.969145894,0.246487349,0,0,0,0.999999881],"scale":0.949764609,"type":"eca_rock_small_4"}
{"pos":[204.598404,177.165314,254.328491],"rotationMatrix":[0.974710047,-0.2234727,0,0.2234727,0.974710047,0,0,0,0.999999881],"scale":1.17318964,"type":"eca_rock_small_4"}
{"pos":[207.895554,176.304367,254.363968],"rotationMatrix":[0.629388273,-0.777090907,0,0.777090907,0.629388273,0,0,0,0.999999881],"scale":0.966893971,"type":"eca_rock_small_4"}
{"pos":[208.769241,184.560425,254.360245],"rotationMatrix":[-0.966258347,0.257574558,0,-0.257574558,-0.966258347,0,0,0,0.999999881],"scale":1.07235169,"type":"eca_rock_small_4"}
