{"pos":[21.7694912,-21.1920509,250.68576],"rotationMatrix":[-0.200939193,0.979603589,0,-0.979603589,-0.200939193,0,0,0,0.999999881],"scale":1.27889013,"type":"eca_rock_small_3"}
{"pos":[21.7767735,-22.9712582,251.354446],"rotationMatrix":[-0.979695141,-0.200492695,0,0.200492695,-0.979695141,0,0,0,0.999999881],"scale":1.24825478,"type":"eca_rock_small_3"}
{"pos":[-13.5035353,-38.2895622,252.617645],"rotationMatrix":[-0.168615431,0.985681832,0,-0.985681832,-0.168615431,0,0,0,0.999999881],"scale":0.825916767,"type":"eca_rock_small_3"}
{"pos":[23.8046646,-30.241066,254.24147],"rotationMatrix":[0.90493381,-0.42555204,0,0.42555204,0.90493381,0,0,0,0.999999881],"scale":0.996458113,"type":"eca_rock_small_3"}
{"pos":[-363.51889,163.700073,231.398438],"rotationMatrix":[-0.13106513,0.991373658,0,-0.991373658,-0.13106513,0,0,0,0.999999881],"scale":1.17694128,"type":"eca_rock_small_3"}
{"pos":[-20.0372028,126.399139,232.328094],"rotationMatrix":[-0.952886879,0.303325474,0,-0.303325474,-0.952886879,0,0,0,0.999999881],"scale":1.10165536,"type":"eca_rock_small_3"}
{"pos":[68.3137131,137.920471,232.731186],"rotationMatrix":[0.98704654,-0.16043365,0,0.16043365,0.98704654,0,0,0,0.999999881],"scale":1.19362974,"type":"eca_rock_small_3"}
{"pos":[76.232933,142.616394,234.295959],"rotationMatrix":[0.939556658,-0.3423931,0,0.3423931,0.939556658,0,0,0,0.999999881],"scale":0.870259106,"type":"eca_rock_small_3"}
{"pos":[93.4311066,150.084137,233.251114],"rotationMatrix":[-0.849195421,0.528078616,0,-0.528078616,-0.849195421,0,0,0,0.999999881],"scale":1.01817596,"type":"eca_rock_small_3"}
{"pos":[292.385345,238.160706,252.465378],"rotationMatrix":[0.830524504,-0.556981802,0,0.556981802,0.830524504,0,0,0,0.999999881],"scale":0.815480769,"type":"eca_rock_small_3"}
{"pos":[290.539673,238.138657,252.115524],"rotationMatrix":[0.719486415,0.694506526,0,-0.694506526,0.719486415,0,0,0,0.999999881],"scale":1.15565932,"type":"eca_rock_small_3"}
{"pos":[314.194366,216.89772,263.93988],"rotationMatrix":[-0.324696332,0.945818186,0,-0.945818186,-0.324696332,0,0,0,0.999999881],"scale":1.05917084,"type":"eca_rock_small_3"}
{"pos":[313.625061,217.398331,263.955414],"rotationMatrix":[0.336581081,-0.941654444,0,0.941654444,0.336581081,0,0,0,0.999999881],"scale":0.965296984,"type":"eca_rock_small_3"}
{"pos":[249.103485,181.803558,251.675217],"rotationMatrix":[-0.755139649,-0.655563951,0,0.655563951,-0.755139649,0,0,0,0.999999881],"scale":1.28191245,"type":"eca_rock_small_3"}
{"pos":[249.662231,182.584946,251.512192],"rotationMatrix":[0.0385638475,-0.999256015,0,0.999256015,0.0385638475,0,0,0,0.999999881],"scale":1.20646572,"type":"eca_rock_small_3"}
{"pos":[250.54805,178.521286,251.840973],"rotationMatrix":[0.813065529,0.582172155,0,-0.582172155,0.813065529,0,0,0,0.999999881],"scale":1.0749824,"type":"eca_rock_small_3"}
{"pos":[254.236816,159.037903,252.861526],"rotationMatrix":[0.627860367,0.778325975,0,-0.778325975,0.627860367,0,0,0,0.999999881],"scale":1.07975924,"type":"eca_rock_small_3"}
{"pos":[254.978958,154.20787,253.153381],"rotationMatrix":[-0.916227102,-0.400659323,0,0.400659323,-0.916227102,0,0,0,0.999999881],"scale":1.1138196,"type":"eca_rock_small_3"}
{"pos":[248.826401,159.310074,253.135239],"rotationMatrix":[0.375702649,-0.92674011,0,0.92674011,0.375702649,0,0,0,0.999999881],"scale":0.97599411,"type":"eca_rock_small_3"}
{"pos":[250.050018,154.650024,253.309097],"rotationMatrix":[-0.782949924,-0.622084558,0,0.622084558,-0.782949924,0,0,0,0.999999881],"scale":1.01112819,"type":"eca_rock_small_3"}
{"pos":[269.545868,128.883057,254.528244],"rotationMatrix":[-0.309350699,-0.95094794,0,0.95094794,-0.309350699,0,0,0,0.999999881],"scale":0.980563641,"type":"eca_rock_small_3"}
{"pos":[266.078827,132.957092,254.276077],"rotationMatrix":[-0.215053961,0.976602077,0,-0.976602077,-0.215053961,0,0,0,0.999999881],"scale":1.2930454,"type":"eca_rock_small_3"}
{"pos":[274.196777,131.683365,254.672424],"rotationMatrix":[-0.778019309,0.628240287,0,-0.628240287,-0.778019309,0,0,0,0.999999881],"scale":0.720759869,"type":"eca_rock_small_3"}
{"pos":[277.827454,132.262192,254.796082],"rotationMatrix":[0.243790388,0.96982795,0,-0.96982795,0.243790388,0,0,0,0.999999881],"scale":0.723338902,"type":"eca_rock_small_3"}
{"pos":[269.364624,127.42691,254.558868],"rotationMatrix":[0.0942755938,-0.995546043,0,0.995546043,0.0942755938,0,0,0,0.999999881],"scale":1.20326579,"type":"eca_rock_small_3"}
{"pos":[225.365051,196.88855,253.563934],"rotationMatrix":[0.731674433,0.681654274,0,-0.681654274,0.731674433,0,0,0,0.999999881],"scale":0.719256222,"type":"eca_rock_small_3"}
{"pos":[223.12355,192.065338,253.740952],"rotationMatrix":[-0.999413192,-0.0342496708,0,0.0342496708,-0.999413192,0,0,0,0.999999881],"scale":0.946367323,"type":"eca_rock_small_3"}
{"pos":[220.19754,190.441284,253.9328],"rotationMatrix":[-0.94974196,0.31303376,0,-0.31303376,-0.94974196,0,0,0,0.999999881],"scale":1.03847361,"type":"eca_rock_small_3"}
{"pos":[241.110474,119.633636,254.305542],"rotationMatrix":[-0.999006033,0.0445722081,0,-0.0445722081,-0.999006033,0,0,0,0.999999881],"scale":0.721613705,"type":"eca_rock_small_3"}
{"pos":[213.390945,91.3731918,254.240585],"rotationMatrix":[-0.86064136,0.509211481,0,-0.509211481,-0.86064136,0,0,0,0.999999881],"scale":0.713877499,"type":"eca_rock_small_3"}
{"pos":[204.318085,76.5720062,254.221085],"rotationMatrix":[0.464874625,0.885376513,0,-0.885376513,0.464874625,0,0,0,0.999999881],"scale":1.27774167,"type":"eca_rock_small_3"}
{"pos":[202.095428,76.5285492,254.224838],"rotationMatrix":[-0.618300915,0.785941243,0,-0.785941243,-0.618300915,0,0,0,0.999999881],"scale":1.06219697,"type":"eca_rock_small_3"}
{"pos":[198.581711,73.2947617,254.215149],"rotationMatrix":[0.738399088,-0.674363852,0,0.674363852,0.738399088,0,0,0,0.999999881],"scale":1.19475448,"type":"eca_rock_small_3"}
{"pos":[171.278427,66.8882294,254.233582],"rotationMatrix":[-0.531381845,0.847132266,0,-0.847132266,-0.531381845,0,0,0,0.999999881],"scale":0.915967882,"type":"eca_rock_small_3"}
{"pos":[162.453262,65.7773666,254.253479],"rotationMatrix":[-0.993125021,-0.117057644,0,0.117057644,-0.993125021,0,0,0,0.999999881],"scale":1.02062273,"type":"eca_rock_small_3"}
{"pos":[156.519974,64.75811,254.287003],"rotationMatrix":[0.211371124,0.977405846,0,-0.977405846,0.211371124,0,0,0,0.999999881],"scale":1.25082827,"type":"eca_rock_small_3"}
{"pos":[161.147049,60.1735229,254.279892],"rotationMatrix":[-0.836936355,-0.547300041,0,0.547300041,-0.836936355,0,0,0,0.999999881],"scale":0.866236091,"type":"eca_rock_small_3"}
{"pos":[152.910645,100.873245,254.3358],"rotationMatrix":[-0.247073874,0.968996525,0,-0.968996525,-0.247073874,0,0,0,0.999999881],"scale":0.96173948,"type":"eca_rock_small_3"}
{"pos":[158.148788,94.3582611,254.344437],"rotationMatrix":[0.958848655,-0.283917397,0,0.283917397,0.958848655,0,0,0,0.999999881],"scale":0.88072747,"type":"eca_rock_small_3"}
{"pos":[149.214706,95.319252,254.328568],"rotationMatrix":[-0.335694075,-0.941971004,0,0.941971004,-0.335694075,0,0,0,0.999999881],"scale":1.07651651,"type":"eca_rock_small_3"}
{"pos":[153.291977,101.927071,254.354218],"rotationMatrix":[-0.76409924,0.645098567,0,-0.645098567,-0.76409924,0,0,0,0.999999881],"scale":0.783183217,"type":"eca_rock_small_3"}
{"pos":[157.634964,98.7122726,254.342514],"rotationMatrix":[-0.404794008,0.91440779,0,-0.91440779,-0.404794008,0,0,0,0.999999881],"scale":1.04611492,"type":"eca_rock_small_3"}
{"pos":[150.930359,94.2305298,254.352051],"rotationMatrix":[0.187068194,0.982346892,0,-0.982346892,0.187068194,0,0,0,0.999999881],"scale":0.798751831,"type":"eca_rock_small_3"}
{"pos":[151.512863,94.3259659,254.3237],"rotationMatrix":[-0.706071615,0.708140314,0,-0.708140314,-0.706071615,0,0,0,0.999999881],"scale":1.15537822,"type":"eca_rock_small_3"}
{"pos":[142.050049,86.2341843,254.338699],"rotationMatrix":[0.0956787765,0.995412171,0,-0.995412171,0.0956787765,0,0,0,0.999999881],"scale":0.980867505,"type":"eca_rock_small_3"}
{"pos":[146.043716,79.7118835,254.331238],"rotationMatrix":[0.948981345,-0.315331906,0,0.315331906,0.948981345,0,0,0,0.999999881],"scale":1.27223969,"type":"eca_rock_small_3"}
{"pos":[143.023087,83.921402,254.338181],"rotationMatrix":[-0.998756945,0.0498434752,0,-0.0498434752,-0.998756945,0,0,0,0.999999881],"scale":1.18983972,"type":"eca_rock_small_3"}
{"pos":[146.465759,80.9410858,254.328903],"rotationMatrix":[0.389066309,0.921209753,0,-0.921209753,0.389066309,0,0,0,0.999999881],"scale":1.16929197,"type":"eca_rock_small_3"}
{"pos":[141.649857,80.1883621,254.35083],"rotationMatrix":[0.996998787,0.0774159506,0,-0.0774159506,0.996998787,0,0,0,0.999999881],"scale":0.748958111,"type":"eca_rock_small_3"}
{"pos":[151.467651,102.639938,254.345215],"rotationMatrix":[0.582498848,0.812831521,0,-0.812831521,0.582498848,0,0,0,0.999999881],"scale":0.774065495,"type":"eca_rock_small_3"}
{"pos":[158.769089,137.49852,254.330292],"rotationMatrix":[0.990659475,0.136358693,0,-0.136358693,0.990659475,0,0,0,0.999999881],"scale":1.10714149,"type":"eca_rock_small_3"}
{"pos":[156.326309,133.721222,254.329681],"rotationMatrix":[-0.895928979,-0.444197118,0,0.444197118,-0.895928979,0,0,0,0.999999881],"scale":0.999303222,"type":"eca_rock_small_3"}
{"pos":[162.138794,132.181595,254.340775],"rotationMatrix":[-0.590879023,-0.806760013,0,0.806760013,-0.590879023,0,0,0,0.999999881],"scale":1.27472508,"type":"eca_rock_small_3"}
{"pos":[151.995209,132.972961,254.328232],"rotationMatrix":[0.979012251,-0.203800842,0,0.203800842,0.979012251,0,0,0,0.999999881],"scale":1.17371953,"type":"eca_rock_small_3"}
{"pos":[164.373276,147.594208,254.341278],"rotationMatrix":[-0.600844562,0.79936564,0,-0.79936564,-0.600844562,0,0,0,0.999999881],"scale":0.96230042,"type":"eca_rock_small_3"}
{"pos":[165.287064,145.66423,254.339722],"rotationMatrix":[-0.660054445,0.751217544,0,-0.751217544,-0.660054445,0,0,0,0.999999881],"scale":0.946846724,"type":"eca_rock_small_3"}
{"pos":[204.305649,176.846863,254.347977],"rotationMatrix":[0.295992643,-0.955190122,0,0.955190122,0.295992643,0,0,0,0.999999881],"scale":0.882755041,"type":"eca_rock_small_3"}
{"pos":[263.169312,186.795364,250.896378],"rotationMatrix":[-0.753818035,-0.639048338,0.152890176,0.654416561,-0.751093924,0.087158069,0.0591366701,0.165755212,0.984391928],"scale":1.28191245,"type":"eca_rock_small_3"}
{"pos":[-6.95530415,-226.928421,252.937317],"rotationMatrix":[-0.140422389,0.990091622,0,-0.990091622,-0.140422389,0,0,0,0.999999881],"scale":0.862048864,"type":"eca_rock_small_3"}
{"pos":[160.90889,-20.2342949,253.985352],"rotationMatrix":[0.429847777,0.902901411,0,-0.902901411,0.429847777,0,0,0,0.999999881],"scale":0.811570883,"type":"eca_rock_small_3"}
{"pos":[160.313095,-190.303268,268.498749],"rotationMatrix":[-0.999165356,0.0408469848,0,-0.0408469848,-0.999165356,0,0,0,0.999999881],"scale":1.12932026,"type":"eca_rock_small_3"}
{"pos":[119.451622,-166.016998,261.250153],"rotationMatrix":[0.387460828,-0.921886027,0,0.921886027,0.387460828,0,0,0,0.999999881],"scale":1.10676301,"type":"eca_rock_small_3"}
{"pos":[133.058441,-232.882446,263.693054],"rotationMatrix":[-0.908899128,-0.417015731,0,0.417015731,-0.908899128,0,0,0,0.999999881],"scale":1.23719883,"type":"eca_rock_small_3"}
{"pos":[101.176659,-190.29361,263.334503],"rotationMatrix":[-0.352164865,-0.935937881,0,0.935937881,-0.352164865,0,0,0,0.999999881],"scale":0.966099203,"type":"eca_rock_small_3"}
{"pos":[-1044.05481,-107.138596,350.296021],"rotationMatrix":[0.51565665,0.856795311,0,-0.856795311,0.51565665,-0,-0,0,0.999999881],"scale":0.702126563,"type":"eca_rock_small_3"}
{"pos":[-1045.65906,-106.462074,350.310699],"rotationMatrix":[0.685999334,-0.727601945,0,0.727601945,0.685999334,0,-0,0,0.999999881],"scale":0.877653599,"type":"eca_rock_small_3"}
{"pos":[-1057.15515,-98.6370087,347.45816],"rotationMatrix":[-0.872383296,0.488822162,-0,-0.488822162,-0.872383296,0,-0,0,0.999999881],"scale":1.0659852,"type":"eca_rock_small_3"}
{"pos":[-1051.8877,-100.761749,348.077667],"rotationMatrix":[0.962792099,-0.27024278,0,0.27024278,0.962792099,0,-0,0,0.999999881],"scale":0.773073018,"type":"eca_rock_small_3"}
{"pos":[-1047.77002,-95.6007385,347.064484],"rotationMatrix":[0.209902331,0.977722347,0,-0.977722347,0.209902331,-0,-0,0,0.999999881],"scale":1.0582478,"type":"eca_rock_small_3"}
{"pos":[-1043.51038,-97.8080521,347.019501],"rotationMatrix":[-0.045313891,-0.998972714,0,0.998972714,-0.045313891,0,-0,0,0.999999881],"scale":0.785624325,"type":"eca_rock_small_3"}
{"pos":[-1050.64465,-96.784874,347.195435],"rotationMatrix":[-0.94705528,0.321070194,-0,-0.321070194,-0.94705528,0,-0,0,0.999999881],"scale":0.720289767,"type":"eca_rock_small_3"}
{"pos":[-1047.21643,-96.8375778,347.087372],"rotationMatrix":[0.46367982,-0.886002719,0,0.886002719,0.46367982,0,-0,0,0.999999881],"scale":1.21328235,"type":"eca_rock_small_3"}
{"pos":[-1048.4679,-97.2825089,347.156036],"rotationMatrix":[-0.196368665,0.980530083,-0,-0.980530083,-0.196368665,0,-0,0,0.999999881],"scale":1.13149643,"type":"eca_rock_small_3"}
{"pos":[-1048.49585,-93.8640518,347.028839],"rotationMatrix":[-0.399611562,-0.916684449,0,0.916684449,-0.399611562,0,-0,0,0.999999881],"scale":0.946413517,"type":"eca_rock_small_3"}
{"pos":[-1072.1936,-102.029549,346.801697],"rotationMatrix":[0.994968116,0.100191347,0,-0.100191347,0.994968116,-0,-0,0,0.999999881],"scale":1.03791976,"type":"eca_rock_small_3"}
{"pos":[-1067.28638,-102.846008,347.497406],"rotationMatrix":[-0.959648073,-0.281203628,0,0.281203628,-0.959648073,0,-0,0,0.999999881],"scale":0.879449368,"type":"eca_rock_small_3"}
{"pos":[-1064.54529,-103.358849,348.445496],"rotationMatrix":[-0.999678373,0.0253569987,-0,-0.0253569987,-0.999678373,0,-0,0,0.999999881],"scale":0.960467041,"type":"eca_rock_small_3"}
{"pos":[-1065.04102,-102.697922,348.010559],"rotationMatrix":[0.115068249,0.993357539,0,-0.993357539,0.115068249,-0,-0,0,0.999999881],"scale":0.739269137,"type":"eca_rock_small_3"}
{"pos":[-1038.74719,-101.562363,346.935272],"rotationMatrix":[-0.888161242,0.459531903,-0,-0.459531903,-0.888161242,0,-0,0,0.999999881],"scale":1.13503599,"type":"eca_rock_small_3"}
{"pos":[-1063.48987,-102.023201,347.996002],"rotationMatrix":[0.986571729,-0.163328022,0,0.163328022,0.986571729,0,-0,0,0.999999881],"scale":0.899911404,"type":"eca_rock_small_3"}
{"pos":[-1068.7312,-100.187042,346.913086],"rotationMatrix":[-0.971194804,0.238286957,-0,-0.238286957,-0.971194804,0,-0,0,0.999999881],"scale":0.700421631,"type":"eca_rock_small_3"}
{"pos":[-1069.48792,-103.823288,347.156067],"rotationMatrix":[-0.688771725,-0.724978268,0,0.724978268,-0.688771725,0,-0,0,0.999999881],"scale":0.802153349,"type":"eca_rock_small_3"}
{"pos":[-1070.25195,-103.865929,346.975861],"rotationMatrix":[-0.99955219,-0.0299198367,0,0.0299198367,-0.99955219,0,-0,0,0.999999881],"scale":1.02789474,"type":"eca_rock_small_3"}
{"pos":[-1071.32983,-101.622322,346.794037],"rotationMatrix":[-0.786846399,0.617148757,-0,-0.617148757,-0.786846399,0,-0,0,0.999999881],"scale":1.20866096,"type":"eca_rock_small_3"}
{"pos":[-1072.59753,-103.242264,346.840973],"rotationMatrix":[-0.887079418,-0.461616665,0,0.461616665,-0.887079418,0,-0,0,0.999999881],"scale":0.786439002,"type":"eca_rock_small_3"}
{"pos":[-1073.69055,-102.662018,346.819733],"rotationMatrix":[-0.597214997,0.802080929,-0,-0.802080929,-0.597214997,0,-0,0,0.999999881],"scale":0.795240521,"type":"eca_rock_small_3"}
{"pos":[-1056.74133,-93.6188889,347.051971],"rotationMatrix":[-0.966806352,0.255510062,-0,-0.255510062,-0.966806352,0,-0,0,0.999999881],"scale":1.23599815,"type":"eca_rock_small_3"}
