{"pos":[-428.390991,-931.213318,28.2809334],"rotationMatrix":[0.988213062,-0.153084636,0,0.153084636,0.988213062,0,0,0,1],"scale":1.16626155,"type":"eca_rock_medium_2"}
{"pos":[-433.151184,-927.186523,26.8604813],"rotationMatrix":[0.477612317,-0.878570676,0,0.878570676,0.477612317,0,0,0,1],"scale":1.08680868,"type":"eca_rock_medium_2"}
{"pos":[-434.248688,-931.783508,23.5731125],"rotationMatrix":[-0.999930978,-0.0117486715,0,0.0117486715,-0.999930978,0,0,0,1],"scale":1.19369864,"type":"eca_rock_medium_2"}
{"pos":[-434.371613,-942.196472,16.1449299],"rotationMatrix":[-0.884652197,0.466251582,0,-0.466251582,-0.884652197,0,0,0,1],"scale":1.20179772,"type":"eca_rock_medium_2"}
{"pos":[-420.343506,-985.402527,9.533041],"rotationMatrix":[-0.997531712,-0.0702173933,0,0.0702173933,-0.997531712,0,0,0,1],"scale":1.12982059,"type":"eca_rock_medium_2"}
{"pos":[-546.463379,-922.196716,10.9357815],"rotationMatrix":[-0.825861573,-0.563872874,0,0.563872874,-0.825861573,0,0,0,1],"scale":1.00178325,"type":"eca_rock_medium_2"}
{"pos":[-557.066284,-926.407654,7.97057724],"rotationMatrix":[0.979638457,-0.200769752,0,0.200769752,0.979638457,0,0,0,1],"scale":1.00027645,"type":"eca_rock_medium_2"}
{"pos":[-561.362854,-922.309082,10.0815086],"rotationMatrix":[-0.69515413,0.718860686,0,-0.718860686,-0.69515413,0,0,0,1],"scale":1.01767373,"type":"eca_rock_medium_2"}
{"pos":[-546.770691,-923.56897,10.5848141],"rotationMatrix":[-0.612246156,-0.790667236,0,0.790667236,-0.612246156,0,0,0,1],"scale":1.17830539,"type":"eca_rock_medium_2"}
{"pos":[-554.395935,-922.327515,9.34031391],"rotationMatrix":[0.959745884,-0.280869722,0,0.280869722,0.959745884,0,0,0,1],"scale":1.10029733,"type":"eca_rock_medium_2"}
{"pos":[-559.988831,-922.195068,10.0312395],"rotationMatrix":[0.210304976,0.97763586,0,-0.97763586,0.210304976,0,0,0,1],"scale":1.11212099,"type":"eca_rock_medium_2"}
{"pos":[-561.596741,-927.344727,7.92885733],"rotationMatrix":[-0.827136397,0.562001228,0,-0.562001228,-0.827136397,0,0,0,1],"scale":1.05077815,"type":"eca_rock_medium_2"}
{"pos":[-574.675659,-918.184204,13.3841028],"rotationMatrix":[0.877717257,0.479178905,0,-0.479178905,0.877717257,0,0,0,1],"scale":1.19215262,"type":"eca_rock_medium_2"}
{"pos":[-586.975586,-922.49054,10.2129755],"rotationMatrix":[0.12213181,0.992513895,0,-0.992513895,0.12213181,0,0,0,1],"scale":1.1782999,"type":"eca_rock_medium_2"}
{"pos":[-589.800232,-920.61322,11.6202545],"rotationMatrix":[-0.490261823,0.871575236,0,-0.871575236,-0.490261823,0,0,0,1],"scale":1.23946428,"type":"eca_rock_medium_2"}
{"pos":[-529.684509,-912.160095,19.5878067],"rotationMatrix":[0.355364472,-0.934727788,0,0.934727788,0.355364472,0,0,0,1],"scale":1.08425081,"type":"eca_rock_medium_2"}
{"pos":[-535.450928,-904.105408,23.2820072],"rotationMatrix":[0.86820519,-0.49620536,0,0.49620536,0.86820519,0,0,0,1],"scale":1.2313571,"type":"eca_rock_medium_2"}
{"pos":[-542.572571,-893.120544,28.8210087],"rotationMatrix":[-0.259933591,-0.965626478,0,0.965626478,-0.259933591,0,0,0,1],"scale":1.1053679,"type":"eca_rock_medium_2"}
{"pos":[-540.810364,-893.618347,29.376152],"rotationMatrix":[-0.846255898,0.532776654,0,-0.532776654,-0.846255898,0,0,0,1],"scale":1.08095789,"type":"eca_rock_medium_2"}
{"pos":[-487.481628,-900.436523,24.4914684],"rotationMatrix":[0.926890969,0.375330687,0,-0.375330687,0.926890969,0,0,0,1],"scale":1.1484251,"type":"eca_rock_medium_2"}
{"pos":[-483.794006,-901.78717,24.6010647],"rotationMatrix":[-0.597011328,0.802232802,0,-0.802232802,-0.597011328,0,0,0,1],"scale":1.04595149,"type":"eca_rock_medium_2"}
{"pos":[-480.046234,-908.229675,22.465456],"rotationMatrix":[0.999950767,0.00992025994,0,-0.00992025994,0.999950767,0,0,0,1],"scale":1.20451117,"type":"eca_rock_medium_2"}
{"pos":[-484.079773,-907.322449,20.7546349],"rotationMatrix":[0.231819838,-0.97275871,0,0.97275871,0.231819838,0,0,0,1],"scale":1.20794404,"type":"eca_rock_medium_2"}
{"pos":[-485.072388,-910.984741,18.54076],"rotationMatrix":[0.495797217,0.868438303,0,-0.868438303,0.495797217,0,0,0,1],"scale":1.11935496,"type":"eca_rock_medium_2"}
{"pos":[-496.621216,-892.224426,28.3885536],"rotationMatrix":[-0.759254515,0.650793791,0,-0.650793791,-0.759254515,0,0,0,1],"scale":1.0163964,"type":"eca_rock_medium_2"}
{"pos":[-457.033661,-916.902039,26.8641987],"rotationMatrix":[-0.581313789,-0.813679457,0,0.813679457,-0.581313789,0,0,0,1],"scale":1.28024197,"type":"eca_rock_medium_2"}
{"pos":[-452.252319,-938.621399,12.4720097],"rotationMatrix":[-0.764072657,0.645130217,0,-0.645130217,-0.764072657,0,0,0,1],"scale":1.09064531,"type":"eca_rock_medium_2"}
{"pos":[-446.077209,-945.551636,9.25705147],"rotationMatrix":[0.00762152858,-0.999970973,0,0.999970973,0.00762152858,0,0,0,1],"scale":1.22860861,"type":"eca_rock_medium_2"}
{"pos":[-374.443085,-953.878906,25.0247383],"rotationMatrix":[-0.774693012,0.632337511,0,-0.632337511,-0.774693012,0,0,0,1],"scale":1.26374936,"type":"eca_rock_medium_2"}
{"pos":[-374.452637,-958.121887,23.0105629],"rotationMatrix":[-0.249589965,-0.968351603,0,0.968351603,-0.249589965,0,0,0,1],"scale":1.03099287,"type":"eca_rock_medium_2"}
{"pos":[-367.728333,-950.759399,23.009737],"rotationMatrix":[-0.924772024,-0.380521595,0,0.380521595,-0.924772024,0,0,0,1],"scale":1.04484439,"type":"eca_rock_medium_2"}
{"pos":[-329.82608,-934.91095,10.1918287],"rotationMatrix":[0.312954307,-0.949768186,0,0.949768186,0.312954307,0,0,0,1],"scale":1.08347559,"type":"eca_rock_medium_2"}
{"pos":[-305.425659,-933.984009,10.5758419],"rotationMatrix":[-0.972699285,0.232069165,0,-0.232069165,-0.972699285,0,0,0,1],"scale":1.25269008,"type":"eca_rock_medium_2"}
{"pos":[-251.789383,-991.172852,7.14725161],"rotationMatrix":[-0.810613334,0.585581779,0,-0.585581779,-0.810613334,0,0,0,1],"scale":1.17475867,"type":"eca_rock_medium_2"}
{"pos":[-248.39949,-993.178284,7.13952589],"rotationMatrix":[-0.286644161,-0.958037138,0,0.958037138,-0.286644161,0,0,0,1],"scale":1.06138647,"type":"eca_rock_medium_2"}
{"pos":[-285.173004,-898.238831,10.4924698],"rotationMatrix":[-0.764799535,0.644268274,0,-0.644268274,-0.764799535,0,0,0,1],"scale":1.07881916,"type":"eca_rock_medium_2"}
{"pos":[-285.730652,-899.486084,9.43523216],"rotationMatrix":[-0.99853909,-0.0540340431,0,0.0540340431,-0.99853909,0,0,0,1],"scale":1.06759369,"type":"eca_rock_medium_2"}
{"pos":[-274.71402,-889.522949,11.1581469],"rotationMatrix":[0.993704379,0.112034,0,-0.112034,0.993704379,0,0,0,1],"scale":1.28658175,"type":"eca_rock_medium_2"}
{"pos":[-277.598053,-894.017883,11.3801985],"rotationMatrix":[-0.965410531,0.260734618,0,-0.260734618,-0.965410531,0,0,0,1],"scale":1.08911455,"type":"eca_rock_medium_2"}
{"pos":[-228.631744,-877.648254,10.9759722],"rotationMatrix":[0.320369422,0.947292686,0,-0.947292686,0.320369422,0,0,0,1],"scale":1.06562996,"type":"eca_rock_medium_2"}
{"pos":[-236.234482,-863.944702,14.353714],"rotationMatrix":[0.210049212,-0.977690816,0,0.977690816,0.210049212,0,0,0,1],"scale":1.16015422,"type":"eca_rock_medium_2"}
{"pos":[-237.74559,-866.069153,13.6113243],"rotationMatrix":[-0.975144982,0.221567765,0,-0.221567765,-0.975144982,0,0,0,1],"scale":1.08130181,"type":"eca_rock_medium_2"}
{"pos":[-107.187881,-953.405945,8.79754353],"rotationMatrix":[-0.237420782,0.971406877,0,-0.971406877,-0.237420782,0,0,0,1],"scale":1.23173404,"type":"eca_rock_medium_2"}
{"pos":[-119.61412,-959.3974,8.78538799],"rotationMatrix":[0.0212508701,-0.999774158,0,0.999774158,0.0212508701,0,0,0,1],"scale":1.05995655,"type":"eca_rock_medium_2"}
{"pos":[-132.238235,-969.328979,6.61766577],"rotationMatrix":[0.686324656,0.72729528,0,-0.72729528,0.686324656,0,0,0,1],"scale":1.19558442,"type":"eca_rock_medium_2"}
{"pos":[-145.24852,-963.373657,9.03717995],"rotationMatrix":[0.287942141,-0.9576478,0,0.9576478,0.287942141,0,0,0,1],"scale":1.03799582,"type":"eca_rock_medium_2"}
{"pos":[-165.590866,-962.039673,7.75151491],"rotationMatrix":[0.990725994,0.135874972,0,-0.135874972,0.990725994,0,0,0,1],"scale":1.2202878,"type":"eca_rock_medium_2"}
{"pos":[-205.223404,-848.429077,15.139183],"rotationMatrix":[0.297542959,-0.954708457,0,0.954708457,0.297542959,0,0,0,1],"scale":1.12740326,"type":"eca_rock_medium_2"}
{"pos":[-204.586868,-849.55249,14.04494],"rotationMatrix":[0.712079227,-0.702099562,0,0.702099562,0.712079227,0,0,0,1],"scale":1.13865566,"type":"eca_rock_medium_2"}
{"pos":[-211.610031,-859.042725,13.8413572],"rotationMatrix":[0.234774783,-0.972050011,0,0.972050011,0.234774783,0,0,0,1],"scale":1.26280391,"type":"eca_rock_medium_2"}
{"pos":[-213.668747,-859.488281,13.0501938],"rotationMatrix":[-0.67871654,-0.734400332,0,0.734400332,-0.67871654,0,0,0,1],"scale":1.09083021,"type":"eca_rock_medium_2"}
{"pos":[-135.60054,-858.721558,11.4565983],"rotationMatrix":[-0.984925926,-0.172976494,0,0.172976494,-0.984925926,0,0,0,1],"scale":1.00762963,"type":"eca_rock_medium_2"}
{"pos":[-139.857315,-858.754761,10.4051418],"rotationMatrix":[-0.956114709,0.292992562,0,-0.292992562,-0.956114709,0,0,0,1],"scale":1.27343822,"type":"eca_rock_medium_2"}
{"pos":[-145.455353,-862.793701,6.68778038],"rotationMatrix":[0.162653401,-0.986683249,0,0.986683249,0.162653401,0,0,0,1],"scale":1.27438307,"type":"eca_rock_medium_2"}
{"pos":[-172.882965,-855.48938,7.38513851],"rotationMatrix":[0.487325937,-0.873220146,0,0.873220146,0.487325937,0,0,0,1],"scale":1.03744495,"type":"eca_rock_medium_2"}
{"pos":[-170.405487,-854.286133,8.76675034],"rotationMatrix":[-0.801498652,0.597996593,0,-0.597996593,-0.801498652,0,0,0,1],"scale":1.19560575,"type":"eca_rock_medium_2"}
{"pos":[-168.002731,-851.337769,10.7651176],"rotationMatrix":[0.528786302,0.848755002,0,-0.848755002,0.528786302,0,0,0,1],"scale":1.08371282,"type":"eca_rock_medium_2"}
{"pos":[-169.102493,-851.7146,10.572238],"rotationMatrix":[-0.996267498,0.0863195062,0,-0.0863195062,-0.996267498,0,0,0,1],"scale":1.17918253,"type":"eca_rock_medium_2"}
{"pos":[-174.550964,-850.835938,9.21626949],"rotationMatrix":[-0.617648423,0.78645432,0,-0.78645432,-0.617648423,0,0,0,1],"scale":1.1992141,"type":"eca_rock_medium_2"}
{"pos":[-109.662666,-863.284485,9.90930939],"rotationMatrix":[-0.142451882,0.989801705,0,-0.989801705,-0.142451882,0,0,0,1],"scale":1.29318452,"type":"eca_rock_medium_2"}
{"pos":[-104.986214,-857.405273,9.91983223],"rotationMatrix":[-0.0792401209,0.996855557,0,-0.996855557,-0.0792401209,0,0,0,1],"scale":1.1591475,"type":"eca_rock_medium_2"}
{"pos":[-95.9943466,-858.915405,10.0513859],"rotationMatrix":[0.997819901,-0.0659957007,0,0.0659957007,0.997819901,0,0,0,1],"scale":1.0519042,"type":"eca_rock_medium_2"}
{"pos":[-98.2417374,-855.137146,10.9203968],"rotationMatrix":[-0.944990754,-0.327096999,0,0.327096999,-0.944990754,0,0,0,1],"scale":1.16382217,"type":"eca_rock_medium_2"}
{"pos":[-99.6287994,-856.838928,11.0830412],"rotationMatrix":[-0.206578642,-0.978429973,0,0.978429973,-0.206578642,0,0,0,1],"scale":1.23477483,"type":"eca_rock_medium_2"}
{"pos":[-170.693832,-824.372681,13.7962666],"rotationMatrix":[0.273869753,0.961766779,0,-0.961766779,0.273869753,0,0,0,1],"scale":1.15750027,"type":"eca_rock_medium_2"}
{"pos":[-172.112732,-825.355835,13.9548473],"rotationMatrix":[-0.393239141,0.919436216,0,-0.919436216,-0.393239141,0,0,0,1],"scale":1.03978837,"type":"eca_rock_medium_2"}
{"pos":[-166.444778,-814.952637,15.172473],"rotationMatrix":[-0.118554994,0.992947459,0,-0.992947459,-0.118554994,0,0,0,1],"scale":1.0484165,"type":"eca_rock_medium_2"}
{"pos":[-163.4785,-814.249756,15.6065178],"rotationMatrix":[0.996228933,-0.0867636874,0,0.0867636874,0.996228933,0,0,0,1],"scale":1.28776479,"type":"eca_rock_medium_2"}
{"pos":[-159.374039,-815.689148,14.9356565],"rotationMatrix":[-0.302274436,-0.953220963,0,0.953220963,-0.302274436,0,0,0,1],"scale":1.26074147,"type":"eca_rock_medium_2"}
{"pos":[-156.218735,-816.909729,14.1252975],"rotationMatrix":[-0.550892949,-0.834575951,0,0.834575951,-0.550892949,0,0,0,1],"scale":1.16951382,"type":"eca_rock_medium_2"}
{"pos":[-156.521484,-813.462891,14.9244423],"rotationMatrix":[0.948632181,0.316381037,0,-0.316381037,0.948632181,0,0,0,1],"scale":1.06069791,"type":"eca_rock_medium_2"}
{"pos":[-152.910309,-808.331726,14.2047863],"rotationMatrix":[-0.785217643,-0.619219899,0,0.619219899,-0.785217643,0,0,0,1],"scale":1.2967608,"type":"eca_rock_medium_2"}
{"pos":[-156.291824,-812.254211,15.224906],"rotationMatrix":[-0.830940902,-0.556360662,0,0.556360662,-0.830940902,0,0,0,1],"scale":1.06790376,"type":"eca_rock_medium_2"}
{"pos":[-154.642426,-805.487488,15.1604204],"rotationMatrix":[-0.997876048,-0.0651416853,0,0.0651416853,-0.997876048,0,0,0,1],"scale":1.26355696,"type":"eca_rock_medium_2"}
{"pos":[-155.849091,-804.487854,15.8063192],"rotationMatrix":[0.993334472,0.115267798,0,-0.115267798,0.993334472,0,0,0,1],"scale":1.20233083,"type":"eca_rock_medium_2"}
{"pos":[-118.945572,-796.929138,14.1743355],"rotationMatrix":[0.498811811,0.866710305,0,-0.866710305,0.498811811,0,0,0,1],"scale":1.04962933,"type":"eca_rock_medium_2"}
{"pos":[-119.377083,-788.442749,15.6820631],"rotationMatrix":[-0.970351636,0.241697624,0,-0.241697624,-0.970351636,0,0,0,1],"scale":1.19815993,"type":"eca_rock_medium_2"}
{"pos":[-122.195045,-788.288147,14.2903347],"rotationMatrix":[0.682570755,-0.730819523,0,0.730819523,0.682570755,0,0,0,1],"scale":1.09165406,"type":"eca_rock_medium_2"}
{"pos":[-120.735153,-787.955933,15.4682684],"rotationMatrix":[-0.0736990348,-0.997280538,0,0.997280538,-0.0736990348,0,0,0,1],"scale":1.04754245,"type":"eca_rock_medium_2"}
{"pos":[-119.583694,-797.716553,13.879591],"rotationMatrix":[-0.89187032,-0.452291161,0,0.452291161,-0.89187032,0,0,0,1],"scale":1.02095461,"type":"eca_rock_medium_2"}
{"pos":[-121.009415,-801.020813,14.8957376],"rotationMatrix":[-0.859428763,0.511255503,0,-0.511255503,-0.859428763,0,0,0,1],"scale":1.25261354,"type":"eca_rock_medium_2"}
{"pos":[-125.307129,-820.538147,15.5192871],"rotationMatrix":[0.601826608,0.798626781,0,-0.798626781,0.601826608,0,0,0,1],"scale":1.25320745,"type":"eca_rock_medium_2"}
{"pos":[-125.832474,-819.328796,14.4352007],"rotationMatrix":[0.969485164,-0.24514997,0,0.24514997,0.969485164,0,0,0,1],"scale":1.21808171,"type":"eca_rock_medium_2"}
{"pos":[-131.549728,-830.084595,14.0757723],"rotationMatrix":[0.956374824,-0.292142481,0,0.292142481,0.956374824,0,0,0,1],"scale":1.02135158,"type":"eca_rock_medium_2"}
{"pos":[-131.127563,-833.489746,13.7885132],"rotationMatrix":[-0.787504971,-0.616308272,0,0.616308272,-0.787504971,0,0,0,1],"scale":1.21445775,"type":"eca_rock_medium_2"}
{"pos":[-127.891731,-833.860107,14.9464931],"rotationMatrix":[-0.919587135,-0.392886102,0,0.392886102,-0.919587135,0,0,0,1],"scale":1.06315136,"type":"eca_rock_medium_2"}
{"pos":[-85.9632874,-812.364014,15.3151445],"rotationMatrix":[-0.999883533,0.0152601916,0,-0.0152601916,-0.999883533,0,0,0,1],"scale":1.25091982,"type":"eca_rock_medium_2"}
{"pos":[-78.6516113,-812.78656,14.5347004],"rotationMatrix":[-0.365498126,0.930812061,0,-0.930812061,-0.365498126,0,0,0,1],"scale":1.10101998,"type":"eca_rock_medium_2"}
{"pos":[-54.4762917,-813.407166,13.7822008],"rotationMatrix":[-0.960755706,0.277396739,0,-0.277396739,-0.960755706,0,0,0,1],"scale":1.0161041,"type":"eca_rock_medium_2"}
{"pos":[-55.3688583,-813.633728,14.1148882],"rotationMatrix":[-0.823521674,0.56728518,0,-0.56728518,-0.823521674,0,0,0,1],"scale":1.01229274,"type":"eca_rock_medium_2"}
{"pos":[-55.3099861,-811.499573,15.0290766],"rotationMatrix":[-0.082478255,-0.99659282,0,0.99659282,-0.082478255,0,0,0,1],"scale":1.05283833,"type":"eca_rock_medium_2"}
{"pos":[-53.1988449,-810.576782,14.8268433],"rotationMatrix":[-0.961777985,0.273830384,0,-0.273830384,-0.961777985,0,0,0,1],"scale":1.14281559,"type":"eca_rock_medium_2"}
{"pos":[-47.7036552,-804.136108,15.1590519],"rotationMatrix":[-0.743234038,0.66903168,0,-0.66903168,-0.743234038,0,0,0,1],"scale":1.11289287,"type":"eca_rock_medium_2"}
{"pos":[-46.1953278,-802.03894,14.3607864],"rotationMatrix":[0.430867255,-0.902415335,0,0.902415335,0.430867255,0,0,0,1],"scale":1.03872931,"type":"eca_rock_medium_2"}
{"pos":[-47.5188255,-800.405701,14.2201223],"rotationMatrix":[0.438840508,0.898558855,0,-0.898558855,0.438840508,0,0,0,1],"scale":1.241117,"type":"eca_rock_medium_2"}
{"pos":[-58.581131,-810.646606,14.8213692],"rotationMatrix":[-0.34743312,-0.543165147,-0.764369071,0.8574332,-0.514015436,-0.0244723409,-0.379604697,-0.663897693,0.644313335],"scale":1.08901954,"type":"eca_rock_medium_2"}
{"pos":[6.2288599,-852.023315,14.870636],"rotationMatrix":[0.944892168,0.32738167,0,-0.32738167,0.944892168,0,0,0,1],"scale":1.21910119,"type":"eca_rock_medium_2"}
{"pos":[5.36687708,-855.046692,14.3733559],"rotationMatrix":[0.995590568,-0.0938071012,0,0.0938071012,0.995590568,0,0,0,1],"scale":1.1951561,"type":"eca_rock_medium_2"}
{"pos":[-586.766113,-900.165588,27.9324837],"rotationMatrix":[0.982650816,0.185465142,0,-0.185465142,0.982650816,0,0,0,1],"scale":1.1632973,"type":"eca_rock_medium_2"}
{"pos":[-582.323669,-898.425903,28.3263626],"rotationMatrix":[0.980948389,0.19426845,0,-0.19426845,0.980948389,0,0,0,1],"scale":1.08756721,"type":"eca_rock_medium_2"}
{"pos":[-577.38269,-910.568481,18.8256416],"rotationMatrix":[0.740029812,-0.672574103,0,0.672574103,0.740029812,0,0,0,1],"scale":1.15988302,"type":"eca_rock_medium_2"}
{"pos":[-626.374817,-879.870178,32.948204],"rotationMatrix":[0.351815164,-0.936069489,0,0.936069489,0.351815164,0,0,0,1],"scale":1.14843047,"type":"eca_rock_medium_2"}
{"pos":[-634.927795,-878.329529,33.9959068],"rotationMatrix":[0.557379186,-0.830258071,0,0.830258071,0.557379186,0,0,0,1],"scale":1.00686049,"type":"eca_rock_medium_2"}
{"pos":[-643.704834,-895.642639,18.5373344],"rotationMatrix":[-0.826599061,-0.562791228,0,0.562791228,-0.826599061,0,0,0,1],"scale":1.15854836,"type":"eca_rock_medium_2"}
{"pos":[-638.694336,-888.954346,25.3780766],"rotationMatrix":[0.444292068,0.89588201,0,-0.89588201,0.444292068,0,0,0,1],"scale":1.00245154,"type":"eca_rock_medium_2"}
{"pos":[-638.162476,-893.959473,21.913023],"rotationMatrix":[0.187282398,-0.982306123,0,0.982306123,0.187282398,0,0,0,1],"scale":1.2404902,"type":"eca_rock_medium_2"}
{"pos":[-641.688843,-898.553772,16.8574829],"rotationMatrix":[0.958567977,0.284863889,0,-0.284863889,0.958567977,0,0,0,1],"scale":1.15152228,"type":"eca_rock_medium_2"}
{"pos":[-642.021301,-905.708435,12.6000214],"rotationMatrix":[0.428109795,-0.903726757,0,0.903726757,0.428109795,0,0,0,1],"scale":1.01836038,"type":"eca_rock_medium_2"}
{"pos":[-640.947449,-916.860779,7.88794136],"rotationMatrix":[-0.141243696,-0.989974856,0,0.989974856,-0.141243696,0,0,0,1],"scale":1.29947174,"type":"eca_rock_medium_2"}
{"pos":[-647.152588,-906.841736,10.8126202],"rotationMatrix":[-0.724805593,0.688953459,0,-0.688953459,-0.724805593,0,0,0,1],"scale":1.25124395,"type":"eca_rock_medium_2"}
{"pos":[-655.070923,-911.049744,8.75895786],"rotationMatrix":[0.964241624,-0.265024692,0,0.265024692,0.964241624,0,0,0,1],"scale":1.28627348,"type":"eca_rock_medium_2"}
{"pos":[-649.866455,-863.853943,34.743927],"rotationMatrix":[-0.261648804,-0.965163171,0,0.965163171,-0.261648804,0,0,0,1],"scale":1.08423054,"type":"eca_rock_medium_2"}
{"pos":[-650.82074,-868.955139,31.8406925],"rotationMatrix":[-0.592386544,-0.80565387,0,0.80565387,-0.592386544,0,0,0,1],"scale":1.21611011,"type":"eca_rock_medium_2"}
{"pos":[-652.538757,-873.004028,29.1893005],"rotationMatrix":[-0.454974949,-0.890504241,0,0.890504241,-0.454974949,0,0,0,1],"scale":1.16428518,"type":"eca_rock_medium_2"}
{"pos":[-653.401245,-870.013794,31.7519665],"rotationMatrix":[0.849150479,0.528150976,0,-0.528150976,0.849150479,0,0,0,1],"scale":1.01275158,"type":"eca_rock_medium_2"}
{"pos":[362.57196,-956.106445,10.8292789],"rotationMatrix":[-0.97905916,0.203576043,0,-0.203576043,-0.97905916,0,0,0,1],"scale":1.22984862,"type":"eca_rock_medium_2"}
{"pos":[959.204346,-585.487366,33.5356445],"rotationMatrix":[-0.441518068,0.847030938,-0.295975208,-0.892072797,-0.379004985,0.246091962,0.0962714478,0.372685283,0.922950745],"scale":1.18096173,"type":"eca_rock_medium_2"}
{"pos":[968.612488,-426.100159,9.0841608],"rotationMatrix":[-0.792348802,0.610068381,0,-0.610068381,-0.792348802,0,0,0,1],"scale":1.11019456,"type":"eca_rock_medium_2"}
{"pos":[982.188843,-414.603394,9.25231743],"rotationMatrix":[-0.979489148,-0.201496989,0,0.201496989,-0.979489148,0,0,0,1],"scale":1.05081868,"type":"eca_rock_medium_2"}
{"pos":[982.864624,-367.69458,7.14269543],"rotationMatrix":[-0.14375253,0.989613652,0,-0.989613652,-0.14375253,0,0,0,1],"scale":1.03419757,"type":"eca_rock_medium_2"}
{"pos":[996.029663,-363.842529,4.7940073],"rotationMatrix":[0.739270508,0.673408568,0,-0.673408568,0.739270508,0,0,0,1],"scale":1.13976347,"type":"eca_rock_medium_2"}
{"pos":[983.427185,-369.116241,8.63697052],"rotationMatrix":[-0.995874107,-0.0487622023,0.0765144676,0.0907315761,-0.53521651,0.839827418,-1.25329024e-07,0.843306065,0.537432373],"scale":1.17095315,"type":"eca_rock_medium_2"}
{"pos":[977.897644,-365.220947,8.61015224],"rotationMatrix":[0.435257256,-0.900306106,0,0.900306106,0.435257256,0,0,0,1],"scale":1.09246802,"type":"eca_rock_medium_2"}
{"pos":[994.913391,-365.734039,5.20280457],"rotationMatrix":[-0.0194591358,-0.999810636,0,0.999810636,-0.0194591358,0,0,0,1],"scale":1.00944388,"type":"eca_rock_medium_2"}
{"pos":[986.016541,-351.064209,5.69809151],"rotationMatrix":[-0.930673063,-0.365851998,0,0.365851998,-0.930673063,0,0,0,1],"scale":1.07161963,"type":"eca_rock_medium_2"}
{"pos":[986.571777,-373.422882,9.68724251],"rotationMatrix":[-0.0884444341,-0.996081114,0,0.996081114,-0.0884444341,0,0,0,1],"scale":1.24426663,"type":"eca_rock_medium_2"}
{"pos":[995.02887,-375.305328,7.59310579],"rotationMatrix":[-0.941259325,-0.337684572,0,0.337684572,-0.941259325,0,0,0,1],"scale":1.24982321,"type":"eca_rock_medium_2"}
{"pos":[989.864014,611.140808,6.66922426],"rotationMatrix":[0.933759272,-0.357901752,0,0.357901752,0.933759272,0,0,0,1],"scale":1.14260674,"type":"eca_rock_medium_2"}
{"pos":[944.20343,646.000061,6.27053261],"rotationMatrix":[0.474530429,-0.880239069,0,0.880239069,0.474530429,0,0,0,1],"scale":1.13381648,"type":"eca_rock_medium_2"}
{"pos":[935.129028,642.949768,4.06632805],"rotationMatrix":[0.656453192,-0.754366755,0,0.754366755,0.656453192,0,0,0,1],"scale":1.082775,"type":"eca_rock_medium_2"}
{"pos":[947.189697,657.688721,8.17185879],"rotationMatrix":[-0.91433847,-0.404950887,0,0.404950887,-0.91433847,0,0,0,1],"scale":1.06430793,"type":"eca_rock_medium_2"}
{"pos":[932.138916,655.882812,4.21112442],"rotationMatrix":[0.84384954,-0.536579847,0,0.536579847,0.84384954,0,0,0,1],"scale":1.03224981,"type":"eca_rock_medium_2"}
{"pos":[939.067322,682.095459,7.87530088],"rotationMatrix":[0.998476148,-0.0551852547,0,0.0551852547,0.998476148,0,0,0,1],"scale":1.10217142,"type":"eca_rock_medium_2"}
{"pos":[930.764404,674.347473,5.34506893],"rotationMatrix":[-0.885205328,-0.465200514,0,0.465200514,-0.885205328,0,0,0,1],"scale":1.21103632,"type":"eca_rock_medium_2"}
{"pos":[932.899048,691.910583,5.47256708],"rotationMatrix":[-0.926217973,0.376988411,0,-0.376988411,-0.926217973,0,0,0,1],"scale":1.10085261,"type":"eca_rock_medium_2"}
{"pos":[946.775818,717.861816,6.85840416],"rotationMatrix":[0.9999547,-0.00951552205,0,0.00951552205,0.9999547,0,0,0,1],"scale":1.07765806,"type":"eca_rock_medium_2"}
{"pos":[963.109009,752.166077,11.8018503],"rotationMatrix":[-0.310753077,-0.950490654,0,0.950490654,-0.310753077,0,0,0,1],"scale":1.13716459,"type":"eca_rock_medium_2"}
{"pos":[962.251648,765.439697,7.50972366],"rotationMatrix":[-0.331187278,0.943565011,0,-0.943565011,-0.331187278,0,0,0,1],"scale":1.19996142,"type":"eca_rock_medium_2"}
{"pos":[968.125977,769.80896,8.62642097],"rotationMatrix":[0.95563674,-0.294547886,0,0.294547886,0.95563674,0,0,0,1],"scale":1.12436998,"type":"eca_rock_medium_2"}
{"pos":[969.81189,774.966248,8.6028862],"rotationMatrix":[-0.797574639,0.603220284,0,-0.603220284,-0.797574639,0,0,0,1],"scale":1.12961292,"type":"eca_rock_medium_2"}
{"pos":[996.510437,782.083923,5.53439665],"rotationMatrix":[0.154540032,0.987986505,0,-0.987986505,0.154540032,0,0,0,1],"scale":1.10918689,"type":"eca_rock_medium_2"}
{"pos":[1001.34546,773.258118,4.48234272],"rotationMatrix":[-0.575012445,0.818144619,0,-0.818144619,-0.575012445,0,0,0,1],"scale":1.18314636,"type":"eca_rock_medium_2"}
{"pos":[995.128784,777.729431,6.72204208],"rotationMatrix":[-0.735301197,-0.677740455,0,0.677740455,-0.735301197,0,0,0,1],"scale":1.16188633,"type":"eca_rock_medium_2"}
{"pos":[898.631897,802.786804,7.61457729],"rotationMatrix":[0.369463652,-0.929245174,0,0.929245174,0.369463652,0,0,0,1],"scale":1.26707697,"type":"eca_rock_medium_2"}
{"pos":[903.241516,796.693237,8.54367924],"rotationMatrix":[0.0873257369,-0.996179819,0,0.996179819,0.0873257369,0,0,0,1],"scale":1.16402578,"type":"eca_rock_medium_2"}
{"pos":[905.055908,801.79071,6.79422283],"rotationMatrix":[-0.0486333817,-0.998816669,0,0.998816669,-0.0486333817,0,0,0,1],"scale":1.17906952,"type":"eca_rock_medium_2"}
{"pos":[907.243286,802.867676,5.3411603],"rotationMatrix":[-0.784787953,-0.619764328,0,0.619764328,-0.784787953,0,0,0,1],"scale":1.17392373,"type":"eca_rock_medium_2"}
{"pos":[898.704407,812.469971,7.93838549],"rotationMatrix":[-0.959456444,0.281856984,0,-0.281856984,-0.959456444,0,0,0,1],"scale":1.13160729,"type":"eca_rock_medium_2"}
{"pos":[912.059265,821.425842,5.89387131],"rotationMatrix":[0.864964545,0.501832962,0,-0.501832962,0.864964545,0,0,0,1],"scale":1.28040195,"type":"eca_rock_medium_2"}
{"pos":[914.498413,803.549561,5.7060008],"rotationMatrix":[0.749001622,-0.662568152,0,0.662568152,0.749001622,0,0,0,1],"scale":1.07125688,"type":"eca_rock_medium_2"}
{"pos":[901.166687,791.084961,9.90266705],"rotationMatrix":[0.66116184,0.750243306,0,-0.750243306,0.66116184,0,0,0,1],"scale":1.04853833,"type":"eca_rock_medium_2"}
{"pos":[894.327942,782.006836,13.5935555],"rotationMatrix":[-0.891435623,0.453147411,0,-0.453147411,-0.891435623,0,0,0,1],"scale":1.03512871,"type":"eca_rock_medium_2"}
{"pos":[907.999268,792.987061,6.87626553],"rotationMatrix":[-0.819957376,-0.572424591,0,0.572424591,-0.819957376,0,0,0,1],"scale":1.08278251,"type":"eca_rock_medium_2"}
{"pos":[928.917847,850.976257,7.04969072],"rotationMatrix":[0.402550966,0.915397584,0,-0.915397584,0.402550966,0,0,0,1],"scale":1.05660009,"type":"eca_rock_medium_2"}
{"pos":[950.684937,866.069702,6.19683456],"rotationMatrix":[-0.863815844,0.503807724,0,-0.503807724,-0.863815844,0,0,0,1],"scale":1.13511992,"type":"eca_rock_medium_2"}
{"pos":[936.922974,869.014343,10.1997538],"rotationMatrix":[-0.583742738,-0.811938643,0,0.811938643,-0.583742738,0,0,0,1],"scale":1.18123245,"type":"eca_rock_medium_2"}
{"pos":[942.30896,861.918457,7.66099501],"rotationMatrix":[0.310324728,0.950630605,0,-0.950630605,0.310324728,0,0,0,1],"scale":1.28162146,"type":"eca_rock_medium_2"}
{"pos":[950.408936,876.167358,7.91318178],"rotationMatrix":[0.804655671,0.593741715,0,-0.593741715,0.804655671,0,0,0,1],"scale":1.0617367,"type":"eca_rock_medium_2"}
{"pos":[963.705261,878.666016,3.87552714],"rotationMatrix":[0.104923204,-0.994480312,0,0.994480312,0.104923204,0,0,0,1],"scale":1.28988218,"type":"eca_rock_medium_2"}
{"pos":[967.546265,893.61908,5.08502197],"rotationMatrix":[0.85230118,-0.523051322,0,0.523051322,0.85230118,0,0,0,1],"scale":1.11221254,"type":"eca_rock_medium_2"}
{"pos":[958.13092,899.965271,13.1801567],"rotationMatrix":[-0.158476576,-0.987362742,0,0.987362742,-0.158476576,0,0,0,1],"scale":1.16087294,"type":"eca_rock_medium_2"}
{"pos":[964.687744,897.342346,7.80438995],"rotationMatrix":[-0.393224388,-0.919442534,0,0.919442534,-0.393224388,0,0,0,1],"scale":1.11246705,"type":"eca_rock_medium_2"}
{"pos":[966.237183,880.79248,3.06646013],"rotationMatrix":[0.628878295,-0.777503788,0,0.777503788,0.628878295,0,0,0,1],"scale":1.06387699,"type":"eca_rock_medium_2"}
{"pos":[998.186279,978.996277,5.41724348],"rotationMatrix":[-0.768788636,0.639502943,0,-0.639502943,-0.768788636,0,0,0,1],"scale":1.00685191,"type":"eca_rock_medium_2"}
{"pos":[986.549316,958.193481,6.64901161],"rotationMatrix":[0.70161587,-0.712555349,0,0.712555349,0.70161587,0,0,0,1],"scale":1.18364167,"type":"eca_rock_medium_2"}
{"pos":[897.580811,788.892883,11.4965868],"rotationMatrix":[0.754137397,-0.656716645,0,0.656716645,0.754137397,0,0,0,1],"scale":1.08962035,"type":"eca_rock_medium_2"}
{"pos":[910.149963,783.702698,6.41894484],"rotationMatrix":[0.204570264,0.978851855,0,-0.978851855,0.204570264,0,0,0,1],"scale":1.25637436,"type":"eca_rock_medium_2"}
{"pos":[909.881348,773.112854,6.54897499],"rotationMatrix":[-0.337249458,0.94141531,0,-0.94141531,-0.337249458,0,0,0,1],"scale":1.27568722,"type":"eca_rock_medium_2"}
{"pos":[883.367249,705.052734,9.25909042],"rotationMatrix":[0.123148322,0.992388248,0,-0.992388248,0.123148322,0,0,0,1],"scale":1.11391747,"type":"eca_rock_medium_2"}
{"pos":[881.159424,711.852417,7.88601398],"rotationMatrix":[0.890866697,-0.454264879,0,0.454264879,0.890866697,0,0,0,1],"scale":1.09179604,"type":"eca_rock_medium_2"}
{"pos":[905.561279,733.353394,4.87898779],"rotationMatrix":[0.728997588,0.684516251,0,-0.684516251,0.728997588,0,0,0,1],"scale":1.21399832,"type":"eca_rock_medium_2"}
{"pos":[876.56488,691.0896,12.319684],"rotationMatrix":[0.593296349,-0.804984152,0,0.804984152,0.593296349,0,0,0,1],"scale":1.10162461,"type":"eca_rock_medium_2"}
{"pos":[900.686584,672.374939,3.00931334],"rotationMatrix":[0.512352109,-0.858775437,0,0.858775437,0.512352109,0,0,0,1],"scale":1.0196147,"type":"eca_rock_medium_2"}
{"pos":[883.759399,671.944824,7.76313162],"rotationMatrix":[-0.212183237,0.977229893,0,-0.977229893,-0.212183237,0,0,0,1],"scale":1.20968366,"type":"eca_rock_medium_2"}
{"pos":[876.156006,653.397888,10.7084618],"rotationMatrix":[-0.757071972,0.653331459,0,-0.653331459,-0.757071972,0,0,0,1],"scale":1.05061817,"type":"eca_rock_medium_2"}
{"pos":[878.935913,639.675415,11.9942598],"rotationMatrix":[0.922404349,-0.386225581,0,0.386225581,0.922404349,0,0,0,1],"scale":1.0352484,"type":"eca_rock_medium_2"}
{"pos":[889.084839,668.426575,5.02851772],"rotationMatrix":[-0.221527621,-0.975154102,0,0.975154102,-0.221527621,0,0,0,1],"scale":1.16926908,"type":"eca_rock_medium_2"}
{"pos":[892.216553,652.837463,5.0155468],"rotationMatrix":[-0.804791987,0.593557,0,-0.593557,-0.804791987,0,0,0,1],"scale":1.23041582,"type":"eca_rock_medium_2"}
{"pos":[898.130127,663.260498,2.4779768],"rotationMatrix":[0.955032885,0.296499938,0,-0.296499938,0.955032885,0,0,0,1],"scale":1.14161277,"type":"eca_rock_medium_2"}
{"pos":[896.41333,631.967712,6.23865175],"rotationMatrix":[-0.828567684,0.559888899,0,-0.559888899,-0.828567684,0,0,0,1],"scale":1.24465883,"type":"eca_rock_medium_2"}
{"pos":[962.816956,598.424561,3.81553888],"rotationMatrix":[0.69716537,-0.716910362,0,0.716910362,0.69716537,0,0,0,1],"scale":1.23523426,"type":"eca_rock_medium_2"}
{"pos":[974.113892,571.210083,6.81069136],"rotationMatrix":[0.884113669,-0.467271864,0,0.467271864,0.884113669,0,0,0,1],"scale":1.11359262,"type":"eca_rock_medium_2"}
{"pos":[979.943665,555.592651,8.44487],"rotationMatrix":[-0.336513609,0.941678584,0,-0.941678584,-0.336513609,0,0,0,1],"scale":1.0891968,"type":"eca_rock_medium_2"}
{"pos":[982.323792,565.709412,4.13830566],"rotationMatrix":[-0.899156153,0.437627971,0,-0.437627971,-0.899156153,0,0,0,1],"scale":1.20582771,"type":"eca_rock_medium_2"}
{"pos":[979.709656,549.407104,8.85313129],"rotationMatrix":[-0.858648479,0.512564838,0,-0.512564838,-0.858648479,0,0,0,1],"scale":1.07422376,"type":"eca_rock_medium_2"}
{"pos":[992.53125,538.158875,1.10913885],"rotationMatrix":[-0.797467351,0.603362143,0,-0.603362143,-0.797467351,0,0,0,1],"scale":1.16521049,"type":"eca_rock_medium_2"}
{"pos":[866.598938,655.394897,21.0701103],"rotationMatrix":[-0.831656575,0.555290341,0,-0.555290341,-0.831656575,0,0,0,1],"scale":1.22875702,"type":"eca_rock_medium_2"}
{"pos":[870.439087,630.76355,21.1874065],"rotationMatrix":[0.460030615,-0.887903035,0,0.887903035,0.460030615,0,0,0,1],"scale":1.18980837,"type":"eca_rock_medium_2"}
{"pos":[856.640747,635.382935,36.3918686],"rotationMatrix":[0.753151715,0.657846868,0,-0.657846868,0.753151715,0,0,0,1],"scale":1.11651182,"type":"eca_rock_medium_2"}
{"pos":[862.81543,635.916626,28.0366611],"rotationMatrix":[0.994965732,-0.100215435,0,0.100215435,0.994965732,0,0,0,1],"scale":1.06584501,"type":"eca_rock_medium_2"}
{"pos":[867.589966,641.485718,21.8489647],"rotationMatrix":[0.622871339,0.782324314,0,-0.782324314,0.622871339,0,0,0,1],"scale":1.17274404,"type":"eca_rock_medium_2"}
{"pos":[861.389404,638.589844,29.8098965],"rotationMatrix":[0.378836751,-0.925463498,0,0.925463498,0.378836751,0,0,0,1],"scale":1.21044588,"type":"eca_rock_medium_2"}
{"pos":[853.744263,633.563477,39.6758041],"rotationMatrix":[0.816277802,-0.577659547,0,0.577659547,0.816277802,0,0,0,1],"scale":1.25008082,"type":"eca_rock_medium_2"}
{"pos":[854.992981,642.014954,37.861702],"rotationMatrix":[0.994906247,-0.100804508,0,0.100804508,0.994906247,0,0,0,1],"scale":1.08249474,"type":"eca_rock_medium_2"}
{"pos":[848.547974,644.64679,45.1105881],"rotationMatrix":[0.820770681,-0.57125777,0,0.57125777,0.820770681,0,0,0,1],"scale":1.08465731,"type":"eca_rock_medium_2"}
{"pos":[852.345764,656.641418,39.0079613],"rotationMatrix":[0.781798244,-0.623531461,0,0.623531461,0.781798244,0,0,0,1],"scale":1.09031129,"type":"eca_rock_medium_2"}
{"pos":[850.329102,626.14679,41.1074371],"rotationMatrix":[-0.115811706,0.993271172,0,-0.993271172,-0.115811706,0,0,0,1],"scale":1.14785957,"type":"eca_rock_medium_2"}
{"pos":[878.266724,635.452271,13.5033512],"rotationMatrix":[0.815405905,-0.578889608,0,0.578889608,0.815405905,0,0,0,1],"scale":1.01872861,"type":"eca_rock_medium_2"}
{"pos":[866.77063,642.163208,23.4478817],"rotationMatrix":[0.816574156,0.577240527,0,-0.577240527,0.816574156,0,0,0,1],"scale":1.0443933,"type":"eca_rock_medium_2"}
{"pos":[868.486511,649.884521,19.7476864],"rotationMatrix":[-0.755676091,-0.654945493,0,0.654945493,-0.755676091,0,0,0,1],"scale":1.27317739,"type":"eca_rock_medium_2"}
{"pos":[935.332153,908.032959,28.192009],"rotationMatrix":[0.522606552,-0.852573991,0,0.852573991,0.522606552,0,0,0,1],"scale":1.02956295,"type":"eca_rock_medium_2"}
{"pos":[911.094421,944.728333,64.7872849],"rotationMatrix":[-0.999987304,-0.00503576873,0,0.00503576873,-0.999987304,0,0,0,1],"scale":1.16664815,"type":"eca_rock_medium_2"}
{"pos":[929.849609,938.557495,44.8915405],"rotationMatrix":[0.25655818,0.966528773,0,-0.966528773,0.25655818,0,0,0,1],"scale":1.23508739,"type":"eca_rock_medium_2"}
{"pos":[921.24176,915.323059,38.4009171],"rotationMatrix":[-0.728959978,-0.684556305,0,0.684556305,-0.728959978,0,0,0,1],"scale":1.19193482,"type":"eca_rock_medium_2"}
{"pos":[928.108154,902.72229,26.8406792],"rotationMatrix":[-0.706649244,-0.707563996,0,0.707563996,-0.706649244,0,0,0,1],"scale":1.09431124,"type":"eca_rock_medium_2"}
{"pos":[918.588074,946.363342,59.3330841],"rotationMatrix":[-0.849749804,0.527186155,0,-0.527186155,-0.849749804,0,0,0,1],"scale":1.10203981,"type":"eca_rock_medium_2"}
{"pos":[936.102051,911.261719,28.4406548],"rotationMatrix":[-0.111156277,-0.993802965,0,0.993802965,-0.111156277,0,0,0,1],"scale":1.22161794,"type":"eca_rock_medium_2"}
{"pos":[901.880981,934.032471,69.3637695],"rotationMatrix":[-0.0261882283,0.999657035,0,-0.999657035,-0.0261882283,0,0,0,1],"scale":1.05072021,"type":"eca_rock_medium_2"}
{"pos":[920.14563,916.109131,40.0256958],"rotationMatrix":[-0.844031215,0.536293983,0,-0.536293983,-0.844031215,0,0,0,1],"scale":1.2425127,"type":"eca_rock_medium_2"}
{"pos":[939.967773,922.564148,32.3774643],"rotationMatrix":[-0.748596907,-0.663025379,0,0.663025379,-0.748596907,0,0,0,1],"scale":1.16675472,"type":"eca_rock_medium_2"}
{"pos":[920.765076,911.025818,36.2210464],"rotationMatrix":[0.258838862,-0.965920508,0,0.965920508,0.258838862,0,0,0,1],"scale":1.02132106,"type":"eca_rock_medium_2"}
{"pos":[939.43811,924.710327,32.7483215],"rotationMatrix":[0.822057962,0.569403827,0,-0.569403827,0.822057962,0,0,0,1],"scale":1.01870155,"type":"eca_rock_medium_2"}
{"pos":[927.380127,930.261841,45.2952461],"rotationMatrix":[-0.827183783,-0.561931491,0,0.561931491,-0.827183783,0,0,0,1],"scale":1.15952337,"type":"eca_rock_medium_2"}
{"pos":[902.454407,939.759399,68.9791183],"rotationMatrix":[0.48408103,-0.875023186,0,0.875023186,0.48408103,0,0,0,1],"scale":1.13764846,"type":"eca_rock_medium_2"}
{"pos":[907.353577,904.59198,46.1264496],"rotationMatrix":[0.725175858,0.688563704,0,-0.688563704,0.725175858,0,0,0,1],"scale":1.14951098,"type":"eca_rock_medium_2"}
{"pos":[898.354309,909.484375,56.1083336],"rotationMatrix":[-0.481594771,-0.876394033,0,0.876394033,-0.481594771,0,0,0,1],"scale":1.24017107,"type":"eca_rock_medium_2"}
{"pos":[898.838745,931.321777,71.179306],"rotationMatrix":[-0.99571687,-0.0924546793,0,0.0924546793,-0.99571687,0,0,0,1],"scale":1.26700735,"type":"eca_rock_medium_2"}
{"pos":[933.60968,910.882263,30.0418262],"rotationMatrix":[-0.0443267226,-0.99901706,0,0.99901706,-0.0443267226,0,0,0,1],"scale":1.21545601,"type":"eca_rock_medium_2"}
{"pos":[869.047546,903.448486,77.3388977],"rotationMatrix":[-0.930174768,0.367117047,0,-0.367117047,-0.930174768,0,0,0,1],"scale":1.0887146,"type":"eca_rock_medium_2"}
{"pos":[863.707703,868.827393,67.2567978],"rotationMatrix":[0.999941945,-0.0107773403,0,0.0107773403,0.999941945,0,0,0,1],"scale":1.04111779,"type":"eca_rock_medium_2"}
{"pos":[886.095032,868.769653,39.2918587],"rotationMatrix":[0.0602461584,-0.998183548,0,0.998183548,0.0602461584,0,0,0,1],"scale":1.03688097,"type":"eca_rock_medium_2"}
{"pos":[885.309509,882.766357,49.0419006],"rotationMatrix":[-0.522839427,0.852431178,0,-0.852431178,-0.522839427,0,0,0,1],"scale":1.2631197,"type":"eca_rock_medium_2"}
{"pos":[869.128845,869.93335,60.6766739],"rotationMatrix":[0.550461709,-0.834860384,0,0.834860384,0.550461709,0,0,0,1],"scale":1.23388362,"type":"eca_rock_medium_2"}
{"pos":[895.743347,907.970215,56.3986702],"rotationMatrix":[-0.325675488,0.945481598,0,-0.945481598,-0.325675488,0,0,0,1],"scale":1.26676512,"type":"eca_rock_medium_2"}
{"pos":[877.819519,886.098267,58.3761902],"rotationMatrix":[-0.896081924,-0.443888664,0,0.443888664,-0.896081924,0,0,0,1],"scale":1.01916945,"type":"eca_rock_medium_2"}
{"pos":[883.326355,871.987122,44.8492088],"rotationMatrix":[0.760110974,0.649793267,0,-0.649793267,0.760110974,0,0,0,1],"scale":1.22173572,"type":"eca_rock_medium_2"}
{"pos":[876.706909,890.894531,60.9174461],"rotationMatrix":[-0.273730487,-0.961806417,0,0.961806417,-0.273730487,0,0,0,1],"scale":1.09319234,"type":"eca_rock_medium_2"}
{"pos":[866.4599,858.051331,58.4044952],"rotationMatrix":[-0.822901547,-0.568183959,0,0.568183959,-0.822901547,0,0,0,1],"scale":1.27412081,"type":"eca_rock_medium_2"}
{"pos":[847.847046,847.48645,63.3189697],"rotationMatrix":[0.395299673,-0.91855222,0,0.91855222,0.395299673,0,0,0,1],"scale":1.17770195,"type":"eca_rock_medium_2"}
{"pos":[883.404785,834.308472,25.7634449],"rotationMatrix":[0.748029053,-0.66366595,0,0.66366595,0.748029053,0,0,0,1],"scale":1.19693375,"type":"eca_rock_medium_2"}
{"pos":[874.156128,848.470703,37.5622444],"rotationMatrix":[-0.817623377,-0.575753391,0,0.575753391,-0.817623377,0,0,0,1],"scale":1.16382098,"type":"eca_rock_medium_2"}
{"pos":[857.939514,847.246216,55.2030525],"rotationMatrix":[-0.0495383441,0.998772204,0,-0.998772204,-0.0495383441,0,0,0,1],"scale":1.14183939,"type":"eca_rock_medium_2"}
{"pos":[884.836365,814.669495,17.5983009],"rotationMatrix":[0.994408906,0.105597965,0,-0.105597965,0.994408906,0,0,0,1],"scale":1.26685727,"type":"eca_rock_medium_2"}
{"pos":[890.858398,834.8526,21.1713753],"rotationMatrix":[-0.511109948,0.859515369,0,-0.859515369,-0.511109948,0,0,0,1],"scale":1.05541444,"type":"eca_rock_medium_2"}
{"pos":[871.577759,857.74707,50.6557617],"rotationMatrix":[0.457130313,-0.889399707,0,0.889399707,0.457130313,0,0,0,1],"scale":1.0539999,"type":"eca_rock_medium_2"}
{"pos":[872.906067,838.521484,36.1617584],"rotationMatrix":[-0.58940196,-0.80783993,0,0.80783993,-0.58940196,0,0,0,1],"scale":1.00954187,"type":"eca_rock_medium_2"}
