{"pos":[32.311882,-16.0765324,254.13562],"rotationMatrix":[-0.888767242,-0.458358854,0,0.458358854,-0.888767242,0,0,0,0.999999881],"scale":0.974986792,"type":"eca_rock_small_5"}
{"pos":[31.6750584,-16.1692905,254.145554],"rotationMatrix":[-0.336283952,0.94176048,0,-0.94176048,-0.336283952,0,0,0,0.999999881],"scale":0.980436563,"type":"eca_rock_small_5"}
{"pos":[24.6478882,-24.5978298,254.235901],"rotationMatrix":[0.999181926,0.0404393636,0,-0.0404393636,0.999181926,0,0,0,0.999999881],"scale":1.18230164,"type":"eca_rock_small_5"}
{"pos":[24.7175388,-24.9541931,254.252579],"rotationMatrix":[0.506079495,0.862486839,0,-0.862486839,0.506079495,0,0,0,0.999999881],"scale":1.12090719,"type":"eca_rock_small_5"}
{"pos":[4.036273,-31.3056755,252.005951],"rotationMatrix":[-0.996792734,-0.0800264552,0,0.0800264552,-0.996792734,0,0,0,0.999999881],"scale":0.740318,"type":"eca_rock_small_5"}
{"pos":[5.70139742,-38.9908066,253.156464],"rotationMatrix":[-0.0212122407,0.999774873,0,-0.999774873,-0.0212122407,0,0,0,0.999999881],"scale":0.772182524,"type":"eca_rock_small_5"}
{"pos":[22.471014,-39.1447411,253.994827],"rotationMatrix":[-0.933120668,0.359563053,0,-0.359563053,-0.933120668,0,0,0,0.999999881],"scale":0.780156851,"type":"eca_rock_small_5"}
{"pos":[225.588943,45.1809807,252.490814],"rotationMatrix":[-0.199405909,-0.97991693,0,0.97991693,-0.199405909,0,0,0,0.999999881],"scale":1.0377233,"type":"eca_rock_small_5"}
{"pos":[15.6693897,114.351204,233.197327],"rotationMatrix":[0.780405939,-0.625272989,0,0.625272989,0.780405939,0,0,0,0.999999881],"scale":1.12011945,"type":"eca_rock_small_5"}
{"pos":[294.124451,237.349091,253.011032],"rotationMatrix":[0.551540613,-0.834147871,0,0.834147871,0.551540613,0,0,0,0.999999881],"scale":0.888325214,"type":"eca_rock_small_5"}
{"pos":[294.381287,233.792877,254.006104],"rotationMatrix":[-0.814192474,-0.580594957,0,0.580594957,-0.814192474,0,0,0,0.999999881],"scale":1.03732681,"type":"eca_rock_small_5"}
{"pos":[293.067444,232.408035,254.179596],"rotationMatrix":[0.643090725,-0.765789926,0,0.765789926,0.643090725,0,0,0,0.999999881],"scale":1.15903151,"type":"eca_rock_small_5"}
{"pos":[291.243561,238.144562,252.297424],"rotationMatrix":[0.651986837,0.758230269,0,-0.758230269,0.651986837,0,0,0,0.999999881],"scale":0.911240935,"type":"eca_rock_small_5"}
{"pos":[288.62738,238.045715,251.796829],"rotationMatrix":[-0.132060885,-0.991241515,0,0.991241515,-0.132060885,0,0,0,0.999999881],"scale":1.17683411,"type":"eca_rock_small_5"}
{"pos":[312.390198,238.68277,255.481583],"rotationMatrix":[-0.452504516,0.891761959,0,-0.891761959,-0.452504516,0,0,0,0.999999881],"scale":1.27744508,"type":"eca_rock_small_5"}
{"pos":[307.011871,245.135086,254.244217],"rotationMatrix":[-0.883808076,0.467849344,0,-0.467849344,-0.883808076,0,0,0,0.999999881],"scale":0.724594533,"type":"eca_rock_small_5"}
{"pos":[311.41217,240.826675,255.227097],"rotationMatrix":[-0.938968837,-0.344002187,0,0.344002187,-0.938968837,0,0,0,0.999999881],"scale":0.753250659,"type":"eca_rock_small_5"}
{"pos":[312.091003,240.031937,255.36731],"rotationMatrix":[0.992424428,0.122855686,0,-0.122855686,0.992424428,0,0,0,0.999999881],"scale":1.07291484,"type":"eca_rock_small_5"}
{"pos":[309.059875,245.679199,254.607407],"rotationMatrix":[-0.403272599,0.915079772,0,-0.915079772,-0.403272599,0,0,0,0.999999881],"scale":0.826853454,"type":"eca_rock_small_5"}
{"pos":[312.370728,213.201889,263.966675],"rotationMatrix":[-0.942265213,-0.334867299,0,0.334867299,-0.942265213,0,0,0,0.999999881],"scale":1.09422076,"type":"eca_rock_small_5"}
{"pos":[312.128571,217.269318,263.991119],"rotationMatrix":[-0.740691483,0.671845198,0,-0.671845198,-0.740691483,0,0,0,0.999999881],"scale":0.942543268,"type":"eca_rock_small_5"}
{"pos":[311.76767,213.43425,263.986969],"rotationMatrix":[0.825427353,0.564508379,0,-0.564508379,0.825427353,0,0,0,0.999999881],"scale":1.03865075,"type":"eca_rock_small_5"}
{"pos":[313.464569,215.249512,263.966858],"rotationMatrix":[0.680159509,-0.733063936,0,0.733063936,0.680159509,0,0,0,0.999999881],"scale":0.853864193,"type":"eca_rock_small_5"}
{"pos":[289.992706,213.535492,250.125732],"rotationMatrix":[0.322748125,0.946484864,0,-0.946484864,0.322748125,0,0,0,0.999999881],"scale":1.16257393,"type":"eca_rock_small_5"}
{"pos":[280.372009,229.201355,249.999069],"rotationMatrix":[0.930575669,-0.366099387,0,0.366099387,0.930575669,0,0,0,0.999999881],"scale":0.708435535,"type":"eca_rock_small_5"}
{"pos":[284.648132,229.219681,250.044571],"rotationMatrix":[-0.674127281,-0.738615155,0,0.738615155,-0.674127281,0,0,0,0.999999881],"scale":1.2599355,"type":"eca_rock_small_5"}
{"pos":[284.694031,230.429459,250.404221],"rotationMatrix":[-0.369379759,-0.929278433,0,0.929278433,-0.369379759,0,0,0,0.999999881],"scale":0.838433743,"type":"eca_rock_small_5"}
{"pos":[245.575928,192.810287,250.927856],"rotationMatrix":[-0.977300882,-0.211855546,0,0.211855546,-0.977300882,0,0,0,0.999999881],"scale":1.0727067,"type":"eca_rock_small_5"}
{"pos":[244.0737,192.961121,251.110016],"rotationMatrix":[0.985340893,-0.170596123,0,0.170596123,0.985340893,0,0,0,0.999999881],"scale":1.06418169,"type":"eca_rock_small_5"}
{"pos":[247.989273,194.000031,250.499084],"rotationMatrix":[0.892402887,0.451239437,0,-0.451239437,0.892402887,0,0,0,0.999999881],"scale":1.14194191,"type":"eca_rock_small_5"}
{"pos":[244.252655,194.671082,250.912872],"rotationMatrix":[0.999831259,-0.0183618236,0,0.0183618236,0.999831259,0,0,0,0.999999881],"scale":0.716783047,"type":"eca_rock_small_5"}
{"pos":[252.511032,182.564529,251.244827],"rotationMatrix":[-0.36918965,0.929353952,0,-0.929353952,-0.36918965,0,0,0,0.999999881],"scale":1.15460718,"type":"eca_rock_small_5"}
{"pos":[247.643082,161.291473,253.13208],"rotationMatrix":[0.899021089,0.437905312,0,-0.437905312,0.899021089,0,0,0,0.999999881],"scale":1.17744792,"type":"eca_rock_small_5"}
{"pos":[245.633881,154.601028,253.518326],"rotationMatrix":[-0.979585588,-0.201027095,0,0.201027095,-0.979585588,0,0,0,0.999999881],"scale":0.863081872,"type":"eca_rock_small_5"}
{"pos":[255.345871,150.095184,253.439407],"rotationMatrix":[0.452749729,-0.891637564,0,0.891637564,0.452749729,0,0,0,0.999999881],"scale":1.02550268,"type":"eca_rock_small_5"}
{"pos":[246.853424,149.361649,253.693771],"rotationMatrix":[0.9884215,0.15173234,0,-0.15173234,0.9884215,0,0,0,0.999999881],"scale":1.00778401,"type":"eca_rock_small_5"}
{"pos":[254.495636,157.069427,252.99913],"rotationMatrix":[0.811539829,-0.584297001,0,0.584297001,0.811539829,0,0,0,0.999999881],"scale":1.08940601,"type":"eca_rock_small_5"}
{"pos":[256.29425,160.535736,252.686707],"rotationMatrix":[0.498862743,0.866681039,0,-0.866681039,0.498862743,0,0,0,0.999999881],"scale":1.06993854,"type":"eca_rock_small_5"}
{"pos":[242.766266,153.68251,253.662643],"rotationMatrix":[0.183032125,0.983106911,0,-0.983106911,0.183032125,0,0,0,0.999999881],"scale":0.983793497,"type":"eca_rock_small_5"}
{"pos":[252.749756,156.155548,253.142822],"rotationMatrix":[0.896493018,0.443057716,0,-0.443057716,0.896493018,0,0,0,0.999999881],"scale":0.927354932,"type":"eca_rock_small_5"}
{"pos":[252.59259,149.727753,253.53389],"rotationMatrix":[0.0626855344,0.998033226,0,-0.998033226,0.0626855344,0,0,0,0.999999881],"scale":0.76763469,"type":"eca_rock_small_5"}
{"pos":[248.734833,150.347702,253.596558],"rotationMatrix":[-0.303220987,-0.952920198,0,0.952920198,-0.303220987,0,0,0,0.999999881],"scale":0.794620275,"type":"eca_rock_small_5"}
{"pos":[247.703659,159.325409,253.204575],"rotationMatrix":[0.843555629,0.537041724,0,-0.537041724,0.843555629,0,0,0,0.999999881],"scale":1.03320205,"type":"eca_rock_small_5"}
{"pos":[249.879593,163.206039,252.862518],"rotationMatrix":[0.480052412,-0.877239645,0,0.877239645,0.480052412,0,0,0,0.999999881],"scale":1.11639786,"type":"eca_rock_small_5"}
{"pos":[256.800934,159.176315,252.770248],"rotationMatrix":[-0.43925947,-0.898360193,0,0.898360193,-0.43925947,0,0,0,0.999999881],"scale":1.04919446,"type":"eca_rock_small_5"}
{"pos":[247.051193,158.242371,253.269547],"rotationMatrix":[0.321878701,-0.946780741,0,0.946780741,0.321878701,0,0,0,0.999999881],"scale":1.13231468,"type":"eca_rock_small_5"}
{"pos":[244.77359,162.573898,253.218094],"rotationMatrix":[0.623249412,-0.782023013,0,0.782023013,0.623249412,0,0,0,0.999999881],"scale":1.09554255,"type":"eca_rock_small_5"}
{"pos":[275.477936,139.142548,254.398102],"rotationMatrix":[-0.395810932,0.918331921,0,-0.918331921,-0.395810932,0,0,0,0.999999881],"scale":1.04505444,"type":"eca_rock_small_5"}
{"pos":[266.5401,130.913681,254.358139],"rotationMatrix":[0.907490075,0.420073509,0,-0.420073509,0.907490075,0,0,0,0.999999881],"scale":0.957349777,"type":"eca_rock_small_5"}
{"pos":[274.347656,132.425247,254.668839],"rotationMatrix":[-0.33324787,0.942839146,0,-0.942839146,-0.33324787,0,0,0,0.999999881],"scale":1.06686676,"type":"eca_rock_small_5"}
{"pos":[268.250122,131.206192,254.413025],"rotationMatrix":[0.653386533,-0.757024348,0,0.757024348,0.653386533,0,0,0,0.999999881],"scale":1.2696811,"type":"eca_rock_small_5"}
{"pos":[276.022766,130.921448,254.821609],"rotationMatrix":[-0.941919029,-0.335839868,0,0.335839868,-0.941919029,0,0,0,0.999999881],"scale":1.15938652,"type":"eca_rock_small_5"}
{"pos":[276.797882,138.191223,254.444031],"rotationMatrix":[-0.948160231,-0.317792714,0,0.317792714,-0.948160231,0,0,0,0.999999881],"scale":0.953619123,"type":"eca_rock_small_5"}
{"pos":[269.171356,134.366821,254.380783],"rotationMatrix":[0.809582472,0.587006092,0,-0.587006092,0.809582472,0,0,0,0.999999881],"scale":0.767781138,"type":"eca_rock_small_5"}
{"pos":[267.390991,136.522507,254.24826],"rotationMatrix":[-0.967142045,-0.254236579,0,0.254236579,-0.967142045,0,0,0,0.999999881],"scale":1.24998033,"type":"eca_rock_small_5"}
{"pos":[279.27951,132.202621,254.860825],"rotationMatrix":[0.540881395,0.841098845,0,-0.841098845,0.540881395,0,0,0,0.999999881],"scale":0.924133301,"type":"eca_rock_small_5"}
{"pos":[223.680405,191.121613,253.725281],"rotationMatrix":[0.461420625,0.88718152,0,-0.88718152,0.461420625,0,0,0,0.999999881],"scale":1.09509242,"type":"eca_rock_small_5"}
{"pos":[244.028839,124.754837,254.197525],"rotationMatrix":[0.999994457,-0.00330923754,0,0.00330923754,0.999994457,0,0,0,0.999999881],"scale":0.720555902,"type":"eca_rock_small_5"}
{"pos":[237.617203,124.200943,254.338058],"rotationMatrix":[0.503241897,-0.864145398,0,0.864145398,0.503241897,0,0,0,0.999999881],"scale":1.00542116,"type":"eca_rock_small_5"}
{"pos":[238.777344,122.815094,254.327698],"rotationMatrix":[0.297990829,0.954568744,0,-0.954568744,0.297990829,0,0,0,0.999999881],"scale":1.27699351,"type":"eca_rock_small_5"}
{"pos":[243.338959,121.755898,254.236679],"rotationMatrix":[-0.55772084,0.830028415,0,-0.830028415,-0.55772084,0,0,0,0.999999881],"scale":1.05035031,"type":"eca_rock_small_5"}
{"pos":[237.422714,119.459564,254.316376],"rotationMatrix":[-0.218811333,0.975767076,0,-0.975767076,-0.218811333,0,0,0,0.999999881],"scale":0.926641822,"type":"eca_rock_small_5"}
{"pos":[219.20697,89.2860413,254.300674],"rotationMatrix":[0.0426479466,0.999090075,0,-0.999090075,0.0426479466,0,0,0,0.999999881],"scale":1.22600031,"type":"eca_rock_small_5"}
{"pos":[215.839249,91.9664993,254.248657],"rotationMatrix":[0.495911211,-0.868373156,0,0.868373156,0.495911211,0,0,0,0.999999881],"scale":1.00143838,"type":"eca_rock_small_5"}
{"pos":[212.246399,91.0468826,254.253113],"rotationMatrix":[-0.641480863,0.767138779,0,-0.767138779,-0.641480863,0,0,0,0.999999881],"scale":1.00593114,"type":"eca_rock_small_5"}
{"pos":[220.95639,91.8830719,254.317734],"rotationMatrix":[0.982520878,0.186151996,0,-0.186151996,0.982520878,0,0,0,0.999999881],"scale":0.983739495,"type":"eca_rock_small_5"}
{"pos":[213.500244,92.4105148,254.256989],"rotationMatrix":[0.0138671082,0.999903738,0,-0.999903738,0.0138671082,0,0,0,0.999999881],"scale":1.05858231,"type":"eca_rock_small_5"}
{"pos":[215.227982,90.3272324,254.268967],"rotationMatrix":[-0.529223084,0.848482549,0,-0.848482549,-0.529223084,0,0,0,0.999999881],"scale":0.922090471,"type":"eca_rock_small_5"}
{"pos":[205.378326,75.95755,254.263412],"rotationMatrix":[0.716281056,0.697811902,0,-0.697811902,0.716281056,0,0,0,0.999999881],"scale":0.992817402,"type":"eca_rock_small_5"}
{"pos":[199.472534,81.3952942,254.256714],"rotationMatrix":[-0.561811209,-0.827265322,0,0.827265322,-0.561811209,0,0,0,0.999999881],"scale":1.07832408,"type":"eca_rock_small_5"}
{"pos":[199.685104,77.9828186,254.250809],"rotationMatrix":[-0.996078789,-0.0884685144,0,0.0884685144,-0.996078789,0,0,0,0.999999881],"scale":0.924862742,"type":"eca_rock_small_5"}
{"pos":[196.926178,76.7070541,254.270798],"rotationMatrix":[0.306384385,-0.951907694,0,0.951907694,0.306384385,0,0,0,0.999999881],"scale":0.849297285,"type":"eca_rock_small_5"}
{"pos":[202.379044,79.1859207,254.256897],"rotationMatrix":[-0.972014844,-0.234919295,0,0.234919295,-0.972014844,0,0,0,0.999999881],"scale":0.83714354,"type":"eca_rock_small_5"}
{"pos":[198.614029,76.4071884,254.272034],"rotationMatrix":[0.392230213,-0.919866979,0,0.919866979,0.392230213,0,0,0,0.999999881],"scale":0.790141582,"type":"eca_rock_small_5"}
{"pos":[201.377625,72.2901611,254.265091],"rotationMatrix":[0.912298024,-0.409526646,0,0.409526646,0.912298024,0,0,0,0.999999881],"scale":0.953082323,"type":"eca_rock_small_5"}
{"pos":[200.49884,74.4949188,254.252777],"rotationMatrix":[0.996273816,-0.0862451643,0,0.0862451643,0.996273816,0,0,0,0.999999881],"scale":0.81237489,"type":"eca_rock_small_5"}
{"pos":[201.444107,73.5575867,254.253082],"rotationMatrix":[-0.80645299,-0.591297984,0,0.591297984,-0.80645299,0,0,0,0.999999881],"scale":0.813302577,"type":"eca_rock_small_5"}
{"pos":[162.226303,63.9948807,254.275513],"rotationMatrix":[0.0862784684,-0.996270955,0,0.996270955,0.0862784684,0,0,0,0.999999881],"scale":1.08420658,"type":"eca_rock_small_5"}
{"pos":[165.18158,65.2464676,254.249756],"rotationMatrix":[-0.847892284,0.530168474,0,-0.530168474,-0.847892284,0,0,0,0.999999881],"scale":0.775503337,"type":"eca_rock_small_5"}
{"pos":[166.413361,67.8993149,254.261353],"rotationMatrix":[0.970812857,-0.239838123,0,0.239838123,0.970812857,0,0,0,0.999999881],"scale":0.749389946,"type":"eca_rock_small_5"}
{"pos":[168.170151,62.1450348,254.265808],"rotationMatrix":[-0.900087595,0.435708702,0,-0.435708702,-0.900087595,0,0,0,0.999999881],"scale":1.09427154,"type":"eca_rock_small_5"}
{"pos":[169.740402,65.3798828,254.271561],"rotationMatrix":[0.98838824,0.151949137,0,-0.151949137,0.98838824,0,0,0,0.999999881],"scale":0.773506463,"type":"eca_rock_small_5"}
{"pos":[172.294052,60.6221161,254.243546],"rotationMatrix":[0.318060368,-0.948070347,0,0.948070347,0.318060368,0,0,0,0.999999881],"scale":1.05345678,"type":"eca_rock_small_5"}
{"pos":[167.511688,62.6571274,254.258347],"rotationMatrix":[-0.90057236,-0.434705913,0,0.434705913,-0.90057236,0,0,0,0.999999881],"scale":0.903826475,"type":"eca_rock_small_5"}
{"pos":[167.836029,65.6983643,254.260696],"rotationMatrix":[-0.603422284,-0.797421634,0,0.797421634,-0.603422284,0,0,0,0.999999881],"scale":0.919637978,"type":"eca_rock_small_5"}
{"pos":[164.863434,61.4452171,254.24588],"rotationMatrix":[-0.988575041,-0.150728673,0,0.150728673,-0.988575041,0,0,0,0.999999881],"scale":1.04635024,"type":"eca_rock_small_5"}
{"pos":[165.093155,58.4394836,254.279114],"rotationMatrix":[-0.988348305,-0.152208671,0,0.152208671,-0.988348305,0,0,0,0.999999881],"scale":1.02656209,"type":"eca_rock_small_5"}
{"pos":[161.640656,64.2802429,254.283401],"rotationMatrix":[-0.666187644,0.745783925,0,-0.745783925,-0.666187644,0,0,0,0.999999881],"scale":0.843267798,"type":"eca_rock_small_5"}
{"pos":[160.12117,62.2649002,254.30159],"rotationMatrix":[0.411767572,0.911288917,0,-0.911288917,0.411767572,0,0,0,0.999999881],"scale":1.15043032,"type":"eca_rock_small_5"}
{"pos":[148.635223,100.067291,254.367355],"rotationMatrix":[0.319201201,0.94768697,0,-0.94768697,0.319201201,0,0,0,0.999999881],"scale":0.727543712,"type":"eca_rock_small_5"}
{"pos":[151.979965,95.1383209,254.376419],"rotationMatrix":[-0.499159545,0.866509914,0,-0.866509914,-0.499159545,0,0,0,0.999999881],"scale":0.707573056,"type":"eca_rock_small_5"}
{"pos":[155.328674,96.8301926,254.368576],"rotationMatrix":[-0.745950043,0.666001678,0,-0.666001678,-0.745950043,0,0,0,0.999999881],"scale":1.23967814,"type":"eca_rock_small_5"}
{"pos":[150.444565,101.489792,254.354202],"rotationMatrix":[-0.0639515296,-0.997952938,0,0.997952938,-0.0639515296,0,0,0,0.999999881],"scale":0.981877208,"type":"eca_rock_small_5"}
{"pos":[150.937698,97.5543518,254.369064],"rotationMatrix":[0.692801297,-0.721128404,0,0.721128404,0.692801297,0,0,0,0.999999881],"scale":1.18495107,"type":"eca_rock_small_5"}
{"pos":[157.954559,94.0525513,254.351425],"rotationMatrix":[0.0976635665,0.995219469,0,-0.995219469,0.0976635665,0,0,0,0.999999881],"scale":1.1941433,"type":"eca_rock_small_5"}
{"pos":[146.133545,92.1511688,254.350586],"rotationMatrix":[0.518927872,0.854818046,0,-0.854818046,0.518927872,0,0,0,0.999999881],"scale":1.21684837,"type":"eca_rock_small_5"}
{"pos":[150.735214,92.3707886,254.377274],"rotationMatrix":[0.288559407,0.957462013,0,-0.957462013,0.288559407,0,0,0,0.999999881],"scale":0.709820688,"type":"eca_rock_small_5"}
{"pos":[148.640747,98.728653,254.361389],"rotationMatrix":[-0.897339106,-0.441341728,0,0.441341728,-0.897339106,0,0,0,0.999999881],"scale":0.795701146,"type":"eca_rock_small_5"}
{"pos":[143.343857,87.2353592,254.355423],"rotationMatrix":[-0.26531598,-0.964161456,0,0.964161456,-0.26531598,0,0,0,0.999999881],"scale":0.979876637,"type":"eca_rock_small_5"}
{"pos":[145.492615,81.3739471,254.363892],"rotationMatrix":[-0.839792132,0.542907715,0,-0.542907715,-0.839792132,0,0,0,0.999999881],"scale":1.0609026,"type":"eca_rock_small_5"}
{"pos":[144.615616,77.556076,254.368942],"rotationMatrix":[0.217946172,0.975960791,0,-0.975960791,0.217946172,0,0,0,0.999999881],"scale":1.15846241,"type":"eca_rock_small_5"}
{"pos":[143.980026,87.2009506,254.362259],"rotationMatrix":[-0.220066026,0.975484908,0,-0.975484908,-0.220066026,0,0,0,0.999999881],"scale":0.854816318,"type":"eca_rock_small_5"}
{"pos":[143.782593,81.023468,254.362747],"rotationMatrix":[0.447988302,0.894039452,0,-0.894039452,0.447988302,0,0,0,0.999999881],"scale":1.11256003,"type":"eca_rock_small_5"}
{"pos":[146.420349,85.8799438,254.375443],"rotationMatrix":[-0.516668022,-0.856185794,0,0.856185794,-0.516668022,0,0,0,0.999999881],"scale":1.21568167,"type":"eca_rock_small_5"}
{"pos":[147.18222,86.4445648,254.36998],"rotationMatrix":[-0.245951846,0.969281971,0,-0.969281971,-0.245951846,0,0,0,0.999999881],"scale":0.917100191,"type":"eca_rock_small_5"}
{"pos":[149.45491,87.5453568,254.377609],"rotationMatrix":[0.948019445,-0.318212062,0,0.318212062,0.948019445,0,0,0,0.999999881],"scale":0.744948208,"type":"eca_rock_small_5"}
{"pos":[155.013504,93.7604141,254.373932],"rotationMatrix":[-0.660906196,0.750468314,0,-0.750468314,-0.660906196,0,0,0,0.999999881],"scale":0.899780989,"type":"eca_rock_small_5"}
{"pos":[152.964859,102.210663,254.377472],"rotationMatrix":[-0.482166052,-0.876079738,0,0.876079738,-0.482166052,0,0,0,0.999999881],"scale":0.989310145,"type":"eca_rock_small_5"}
{"pos":[150.260742,98.1823044,254.349823],"rotationMatrix":[0.956365764,0.292171985,0,-0.292171985,0.956365764,0,0,0,0.999999881],"scale":1.05213654,"type":"eca_rock_small_5"}
{"pos":[157.268036,101.607155,254.34906],"rotationMatrix":[-0.327646106,0.944800436,0,-0.944800436,-0.327646106,0,0,0,0.999999881],"scale":1.02368593,"type":"eca_rock_small_5"}
{"pos":[154.173828,93.2846756,254.365234],"rotationMatrix":[0.0788238943,0.996888459,0,-0.996888459,0.0788238943,0,0,0,0.999999881],"scale":1.12126791,"type":"eca_rock_small_5"}
{"pos":[153.128632,94.764801,254.344208],"rotationMatrix":[-0.859374106,-0.511347115,0,0.511347115,-0.859374106,0,0,0,0.999999881],"scale":1.17455196,"type":"eca_rock_small_5"}
{"pos":[155.613586,99.3703461,254.357681],"rotationMatrix":[0.960979998,0.276617765,0,-0.276617765,0.960979998,0,0,0,0.999999881],"scale":0.754154325,"type":"eca_rock_small_5"}
{"pos":[155.116699,100.073166,254.36113],"rotationMatrix":[0.9354105,0.353563547,0,-0.353563547,0.9354105,0,0,0,0.999999881],"scale":0.813407838,"type":"eca_rock_small_5"}
{"pos":[158.217438,98.2569275,254.348724],"rotationMatrix":[-0.993207812,-0.116353199,0,0.116353199,-0.993207812,0,0,0,0.999999881],"scale":1.21967041,"type":"eca_rock_small_5"}
{"pos":[155.872955,102.579727,254.358414],"rotationMatrix":[0.205817401,0.978590429,0,-0.978590429,0.205817401,0,0,0,0.999999881],"scale":1.08150685,"type":"eca_rock_small_5"}
{"pos":[156.946808,134.239395,254.373352],"rotationMatrix":[0.207034677,0.978333533,0,-0.978333533,0.207034677,0,0,0,0.999999881],"scale":0.990421772,"type":"eca_rock_small_5"}
{"pos":[161.338593,135.069351,254.364273],"rotationMatrix":[0.535595536,0.844474614,0,-0.844474614,0.535595536,0,0,0,0.999999881],"scale":1.0584389,"type":"eca_rock_small_5"}
{"pos":[157.162399,133.800446,254.367813],"rotationMatrix":[-0.384871781,0.922969878,0,-0.922969878,-0.384871781,0,0,0,0.999999881],"scale":1.0375154,"type":"eca_rock_small_5"}
{"pos":[156.625565,135.118362,254.361877],"rotationMatrix":[-0.14338851,0.989666343,0,-0.989666343,-0.14338851,0,0,0,0.999999881],"scale":1.23861372,"type":"eca_rock_small_5"}
{"pos":[151.003571,134.457153,254.3573],"rotationMatrix":[0.298612088,0.954374552,0,-0.954374552,0.298612088,0,0,0,0.999999881],"scale":1.22997892,"type":"eca_rock_small_5"}
{"pos":[157.753799,137.420471,254.359619],"rotationMatrix":[-0.989321053,0.145751923,0,-0.145751923,-0.989321053,0,0,0,0.999999881],"scale":1.09435701,"type":"eca_rock_small_5"}
{"pos":[169.584229,151.983917,254.361206],"rotationMatrix":[0.435892254,0.899998844,0,-0.899998844,0.435892254,0,0,0,0.999999881],"scale":0.74126178,"type":"eca_rock_small_5"}
{"pos":[166.640625,142.779785,254.366287],"rotationMatrix":[-0.796871662,0.604148328,0,-0.604148328,-0.796871662,0,0,0,0.999999881],"scale":0.903003931,"type":"eca_rock_small_5"}
{"pos":[164.745132,145.196533,254.378082],"rotationMatrix":[-0.928407371,0.371563733,0,-0.371563733,-0.928407371,0,0,0,0.999999881],"scale":0.967104435,"type":"eca_rock_small_5"}
{"pos":[161.948502,146.361938,254.365662],"rotationMatrix":[0.588455796,0.808529377,0,-0.808529377,0.588455796,0,0,0,0.999999881],"scale":1.26866853,"type":"eca_rock_small_5"}
{"pos":[166.231628,144.814163,254.365753],"rotationMatrix":[-0.504049003,-0.863674939,0,0.863674939,-0.504049003,0,0,0,0.999999881],"scale":1.08928108,"type":"eca_rock_small_5"}
{"pos":[170.23941,147.734207,254.358719],"rotationMatrix":[0.872175634,0.489192784,0,-0.489192784,0.872175634,0,0,0,0.999999881],"scale":1.28527522,"type":"eca_rock_small_5"}
{"pos":[164.834442,146.309814,254.369354],"rotationMatrix":[-0.110474467,0.993878901,0,-0.993878901,-0.110474467,0,0,0,0.999999881],"scale":0.760026276,"type":"eca_rock_small_5"}
{"pos":[161.312317,145.959351,254.367386],"rotationMatrix":[-0.767511189,0.641035199,0,-0.641035199,-0.767511189,0,0,0,0.999999881],"scale":1.26909542,"type":"eca_rock_small_5"}
{"pos":[171.397491,147.518692,254.355759],"rotationMatrix":[-0.539987206,-0.841673017,0,0.841673017,-0.539987206,0,0,0,0.999999881],"scale":1.04620397,"type":"eca_rock_small_5"}
{"pos":[167.706131,146.799988,254.36438],"rotationMatrix":[0.858467579,0.512867749,0,-0.512867749,0.858467579,0,0,0,0.999999881],"scale":1.06407928,"type":"eca_rock_small_5"}
{"pos":[167.096191,143.520248,254.373276],"rotationMatrix":[0.939322233,0.343035936,0,-0.343035936,0.939322233,0,0,0,0.999999881],"scale":0.819387496,"type":"eca_rock_small_5"}
{"pos":[168.387024,142.595917,254.356918],"rotationMatrix":[0.930935025,-0.365184575,0,0.365184575,0.930935025,0,0,0,0.999999881],"scale":1.23354924,"type":"eca_rock_small_5"}
{"pos":[202.747711,176.556488,254.375977],"rotationMatrix":[0.975561976,0.219724119,0,-0.219724119,0.975561976,0,0,0,0.999999881],"scale":0.994131386,"type":"eca_rock_small_5"}
{"pos":[208.518448,181.396133,254.342087],"rotationMatrix":[-0.871621192,0.490179777,0,-0.490179777,-0.871621192,0,0,0,0.999999881],"scale":1.25094867,"type":"eca_rock_small_5"}
{"pos":[202.325073,177.384079,254.367386],"rotationMatrix":[-0.58091259,0.813965738,0,-0.813965738,-0.58091259,0,0,0,0.999999881],"scale":0.937380433,"type":"eca_rock_small_5"}
{"pos":[202.117813,185.865967,254.341888],"rotationMatrix":[-0.275633365,-0.961262763,0,0.961262763,-0.275633365,0,0,0,0.999999881],"scale":1.25848114,"type":"eca_rock_small_5"}
{"pos":[207.562866,177.018005,254.371674],"rotationMatrix":[-0.459745526,-0.888050556,0,0.888050556,-0.459745526,0,0,0,0.999999881],"scale":0.736140072,"type":"eca_rock_small_5"}
{"pos":[203.925201,178.806046,254.360031],"rotationMatrix":[-0.396977603,0.917828143,0,-0.917828143,-0.396977603,0,0,0,0.999999881],"scale":0.895122886,"type":"eca_rock_small_5"}
{"pos":[199.729248,181.271698,254.373215],"rotationMatrix":[0.62727493,0.778797865,0,-0.778797865,0.62727493,0,0,0,0.999999881],"scale":1.27744365,"type":"eca_rock_small_5"}
{"pos":[-6.63284016,-224.388977,253.170532],"rotationMatrix":[0.202379391,-0.979307115,0,0.979307115,0.202379391,0,0,0,0.999999881],"scale":1.2306757,"type":"eca_rock_small_5"}
{"pos":[165.921387,-68.7803421,257.323059],"rotationMatrix":[-0.974051058,0.226327926,0,-0.226327926,-0.974051058,0,0,0,0.999999881],"scale":1.16684234,"type":"eca_rock_small_5"}
{"pos":[161.126907,-19.9993172,253.986649],"rotationMatrix":[0.577329516,0.816511214,0,-0.816511214,0.577329516,0,0,0,0.999999881],"scale":0.877226949,"type":"eca_rock_small_5"}
{"pos":[148.477203,-173.499619,265.755371],"rotationMatrix":[0.995105445,-0.0988180786,0,0.0988180786,0.995105445,0,0,0,0.999999881],"scale":1.21873403,"type":"eca_rock_small_5"}
{"pos":[159.487457,-188.905533,268.523926],"rotationMatrix":[-0.994210541,0.107448727,0,-0.107448727,-0.994210541,0,0,0,0.999999881],"scale":1.0560292,"type":"eca_rock_small_5"}
{"pos":[160.421143,-189.312134,268.51886],"rotationMatrix":[0.252346694,-0.967636764,0,0.967636764,0.252346694,0,0,0,0.999999881],"scale":1.22506595,"type":"eca_rock_small_5"}
{"pos":[160.635223,-188.469009,268.537109],"rotationMatrix":[-0.669769883,0.742568612,0,-0.742568612,-0.669769883,0,0,0,0.999999881],"scale":0.716379583,"type":"eca_rock_small_5"}
{"pos":[159.336014,-190.106796,268.549133],"rotationMatrix":[-0.653943598,-0.756543279,0,0.756543279,-0.653943598,0,0,0,0.999999881],"scale":0.873149693,"type":"eca_rock_small_5"}
{"pos":[160.853439,-189.842834,268.549774],"rotationMatrix":[-0.876191437,0.481963009,0,-0.481963009,-0.876191437,0,0,0,0.999999881],"scale":1.2130053,"type":"eca_rock_small_5"}
{"pos":[123.287003,-161.892166,261.116425],"rotationMatrix":[0.39899978,-0.916950941,0,0.916950941,0.39899978,0,0,0,0.999999881],"scale":0.911718011,"type":"eca_rock_small_5"}
{"pos":[133.783142,-234.720093,263.772797],"rotationMatrix":[0.203449592,0.979085386,0,-0.979085386,0.203449592,0,0,0,0.999999881],"scale":0.951721072,"type":"eca_rock_small_5"}
{"pos":[131.02034,-225.503754,263.793335],"rotationMatrix":[0.961656272,-0.274257362,0,0.274257362,0.961656272,0,0,0,0.999999881],"scale":0.727728784,"type":"eca_rock_small_5"}
{"pos":[101.517838,-190.056503,263.292175],"rotationMatrix":[-0.175749928,0.984434724,0,-0.984434724,-0.175749928,0,0,0,0.999999881],"scale":0.837725222,"type":"eca_rock_small_5"}
{"pos":[-853.339478,-79.2096176,324.82901],"rotationMatrix":[0.138478518,-0.990365386,0,0.990365386,0.138478518,0,0,0,0.999999881],"scale":1.05168664,"type":"eca_rock_small_5"}
{"pos":[-1046.37854,-102.733276,348.372772],"rotationMatrix":[-0.329315662,0.944219768,-0,-0.944219768,-0.329315662,0,-0,0,0.999999881],"scale":0.832818389,"type":"eca_rock_small_5"}
{"pos":[-1045.36755,-103.011971,348.30307],"rotationMatrix":[-0.96661371,-0.256237745,0,0.256237745,-0.96661371,0,-0,0,0.999999881],"scale":0.798756182,"type":"eca_rock_small_5"}
{"pos":[-1042.48315,-108.68647,350.84259],"rotationMatrix":[0.242470756,-0.970158637,0,0.970158637,0.242470756,0,-0,0,0.999999881],"scale":1.27095354,"type":"eca_rock_small_5"}
{"pos":[-1043.99255,-104.551468,348.724945],"rotationMatrix":[0.508717418,0.860933602,0,-0.860933602,0.508717418,-0,-0,0,0.999999881],"scale":0.813875377,"type":"eca_rock_small_5"}
{"pos":[-1045.00549,-102.38649,347.97403],"rotationMatrix":[0.951093376,-0.308903307,0,0.308903307,0.951093376,0,-0,0,0.999999881],"scale":1.07590175,"type":"eca_rock_small_5"}
{"pos":[-1048.24048,-103.379349,349.029327],"rotationMatrix":[0.976631105,0.214922175,0,-0.214922175,0.976631105,-0,-0,0,0.999999881],"scale":1.13610852,"type":"eca_rock_small_5"}
{"pos":[-1041.78748,-107.625275,349.798065],"rotationMatrix":[0.266339988,0.963879168,0,-0.963879168,0.266339988,-0,-0,0,0.999999881],"scale":0.885940552,"type":"eca_rock_small_5"}
{"pos":[-1046.02051,-105.741714,350.00354],"rotationMatrix":[-0.48093155,0.876758039,-0,-0.876758039,-0.48093155,0,-0,0,0.999999881],"scale":1.2581259,"type":"eca_rock_small_5"}
{"pos":[-1044.8761,-104.63195,349.020111],"rotationMatrix":[0.546369612,-0.837544143,0,0.837544143,0.546369612,0,-0,0,0.999999881],"scale":0.858062685,"type":"eca_rock_small_5"}
{"pos":[-1042.34814,-107.109062,349.682983],"rotationMatrix":[-0.481084973,0.876673818,-0,-0.876673818,-0.481084973,0,-0,0,0.999999881],"scale":1.09699404,"type":"eca_rock_small_5"}
{"pos":[-1045.75891,-101.647293,347.841309],"rotationMatrix":[-0.61091727,0.791694224,-0,-0.791694224,-0.61091727,0,-0,0,0.999999881],"scale":0.86706537,"type":"eca_rock_small_5"}
{"pos":[-1055.41602,-99.9302444,347.875702],"rotationMatrix":[-0.608391643,0.793636739,-0,-0.793636739,-0.608391643,0,-0,0,0.999999881],"scale":1.04207563,"type":"eca_rock_small_5"}
{"pos":[-1054.78821,-97.4324493,347.330841],"rotationMatrix":[-0.750486255,-0.660886049,0,0.660886049,-0.750486255,0,-0,0,0.999999881],"scale":1.03939986,"type":"eca_rock_small_5"}
{"pos":[-1054.22803,-103.858421,349.817352],"rotationMatrix":[-0.355248988,0.934771597,-0,-0.934771597,-0.355248988,0,-0,0,0.999999881],"scale":1.1780715,"type":"eca_rock_small_5"}
{"pos":[-1056.90051,-102.926247,349.215149],"rotationMatrix":[0.415172309,0.909742773,0,-0.909742773,0.415172309,-0,-0,0,0.999999881],"scale":1.11978793,"type":"eca_rock_small_5"}
{"pos":[-1053.36536,-103.657173,349.69101],"rotationMatrix":[0.768233597,0.640169621,0,-0.640169621,0.768233597,-0,-0,0,0.999999881],"scale":0.808317304,"type":"eca_rock_small_5"}
{"pos":[-1053.09326,-103.277214,349.425507],"rotationMatrix":[-0.728145242,0.685422599,-0,-0.685422599,-0.728145242,0,-0,0,0.999999881],"scale":1.15736616,"type":"eca_rock_small_5"}
{"pos":[-1053.41162,-98.2398605,347.413544],"rotationMatrix":[-0.997108579,0.0759887248,-0,-0.0759887248,-0.997108579,0,-0,0,0.999999881],"scale":1.05613375,"type":"eca_rock_small_5"}
{"pos":[-1059.31592,-101.391579,348.295013],"rotationMatrix":[-0.998365521,0.0571500473,-0,-0.0571500473,-0.998365521,0,-0,0,0.999999881],"scale":1.05996871,"type":"eca_rock_small_5"}
{"pos":[-1058.55493,-101.383675,348.343445],"rotationMatrix":[-0.48941651,0.872049987,-0,-0.872049987,-0.48941651,0,-0,0,0.999999881],"scale":0.789518118,"type":"eca_rock_small_5"}
{"pos":[-1058.51526,-99.9658051,347.77066],"rotationMatrix":[-0.0690314323,0.997614384,-0,-0.997614384,-0.0690314323,0,-0,0,0.999999881],"scale":1.06716383,"type":"eca_rock_small_5"}
{"pos":[-1060.53467,-101.348114,348.162079],"rotationMatrix":[-0.536739171,-0.843748033,0,0.843748033,-0.536739171,0,-0,0,0.999999881],"scale":1.18420589,"type":"eca_rock_small_5"}
{"pos":[-1059.5553,-102.630539,348.901306],"rotationMatrix":[0.555608809,-0.831443727,0,0.831443727,0.555608809,0,-0,0,0.999999881],"scale":1.22461605,"type":"eca_rock_small_5"}
{"pos":[-1059.85889,-102.0746,348.572723],"rotationMatrix":[0.992631018,-0.121174857,0,0.121174857,0.992631018,0,-0,0,0.999999881],"scale":1.29200804,"type":"eca_rock_small_5"}
{"pos":[-1059.39172,-96.7453232,347.199554],"rotationMatrix":[-0.987608016,-0.156940222,0,0.156940222,-0.987608016,0,-0,0,0.999999881],"scale":0.793729365,"type":"eca_rock_small_5"}
{"pos":[-1059.90283,-101.541046,348.326416],"rotationMatrix":[0.893311203,-0.449438363,0,0.449438363,0.893311203,0,-0,0,0.999999881],"scale":0.794428945,"type":"eca_rock_small_5"}
{"pos":[-1062.40027,-100.784058,347.733124],"rotationMatrix":[-0.99694258,0.0781366676,-0,-0.0781366676,-0.99694258,0,-0,0,0.999999881],"scale":1.0102911,"type":"eca_rock_small_5"}
{"pos":[-1043.68762,-98.7374802,347.118256],"rotationMatrix":[-0.6355443,0.772064149,-0,-0.772064149,-0.6355443,0,-0,0,0.999999881],"scale":0.897358239,"type":"eca_rock_small_5"}
{"pos":[-1047.48743,-97.0262527,347.157135],"rotationMatrix":[-0.503436029,0.864032328,-0,-0.864032328,-0.503436029,0,-0,0,0.999999881],"scale":1.18177521,"type":"eca_rock_small_5"}
{"pos":[-1047.37903,-94.2191925,347.045898],"rotationMatrix":[0.993680418,-0.112245463,0,0.112245463,0.993680418,0,-0,0,0.999999881],"scale":1.04822218,"type":"eca_rock_small_5"}
{"pos":[-1048.79663,-96.6455688,347.153412],"rotationMatrix":[-0.675392807,0.73745805,-0,-0.73745805,-0.675392807,0,-0,0,0.999999881],"scale":1.23318911,"type":"eca_rock_small_5"}
{"pos":[-1048.34094,-101.078873,347.953491],"rotationMatrix":[-0.940090835,0.340923905,-0,-0.340923905,-0.940090835,0,-0,0,0.999999881],"scale":1.2943697,"type":"eca_rock_small_5"}
{"pos":[-1049.14307,-101.023804,348.006775],"rotationMatrix":[0.969693124,0.244325981,0,-0.244325981,0.969693124,-0,-0,0,0.999999881],"scale":1.2055912,"type":"eca_rock_small_5"}
{"pos":[-1067.3988,-102.448433,347.386108],"rotationMatrix":[0.678305447,0.734780073,0,-0.734780073,0.678305447,-0,-0,0,0.999999881],"scale":0.87534368,"type":"eca_rock_small_5"}
{"pos":[-1070.74939,-102.232414,346.82724],"rotationMatrix":[-0.988734365,-0.149680465,0,0.149680465,-0.988734365,0,-0,0,0.999999881],"scale":1.01672506,"type":"eca_rock_small_5"}
{"pos":[-1066.0531,-102.731735,347.801086],"rotationMatrix":[0.218027622,0.975942552,0,-0.975942552,0.218027622,-0,-0,0,0.999999881],"scale":1.13530612,"type":"eca_rock_small_5"}
{"pos":[-1071.20776,-102.287117,346.824371],"rotationMatrix":[-0.355880111,-0.934531569,0,0.934531569,-0.355880111,0,-0,0,0.999999881],"scale":0.914802909,"type":"eca_rock_small_5"}
{"pos":[-1067.54382,-100.831284,347.113342],"rotationMatrix":[-0.994715393,0.102670237,-0,-0.102670237,-0.994715393,0,-0,0,0.999999881],"scale":0.896113276,"type":"eca_rock_small_5"}
{"pos":[-1070.10364,-103.663734,347.023804],"rotationMatrix":[-0.678337395,-0.73475039,0,0.73475039,-0.678337395,0,-0,0,0.999999881],"scale":0.728281915,"type":"eca_rock_small_5"}
{"pos":[-1066.74939,-104.514832,348.444244],"rotationMatrix":[-0.99993372,0.0115049593,-0,-0.0115049593,-0.99993372,0,-0,0,0.999999881],"scale":0.954577208,"type":"eca_rock_small_5"}
{"pos":[-1065.33289,-102.38504,347.852112],"rotationMatrix":[-0.944298744,0.329089433,-0,-0.329089433,-0.944298744,0,-0,0,0.999999881],"scale":0.916841984,"type":"eca_rock_small_5"}
{"pos":[-1066.37976,-102.446465,347.595642],"rotationMatrix":[0.999884784,-0.0151740424,0,0.0151740424,0.999884784,0,-0,0,0.999999881],"scale":1.20524752,"type":"eca_rock_small_5"}
{"pos":[-1040.73926,-101.663597,347.097809],"rotationMatrix":[-0.833520234,0.552488565,-0,-0.552488565,-0.833520234,0,-0,0,0.999999881],"scale":1.06587696,"type":"eca_rock_small_5"}
{"pos":[-1037.96606,-104.621254,347.214081],"rotationMatrix":[0.993127406,-0.117036954,0,0.117036954,0.993127406,0,-0,0,0.999999881],"scale":1.14006639,"type":"eca_rock_small_5"}
{"pos":[-1040.16101,-103.413071,347.357758],"rotationMatrix":[0.737352788,-0.675507665,0,0.675507665,0.737352788,0,-0,0,0.999999881],"scale":0.730014265,"type":"eca_rock_small_5"}
{"pos":[-1042.95984,-100.999954,347.277893],"rotationMatrix":[-0.937820375,-0.347121,0,0.347121,-0.937820375,0,-0,0,0.999999881],"scale":0.715846717,"type":"eca_rock_small_5"}
{"pos":[-1042.73999,-103.44986,347.922668],"rotationMatrix":[0.210785255,0.977532327,0,-0.977532327,0.210785255,-0,-0,0,0.999999881],"scale":0.787196338,"type":"eca_rock_small_5"}
{"pos":[-1043.20947,-102.388298,347.661041],"rotationMatrix":[-0.839491427,-0.543372869,0,0.543372869,-0.839491427,0,-0,0,0.999999881],"scale":1.22044778,"type":"eca_rock_small_5"}
{"pos":[-1041.17883,-104.356689,347.883636],"rotationMatrix":[0.181632355,-0.98336643,0,0.98336643,0.181632355,0,-0,0,0.999999881],"scale":1.02076197,"type":"eca_rock_small_5"}
{"pos":[-1038.64978,-104.118202,347.240082],"rotationMatrix":[0.827813447,0.561003447,0,-0.561003447,0.827813447,-0,-0,0,0.999999881],"scale":0.941251159,"type":"eca_rock_small_5"}
{"pos":[-1040.98145,-99,346.88623],"rotationMatrix":[0.502250135,-0.864722192,0,0.864722192,0.502250135,0,-0,0,0.999999881],"scale":0.913438559,"type":"eca_rock_small_5"}
{"pos":[-1065.50708,-100.792229,347.343964],"rotationMatrix":[0.600660324,-0.799504101,0,0.799504101,0.600660324,0,-0,0,0.999999881],"scale":0.804170609,"type":"eca_rock_small_5"}
{"pos":[-1069.56152,-101.195747,346.863281],"rotationMatrix":[0.479500145,-0.877541602,0,0.877541602,0.479500145,0,-0,0,0.999999881],"scale":0.901187778,"type":"eca_rock_small_5"}
{"pos":[-1070.51807,-102.070869,346.858978],"rotationMatrix":[-0.819602489,-0.572932541,0,0.572932541,-0.819602489,0,-0,0,0.999999881],"scale":1.1282903,"type":"eca_rock_small_5"}
{"pos":[-1070.9967,-102.693085,346.852509],"rotationMatrix":[0.215081319,0.976596117,0,-0.976596117,0.215081319,-0,-0,0,0.999999881],"scale":0.82606262,"type":"eca_rock_small_5"}
{"pos":[-1070.88159,-103.442741,346.89563],"rotationMatrix":[0.660264611,0.751033068,0,-0.751033068,0.660264611,-0,-0,0,0.999999881],"scale":0.792155981,"type":"eca_rock_small_5"}
{"pos":[-1073.24414,-107.758705,347.104706],"rotationMatrix":[0.762967229,0.646437109,0,-0.646437109,0.762967229,-0,-0,0,0.999999881],"scale":1.25262618,"type":"eca_rock_small_5"}
{"pos":[-1072.2251,-103.67308,346.854309],"rotationMatrix":[-0.99991864,0.012749413,-0,-0.012749413,-0.99991864,0,-0,0,0.999999881],"scale":1.17043984,"type":"eca_rock_small_5"}
{"pos":[-1073.48474,-105.009262,346.928375],"rotationMatrix":[0.579533815,0.814948142,0,-0.814948142,0.579533815,-0,-0,0,0.999999881],"scale":1.01794302,"type":"eca_rock_small_5"}
{"pos":[-1075.25562,-102.342522,346.855896],"rotationMatrix":[-0.827399433,0.561613739,-0,-0.561613739,-0.827399433,0,-0,0,0.999999881],"scale":0.859291792,"type":"eca_rock_small_5"}
{"pos":[-1075.78064,-102.126167,346.823364],"rotationMatrix":[-0.736892402,0.676009893,-0,-0.676009893,-0.736892402,0,-0,0,0.999999881],"scale":0.947109759,"type":"eca_rock_small_5"}
{"pos":[-1065.45142,-99.3971024,347.175659],"rotationMatrix":[-0.959354043,-0.282204926,0,0.282204926,-0.959354043,0,-0,0,0.999999881],"scale":0.834313273,"type":"eca_rock_small_5"}
{"pos":[-1058.79443,-95.542984,347.148956],"rotationMatrix":[0.899170458,-0.437598318,0,0.437598318,0.899170458,0,-0,0,0.999999881],"scale":1.23924077,"type":"eca_rock_small_5"}
{"pos":[-1057.05103,-93.2610855,347.079193],"rotationMatrix":[0.0181828793,0.999834597,0,-0.999834597,0.0181828793,-0,-0,0,0.999999881],"scale":1.18137515,"type":"eca_rock_small_5"}
