{"pos":[770.704224,-462.558319,53.3941231],"rotationMatrix":[-0.998548031,-0.0535393618,0.00591999665,0.0535374247,-0.998565674,-0.000484725169,0.00593745802,-0.000167080027,0.999982357],"scale":1,"type":"electrical_pole"}
{"pos":[-694.830383,33.3812981,23.5932293],"rotationMatrix":[-0.988554835,-0.150098801,-0.0151591254,0.150340259,-0.988500118,-0.016287148,-0.012540116,-0.0183797628,0.999752462],"scale":1,"type":"electrical_pole"}
{"pos":[-684.362854,-15.4250946,25.4044685],"rotationMatrix":[-0.900750995,-0.433395356,0.0285655987,0.433399349,-0.901179433,-0.00637427717,0.0285053123,0.006638675,0.999571621],"scale":1,"type":"electrical_pole"}
{"pos":[544.586365,-465.401398,52.3502159],"rotationMatrix":[-0.998432517,0.0557820164,0.00456710858,-0.0558123998,-0.998417974,-0.006820234,0.00417943718,-0.00706444448,0.999966323],"scale":1,"type":"electrical_pole"}
{"pos":[543.577454,-512.189941,51.9312057],"rotationMatrix":[-0.995312333,-0.0942756534,-0.0215725992,0.0931557268,-0.994490147,0.0480772816,-0.0259862524,0.0458423011,0.998610616],"scale":1,"type":"electrical_pole"}
{"pos":[537.166626,-560.218567,51.1934547],"rotationMatrix":[-0.844090343,0.534365714,0.0443268828,-0.534828126,-0.844959259,0.00167067163,0.0383471586,-0.0222970657,0.999015689],"scale":1,"type":"electrical_pole"}
{"pos":[502.695282,-581.132568,53.1799316],"rotationMatrix":[-0.533995271,0.845283926,0.0185513943,-0.845447719,-0.534054279,-0.00202280656,0.00819760561,-0.0167644024,0.999825835],"scale":1,"type":"electrical_pole"}
{"pos":[461.613647,-602.411499,50.5531654],"rotationMatrix":[0.400884688,-0.915940702,0.0185513962,0.916111529,0.400918484,-0.00202280562,-0.00558482716,0.0178060606,0.999825835],"scale":1,"type":"electrical_pole"}
{"pos":[414.699036,-626.49939,46.7479744],"rotationMatrix":[-0.650603175,0.759191155,0.0185513943,-0.759344697,-0.65068531,-0.00202280469,0.0105354246,-0.0154029466,0.999825835],"scale":1,"type":"electrical_pole"}
{"pos":[386.585999,-643.05188,42.8305817],"rotationMatrix":[0.474788427,-0.879904389,0.0185513943,0.880071878,0.474836171,-0.00202280516,-0.00702899741,0.0172869656,0.999825835],"scale":1,"type":"electrical_pole"}
{"pos":[347.551514,-665.43573,42.1934357],"rotationMatrix":[0.577915072,-0.815886021,0.0185513962,0.816046476,0.577982783,-0.00202280376,-0.00907200947,0.0163078085,0.999825835],"scale":1,"type":"electrical_pole"}
{"pos":[301.659821,-693.373596,42.4873657],"rotationMatrix":[0.461927891,-0.886916637,-0.00122155494,0.886916637,0.461928904,-0.00072187325,0.0012045129,-0.000749963918,0.999998987],"scale":1,"type":"electrical_pole"}
{"pos":[257.035706,-715.370056,42.0236092],"rotationMatrix":[0.109521687,-0.993983686,-0.00122155529,0.993984044,0.109522581,-0.000721873133,0.000851318007,-0.00113514566,0.999998987],"scale":1,"type":"electrical_pole"}
{"pos":[208.417755,-710.892212,42.1486244],"rotationMatrix":[-0.245943785,-0.969209075,-0.0120651191,0.9692837,-0.245937586,-0.00201904448,-0.00101038907,-0.0121910926,0.999925196],"scale":1,"type":"electrical_pole"}
{"pos":[177.256866,-663.56073,39.4438362],"rotationMatrix":[-0.934934735,-0.354614913,-0.01206512,0.354662776,-0.934992194,-0.00201904401,-0.0105648097,-0.00616672263,0.999925196],"scale":1,"type":"electrical_pole"}
{"pos":[167.279739,-619.914673,40.0052414],"rotationMatrix":[-0.974479795,-0.222573251,0.029163409,0.222289622,-0.974898458,-0.0126722399,0.0312518589,-0.00586611778,0.999494314],"scale":1,"type":"electrical_pole"}
{"pos":[156.770203,-579.873291,40.8060837],"rotationMatrix":[-0.962102771,-0.271122813,0.0291634072,0.270860493,-0.962535024,-0.0126722418,0.0315065384,-0.00429278426,0.999494314],"scale":1,"type":"electrical_pole"}
{"pos":[145.373199,-542.251526,41.8781357],"rotationMatrix":[-0.935884595,-0.352168441,0.00986782927,0.352219462,-0.9346627,0.0484440513,-0.00783737283,0.048813682,0.998777151],"scale":1,"type":"electrical_pole"}
{"pos":[126.485237,-504.971893,42.7386246],"rotationMatrix":[-0.83304584,-0.552276134,0.03202492,0.552250743,-0.83361268,-0.0104342876,0.0324589908,0.00899354648,0.999432623],"scale":1,"type":"electrical_pole"}
{"pos":[97.0731506,-470.305054,45.2773018],"rotationMatrix":[-0.703671575,-0.710471809,0.00874266494,0.710395753,-0.703724861,-0.0104561541,0.0135812322,-0.00114694517,0.999907136],"scale":1,"type":"electrical_pole"}
{"pos":[64.3871536,-435.89209,48.0109825],"rotationMatrix":[-0.566625834,-0.823756695,0.0189780369,0.82343483,-0.565269947,0.0492451005,-0.0298382677,0.0435307212,0.998606384],"scale":1,"type":"electrical_pole"}
{"pos":[23.5050945,-414.242462,48.4398918],"rotationMatrix":[-0.704642057,-0.7095626,0.000638251193,0.709516823,-0.704606414,-0.0107569378,0.0080824364,-0.00712694181,0.999941945],"scale":1,"type":"electrical_pole"}
{"pos":[-9.38972473,-380.822174,48.6429672],"rotationMatrix":[-0.584467769,-0.811121583,0.021889681,0.811151505,-0.584753871,-0.00980281085,0.0207513478,0.0120264236,0.999712348],"scale":1,"type":"electrical_pole"}
{"pos":[-39.1662216,-349.21582,47.2948875],"rotationMatrix":[-0.78533721,-0.618008912,0.0362019204,0.619049251,-0.784428239,0.0380853899,0.00486069918,0.0523206405,0.998618484],"scale":1,"type":"electrical_pole"}
{"pos":[-60.4125938,-308.081757,41.252552],"rotationMatrix":[-0.870160818,-0.489665061,0.0552126914,0.490296572,-0.871552467,-0.00238973834,0.0492909253,0.024991136,0.998471737],"scale":1,"type":"electrical_pole"}
{"pos":[-82.8779144,-279.94809,39.3273277],"rotationMatrix":[-0.768565178,-0.634325325,0.0833000615,0.636557162,-0.771229386,0.000303469598,0.064050965,0.0532584861,0.996524453],"scale":1,"type":"electrical_pole"}
{"pos":[-115.982918,-261.030945,39.0815544],"rotationMatrix":[-0.35614574,-0.933732271,0.0361144654,0.933708549,-0.357123613,-0.0255147573,0.036721278,0.0246334132,0.999021888],"scale":1,"type":"electrical_pole"}
{"pos":[-159.919861,-255.277161,38.5630341],"rotationMatrix":[-0.0483473539,-0.998087168,-0.0385298729,0.998819947,-0.0484888554,0.00274695642,-0.00460997224,-0.0383515954,0.99925369],"scale":1,"type":"electrical_pole"}
{"pos":[-201.432465,-257.818878,38.6167717],"rotationMatrix":[0.036220789,-0.999339402,-0.00294868695,0.999321282,0.036239624,-0.00659911009,0.00670161052,-0.00270766066,0.999973893],"scale":1,"type":"electrical_pole"}
{"pos":[-239.41272,-259.145355,37.4790306],"rotationMatrix":[0.11735028,-0.993060231,0.00776899792,0.99299407,0.117444336,0.0130249187,-0.0138469525,0.00618609088,0.999884963],"scale":1,"type":"electrical_pole"}
{"pos":[-283.782196,-261.844025,37.7917328],"rotationMatrix":[0.0948312879,-0.995420516,0.012040887,0.994820178,0.0943155289,-0.037912596,0.0366033353,0.0155738182,0.99920851],"scale":1,"type":"electrical_pole"}
{"pos":[-341.592987,-261.66745,36.9937401],"rotationMatrix":[0.0164098144,-0.999815941,-0.00993729569,0.99915874,0.0167710185,-0.0374241024,0.0375838727,-0.00931480993,0.999250054],"scale":1,"type":"electrical_pole"}
{"pos":[-387.572144,-262.105347,35.5877724],"rotationMatrix":[0.0169949532,-0.999669969,-0.0192679316,0.999852717,0.0169454217,0.00273038913,-0.00240298361,-0.0193114951,0.999810636],"scale":1,"type":"electrical_pole"}
{"pos":[-433.477692,-260.213623,34.2462006],"rotationMatrix":[-0.0212701559,-0.9997648,0.00423940504,0.999769688,-0.0212577581,0.00296542421,-0.00287460675,0.00430150377,0.999986589],"scale":1,"type":"electrical_pole"}
{"pos":[-485.804626,-254.558365,29.7353001],"rotationMatrix":[-0.214764595,-0.976656616,0.00423940551,0.976663768,-0.214753389,0.00296542468,-0.00198577507,0.00477734208,0.999986589],"scale":1,"type":"electrical_pole"}
{"pos":[-532.826294,-224.876724,30.0409622],"rotationMatrix":[-0.555097699,-0.831203282,0.0311063528,0.831615031,-0.555352211,0.000547511503,0.0168198906,0.0261724349,0.999515951],"scale":1,"type":"electrical_pole"}
{"pos":[-577.951477,-180.611176,28.6516342],"rotationMatrix":[0.698357701,0.715072691,0.0311063565,-0.715430677,0.6986835,0.000547510572,-0.021341987,-0.022636801,0.999515951],"scale":1,"type":"electrical_pole"}
{"pos":[-607.399658,-135.433685,25.7690239],"rotationMatrix":[-0.810336471,-0.585138738,0.0311063509,0.585435808,-0.810718775,0.000547511503,0.0248981286,0.0186544396,0.999515951],"scale":1,"type":"electrical_pole"}
{"pos":[-629.646179,-89.4272079,22.4023266],"rotationMatrix":[-0.724653125,-0.688411295,0.0311063528,0.688756883,-0.724992156,0.000547512434,0.0221749507,0.0218214691,0.999515951],"scale":1,"type":"electrical_pole"}
{"pos":[-657.771729,-52.5567284,22.3454361],"rotationMatrix":[-0.765511036,-0.643422902,-0.000200963812,0.643396437,-0.765482306,0.00882917456,-0.00583472662,0.00662953034,0.999961019],"scale":1,"type":"electrical_pole"}
{"pos":[-327.101349,-890.70575,22.0397072],"rotationMatrix":[8.45789909e-05,-0.999916196,-0.0129436925,0.998997808,-0.000494837761,0.0447564498,-0.0447591059,-0.0129345078,0.998914063],"scale":1,"type":"electrical_pole"}
{"pos":[-279.542542,-870.813293,16.9063911],"rotationMatrix":[-0.41085577,0.911700189,0.000510472804,-0.911096871,-0.410604119,0.0361491963,0.0331668295,0.0143870171,0.999346256],"scale":1,"type":"electrical_pole"}
{"pos":[-245.656845,-845.831238,15.8858061],"rotationMatrix":[-0.68977344,0.724024951,0.000510471873,-0.723539054,-0.689336061,0.0361491889,0.0265248008,0.024565408,0.999346256],"scale":1,"type":"electrical_pole"}
{"pos":[-212.055313,-817.082886,15.953702],"rotationMatrix":[-0.667854071,0.742802203,0.0470692329,-0.744037092,-0.667944193,-0.0160996206,0.0194807909,-0.0457734577,0.998761892],"scale":1,"type":"electrical_pole"}
{"pos":[-175.700256,-791.931641,16.2353344],"rotationMatrix":[-0.530234694,0.845886588,0.0576808564,-0.847271204,-0.531159997,0.000841056928,0.0313492008,-0.048425369,0.998334706],"scale":1,"type":"electrical_pole"}
{"pos":[-137.546494,-775.301331,15.6335735],"rotationMatrix":[0.365018368,-0.930129647,0.0402560718,0.930924177,0.365200222,-0.00300312415,-0.0119082322,0.038571544,0.999184906],"scale":1,"type":"electrical_pole"}
{"pos":[-85.4147339,-771.665833,15.8645697],"rotationMatrix":[-0.10286808,0.994640887,0.0103825014,-0.994685113,-0.102908134,0.00339330966,0.00444356725,-0.00997825526,0.999940336],"scale":1,"type":"electrical_pole"}
{"pos":[-40.4716644,-777.098511,16.5458221],"rotationMatrix":[-0.0293980837,-0.999502122,-0.0114527447,0.999497831,-0.0295295715,0.011486846,-0.0118193226,-0.0111093028,0.999868453],"scale":1,"type":"electrical_pole"}
{"pos":[10.1799898,-796.92688,17.1699181],"rotationMatrix":[0.351216555,0.936292529,0.00180509919,-0.936289787,0.35120827,0.00376622844,0.00289232563,-0.00301285787,0.999991298],"scale":1,"type":"electrical_pole"}
{"pos":[49.0044365,-822.169617,23.8578873],"rotationMatrix":[0.560239196,0.828327477,-0.00238281442,-0.82821697,0.560112059,-0.0181977171,-0.0137390252,0.0121685602,0.999831557],"scale":1,"type":"electrical_pole"}
{"pos":[84.8100891,-850.909485,32.0332909],"rotationMatrix":[0.424408972,0.905463576,0.00356335007,-0.904812217,0.423947096,0.0397960767,0.0345232263,-0.0201139748,0.999201477],"scale":1,"type":"electrical_pole"}
{"pos":[112.386131,-876.273438,38.5084724],"rotationMatrix":[0.641887307,0.766752899,0.00840666704,-0.766771019,0.641731858,0.0155676454,0.00654171128,-0.016438663,0.999843478],"scale":1,"type":"electrical_pole"}
{"pos":[133.730713,-891.641968,41.1909065],"rotationMatrix":[-0.526669383,-0.849736869,0.023799628,0.850065768,-0.526370406,0.0179533679,-0.00272821821,0.0296867397,0.999555528],"scale":1,"type":"electrical_pole"}
{"pos":[166.692703,-906.047302,43.1519814],"rotationMatrix":[-0.31590879,-0.948769391,0.00619627954,0.948770106,-0.315853715,0.00846880954,-0.00607782928,0.00855421554,0.999944925],"scale":1,"type":"electrical_pole"}
{"pos":[208.056,-916.692871,43.5662003],"rotationMatrix":[-0.202205896,-0.97927928,-0.0111734606,0.979290485,-0.202300072,0.0080516804,-0.0101452358,-0.00931396522,0.999905169],"scale":1,"type":"electrical_pole"}
{"pos":[253.633133,-922.664368,43.625988],"rotationMatrix":[-0.0166797638,0.999833882,-0.00734882336,-0.999825776,-0.0166171789,0.00850116182,0.00837763306,0.00748934085,0.999936879],"scale":1,"type":"electrical_pole"}
{"pos":[298.075928,-918.185059,40.1349716],"rotationMatrix":[-0.181051135,0.983449757,-0.00684815086,-0.983327687,-0.180899978,0.0184877142,0.016942909,0.0100812009,0.999805629],"scale":1,"type":"electrical_pole"}
{"pos":[339.629822,-911.723083,36.6354866],"rotationMatrix":[-0.213006616,0.976857126,-0.0194500238,-0.977039874,-0.21305573,-0.000467329286,-0.00460045505,0.0189039037,0.999810696],"scale":1,"type":"electrical_pole"}
{"pos":[383.599701,-905.416138,35.6684723],"rotationMatrix":[-0.151164174,0.98850745,-0.00155150448,-0.988504946,-0.15116775,-0.00250127865,-0.00270706997,0.00115556596,0.999995649],"scale":1,"type":"electrical_pole"}
{"pos":[433.340424,-901.608765,35.6684723],"rotationMatrix":[0.128693461,-0.991621375,-0.0111836046,0.991677165,0.128727436,-0.0023657307,0.00378554594,-0.0107860714,0.999934673],"scale":1,"type":"electrical_pole"}
{"pos":[475.729065,-899.366211,36.9510498],"rotationMatrix":[0.0334752202,-0.998618424,-0.0405034646,0.999438822,0.0334955454,0.000177208334,0.00117971934,-0.0404866673,0.999179363],"scale":1,"type":"electrical_pole"}
{"pos":[520.354553,-899.445496,37.9099579],"rotationMatrix":[-0.00293910503,-0.999541998,0.0301178694,0.999839187,-0.00240445137,0.0177723486,-0.0176917948,0.0301652607,0.999388337],"scale":1,"type":"electrical_pole"}
{"pos":[562.559082,-898.858826,39.01614],"rotationMatrix":[0.0443798304,-0.998978198,0.00854637567,0.998876154,0.0445145369,0.0162763596,-0.0166401677,0.00781442784,0.999831021],"scale":1,"type":"electrical_pole"}
{"pos":[608.356079,-897.127075,39.6145096],"rotationMatrix":[-0.0468444824,0.998576343,-0.0255108215,-0.998799384,-0.0464581251,0.015537275,0.0143299727,0.0262080301,0.9995538],"scale":1,"type":"electrical_pole"}
{"pos":[647.5755,-896.094971,38.5115852],"rotationMatrix":[0.0477730632,-0.998845696,-0.00500718597,0.998748064,0.0476927161,0.015088262,-0.0148320375,-0.00572172971,0.999873638],"scale":1,"type":"electrical_pole"}
{"pos":[686.633728,-893.936951,38.823185],"rotationMatrix":[0.176070988,-0.98132062,-0.0775162727,0.984349012,0.176118076,0.00628232211,0.00748704746,-0.0774092004,0.996971309],"scale":1,"type":"electrical_pole"}
{"pos":[725.932495,-882.491333,40.3345108],"rotationMatrix":[0.309915841,-0.949171185,0.0550100394,0.9478966,0.31295377,0.0595983155,-0.0737846047,0.0336733721,0.996705532],"scale":1,"type":"electrical_pole"}
{"pos":[756.696716,-862.511108,41.9519424],"rotationMatrix":[-0.412510753,0.910886586,0.0109705627,-0.910633266,-0.412655115,0.0215123147,0.0241223387,-0.0011160979,0.999708414],"scale":1,"type":"electrical_pole"}
{"pos":[787.813538,-838.22583,42.870472],"rotationMatrix":[0.615670085,-0.788004041,-0.000116028124,0.78798759,0.615658164,-0.00636144308,0.0050842762,0.00382512109,0.999979734],"scale":1,"type":"electrical_pole"}
{"pos":[815.426208,-807.262329,41.6319313],"rotationMatrix":[-0.834822774,0.549564183,0.0324057825,-0.548722446,-0.835407257,0.0315964445,0.044436302,0.00859565008,0.998975217],"scale":1,"type":"electrical_pole"}
{"pos":[831.9599,-775.64917,41.8456802],"rotationMatrix":[-0.929072857,0.369824171,0.00735027017,-0.36968857,-0.929032803,0.0151230218,0.0124214999,0.0113330754,0.999858618],"scale":1,"type":"electrical_pole"}
{"pos":[739.754395,-71.9918137,48.9281464],"rotationMatrix":[0.999944746,-0.00982062425,-0.00374607905,0.00997262727,0.999026,0.0429830253,0.0033203105,-0.0430180058,0.999068797],"scale":1,"type":"electrical_pole"}
{"pos":[741.513855,-32.6840515,50.4019203],"rotationMatrix":[-0.996661663,0.0815552995,-0.00374607951,-0.0816409811,-0.995734453,0.0429830253,-0.000224606832,0.0431453735,0.999068797],"scale":1,"type":"electrical_pole"}
{"pos":[751.260315,25.7947369,54.633606],"rotationMatrix":[-0.982981324,0.182404935,0.0218267776,-0.181331426,-0.98244381,0.0438544676,0.0294428542,0.039150238,0.998799443],"scale":1,"type":"electrical_pole"}
{"pos":[768.949463,81.3932266,56.4362183],"rotationMatrix":[-0.933956981,0.357367754,-0.00356226368,-0.357140303,-0.932900667,0.0463395528,0.0132370256,0.0445513763,0.998919368],"scale":1,"type":"electrical_pole"}
{"pos":[786.032043,129.243301,59.7466354],"rotationMatrix":[-0.857225657,0.514928937,-0.00350748608,-0.514903665,-0.857061863,0.0178648867,0.00619301526,0.017120257,0.999834239],"scale":1,"type":"electrical_pole"}
{"pos":[806.831909,171.838806,62.9392815],"rotationMatrix":[-0.922456741,0.386084497,-0.00350748585,-0.386083066,-0.92229104,0.0178648885,0.00366243371,0.0178337675,0.999834239],"scale":1,"type":"electrical_pole"}
{"pos":[825.741028,213.392395,65.6585617],"rotationMatrix":[-0.949307799,0.31429553,0.00571710337,-0.314108551,-0.949138403,0.0217247624,0.0122543192,0.0188276973,0.999747634],"scale":1,"type":"electrical_pole"}
{"pos":[828.841797,262.583771,68.815834],"rotationMatrix":[-0.9872998,-0.157840759,-0.0180431306,0.157489836,-0.987328887,0.0194577053,-0.0208857246,0.0163689777,0.999647856],"scale":1,"type":"electrical_pole"}
{"pos":[815.288208,303.91803,70.4432373],"rotationMatrix":[-0.870135069,-0.491870254,0.0304761287,0.492476612,-0.870162129,0.0168742649,0.0182192232,0.0296916664,0.999393046],"scale":1,"type":"electrical_pole"}
{"pos":[789.899475,339.731995,70.3782883],"rotationMatrix":[0.806520343,0.590420306,0.0304761287,-0.591025651,0.806476235,0.0168742612,-0.0146153662,-0.0316216089,0.999393046],"scale":1,"type":"electrical_pole"}
{"pos":[755.26062,372.055756,64.7333755],"rotationMatrix":[0.618706167,0.783887506,0.0521828383,-0.785278916,0.619034052,0.0115713086,-0.0232323483,-0.0481373221,0.998570502],"scale":1,"type":"electrical_pole"}
{"pos":[724.698792,410.957886,60.0435715],"rotationMatrix":[-0.881757617,-0.470407397,0.0349373966,0.471289188,-0.881665945,0.0234886575,0.0197538733,0.0371769182,0.999113441],"scale":1,"type":"electrical_pole"}
{"pos":[715.726074,460.852386,61.8973236],"rotationMatrix":[0.985596418,0.168095961,0.0185333993,-0.168704256,0.984912515,0.0385517664,-0.0117733814,-0.0411231481,0.999084711],"scale":1,"type":"electrical_pole"}
{"pos":[715.580627,514.676147,63.2815514],"rotationMatrix":[0.993657887,-0.110156193,-0.0225755181,0.110910043,0.99319911,0.0354189314,0.0185203683,-0.0376981534,0.999117553],"scale":1,"type":"electrical_pole"}
{"pos":[723.225403,559.451416,63.1455345],"rotationMatrix":[0.937949598,-0.346375823,0.0165645797,0.345748842,0.937781632,0.0319890603,-0.0266141947,-0.024276942,0.999350965],"scale":1,"type":"electrical_pole"}
{"pos":[742.958252,603.322998,64.7174072],"rotationMatrix":[-0.960452914,0.278227687,0.0109178405,-0.277990401,-0.96039021,0.0192771144,0.0158488173,0.015479709,0.999754548],"scale":1,"type":"electrical_pole"}
{"pos":[749.68335,652.626221,69.3400345],"rotationMatrix":[0.995200694,0.0978150293,0.00279515027,-0.0978499129,0.995033383,0.0182740297,-0.000993793132,-0.0184598323,0.999829113],"scale":1,"type":"electrical_pole"}
{"pos":[736.348633,696.50946,67.6167679],"rotationMatrix":[0.735889614,0.676696777,-0.0234085862,-0.676714063,0.736198306,0.0083799595,0.0229040515,0.00967419241,0.999690831],"scale":1,"type":"electrical_pole"}
{"pos":[704.442993,724.374268,63.9919853],"rotationMatrix":[0.360580504,0.931940854,0.0383145921,-0.931806862,0.35809499,0.0591941699,0.0414451919,-0.0570460632,0.99751091],"scale":1,"type":"electrical_pole"}
{"pos":[652.633118,736.825439,60.1837883],"rotationMatrix":[0.110068023,0.993520319,0.0283259004,-0.993923128,0.110061526,0.00179286022,-0.00133635011,-0.0283511057,0.999597132],"scale":1,"type":"electrical_pole"}
{"pos":[599.17926,752.205811,58.4408264],"rotationMatrix":[0.52480185,0.851088643,0.0152056441,-0.84963119,0.522643566,0.0705024898,0.0520567298,-0.0499190241,0.997395694],"scale":1,"type":"electrical_pole"}
{"pos":[562.530518,771.117371,59.4971886],"rotationMatrix":[0.523269534,0.851854742,0.0230748802,-0.851711214,0.523683488,-0.0185371321,-0.0278748795,-0.00995321758,0.999561846],"scale":1,"type":"electrical_pole"}
{"pos":[521.153381,795.289307,58.0520668],"rotationMatrix":[0.510723114,0.859208047,0.0303881392,-0.858707488,0.508051753,0.0671177208,0.0422293395,-0.0603730977,0.997282207],"scale":1,"type":"electrical_pole"}
{"pos":[479.655121,812.871643,57.1002655],"rotationMatrix":[0.509786963,0.860144258,0.0164075717,-0.86029768,0.509642005,0.012369155,0.00227726996,-0.0204210281,0.99978888],"scale":1,"type":"electrical_pole"}
{"pos":[439.087616,820.067993,55.0767784],"rotationMatrix":[0.276084185,-0.959984541,-0.046981439,0.961104393,0.275365412,0.0212675221,-0.00747942924,-0.0510256924,0.998669326],"scale":1,"type":"electrical_pole"}
{"pos":[408.933502,800.291931,50.8761292],"rotationMatrix":[0.883217514,-0.467683405,0.0346271396,0.468601614,0.883027196,-0.025990149,-0.0184215438,0.0391812883,0.9990623],"scale":1,"type":"electrical_pole"}
{"pos":[412.893341,754.877197,50.5826111],"rotationMatrix":[0.997413635,-0.0718534514,-0.00176704919,0.0718535259,0.997415185,-2.37541608e-05,0.00176418864,-0.000103275997,0.99999845],"scale":1,"type":"electrical_pole"}
{"pos":[415.157379,715.291687,50.3482323],"rotationMatrix":[0.991711318,0.128425986,-0.00392153393,-0.128253311,0.991290808,0.029894216,0.00772657525,-0.0291434843,0.999545395],"scale":1,"type":"electrical_pole"}
{"pos":[404.159912,675.142151,50.564785],"rotationMatrix":[-0.999134779,0.0414021686,-0.00392153393,-0.0415011123,-0.998691082,0.0298942123,-0.00267871609,0.0300310981,0.999545395],"scale":1,"type":"electrical_pole"}
{"pos":[388.602783,638.168701,51.9822655],"rotationMatrix":[-0.92855072,0.371119529,-0.00799655542,-0.370418817,-0.927769423,-0.0450999811,-0.02415644,-0.0389155447,0.998950481],"scale":1,"type":"electrical_pole"}
{"pos":[371.721863,593.358215,56.4481964],"rotationMatrix":[-0.927355289,0.371802598,0.0421288572,-0.371367246,-0.92831111,0.0180183314,0.0458079539,0.00106411893,0.998949707],"scale":1,"type":"electrical_pole"}
{"pos":[358.099548,544.989258,60.3407211],"rotationMatrix":[-0.969198108,0.24334456,-0.0379238315,-0.245040879,-0.968252182,0.0494222939,-0.0246931873,0.0571928918,0.998057723],"scale":1,"type":"electrical_pole"}
{"pos":[347.557587,496.458069,64.3037491],"rotationMatrix":[-0.968739748,0.243115246,0.0493810922,-0.241856933,-0.969844341,0.0301234052,0.0552154258,0.017238576,0.998325646],"scale":1,"type":"electrical_pole"}
{"pos":[339.146576,445.9422,65.4950409],"rotationMatrix":[-0.999018669,0.0430191793,-0.0105430381,-0.0432957001,-0.998681664,0.0275768396,-0.00934280548,0.0280062426,0.999564111],"scale":1,"type":"electrical_pole"}
{"pos":[332.294098,401.635895,66.3301544],"rotationMatrix":[-0.991569042,0.129280373,0.00880953949,-0.129032776,-0.991338253,0.0244812798,0.0118981814,0.0231381562,0.999661446],"scale":1,"type":"electrical_pole"}
{"pos":[321.311157,351.992096,64.5525436],"rotationMatrix":[-0.976252794,0.216455445,0.00880953856,-0.216188386,-0.976044655,0.0244812798,0.0138976108,0.0219953973,0.999661446],"scale":1,"type":"electrical_pole"}
{"pos":[312.211212,299.431702,62.341217],"rotationMatrix":[-0.99650538,0.0835264996,0.00069004891,-0.0834841952,-0.996204257,0.024645675,0.0027459967,0.0245019384,0.999696016],"scale":1,"type":"electrical_pole"}
{"pos":[309.04425,244.83786,60.5080376],"rotationMatrix":[-0.997750282,-0.0669782534,0.0028156878,0.0669090375,-0.997558951,-0.0199759882,0.00414677197,-0.0197426546,0.99979651],"scale":1,"type":"electrical_pole"}
{"pos":[312.571594,192.269379,57.2539558],"rotationMatrix":[-0.997878075,-0.0610008948,0.0227688011,0.060518425,-0.997939587,-0.0213100798,0.0240218211,-0.0198869258,0.999513626],"scale":1,"type":"electrical_pole"}
{"pos":[322.198059,141.71553,56.0644875],"rotationMatrix":[-0.897582889,-0.44084534,-0.000610405579,0.440735847,-0.897327304,-0.0235721432,0.00984393526,-0.0214269795,0.999721944],"scale":1,"type":"electrical_pole"}
{"pos":[353.364655,100.191803,54.5514679],"rotationMatrix":[-0.71465981,-0.699275315,-0.0165911391,0.699472129,-0.714459062,-0.016939085,-8.60635191e-06,-0.023710724,0.999718845],"scale":1,"type":"electrical_pole"}
{"pos":[602.226807,-160.785049,53.362709],"rotationMatrix":[0.729016304,-0.684496343,0,0.684496343,0.729016304,0,0,0,1],"scale":1,"type":"electrical_pole"}
{"pos":[613.874084,-147.569489,53.4155617],"rotationMatrix":[0.546149194,-0.83768791,0,0.83768791,0.546149194,0,0,0,1],"scale":1,"type":"electrical_pole"}
{"pos":[632.532898,-71.4776688,51.1990929],"rotationMatrix":[-0.650308609,-0.759670138,0,0.759670138,-0.650308609,0,0,0,1],"scale":1,"type":"electrical_pole"}
{"pos":[673.000671,-106.54512,51.2473488],"rotationMatrix":[-0.693878293,-0.720092177,0,0.720092177,-0.693878293,0,0,0,1],"scale":1,"type":"electrical_pole"}
{"pos":[711.733398,-142.437729,53.0673828],"rotationMatrix":[-0.722902536,-0.690950096,0,0.690950096,-0.722902536,0,0,0,1],"scale":1,"type":"electrical_pole"}
{"pos":[724.73822,-170.99231,53.2985611],"rotationMatrix":[-0.500421762,-0.865781784,0,0.865781784,-0.500421762,0,0,0,1],"scale":1,"type":"electrical_pole"}
{"pos":[472.185974,16.9029694,52.9898186],"rotationMatrix":[0.721971869,0.691922367,0,-0.691922367,0.721971869,0,0,0,1],"scale":1,"type":"electrical_pole"}
{"pos":[503.570129,32.7699661,52.9772148],"rotationMatrix":[0.94915849,-0.314798623,0,0.314798623,0.94915849,0,0,0,1],"scale":1,"type":"electrical_pole"}
{"pos":[548.708252,12.1783524,52.7312927],"rotationMatrix":[0.3561095,-0.934444189,0,0.934444189,0.3561095,0,0,0,1],"scale":1,"type":"electrical_pole"}
{"pos":[577.154663,-11.5645676,52.9096336],"rotationMatrix":[0.329390168,-0.9441939,0,0.9441939,0.329390168,0,0,0,1],"scale":1,"type":"electrical_pole"}
{"pos":[612.170959,-41.0316849,52.8977432],"rotationMatrix":[0.222426236,-0.974949539,0,0.974949539,0.222426236,0,0,0,1],"scale":1,"type":"electrical_pole"}
{"pos":[635.17804,-34.5892944,51.3904305],"rotationMatrix":[0.222426236,-0.974949539,0,0.974949539,0.222426236,0,0,0,1],"scale":1,"type":"electrical_pole"}
{"pos":[666.082092,-36.7430305,53.0580711],"rotationMatrix":[-0.390305758,-0.920685291,0,0.920685291,-0.390305758,0,0,0,1],"scale":1,"type":"electrical_pole"}
{"pos":[704.766724,-67.2680359,52.5261841],"rotationMatrix":[-0.705489874,-0.708720028,0,0.708720028,-0.705489874,0,0,0,1],"scale":1,"type":"electrical_pole"}
{"pos":[738.79303,-111.427338,53.2499847],"rotationMatrix":[-0.708042502,-0.706169844,0,0.706169844,-0.708042502,0,0,0,1],"scale":1,"type":"electrical_pole"}
{"pos":[780.980835,-127.034569,53.2499847],"rotationMatrix":[0.000684738159,-0.999999762,0,0.999999762,0.000684738159,0,0,0,1],"scale":1,"type":"electrical_pole"}
{"pos":[822.463379,-129.14801,52.9067497],"rotationMatrix":[-0.292340398,-0.956314325,0,0.956314325,-0.292340398,0,0,0,1],"scale":1,"type":"electrical_pole"}
{"pos":[841.928772,-159.194962,52.9031105],"rotationMatrix":[-0.99345386,-0.114233859,0,0.114233859,-0.99345386,0,0,0,1],"scale":1,"type":"electrical_pole"}
{"pos":[841.96814,-205.707947,52.9123116],"rotationMatrix":[-0.999961615,0.00874895975,0,-0.00874895975,-0.999961615,0,0,0,1],"scale":1,"type":"electrical_pole"}
{"pos":[800.57373,-329.105713,52.8827209],"rotationMatrix":[0.361415446,-0.932404876,0,0.932404876,0.361415446,0,0,0,1],"scale":1,"type":"electrical_pole"}
{"pos":[840.79071,-301.537628,52.8827209],"rotationMatrix":[-0.998122692,0.0612476803,0,-0.0612476803,-0.998122692,0,0,0,1],"scale":1,"type":"electrical_pole"}
{"pos":[841.998535,-248.518936,52.8827209],"rotationMatrix":[-0.999727011,0.023360813,0,-0.023360813,-0.999727011,0,0,0,1],"scale":1,"type":"electrical_pole"}
{"pos":[724.413025,-210.217697,53.4032784],"rotationMatrix":[-0.999929428,-0.011882917,0,0.011882917,-0.999929428,0,0,0,1],"scale":1,"type":"electrical_pole"}
{"pos":[741.13678,-180.897293,53.2985611],"rotationMatrix":[-0.362123609,-0.932129979,0,0.932129979,-0.362123609,0,0,0,1],"scale":1,"type":"electrical_pole"}
{"pos":[779.313049,-180.644028,53.2918777],"rotationMatrix":[-0.392263651,-0.919852793,0,0.919852793,-0.392263651,0,0,0,1],"scale":1,"type":"electrical_pole"}
{"pos":[798.820923,-199.810242,53.2792358],"rotationMatrix":[-0.998673916,-0.0514832065,0,0.0514832065,-0.998673916,0,0,0,1],"scale":1,"type":"electrical_pole"}
{"pos":[799.607178,-229.45874,53.2721252],"rotationMatrix":[-1,-0.000288661366,0,0.000288661366,-1,0,0,0,1],"scale":1,"type":"electrical_pole"}
{"pos":[800.533813,-265.227692,53.2798843],"rotationMatrix":[-0.999976873,-0.0067907609,0,0.0067907609,-0.999976873,0,0,0,1],"scale":1,"type":"electrical_pole"}
{"pos":[386.439362,69.1181641,51.7086792],"rotationMatrix":[-0.672604561,-0.740001976,0,0.740001976,-0.672604561,0,0,0,1],"scale":1,"type":"electrical_pole"}
{"pos":[428.293579,29.3782711,53.3867073],"rotationMatrix":[-0.71081984,-0.703374088,0,0.703374088,-0.71081984,0,0,0,1],"scale":1,"type":"electrical_pole"}
{"pos":[469.324036,-6.77049732,53.3867073],"rotationMatrix":[-0.67865169,-0.734460235,0,0.734460235,-0.67865169,0,0,0,1],"scale":1,"type":"electrical_pole"}
{"pos":[512.646057,-44.7565804,53.3867073],"rotationMatrix":[-0.704530239,-0.709673882,0,0.709673882,-0.704530239,0,0,0,1],"scale":1,"type":"electrical_pole"}
{"pos":[549.290894,-76.7760086,53.3867073],"rotationMatrix":[-0.712574005,-0.701597035,0,0.701597035,-0.712574005,0,0,0,1],"scale":1,"type":"electrical_pole"}
{"pos":[587.980469,-106.407333,53.3867073],"rotationMatrix":[-0.646446705,-0.762959123,0,0.762959123,-0.646446705,0,0,0,1],"scale":1,"type":"electrical_pole"}
{"pos":[637.182007,-147.058868,53.3867073],"rotationMatrix":[-0.671775937,-0.740754426,0,0.740754426,-0.671775937,0,0,0,1],"scale":1,"type":"electrical_pole"}
{"pos":[674.06311,-180.290405,53.3867073],"rotationMatrix":[-0.663897276,-0.747823715,0,0.747823715,-0.663897276,0,0,0,1],"scale":1,"type":"electrical_pole"}
{"pos":[705.107605,-209.215576,53.4152069],"rotationMatrix":[-0.66032052,-0.750983953,0,0.750983953,-0.66032052,0,0,0,1],"scale":1,"type":"electrical_pole"}
{"pos":[740.214417,-241.733765,53.4152069],"rotationMatrix":[-0.69241035,-0.721503854,0,0.721503854,-0.69241035,0,0,0,1],"scale":1,"type":"electrical_pole"}
{"pos":[754.572144,-290.905609,53.4152069],"rotationMatrix":[-0.978369355,-0.206865564,0,0.206865564,-0.978369355,0,0,0,1],"scale":1,"type":"electrical_pole"}
{"pos":[691.433228,-306.886261,54.0821762],"rotationMatrix":[0.999688089,0.0249754768,0,-0.0249754768,0.999688089,0,0,0,1],"scale":1,"type":"electrical_pole"}
{"pos":[692.611267,-355.107025,53.3529129],"rotationMatrix":[0.999935687,0.011338857,0,-0.011338857,0.999935687,0,0,0,1],"scale":1,"type":"electrical_pole"}
{"pos":[693.644165,-405.385956,53.3423958],"rotationMatrix":[0.999854028,-0.0170867778,0,0.0170867778,0.999854028,0,0,0,1],"scale":1,"type":"electrical_pole"}
{"pos":[692.635254,-457.040588,53.3863907],"rotationMatrix":[0.999624133,-0.0274153277,0,0.0274153277,0.999624133,0,0,0,1],"scale":1,"type":"electrical_pole"}
{"pos":[801.079529,-299.593323,53.3040352],"rotationMatrix":[-0.568320632,0.822807252,0,-0.822807252,-0.568320632,0,0,0,1],"scale":1,"type":"electrical_pole"}
{"pos":[774.090149,-315.949585,53.3040352],"rotationMatrix":[-0.670125127,0.742248118,0,-0.742248118,-0.670125127,0,0,0,1],"scale":1,"type":"electrical_pole"}
{"pos":[762.201599,-338.724945,53.371315],"rotationMatrix":[-0.990660191,-0.136353627,0,0.136353627,-0.990660191,0,0,0,1],"scale":1,"type":"electrical_pole"}
{"pos":[765.044861,-388.68634,53.3888168],"rotationMatrix":[-0.998263478,-0.0589050315,0,0.0589050315,-0.998263478,0,0,0,1],"scale":1,"type":"electrical_pole"}
{"pos":[768.227905,-444.052826,53.4114799],"rotationMatrix":[-0.998551369,-0.0538045652,0,0.0538045652,-0.998551369,0,0,0,1],"scale":1,"type":"electrical_pole"}
{"pos":[770.189148,-488.730957,55.1146202],"rotationMatrix":[-0.111198664,0.993798196,0,-0.993798196,-0.111198664,0,0,0,1],"scale":1,"type":"electrical_pole"}
{"pos":[734.367676,-490.992737,56.4948997],"rotationMatrix":[0.0112663507,0.999936521,0,-0.999936521,0.0112663507,0,0,0,1],"scale":1,"type":"electrical_pole"}
{"pos":[692.14856,-487.266266,56.9173393],"rotationMatrix":[0.712649941,0.695143044,0.0943728387,-0.701519847,0.70617193,0.0958701298,0,-0.134526253,0.990909994],"scale":1,"type":"electrical_pole"}
{"pos":[664.651123,-449.19986,5.33490372],"rotationMatrix":[1,1.50995803e-07,0,-1.50995803e-07,1,0,0,0,1],"scale":1,"type":"electrical_pole"}
