{"pos":[770.705933,-462.485901,63.0961876],"rotationMatrix":[0.998548269,0.0535379127,-0.00591999805,-0.0535359755,0.998565793,0.000484717195,0.00593745848,-0.000167080652,0.999982357],"scale":1,"type":"electrical_crosspiece"}
{"pos":[770.722656,-462.710876,63.0960503],"rotationMatrix":[-0.998548031,-0.0535393618,0.00591999665,0.0535374247,-0.998565674,-0.000484725169,0.00593745802,-0.000167080027,0.999982357],"scale":1,"type":"electrical_crosspiece"}
{"pos":[-694.97644,33.0489922,33.2896194],"rotationMatrix":[-0.988554835,-0.150098801,-0.0151591254,0.150340259,-0.988500118,-0.016287148,-0.012540116,-0.0183797628,0.999752462],"scale":1,"type":"electrical_crosspiece"}
{"pos":[-684.064453,-15.5150824,35.1026459],"rotationMatrix":[-0.900750995,-0.433395356,0.0285655987,0.433399349,-0.901179433,-0.00637427717,0.0285053123,0.006638675,0.999571621],"scale":1,"type":"electrical_crosspiece"}
{"pos":[544.571533,-465.615692,62.0510216],"rotationMatrix":[-0.998432517,0.0557820164,0.00456710858,-0.0558123998,-0.998417974,-0.006820234,0.00417943718,-0.00706444448,0.999966323],"scale":1,"type":"electrical_crosspiece"}
{"pos":[543.292236,-511.897461,61.6257858],"rotationMatrix":[-0.995312333,-0.0942756534,-0.0215725992,0.0931557268,-0.994490147,0.0480772816,-0.0259862524,0.0458423011,0.998610616],"scale":1,"type":"electrical_crosspiece"}
{"pos":[537.419373,-560.535339,60.8881721],"rotationMatrix":[-0.844090343,0.534365714,0.0443268828,-0.534828126,-0.844959259,0.00167067163,0.0383471586,-0.0222970657,0.999015689],"scale":1,"type":"electrical_crosspiece"}
{"pos":[502.623932,-581.334778,62.8807449],"rotationMatrix":[-0.533995271,0.845283926,0.0185513943,-0.845447719,-0.534054279,-0.00202280656,0.00819760561,-0.0167644024,0.999825835],"scale":1,"type":"electrical_crosspiece"}
{"pos":[461.714569,-602.22229,60.2539787],"rotationMatrix":[0.400884688,-0.915940702,0.0185513962,0.916111529,0.400918484,-0.00202280562,-0.00558482716,0.0178060606,0.999825835],"scale":1,"type":"electrical_crosspiece"}
{"pos":[414.657684,-626.709778,56.4487877],"rotationMatrix":[-0.650603175,0.759191155,0.0185513943,-0.759344697,-0.65068531,-0.00202280469,0.0105354246,-0.0154029466,0.999825835],"scale":1,"type":"electrical_crosspiece"}
{"pos":[386.671021,-642.855042,52.531395],"rotationMatrix":[0.474788427,-0.879904389,0.0185513943,0.880071878,0.474836171,-0.00202280516,-0.00702899741,0.0172869656,0.999825835],"scale":1,"type":"electrical_crosspiece"}
{"pos":[347.612061,-665.230042,51.894249],"rotationMatrix":[0.577915072,-0.815886021,0.0185513962,0.816046476,0.577982783,-0.00202280376,-0.00907200947,0.0163078085,0.999825835],"scale":1,"type":"electrical_crosspiece"}
{"pos":[301.825134,-693.354004,52.1891212],"rotationMatrix":[0.461927891,-0.886916637,-0.00122155494,0.886916637,0.461928904,-0.00072187325,0.0012045129,-0.000749963918,0.999998987],"scale":1,"type":"electrical_crosspiece"}
{"pos":[257.196869,-715.411621,51.7253647],"rotationMatrix":[0.109521687,-0.993983686,-0.00122155529,0.993984044,0.109522581,-0.000721873133,0.000851318007,-0.00113514566,0.999998987],"scale":1,"type":"electrical_crosspiece"}
{"pos":[208.540436,-711.092712,51.8489609],"rotationMatrix":[-0.245943785,-0.969209075,-0.0120651191,0.9692837,-0.245937586,-0.00201904448,-0.00101038907,-0.0121910926,0.999925196],"scale":1,"type":"electrical_crosspiece"}
{"pos":[177.163025,-663.776245,49.1441727],"rotationMatrix":[-0.934934735,-0.354614913,-0.01206512,0.354662776,-0.934992194,-0.00201904401,-0.0105648097,-0.00616672263,0.999925196],"scale":1,"type":"electrical_crosspiece"}
{"pos":[167.570068,-620.126953,49.7017593],"rotationMatrix":[-0.974479795,-0.222573251,0.029163409,0.222289622,-0.974898458,-0.0126722399,0.0312518589,-0.00586611778,0.999494314],"scale":1,"type":"electrical_crosspiece"}
{"pos":[157.070801,-580.07074,50.5026016],"rotationMatrix":[-0.962102771,-0.271122813,0.0291634072,0.270860493,-0.962535024,-0.0126722418,0.0315065384,-0.00429278426,0.999494314],"scale":1,"type":"electrical_crosspiece"}
{"pos":[145.305405,-541.93335,51.5758667],"rotationMatrix":[-0.935884595,-0.352168441,0.00986782927,0.352219462,-0.9346627,0.0484440513,-0.00783737283,0.048813682,0.998777151],"scale":1,"type":"electrical_crosspiece"}
{"pos":[126.842949,-505.034424,52.4350166],"rotationMatrix":[-0.83304584,-0.552276134,0.03202492,0.552250743,-0.83361268,-0.0104342876,0.0324589908,0.00899354648,0.999432623],"scale":1,"type":"electrical_crosspiece"}
{"pos":[97.2772751,-470.454102,54.9771996],"rotationMatrix":[-0.703671575,-0.710471809,0.00874266494,0.710395753,-0.703724861,-0.0104561541,0.0135812322,-0.00114694517,0.999907136],"scale":1,"type":"electrical_crosspiece"}
{"pos":[64.1932449,-435.592438,57.7076035],"rotationMatrix":[-0.566625834,-0.823756695,0.0189780369,0.82343483,-0.565269947,0.0492451005,-0.0298382677,0.0435307212,0.998606384],"scale":1,"type":"electrical_crosspiece"}
{"pos":[23.6556816,-414.449585,58.1397018],"rotationMatrix":[-0.704642057,-0.7095626,0.000638251193,0.709516823,-0.704606414,-0.0107569378,0.0080824364,-0.00712694181,0.999941945],"scale":1,"type":"electrical_crosspiece"}
{"pos":[-9.09548759,-380.830444,58.3416939],"rotationMatrix":[-0.584467769,-0.811121583,0.021889681,0.811151505,-0.584753871,-0.00980281085,0.0207513478,0.0120264236,0.999712348],"scale":1,"type":"electrical_crosspiece"}
{"pos":[-39.0641136,-348.853699,56.9907837],"rotationMatrix":[-0.78533721,-0.618008912,0.0362019204,0.619049251,-0.784428239,0.0380853899,0.00486069918,0.0523206405,0.998618484],"scale":1,"type":"electrical_crosspiece"}
{"pos":[-59.9025269,-307.991669,50.9419098],"rotationMatrix":[-0.870160818,-0.489665061,0.0552126914,0.490296572,-0.871552467,-0.00238973834,0.0492909253,0.024991136,0.998471737],"scale":1,"type":"electrical_crosspiece"}
{"pos":[-82.1981659,-279.575653,48.9995117],"rotationMatrix":[-0.768565178,-0.634325325,0.0833000615,0.636557162,-0.771229386,0.000303469598,0.064050965,0.0532584861,0.996524453],"scale":1,"type":"electrical_crosspiece"}
{"pos":[-115.504822,-260.888855,48.7719154],"rotationMatrix":[-0.35614574,-0.933732271,0.0361144654,0.933708549,-0.357123613,-0.0255147573,0.036721278,0.0246334132,0.999021888],"scale":1,"type":"electrical_crosspiece"}
{"pos":[-159.818634,-255.703339,48.2563286],"rotationMatrix":[-0.0483473539,-0.998087168,-0.0385298729,0.998819947,-0.0484888554,0.00274695642,-0.00460997224,-0.0383515954,0.99925369],"scale":1,"type":"electrical_crosspiece"}
{"pos":[-201.217453,-257.881073,48.3173409],"rotationMatrix":[0.036220789,-0.999339402,-0.00294868695,0.999321282,0.036239624,-0.00659911009,0.00670161052,-0.00270766066,0.999973893],"scale":1,"type":"electrical_crosspiece"}
{"pos":[-239.394196,-259.114563,47.1821518],"rotationMatrix":[0.11735028,-0.993060231,0.00776899792,0.99299407,0.117444336,0.0130249187,-0.0138469525,0.00618609088,0.999884963],"scale":1,"type":"electrical_crosspiece"}
{"pos":[-283.274994,-261.725677,47.4809303],"rotationMatrix":[0.0948312879,-0.995420516,0.012040887,0.994820178,0.0943155289,-0.037912596,0.0366033353,0.0155738182,0.99920851],"scale":1,"type":"electrical_crosspiece"}
{"pos":[-341.079315,-261.802277,46.6823807],"rotationMatrix":[0.0164098144,-0.999815941,-0.00993729569,0.99915874,0.0167710185,-0.0374241024,0.0375838727,-0.00931480993,0.999250054],"scale":1,"type":"electrical_crosspiece"}
{"pos":[-387.446289,-262.337128,45.2873726],"rotationMatrix":[0.0169949532,-0.999669969,-0.0192679316,0.999852717,0.0169454217,0.00273038913,-0.00240298361,-0.0193114951,0.999810636],"scale":1,"type":"electrical_crosspiece"}
{"pos":[-433.358215,-260.221985,43.9486465],"rotationMatrix":[-0.0212701559,-0.9997648,0.00423940504,0.999769688,-0.0212577581,0.00296542421,-0.00287460675,0.00430150377,0.999986589],"scale":1,"type":"electrical_crosspiece"}
{"pos":[-485.689026,-254.589737,39.4377441],"rotationMatrix":[-0.214764595,-0.976656616,0.00423940551,0.976663768,-0.214753389,0.00296542468,-0.00198577507,0.00477734208,0.999986589],"scale":1,"type":"electrical_crosspiece"}
{"pos":[-532.565735,-224.744263,39.7397423],"rotationMatrix":[-0.555097699,-0.831203282,0.0311063528,0.831615031,-0.555352211,0.000547511503,0.0168198906,0.0261724349,0.999515951],"scale":1,"type":"electrical_crosspiece"}
{"pos":[-578.231934,-180.693512,38.3504143],"rotationMatrix":[0.698357701,0.715072691,0.0311063565,-0.715430677,0.6986835,0.000547510572,-0.021341987,-0.022636801,0.999515951],"scale":1,"type":"electrical_crosspiece"}
{"pos":[-607.109253,-135.400513,35.467804],"rotationMatrix":[-0.810336471,-0.585138738,0.0311063509,0.585435808,-0.810718775,0.000547511503,0.0248981286,0.0186544396,0.999515951],"scale":1,"type":"electrical_crosspiece"}
{"pos":[-629.362854,-89.355423,32.1011086],"rotationMatrix":[-0.724653125,-0.688411295,0.0311063528,0.688756883,-0.724992156,0.000547512434,0.0221749507,0.0218214691,0.999515951],"scale":1,"type":"electrical_crosspiece"}
{"pos":[-657.768799,-52.6362267,32.0482941],"rotationMatrix":[-0.765511036,-0.643422902,-0.000200963812,0.643396437,-0.765482306,0.00882917456,-0.00583472662,0.00662953034,0.999961019],"scale":1,"type":"electrical_crosspiece"}
{"pos":[-327.387421,-890.878235,31.7371407],"rotationMatrix":[8.45789909e-05,-0.999916196,-0.0129436925,0.998997808,-0.000494837761,0.0447564498,-0.0447591059,-0.0129345078,0.998914063],"scale":1,"type":"electrical_crosspiece"}
{"pos":[-279.375183,-870.691833,26.6073723],"rotationMatrix":[-0.41085577,0.911700189,0.000510472804,-0.911096871,-0.410604119,0.0361491963,0.0331668295,0.0143870171,0.999346256],"scale":1,"type":"electrical_crosspiece"}
{"pos":[-245.539215,-845.661194,25.5867863],"rotationMatrix":[-0.68977344,0.724024951,0.000510471873,-0.723539054,-0.689336061,0.0361491889,0.0265248008,0.024565408,0.999346256],"scale":1,"type":"electrical_crosspiece"}
{"pos":[-212.008026,-817.591248,25.6434441],"rotationMatrix":[-0.667854071,0.742802203,0.0470692329,-0.744037092,-0.667944193,-0.0160996206,0.0194807909,-0.0457734577,0.998761892],"scale":1,"type":"electrical_crosspiece"}
{"pos":[-175.546692,-792.440613,25.9239445],"rotationMatrix":[-0.530234694,0.845886588,0.0576808564,-0.847271204,-0.531159997,0.000841056928,0.0313492008,-0.048425369,0.998334706],"scale":1,"type":"electrical_crosspiece"}
{"pos":[-137.506775,-774.916504,25.3290443],"rotationMatrix":[0.365018368,-0.930129647,0.0402560718,0.930924177,0.365200222,-0.00300312415,-0.0119082322,0.038571544,0.999184906],"scale":1,"type":"electrical_crosspiece"}
{"pos":[-85.5240555,-771.731262,25.5669193],"rotationMatrix":[-0.10286808,0.994640887,0.0103825014,-0.994685113,-0.102908134,0.00339330966,0.00444356725,-0.00997825526,0.999940336],"scale":1,"type":"electrical_crosspiece"}
{"pos":[-40.4394035,-777.257568,26.2476501],"rotationMatrix":[-0.0293980837,-0.999502122,-0.0114527447,0.999497831,-0.0295295715,0.011486846,-0.0118193226,-0.0111093028,0.999868453],"scale":1,"type":"electrical_crosspiece"}
{"pos":[10.0856056,-796.860046,26.8724136],"rotationMatrix":[0.351216555,0.936292529,0.00180509919,-0.936289787,0.35120827,0.00376622844,0.00289232563,-0.00301285787,0.999991298],"scale":1,"type":"electrical_crosspiece"}
{"pos":[48.7745438,-821.929565,33.555378],"rotationMatrix":[0.560239196,0.828327477,-0.00238281442,-0.82821697,0.560112059,-0.0181977171,-0.0137390252,0.0121685602,0.999831557],"scale":1,"type":"electrical_crosspiece"}
{"pos":[85.0306854,-850.999207,41.7335548],"rotationMatrix":[0.424408972,0.905463576,0.00356335007,-0.904812217,0.423947096,0.0397960767,0.0345232263,-0.0201139748,0.999201477],"scale":1,"type":"electrical_crosspiece"}
{"pos":[112.365936,-876.301697,48.2115974],"rotationMatrix":[0.641887307,0.766752899,0.00840666704,-0.766771019,0.641731858,0.0155676454,0.00654171128,-0.016438663,0.999843478],"scale":1,"type":"electrical_crosspiece"}
{"pos":[133.805679,-891.471985,50.8923149],"rotationMatrix":[-0.526669383,-0.849736869,0.023799628,0.850065768,-0.526370406,0.0179533679,-0.00272821821,0.0296867397,0.999555528],"scale":1,"type":"electrical_crosspiece"}
{"pos":[166.759705,-906.055725,52.8549347],"rotationMatrix":[-0.31590879,-0.948769391,0.00619627954,0.948770106,-0.315853715,0.00846880954,-0.00607782928,0.00855421554,0.999944925],"scale":1,"type":"electrical_crosspiece"}
{"pos":[208.093399,-916.859192,53.2678909],"rotationMatrix":[-0.202205896,-0.97927928,-0.0111734606,0.979290485,-0.202300072,0.0080516804,-0.0101452358,-0.00931396522,0.999905169],"scale":1,"type":"electrical_crosspiece"}
{"pos":[253.565277,-922.547302,53.3282318],"rotationMatrix":[-0.0166797638,0.999833882,-0.00734882336,-0.999825776,-0.0166171789,0.00850116182,0.00837763306,0.00748934085,0.999936879],"scale":1,"type":"electrical_crosspiece"}
{"pos":[298.085907,-918.067993,49.8374481],"rotationMatrix":[-0.181051135,0.983449757,-0.00684815086,-0.983327687,-0.180899978,0.0184877142,0.016942909,0.0100812009,0.999805629],"scale":1,"type":"electrical_crosspiece"}
{"pos":[339.430237,-911.525452,46.33461],"rotationMatrix":[-0.213006616,0.976857126,-0.0194500238,-0.977039874,-0.21305573,-0.000467329286,-0.00460045505,0.0189039037,0.999810696],"scale":1,"type":"electrical_crosspiece"}
{"pos":[383.419678,-905.38092,45.3699265],"rotationMatrix":[-0.151164174,0.98850745,-0.00155150448,-0.988504946,-0.15116775,-0.00250127865,-0.00270706997,0.00115556596,0.999995649],"scale":1,"type":"electrical_crosspiece"}
{"pos":[433.530304,-901.740906,45.3689003],"rotationMatrix":[0.128693461,-0.991621375,-0.0111836046,0.991677165,0.128727436,-0.0023657307,0.00378554594,-0.0107860714,0.999934673],"scale":1,"type":"electrical_crosspiece"}
{"pos":[475.89035,-899.800964,46.6431503],"rotationMatrix":[0.0334752202,-0.998618424,-0.0405034646,0.999438822,0.0334955454,0.000177208334,0.00117971934,-0.0404866673,0.999179363],"scale":1,"type":"electrical_crosspiece"}
{"pos":[520.331116,-899.200134,47.6100121],"rotationMatrix":[-0.00293910503,-0.999541998,0.0301178694,0.999839187,-0.00240445137,0.0177723486,-0.0176917948,0.0301652607,0.999388337],"scale":1,"type":"electrical_crosspiece"}
{"pos":[562.547913,-898.823364,48.7192535],"rotationMatrix":[0.0443798304,-0.998978198,0.00854637567,0.998876154,0.0445145369,0.0162763596,-0.0166401677,0.00781442784,0.999831021],"scale":1,"type":"electrical_crosspiece"}
{"pos":[608.344666,-896.832764,49.3132248],"rotationMatrix":[-0.0468444824,0.998576343,-0.0255108215,-0.998799384,-0.0464581251,0.015537275,0.0143299727,0.0262080301,0.9995538],"scale":1,"type":"electrical_crosspiece"}
{"pos":[647.582092,-896.190369,48.2143021],"rotationMatrix":[0.0477730632,-0.998845696,-0.00500718597,0.998748064,0.0476927161,0.015088262,-0.0148320375,-0.00572172971,0.999873638],"scale":1,"type":"electrical_crosspiece"}
{"pos":[686.860779,-894.708008,48.4930229],"rotationMatrix":[0.176070988,-0.98132062,-0.0775162727,0.984349012,0.176118076,0.00628232211,0.00748704746,-0.0774092004,0.996971309],"scale":1,"type":"electrical_crosspiece"}
{"pos":[725.371887,-882.162903,50.0159225],"rotationMatrix":[0.309915841,-0.949171185,0.0550100394,0.9478966,0.31295377,0.0595983155,-0.0737846047,0.0336733721,0.996705532],"scale":1,"type":"electrical_crosspiece"}
{"pos":[756.776184,-862.540283,51.6547623],"rotationMatrix":[-0.412510753,0.910886586,0.0109705627,-0.910633266,-0.412655115,0.0215123147,0.0241223387,-0.0011160979,0.999708414],"scale":1,"type":"electrical_crosspiece"}
{"pos":[788.00885,-838.13446,52.5712662],"rotationMatrix":[0.615670085,-0.788004041,-0.000116028124,0.78798759,0.615658164,-0.00636144308,0.0050842762,0.00382512109,0.999979734],"scale":1,"type":"electrical_crosspiece"}
{"pos":[815.736511,-807.277039,51.3301468],"rotationMatrix":[-0.834822774,0.549564183,0.0324057825,-0.548722446,-0.835407257,0.0315964445,0.044436302,0.00859565008,0.998975217],"scale":1,"type":"electrical_crosspiece"}
{"pos":[831.98175,-775.659729,51.5488396],"rotationMatrix":[-0.929072857,0.369824171,0.00735027017,-0.36968857,-0.929032803,0.0151230218,0.0124214999,0.0113330754,0.999858618],"scale":1,"type":"electrical_crosspiece"}
{"pos":[738.802979,-111.374977,61.7309532],"rotationMatrix":[0.999944746,-0.00982062425,-0.00374607905,0.00997262727,0.999026,0.0429830253,0.0033203105,-0.0430180058,0.999068797],"scale":1,"type":"electrical_crosspiece"}
{"pos":[739.835205,-72.2613602,58.6272545],"rotationMatrix":[0.999944746,-0.00982062425,-0.00374607905,0.00997262727,0.999026,0.0429830253,0.0033203105,-0.0430180058,0.999068797],"scale":1,"type":"electrical_crosspiece"}
{"pos":[741.452576,-32.4094048,60.1010284],"rotationMatrix":[-0.996661663,0.0815552995,-0.00374607951,-0.0816409811,-0.995734453,0.0429830253,-0.000224606832,0.0431453735,0.999068797],"scale":1,"type":"electrical_crosspiece"}
{"pos":[751.472717,26.0373478,64.3314362],"rotationMatrix":[-0.982981324,0.182404935,0.0218267776,-0.181331426,-0.98244381,0.0438544676,0.0294428542,0.039150238,0.998799443],"scale":1,"type":"electrical_crosspiece"}
{"pos":[768.980835,81.7038422,66.1343842],"rotationMatrix":[-0.933956981,0.357367754,-0.00356226368,-0.357140303,-0.932900667,0.0463395528,0.0132370256,0.0445513763,0.998919368],"scale":1,"type":"electrical_crosspiece"}
{"pos":[785.975281,129.306473,69.4494476],"rotationMatrix":[-0.857225657,0.514928937,-0.00350748608,-0.514903665,-0.857061863,0.0178648867,0.00619301526,0.017120257,0.999834239],"scale":1,"type":"electrical_crosspiece"}
{"pos":[806.766663,171.893143,72.6420898],"rotationMatrix":[-0.922456741,0.386084497,-0.00350748585,-0.386083066,-0.92229104,0.0178648885,0.00366243371,0.0178337675,0.999834239],"scale":1,"type":"electrical_crosspiece"}
{"pos":[825.768555,213.44899,75.3615417],"rotationMatrix":[-0.949307799,0.31429553,0.00571710337,-0.314108551,-0.949138403,0.0217247624,0.0122543192,0.0188276973,0.999747634],"scale":1,"type":"electrical_crosspiece"}
{"pos":[828.616028,262.588593,78.5163879],"rotationMatrix":[-0.9872998,-0.157840759,-0.0180431306,0.157489836,-0.987328887,0.0194577053,-0.0208857246,0.0163689777,0.999647856],"scale":1,"type":"electrical_crosspiece"}
{"pos":[815.49707,304.053741,80.143219],"rotationMatrix":[-0.870135069,-0.491870254,0.0304761287,0.492476612,-0.870162129,0.0168742649,0.0182192232,0.0296916664,0.999393046],"scale":1,"type":"electrical_crosspiece"}
{"pos":[789.707947,339.572754,80.07827],"rotationMatrix":[0.806520343,0.590420306,0.0304761287,-0.591025651,0.806476235,0.0168742612,-0.0146153662,-0.0316216089,0.999393046],"scale":1,"type":"electrical_crosspiece"}
{"pos":[754.947815,371.71759,74.4256134],"rotationMatrix":[0.618706167,0.783887506,0.0521828383,-0.785278916,0.619034052,0.0115713086,-0.0232323483,-0.0481373221,0.998570502],"scale":1,"type":"electrical_crosspiece"}
{"pos":[724.918884,411.165497,69.7420349],"rotationMatrix":[-0.881757617,-0.470407397,0.0349373966,0.471289188,-0.881665945,0.0234886575,0.0197538733,0.0371769182,0.999113441],"scale":1,"type":"electrical_crosspiece"}
{"pos":[715.63324,460.607605,71.5969696],"rotationMatrix":[0.985596418,0.168095961,0.0185333993,-0.168704256,0.984912515,0.0385517664,-0.0117733814,-0.0411231481,0.999084711],"scale":1,"type":"electrical_crosspiece"}
{"pos":[715.823608,514.452698,72.9791107],"rotationMatrix":[0.993657887,-0.110156193,-0.0225755181,0.110910043,0.99319911,0.0354189314,0.0185203683,-0.0376981534,0.999117553],"scale":1,"type":"electrical_crosspiece"}
{"pos":[723.062805,559.338806,72.8466949],"rotationMatrix":[0.937949598,-0.346375823,0.0165645797,0.345748842,0.937781632,0.0319890603,-0.0266141947,-0.024276942,0.999350965],"scale":1,"type":"electrical_crosspiece"}
{"pos":[743.025391,603.343689,74.4203262],"rotationMatrix":[-0.960452914,0.278227687,0.0109178405,-0.277990401,-0.96039021,0.0192771144,0.0158488173,0.015479709,0.999754548],"scale":1,"type":"electrical_crosspiece"}
{"pos":[749.706177,652.599548,79.0431442],"rotationMatrix":[0.995200694,0.0978150293,0.00279515027,-0.0978499129,0.995033383,0.0182740297,-0.000993793132,-0.0184598323,0.999829113],"scale":1,"type":"electrical_crosspiece"}
{"pos":[736.505066,696.744629,77.3158264],"rotationMatrix":[0.735889614,0.676696777,-0.0234085862,-0.676714063,0.736198306,0.0083799595,0.0229040515,0.00967419241,0.999690831],"scale":1,"type":"electrical_crosspiece"}
{"pos":[704.723694,723.917969,73.6803513],"rotationMatrix":[0.360580504,0.931940854,0.0383145921,-0.931806862,0.35809499,0.0591941699,0.0414451919,-0.0570460632,0.99751091],"scale":1,"type":"electrical_crosspiece"}
{"pos":[652.477661,736.613586,69.8833923],"rotationMatrix":[0.110068023,0.993520319,0.0283259004,-0.993923128,0.110061526,0.00179286022,-0.00133635011,-0.0283511057,0.999597132],"scale":1,"type":"electrical_crosspiece"}
{"pos":[599.582825,751.839294,68.1286621],"rotationMatrix":[0.52480185,0.851088643,0.0152056441,-0.84963119,0.522643566,0.0705024898,0.0520567298,-0.0499190241,0.997395694],"scale":1,"type":"electrical_crosspiece"}
{"pos":[562.158264,771.138794,69.1931839],"rotationMatrix":[0.523269534,0.851854742,0.0230748802,-0.851711214,0.523683488,-0.0185371321,-0.0278748795,-0.00995321758,0.999561846],"scale":1,"type":"electrical_crosspiece"}
{"pos":[521.459656,794.819641,67.7390137],"rotationMatrix":[0.510723114,0.859208047,0.0303881392,-0.858707488,0.508051753,0.0671177208,0.0422293395,-0.0603730977,0.997282207],"scale":1,"type":"electrical_crosspiece"}
{"pos":[479.573486,812.789856,66.8027344],"rotationMatrix":[0.509786963,0.860144258,0.0164075717,-0.86029768,0.509642005,0.012369155,0.00227726996,-0.0204210281,0.99978888],"scale":1,"type":"electrical_crosspiece"}
{"pos":[439.170868,819.568542,64.766716],"rotationMatrix":[0.276084185,-0.959984541,-0.046981439,0.961104393,0.275365412,0.0212675221,-0.00747942924,-0.0510256924,0.998669326],"scale":1,"type":"electrical_crosspiece"}
{"pos":[408.866119,800.781189,60.5667076],"rotationMatrix":[0.883217514,-0.467683405,0.0346271396,0.468601614,0.883027196,-0.025990149,-0.0184215438,0.0391812883,0.9990623],"scale":1,"type":"electrical_crosspiece"}
{"pos":[412.968262,755.020996,60.2844086],"rotationMatrix":[0.997413635,-0.0718534514,-0.00176704919,0.0718535259,0.997415185,-2.37541608e-05,0.00176418864,-0.000103275997,0.99999845],"scale":1,"type":"electrical_crosspiece"}
{"pos":[415.260132,715.162292,60.0499763],"rotationMatrix":[0.991711318,0.128425986,-0.00392153393,-0.128253311,0.991290808,0.029894216,0.00772657525,-0.0291434843,0.999545395],"scale":1,"type":"electrical_crosspiece"}
{"pos":[404.080566,675.287048,60.2665291],"rotationMatrix":[-0.999134779,0.0414021686,-0.00392153393,-0.0415011123,-0.998691082,0.0298942123,-0.00267871609,0.0300310981,0.999545395],"scale":1,"type":"electrical_crosspiece"}
{"pos":[388.269531,637.670837,61.6669044],"rotationMatrix":[-0.92855072,0.371119529,-0.00799655542,-0.370418817,-0.927769423,-0.0450999811,-0.02415644,-0.0389155447,0.998950481],"scale":1,"type":"electrical_crosspiece"}
{"pos":[372.067322,593.248169,66.1445694],"rotationMatrix":[-0.927355289,0.371802598,0.0421288572,-0.371367246,-0.92831111,0.0180183314,0.0458079539,0.00106411893,0.998949707],"scale":1,"type":"electrical_crosspiece"}
{"pos":[357.777802,545.411743,70.0293274],"rotationMatrix":[-0.969198108,0.24334456,-0.0379238315,-0.245040879,-0.968252182,0.0494222939,-0.0246931873,0.0571928918,0.998057723],"scale":1,"type":"electrical_crosspiece"}
{"pos":[348.011597,496.492706,73.9962082],"rotationMatrix":[-0.968739748,0.243115246,0.0493810922,-0.241856933,-0.969844341,0.0301234052,0.0552154258,0.017238576,0.998325646],"scale":1,"type":"electrical_crosspiece"}
{"pos":[339.002319,446.067566,75.1963043],"rotationMatrix":[-0.999018669,0.0430191793,-0.0105430381,-0.0432957001,-0.998681664,0.0275768396,-0.00934280548,0.0280062426,0.999564111],"scale":1,"type":"electrical_crosspiece"}
{"pos":[332.343536,401.719208,76.032814],"rotationMatrix":[-0.991569042,0.129280373,0.00880953949,-0.129032776,-0.991338253,0.0244812798,0.0118981814,0.0231381562,0.999661446],"scale":1,"type":"electrical_crosspiece"}
{"pos":[321.367767,352.070709,74.2552032],"rotationMatrix":[-0.976252794,0.216455445,0.00880953856,-0.216188386,-0.976044655,0.0244812798,0.0138976108,0.0219953973,0.999661446],"scale":1,"type":"electrical_crosspiece"}
{"pos":[312.178406,299.52536,72.0438538],"rotationMatrix":[-0.99650538,0.0835264996,0.00069004891,-0.0834841952,-0.996204257,0.024645675,0.0027459967,0.0245019384,0.999696016],"scale":1,"type":"electrical_crosspiece"}
{"pos":[309.047333,244.494934,70.2051163],"rotationMatrix":[-0.997750282,-0.0669782534,0.0028156878,0.0669090375,-0.997558951,-0.0199759882,0.00414677197,-0.0197426546,0.99979651],"scale":1,"type":"electrical_crosspiece"}
{"pos":[312.766541,191.925293,66.9490356],"rotationMatrix":[-0.997878075,-0.0610008948,0.0227688011,0.060518425,-0.997939587,-0.0213100798,0.0240218211,-0.0198869258,0.999513626],"scale":1,"type":"electrical_crosspiece"}
{"pos":[322.316711,141.3535,65.7601471],"rotationMatrix":[-0.897582889,-0.44084534,-0.000610405579,0.440735847,-0.897327304,-0.0235721432,0.00984393526,-0.0214269795,0.999721944],"scale":1,"type":"electrical_crosspiece"}
{"pos":[353.434784,99.8226089,64.2473297],"rotationMatrix":[-0.71465981,-0.699275315,-0.0165911391,0.699472129,-0.714459062,-0.016939085,-8.60635191e-06,-0.023710724,0.999718845],"scale":1,"type":"electrical_crosspiece"}
{"pos":[637.054504,-147.069824,61.1355362],"rotationMatrix":[0.0490253568,0.998797536,0,-0.998797536,0.0490253568,0,0,0,1],"scale":1,"type":"electrical_crosspiece"}
{"pos":[637.279907,-147.076263,61.1355362],"rotationMatrix":[-0.0490205288,-0.998797774,0,0.998797774,-0.0490205288,0,0,0,1],"scale":1,"type":"electrical_crosspiece"}
{"pos":[602.211914,-160.876816,63.0646019],"rotationMatrix":[-0.729011893,0.684500933,0,-0.684500933,-0.729011893,0,0,0,1],"scale":1,"type":"electrical_crosspiece"}
{"pos":[602.362854,-160.709,63.0646019],"rotationMatrix":[0.729016304,-0.684496343,0,0.684496343,0.729016304,0,0,0,1],"scale":1,"type":"electrical_crosspiece"}
{"pos":[614.024292,-147.527832,63.1174545],"rotationMatrix":[0.546149194,-0.83768791,0,0.83768791,0.546149194,0,0,0,1],"scale":1,"type":"electrical_crosspiece"}
{"pos":[613.837891,-147.655121,63.1174545],"rotationMatrix":[-0.546144724,0.83769083,0,-0.83769083,-0.546144724,0,0,0,1],"scale":1,"type":"electrical_crosspiece"}
{"pos":[632.440552,-71.4670563,60.9009857],"rotationMatrix":[0.650312424,0.75966692,0,-0.75966692,0.650312424,0,0,0,1],"scale":1,"type":"electrical_crosspiece"}
{"pos":[632.615112,-71.6100922,60.9009857],"rotationMatrix":[-0.650308609,-0.759670138,0,0.759670138,-0.650308609,0,0,0,1],"scale":1,"type":"electrical_crosspiece"}
{"pos":[673.075012,-106.682167,60.9492416],"rotationMatrix":[-0.693878293,-0.720092177,0,0.720092177,-0.693878293,0,0,0,1],"scale":1,"type":"electrical_crosspiece"}
{"pos":[672.90918,-106.529106,60.9492416],"rotationMatrix":[0.693881452,0.720089257,0,-0.720089257,0.693881452,0,0,0,1],"scale":1,"type":"electrical_crosspiece"}
{"pos":[711.642578,-142.417953,62.7692757],"rotationMatrix":[0.722905099,0.690947354,0,-0.690947354,0.722905099,0,0,0,1],"scale":1,"type":"electrical_crosspiece"}
{"pos":[711.802063,-142.577713,62.7692757],"rotationMatrix":[-0.722902536,-0.690950096,0,0.690950096,-0.722902536,0,0,0,1],"scale":1,"type":"electrical_crosspiece"}
{"pos":[724.759766,-171.124329,63.0004539],"rotationMatrix":[-0.973262906,-0.229694501,0,0.229694501,-0.973262906,0,0,0,1],"scale":1,"type":"electrical_crosspiece"}
{"pos":[724.703125,-170.905838,63.0004539],"rotationMatrix":[0.973263681,0.22969076,0,-0.22969076,0.973263681,0,0,0,1],"scale":1,"type":"electrical_crosspiece"}
{"pos":[724.645508,-170.998779,61.0510178],"rotationMatrix":[0.500424862,0.865779936,0,-0.865779936,0.500424862,0,0,0,1],"scale":1,"type":"electrical_crosspiece"}
{"pos":[724.843323,-171.107468,61.0510178],"rotationMatrix":[-0.500421762,-0.865781784,0,0.865781784,-0.500421762,0,0,0,1],"scale":1,"type":"electrical_crosspiece"}
{"pos":[469.346069,-6.67577267,61.7788925],"rotationMatrix":[0.980315506,-0.19743748,0,0.19743748,0.980315506,0,0,0,1],"scale":1,"type":"electrical_crosspiece"}
{"pos":[469.306091,-6.89776945,61.7788925],"rotationMatrix":[-0.980316401,0.197432265,0,-0.197432265,-0.980316401,0,0,0,1],"scale":1,"type":"electrical_crosspiece"}
{"pos":[472.203766,16.8038521,62.8372383],"rotationMatrix":[-0.958765268,0.284199685,0,-0.284199685,-0.958765268,0,0,0,1],"scale":1,"type":"electrical_crosspiece"}
{"pos":[472.263306,17.0216484,62.8372383],"rotationMatrix":[0.95876652,-0.284194946,0,0.284194946,0.95876652,0,0,0,1],"scale":1,"type":"electrical_crosspiece"}
{"pos":[503.711182,32.7570915,62.8246346],"rotationMatrix":[0.19694072,-0.980415404,0,0.980415404,0.19694072,0,0,0,1],"scale":1,"type":"electrical_crosspiece"}
{"pos":[503.490814,32.7079239,62.8246346],"rotationMatrix":[-0.196936369,0.980416298,0,-0.980416298,-0.196936369,0,0,0,1],"scale":1,"type":"electrical_crosspiece"}
{"pos":[548.610046,12.2005777,62.5787125],"rotationMatrix":[0.635161877,0.772379041,0,-0.772379041,0.635161877,0,0,0,1],"scale":1,"type":"electrical_crosspiece"}
{"pos":[548.787415,12.0609541,62.5787125],"rotationMatrix":[-0.635158777,-0.772381544,0,0.772381544,-0.635158777,0,0,0,1],"scale":1,"type":"electrical_crosspiece"}
{"pos":[577.230469,-11.6841688,62.7570534],"rotationMatrix":[-0.656867981,-0.754005671,0,0.754005671,-0.656867981,0,0,0,1],"scale":1,"type":"electrical_crosspiece"}
{"pos":[577.057129,-11.5395584,62.7570534],"rotationMatrix":[0.656870842,0.754003108,0,-0.754003108,0.656870842,0,0,0,1],"scale":1,"type":"electrical_crosspiece"}
{"pos":[612.076843,-40.9959984,62.745163],"rotationMatrix":[0.73659128,0.676338196,0,-0.676338196,0.73659128,0,0,0,1],"scale":1,"type":"electrical_crosspiece"}
{"pos":[612.233032,-41.1589737,62.745163],"rotationMatrix":[-0.736588955,-0.67634064,0,0.67634064,-0.736588955,0,0,0,1],"scale":1,"type":"electrical_crosspiece"}
{"pos":[612.291992,-41.02388,61.5017471],"rotationMatrix":[0.222426236,-0.974949539,0,0.974949539,0.222426236,0,0,0,1],"scale":1,"type":"electrical_crosspiece"}
{"pos":[612.072998,-41.0788574,61.5017471],"rotationMatrix":[-0.222423196,0.974950254,0,-0.974950254,-0.222423196,0,0,0,1],"scale":1,"type":"electrical_crosspiece"}
{"pos":[635.114502,-34.6571274,61.0923233],"rotationMatrix":[-0.222423196,0.974950254,0,-0.974950254,-0.222423196,0,0,0,1],"scale":1,"type":"electrical_crosspiece"}
{"pos":[635.333496,-34.60215,61.0923233],"rotationMatrix":[0.222426236,-0.974949539,0,0.974949539,0.222426236,0,0,0,1],"scale":1,"type":"electrical_crosspiece"}
{"pos":[666.200623,-36.8444519,62.759964],"rotationMatrix":[-0.390305758,-0.920685291,0,0.920685291,-0.390305758,0,0,0,1],"scale":1,"type":"electrical_crosspiece"}
{"pos":[665.990906,-36.7608681,62.759964],"rotationMatrix":[0.390308499,0.920684159,0,-0.920684159,0.390308499,0,0,0,1],"scale":1,"type":"electrical_crosspiece"}
{"pos":[704.675476,-67.2505875,62.2280769],"rotationMatrix":[0.705491781,0.708718181,0,-0.708718181,0.705491781,0,0,0,1],"scale":1,"type":"electrical_crosspiece"}
{"pos":[704.838867,-67.4063416,62.2280769],"rotationMatrix":[-0.705489874,-0.708720028,0,0.708720028,-0.705489874,0,0,0,1],"scale":1,"type":"electrical_crosspiece"}
{"pos":[738.864624,-111.565903,62.9518776],"rotationMatrix":[-0.708042502,-0.706169844,0,0.706169844,-0.708042502,0,0,0,1],"scale":1,"type":"electrical_crosspiece"}
{"pos":[738.701843,-111.409561,62.9518776],"rotationMatrix":[0.708044052,0.706168294,0,-0.706168294,0.708044052,0,0,0,1],"scale":1,"type":"electrical_crosspiece"}
{"pos":[780.903931,-127.086594,62.9518776],"rotationMatrix":[-0.000683069229,0.999999762,0,-0.999999762,-0.000683069229,0,0,0,1],"scale":1,"type":"electrical_crosspiece"}
{"pos":[781.129517,-127.08165,62.9518776],"rotationMatrix":[0.000684738159,-0.999999762,0,0.999999762,0.000684738159,0,0,0,1],"scale":1,"type":"electrical_crosspiece"}
{"pos":[822.591736,-129.236588,62.6086426],"rotationMatrix":[-0.292340398,-0.956314325,0,0.956314325,-0.292340398,0,0,0,1],"scale":1,"type":"electrical_crosspiece"}
{"pos":[822.374634,-129.175232,62.6086426],"rotationMatrix":[0.292342126,0.956313789,0,-0.956313789,0.292342126,0,0,0,1],"scale":1,"type":"electrical_crosspiece"}
{"pos":[841.868347,-159.124466,62.6050034],"rotationMatrix":[0.993454039,0.114232652,0,-0.114232652,0.993454039,0,0,0,1],"scale":1,"type":"electrical_crosspiece"}
{"pos":[841.898865,-159.347961,62.6050034],"rotationMatrix":[-0.99345386,-0.114233859,0,0.114233859,-0.99345386,0,0,0,1],"scale":1,"type":"electrical_crosspiece"}
{"pos":[841.919678,-205.856125,62.6142044],"rotationMatrix":[-0.999961615,0.00874895975,0,-0.00874895975,-0.999961615,0,0,0,1],"scale":1,"type":"electrical_crosspiece"}
{"pos":[841.91687,-205.630554,62.6142044],"rotationMatrix":[0.999961734,-0.00875000097,0,0.00875000097,0.999961734,0,0,0,1],"scale":1,"type":"electrical_crosspiece"}
{"pos":[800.605774,-329.246429,63.1588516],"rotationMatrix":[-0.999976397,0.00687123276,0,-0.00687123276,-0.999976397,0,0,0,1],"scale":1,"type":"electrical_crosspiece"}
{"pos":[800.602539,-329.020813,63.1588516],"rotationMatrix":[0.999976397,-0.00687370449,0,0.00687370449,0.999976397,0,0,0,1],"scale":1,"type":"electrical_crosspiece"}
{"pos":[800.520691,-329.181946,60.166008],"rotationMatrix":[-0.36141324,0.93240571,0,-0.93240571,-0.36141324,0,0,0,1],"scale":1,"type":"electrical_crosspiece"}
{"pos":[800.729309,-329.096039,60.166008],"rotationMatrix":[0.361415446,-0.932404876,0,0.932404876,0.361415446,0,0,0,1],"scale":1,"type":"electrical_crosspiece"}
{"pos":[840.657776,-301.635162,61.9099579],"rotationMatrix":[-0.611027002,0.791609824,0,-0.791609824,-0.611027002,0,0,0,1],"scale":1,"type":"electrical_crosspiece"}
{"pos":[840.734497,-301.682983,62.5846138],"rotationMatrix":[-0.998122692,0.0612476803,0,-0.0612476803,-0.998122692,0,0,0,1],"scale":1,"type":"electrical_crosspiece"}
{"pos":[840.743591,-301.457581,62.5846138],"rotationMatrix":[0.998122513,-0.0612491928,0,0.0612491928,0.998122513,0,0,0,1],"scale":1,"type":"electrical_crosspiece"}
{"pos":[841.948425,-248.440796,62.5846138],"rotationMatrix":[0.99972707,-0.0233618543,0,0.0233618543,0.99972707,0,0,0,1],"scale":1,"type":"electrical_crosspiece"}
{"pos":[841.947937,-248.666382,62.5846138],"rotationMatrix":[-0.999727011,0.023360813,0,-0.023360813,-0.999727011,0,0,0,1],"scale":1,"type":"electrical_crosspiece"}
{"pos":[724.360168,-210.141312,63.1051712],"rotationMatrix":[0.999929428,0.0118797924,0,-0.0118797924,0.999929428,0,0,0,1],"scale":1,"type":"electrical_crosspiece"}
{"pos":[724.367737,-210.366882,63.1051712],"rotationMatrix":[-0.999929428,-0.011882917,0,0.011882917,-0.999929428,0,0,0,1],"scale":1,"type":"electrical_crosspiece"}
{"pos":[741.25824,-180.995026,63.0004539],"rotationMatrix":[-0.362123609,-0.932129979,0,0.932129979,-0.362123609,0,0,0,1],"scale":1,"type":"electrical_crosspiece"}
{"pos":[741.046143,-180.917862,63.0004539],"rotationMatrix":[0.36212641,0.932128966,0,-0.932128966,0.36212641,0,0,0,1],"scale":1,"type":"electrical_crosspiece"}
{"pos":[779.221802,-180.661636,62.9937706],"rotationMatrix":[0.392265856,0.919851899,0,-0.919851899,0.392265856,0,0,0,1],"scale":1,"type":"electrical_crosspiece"}
{"pos":[779.431213,-180.745651,62.9937706],"rotationMatrix":[-0.392263651,-0.919852793,0,0.919852793,-0.392263651,0,0,0,1],"scale":1,"type":"electrical_crosspiece"}
{"pos":[798.781494,-199.961044,62.9811287],"rotationMatrix":[-0.998673916,-0.0514832065,0,0.0514832065,-0.998673916,0,0,0,1],"scale":1,"type":"electrical_crosspiece"}
{"pos":[798.765076,-199.736053,62.9811287],"rotationMatrix":[0.998673975,0.0514815152,0,-0.0514815152,0.998673975,0,0,0,1],"scale":1,"type":"electrical_crosspiece"}
{"pos":[799.555237,-229.38179,62.9740181],"rotationMatrix":[0.99999994,0.000287683797,0,-0.000287683797,0.99999994,0,0,0,1],"scale":1,"type":"electrical_crosspiece"}
{"pos":[799.560059,-229.60733,62.9740181],"rotationMatrix":[-1,-0.000288661366,0,0.000288661366,-1,0,0,0,1],"scale":1,"type":"electrical_crosspiece"}
{"pos":[800.487671,-265.376587,62.9817772],"rotationMatrix":[-0.999976873,-0.0067907609,0,0.0067907609,-0.999976873,0,0,0,1],"scale":1,"type":"electrical_crosspiece"}
{"pos":[800.481384,-265.151093,62.9817772],"rotationMatrix":[0.999976933,0.00678978302,0,-0.00678978302,0.999976933,0,0,0,1],"scale":1,"type":"electrical_crosspiece"}
{"pos":[386.517609,68.9833069,61.4105721],"rotationMatrix":[-0.672604561,-0.740001976,0,0.740001976,-0.672604561,0,0,0,1],"scale":1,"type":"electrical_crosspiece"}
{"pos":[386.347595,69.1315384,61.4105721],"rotationMatrix":[0.672608972,0.739998102,0,-0.739998102,0.672608972,0,0,0,1],"scale":1,"type":"electrical_crosspiece"}
{"pos":[428.202637,29.3964901,63.0886002],"rotationMatrix":[0.710823894,0.703370035,0,-0.703370035,0.710823894,0,0,0,1],"scale":1,"type":"electrical_crosspiece"}
{"pos":[428.364563,29.2394676,63.0886002],"rotationMatrix":[-0.71081984,-0.703374088,0,0.703374088,-0.71081984,0,0,0,1],"scale":1,"type":"electrical_crosspiece"}
{"pos":[469.401154,-6.90598631,63.0886002],"rotationMatrix":[-0.67865169,-0.734460235,0,0.734460235,-0.67865169,0,0,0,1],"scale":1,"type":"electrical_crosspiece"}
{"pos":[469.232361,-6.75636292,63.0886002],"rotationMatrix":[0.678655744,0.734456539,0,-0.734456539,0.678655744,0,0,0,1],"scale":1,"type":"electrical_crosspiece"}
{"pos":[512.554932,-44.7391701,63.0886002],"rotationMatrix":[0.704534054,0.709670186,0,-0.709670186,0.704534054,0,0,0,1],"scale":1,"type":"electrical_crosspiece"}
{"pos":[512.718262,-44.8947449,63.0886002],"rotationMatrix":[-0.704530239,-0.709673882,0,0.709673882,-0.704530239,0,0,0,1],"scale":1,"type":"electrical_crosspiece"}
{"pos":[549.361511,-76.9149857,63.0886002],"rotationMatrix":[-0.712574005,-0.701597035,0,0.701597035,-0.712574005,0,0,0,1],"scale":1,"type":"electrical_crosspiece"}
{"pos":[549.200012,-76.7575607,63.0886002],"rotationMatrix":[0.712577462,0.701593459,0,-0.701593459,0.712577462,0,0,0,1],"scale":1,"type":"electrical_crosspiece"}
{"pos":[587.888306,-106.397156,63.0886002],"rotationMatrix":[0.6464504,0.762956083,0,-0.762956083,0.6464504,0,0,0,1],"scale":1,"type":"electrical_crosspiece"}
{"pos":[588.063354,-106.539383,63.0886002],"rotationMatrix":[-0.646446705,-0.762959123,0,0.762959123,-0.646446705,0,0,0,1],"scale":1,"type":"electrical_crosspiece"}
{"pos":[637.260376,-147.193634,63.0886002],"rotationMatrix":[-0.671775937,-0.740754426,0,0.740754426,-0.671775937,0,0,0,1],"scale":1,"type":"electrical_crosspiece"}
{"pos":[637.090271,-147.045593,63.0886002],"rotationMatrix":[0.671779275,0.740751326,0,-0.740751326,0.671779275,0,0,0,1],"scale":1,"type":"electrical_crosspiece"}
{"pos":[673.971191,-180.278107,63.0886002],"rotationMatrix":[0.663900495,0.747820854,0,-0.747820854,0.663900495,0,0,0,1],"scale":1,"type":"electrical_crosspiece"}
{"pos":[674.142883,-180.424362,63.0886002],"rotationMatrix":[-0.663897276,-0.747823715,0,0.747823715,-0.663897276,0,0,0,1],"scale":1,"type":"electrical_crosspiece"}
{"pos":[705.187988,-209.349136,63.1170998],"rotationMatrix":[-0.66032052,-0.750983953,0,0.750983953,-0.66032052,0,0,0,1],"scale":1,"type":"electrical_crosspiece"}
{"pos":[705.015625,-209.203705,63.1170998],"rotationMatrix":[0.660323381,0.75098139,0,-0.75098139,0.660323381,0,0,0,1],"scale":1,"type":"electrical_crosspiece"}
{"pos":[740.265625,-241.881699,61.2273636],"rotationMatrix":[-0.929222584,-0.369520575,0,0.369520575,-0.929222584,0,0,0,1],"scale":1,"type":"electrical_crosspiece"}
{"pos":[740.17804,-241.673859,61.2273636],"rotationMatrix":[0.929223955,0.369516969,0,-0.369516969,0.929223955,0,0,0,1],"scale":1,"type":"electrical_crosspiece"}
{"pos":[740.123047,-241.717896,63.1170998],"rotationMatrix":[0.692412972,0.72150141,0,-0.72150141,0.692412972,0,0,0,1],"scale":1,"type":"electrical_crosspiece"}
{"pos":[740.28894,-241.870712,63.1170998],"rotationMatrix":[-0.69241035,-0.721503854,0,0.721503854,-0.69241035,0,0,0,1],"scale":1,"type":"electrical_crosspiece"}
{"pos":[754.556702,-291.06076,63.1170998],"rotationMatrix":[-0.978369355,-0.206865564,0,0.206865564,-0.978369355,0,0,0,1],"scale":1,"type":"electrical_crosspiece"}
