{"pos":[741.527893,-180.418045,63.0427055],"rotationMatrix":[-0.360011458,-0.932947814,0,0.932947814,-0.360011458,0,0,0,1],"scale":1,"type":"electrical_coil"}
{"pos":[723.600464,-210.372971,63.1474228],"rotationMatrix":[-0.999899864,-0.0141479382,0,0.0141479382,-0.999899864,0,0,0,1],"scale":1,"type":"electrical_coil"}
{"pos":[770.355347,-462.762939,63.1273766],"rotationMatrix":[-0.998424411,-0.0558004379,0.00591888465,0.0557984635,-0.998442054,-0.000498129753,0.00593745802,-0.000167080216,0.999982357],"scale":1,"type":"electrical_coil"}
{"pos":[769.956726,-462.749054,63.1428452],"rotationMatrix":[-0.998424411,-0.0558004379,0.00591888465,0.0557984635,-0.998442054,-0.000498129753,0.00593745802,-0.000167080216,0.999982357],"scale":1,"type":"electrical_coil"}
{"pos":[771.359985,-462.719208,63.1345177],"rotationMatrix":[-0.998424411,-0.0558004379,0.00591888465,0.0557984635,-0.998442054,-0.000498129753,0.00593745802,-0.000167080216,0.999982357],"scale":1,"type":"electrical_coil"}
{"pos":[-694.981934,33.0382729,33.668663],"rotationMatrix":[-0.98821342,-0.152327016,-0.015195963,0.152568594,-0.988159418,-0.0162528995,-0.0125402762,-0.0183797572,0.999752462],"scale":1,"type":"electrical_coil"}
{"pos":[-695.735535,32.9357643,33.320282],"rotationMatrix":[-0.98821342,-0.152327016,-0.015195963,0.152568594,-0.988159418,-0.0162528995,-0.0125402762,-0.0183797572,0.999752462],"scale":1,"type":"electrical_coil"}
{"pos":[-694.342346,33.1016541,33.3407669],"rotationMatrix":[-0.98821342,-0.152327016,-0.015195963,0.152568594,-0.988159418,-0.0162528995,-0.0125402762,-0.0183797572,0.999752462],"scale":1,"type":"electrical_coil"}
{"pos":[-683.472412,-15.2776222,35.1264191],"rotationMatrix":[-0.899771929,-0.435425192,0.0285510216,0.435428172,-0.900200367,-0.00643875636,0.0285052378,0.00663850736,0.999571621],"scale":1,"type":"electrical_coil"}
{"pos":[-684.755249,-15.8447609,35.1668091],"rotationMatrix":[-0.899771929,-0.435425192,0.0285510216,0.435428172,-0.900200367,-0.00643875636,0.0285052378,0.00663850736,0.999571621],"scale":1,"type":"electrical_coil"}
{"pos":[-684.053284,-15.5163784,35.4817085],"rotationMatrix":[-0.899771929,-0.435425192,0.0285510216,0.435428172,-0.900200367,-0.00643875636,0.0285052378,0.00663850736,0.999571621],"scale":1,"type":"electrical_coil"}
{"pos":[544.571594,-465.621918,62.4302025],"rotationMatrix":[-0.998555779,0.0535309203,0.00455159275,-0.053561274,-0.998541117,-0.00683060708,0.004179304,-0.00706453109,0.999966323],"scale":1,"type":"electrical_coil"}
{"pos":[543.806091,-465.570526,62.0967979],"rotationMatrix":[-0.998555779,0.0535309203,0.00455159275,-0.053561274,-0.998541117,-0.00683060708,0.004179304,-0.00706453109,0.999966323],"scale":1,"type":"electrical_coil"}
{"pos":[545.203796,-465.693787,62.0900459],"rotationMatrix":[-0.998555779,0.0535309203,0.00455159275,-0.053561274,-0.998541117,-0.00683060708,0.004179304,-0.00706453109,0.999966323],"scale":1,"type":"electrical_coil"}
{"pos":[543.927551,-511.877777,61.6836929],"rotationMatrix":[-0.995100141,-0.0965157598,-0.0214643795,0.0953976959,-0.994275331,0.048125647,-0.0259863827,0.0458421782,0.998610616],"scale":1,"type":"electrical_coil"}
{"pos":[542.527527,-511.965118,61.65131],"rotationMatrix":[-0.995100141,-0.0965157598,-0.0214643795,0.0953976959,-0.994275331,0.048125647,-0.0259863827,0.0458421782,0.998610616],"scale":1,"type":"electrical_coil"}
{"pos":[543.281433,-511.883759,62.0046158],"rotationMatrix":[-0.995100141,-0.0965157598,-0.0214643795,0.0953976959,-0.994275331,0.048125647,-0.0259863827,0.0458421782,0.998610616],"scale":1,"type":"electrical_coil"}
{"pos":[537.430847,-560.546082,61.2670784],"rotationMatrix":[-0.845292687,0.532461345,0.0443304069,-0.532925665,-0.84616065,0.00157073513,0.0383470021,-0.0222970806,0.999015689],"scale":1,"type":"electrical_coil"}
{"pos":[536.775024,-560.124084,60.964386],"rotationMatrix":[-0.845292687,0.532461345,0.0443304069,-0.532925665,-0.84616065,0.00157073513,0.0383470021,-0.0222970806,0.999015689],"scale":1,"type":"electrical_coil"}
{"pos":[537.934692,-560.911621,60.902256],"rotationMatrix":[-0.845292687,0.532461345,0.0443304069,-0.532925665,-0.84616065,0.00157073513,0.0383470021,-0.0222970806,0.999015689],"scale":1,"type":"electrical_coil"}
{"pos":[502.927826,-581.895264,62.911087],"rotationMatrix":[-0.535899639,0.844078004,0.0185466632,-0.844241917,-0.535958409,-0.00206463318,0.00819752738,-0.0167643055,0.999825835],"scale":1,"type":"electrical_coil"}
{"pos":[502.21701,-580.685669,62.937233],"rotationMatrix":[-0.535899639,0.844078004,0.0185466632,-0.844241917,-0.535958409,-0.00206463318,0.00819752738,-0.0167643055,0.999825835],"scale":1,"type":"electrical_coil"}
{"pos":[502.623322,-581.341858,63.2599106],"rotationMatrix":[-0.535899639,0.844078004,0.0185466632,-0.844241917,-0.535958409,-0.00206463318,0.00819752738,-0.0167643055,0.999825835],"scale":1,"type":"electrical_coil"}
{"pos":[461.716248,-602.215393,60.6331444],"rotationMatrix":[0.402948678,-0.915034592,0.0185466651,0.915205538,0.402982116,-0.00206463318,-0.00558476336,0.0178059526,0.999825835],"scale":1,"type":"electrical_coil"}
{"pos":[462.019318,-602.925232,60.3104668],"rotationMatrix":[0.402948678,-0.915034592,0.0185466651,0.915205538,0.402982116,-0.00206463318,-0.00558476336,0.0178059526,0.999825835],"scale":1,"type":"electrical_coil"}
{"pos":[461.498383,-601.622498,60.2843208],"rotationMatrix":[0.402948678,-0.915034592,0.0185466651,0.915205538,0.402982116,-0.00206463318,-0.00558476336,0.0178059526,0.999825835],"scale":1,"type":"electrical_coil"}
{"pos":[415.039398,-627.220459,56.4791298],"rotationMatrix":[-0.652313113,0.757722497,0.0185466669,-0.757876277,-0.652394891,-0.00206463225,0.0105353352,-0.0154028665,0.999825835],"scale":1,"type":"electrical_coil"}
{"pos":[414.161163,-626.126282,56.5052757],"rotationMatrix":[-0.652313113,0.757722497,0.0185466669,-0.757876277,-0.652394891,-0.00206463225,0.0105353352,-0.0154028665,0.999825835],"scale":1,"type":"electrical_coil"}
{"pos":[414.658112,-626.716919,56.8279533],"rotationMatrix":[-0.652313113,0.757722497,0.0185466669,-0.757876277,-0.652394891,-0.00206463225,0.0105353352,-0.0154028665,0.999825835],"scale":1,"type":"electrical_coil"}
{"pos":[386.672119,-642.847961,52.9105606],"rotationMatrix":[0.476770937,-0.878831863,0.0185466669,0.878999472,0.476818264,-0.00206463318,-0.00702892523,0.0172868669,0.999825835],"scale":1,"type":"electrical_coil"}
{"pos":[387.032501,-643.530579,52.587883],"rotationMatrix":[0.476770937,-0.878831863,0.0185466669,0.878999472,0.476818264,-0.00206463318,-0.00702892523,0.0172868669,0.999825835],"scale":1,"type":"electrical_coil"}
{"pos":[386.406311,-642.275024,52.5617371],"rotationMatrix":[0.476770937,-0.878831863,0.0185466669,0.878999472,0.476818264,-0.00206463318,-0.00702892523,0.0172868669,0.999825835],"scale":1,"type":"electrical_coil"}
{"pos":[347.278992,-664.686401,51.9245911],"rotationMatrix":[0.579753101,-0.814581156,0.0185466688,0.814741731,0.579820395,-0.00206463318,-0.00907192752,0.0163077228,0.999825835],"scale":1,"type":"electrical_coil"}
{"pos":[348.052734,-665.856812,51.950737],"rotationMatrix":[0.579753101,-0.814581156,0.0185466688,0.814741731,0.579820395,-0.00206463318,-0.00907192752,0.0163077228,0.999825835],"scale":1,"type":"electrical_coil"}
{"pos":[347.612274,-665.222839,52.2734146],"rotationMatrix":[0.579753101,-0.814581156,0.0185466688,0.814741731,0.579820395,-0.00206463318,-0.00907192752,0.0163077228,0.999825835],"scale":1,"type":"electrical_coil"}
{"pos":[301.829376,-693.35376,52.5683327],"rotationMatrix":[0.463926196,-0.88587302,-0.00122329604,0.88587302,0.463927209,-0.000719128642,0.00120457693,-0.000750062289,0.999998987],"scale":1,"type":"electrical_coil"}
{"pos":[302.177124,-694.035645,52.230442],"rotationMatrix":[0.463926196,-0.88587302,-0.00122329604,0.88587302,0.463927209,-0.000719128642,0.00120457693,-0.000750062289,0.999998987],"scale":1,"type":"electrical_coil"}
{"pos":[301.569214,-692.770874,52.23209],"rotationMatrix":[0.463926196,-0.88587302,-0.00122329604,0.88587302,0.463927209,-0.000719128642,0.00120457693,-0.000750062289,0.999998987],"scale":1,"type":"electrical_coil"}
{"pos":[257.169434,-714.775452,51.7683334],"rotationMatrix":[0.111762285,-0.993734241,-0.00122329593,0.993734598,0.111763179,-0.000719128468,0.000851341989,-0.0011352601,0.999998987],"scale":1,"type":"electrical_coil"}
{"pos":[257.278229,-716.1745,51.7666855],"rotationMatrix":[0.111762285,-0.993734241,-0.00122329593,0.993734598,0.111763179,-0.000719128468,0.000851341989,-0.0011352601,0.999998987],"scale":1,"type":"electrical_coil"}
{"pos":[257.200958,-715.412903,52.1045761],"rotationMatrix":[0.111762285,-0.993734241,-0.00122329593,0.993734598,0.111763179,-0.000719128468,0.000851341989,-0.0011352601,0.999998987],"scale":1,"type":"electrical_coil"}
{"pos":[208.543289,-711.099487,52.2281265],"rotationMatrix":[-0.243757963,-0.969761014,-0.0120697562,0.969835639,-0.243751884,-0.00199185126,-0.00101040676,-0.012191209,0.999925196],"scale":1,"type":"electrical_coil"}
{"pos":[208.349106,-711.83606,51.8819618],"rotationMatrix":[-0.243757963,-0.969761014,-0.0120697562,0.969835639,-0.243751884,-0.00199185126,-0.00101040676,-0.012191209,0.999925196],"scale":1,"type":"electrical_coil"}
{"pos":[208.737747,-710.487854,51.8987617],"rotationMatrix":[-0.243757963,-0.969761014,-0.0120697562,0.969835639,-0.243751884,-0.00199185126,-0.00101040676,-0.012191209,0.999925196],"scale":1,"type":"electrical_coil"}
{"pos":[177.771667,-663.59082,49.1939735],"rotationMatrix":[-0.934132695,-0.356721789,-0.0120697562,0.356769532,-0.934190392,-0.00199185126,-0.0105649121,-0.00616677478,0.999925196],"scale":1,"type":"electrical_coil"}
{"pos":[176.444427,-664.046021,49.1771736],"rotationMatrix":[-0.934132695,-0.356721789,-0.0120697562,0.356769532,-0.934190392,-0.00199185126,-0.0105649121,-0.00616677478,0.999925196],"scale":1,"type":"electrical_coil"}
{"pos":[177.159103,-663.782471,49.5233383],"rotationMatrix":[-0.934132695,-0.356721789,-0.0120697562,0.356769532,-0.934190392,-0.00199185126,-0.0105649121,-0.00616677478,0.999925196],"scale":1,"type":"electrical_coil"}
{"pos":[167.581467,-620.133057,50.0807762],"rotationMatrix":[-0.973976254,-0.224769786,0.029134661,0.224485233,-0.974394202,-0.0127379354,0.0312517472,-0.00586614572,0.999494314],"scale":1,"type":"electrical_coil"}
{"pos":[166.823257,-620.295349,49.7663956],"rotationMatrix":[-0.973976254,-0.224769786,0.029134661,0.224485233,-0.974394202,-0.0127379354,0.0312517472,-0.00586614572,0.999494314],"scale":1,"type":"electrical_coil"}
{"pos":[168.199982,-620.027161,49.7248917],"rotationMatrix":[-0.973976254,-0.224769786,0.029134661,0.224485233,-0.974394202,-0.0127379354,0.0312517472,-0.00586614572,0.999494314],"scale":1,"type":"electrical_coil"}
{"pos":[157.694931,-579.939514,50.5257339],"rotationMatrix":[-0.961490035,-0.273291409,0.029134661,0.273028135,-0.961921811,-0.0127379373,0.0315064304,-0.00429281779,0.999494314],"scale":1,"type":"electrical_coil"}
{"pos":[156.333374,-580.276367,50.5672379],"rotationMatrix":[-0.961490035,-0.273291409,0.029134661,0.273028135,-0.961921811,-0.0127379373,0.0315064304,-0.00429281779,0.999494314],"scale":1,"type":"electrical_coil"}
{"pos":[157.082489,-580.076294,50.8816185],"rotationMatrix":[-0.961490035,-0.273291409,0.029134661,0.273028135,-0.961921811,-0.0127379373,0.0315064304,-0.00429281779,0.999494314],"scale":1,"type":"electrical_coil"}
{"pos":[145.302521,-541.918823,51.9548149],"rotationMatrix":[-0.935088754,-0.354273528,0.00997683499,0.354327291,-0.933867097,0.0484216698,-0.00783747714,0.048813615,0.998777151],"scale":1,"type":"electrical_coil"}
{"pos":[144.586227,-542.199036,51.6255112],"rotationMatrix":[-0.935088754,-0.354273528,0.00997683499,0.354327291,-0.933867097,0.0484216698,-0.00783747714,0.048813615,0.998777151],"scale":1,"type":"electrical_coil"}
{"pos":[145.914673,-541.747314,51.6138306],"rotationMatrix":[-0.935088754,-0.354273528,0.00997683499,0.354327291,-0.933867097,0.0484216698,-0.00783747714,0.048813615,0.998777151],"scale":1,"type":"electrical_coil"}
{"pos":[127.397102,-504.718658,52.4564209],"rotationMatrix":[-0.831798315,-0.554154813,0.0320011936,0.55412823,-0.832365036,-0.0105064502,0.0324588753,0.00899351481,0.999432623],"scale":1,"type":"electrical_coil"}
{"pos":[126.20385,-505.455566,52.5018349],"rotationMatrix":[-0.831798315,-0.554154813,0.0320011936,0.55412823,-0.832365036,-0.0105064502,0.0324588753,0.00899351481,0.999432623],"scale":1,"type":"electrical_coil"}
{"pos":[126.856232,-505.034851,52.8140182],"rotationMatrix":[-0.831798315,-0.554154813,0.0320011936,0.55412823,-0.832365036,-0.0105064502,0.0324588753,0.00899351481,0.999432623],"scale":1,"type":"electrical_coil"}
{"pos":[97.2841721,-470.45813,55.3563499],"rotationMatrix":[-0.702067971,-0.712056518,0.00871894602,0.711980343,-0.702121258,-0.0104758255,0.0135811372,-0.0011470248,0.999907136],"scale":1,"type":"electrical_coil"}
{"pos":[96.7362213,-470.997375,55.0261765],"rotationMatrix":[-0.702067971,-0.712056518,0.00871894602,0.711980343,-0.702121258,-0.0104758255,0.0135811372,-0.0011470248,0.999907136],"scale":1,"type":"electrical_coil"}
{"pos":[97.7551804,-470.032745,55.0134125],"rotationMatrix":[-0.702067971,-0.712056518,0.00871894602,0.711980343,-0.702121258,-0.0104758255,0.0135811372,-0.0011470248,0.999907136],"scale":1,"type":"electrical_coil"}
{"pos":[64.5870819,-435.091339,57.7398071],"rotationMatrix":[-0.56476748,-0.825029135,0.0190889072,0.824710369,-0.563410878,0.0492021926,-0.0298383478,0.0435306244,0.998606384],"scale":1,"type":"electrical_coil"}
{"pos":[63.7552109,-436.2211,57.7642288],"rotationMatrix":[-0.56476748,-0.825029135,0.0190889072,0.824710369,-0.563410878,0.0492021926,-0.0298383478,0.0435306244,0.998606384],"scale":1,"type":"electrical_coil"}
{"pos":[64.1843109,-435.579193,58.0865021],"rotationMatrix":[-0.56476748,-0.825029135,0.0190889072,0.824710369,-0.563410878,0.0492021926,-0.0298383478,0.0435306244,0.998606384],"scale":1,"type":"electrical_coil"}
{"pos":[23.660511,-414.455933,58.5188484],"rotationMatrix":[-0.703039289,-0.711150765,0.000613768352,0.711105108,-0.703003407,-0.0107583199,0.00808226783,-0.00712706754,0.999941945],"scale":1,"type":"electrical_coil"}
{"pos":[23.1136608,-414.992432,58.1824684],"rotationMatrix":[-0.703039289,-0.711150765,0.000613768352,0.711105108,-0.703003407,-0.0107583199,0.00808226783,-0.00712706754,0.999941945],"scale":1,"type":"electrical_coil"}
{"pos":[24.1339531,-414.029114,58.1810532],"rotationMatrix":[-0.703039289,-0.711150765,0.000613768352,0.711105108,-0.703003407,-0.0107583199,0.00808226783,-0.00712706754,0.999941945],"scale":1,"type":"electrical_coil"}
{"pos":[-8.68869686,-380.339539,58.3695717],"rotationMatrix":[-0.582634687,-0.812439799,0.0218672995,0.812469125,-0.582920909,-0.00985217653,0.0207512099,0.0120262858,0.999712348],"scale":1,"type":"electrical_coil"}
{"pos":[-9.54503632,-381.450714,58.4007492],"rotationMatrix":[-0.582634687,-0.812439799,0.0218672995,0.812469125,-0.582920909,-0.00985217653,0.0207512099,0.0120262858,0.999712348],"scale":1,"type":"electrical_coil"}
{"pos":[-9.0853014,-380.829224,58.7207832],"rotationMatrix":[-0.582634687,-0.812439799,0.0218672995,0.812469125,-0.582920909,-0.00985217653,0.0207512099,0.0120262858,0.999712348],"scale":1,"type":"electrical_coil"}
{"pos":[-39.0609627,-348.837708,57.3696594],"rotationMatrix":[-0.783937097,-0.619778931,0.0362876132,0.620821297,-0.78303051,0.0380035676,0.00486049615,0.0523205288,0.998618543],"scale":1,"type":"electrical_coil"}
{"pos":[-39.6679535,-349.323639,57.0606537],"rotationMatrix":[-0.783937097,-0.619778931,0.0362876132,0.620821297,-0.78303051,0.0380035676,0.00486049615,0.0523205288,0.998618543],"scale":1,"type":"electrical_coil"}
{"pos":[-38.538559,-348.492279,57.0115623],"rotationMatrix":[-0.783937097,-0.619778931,0.0362876132,0.620821297,-0.78303051,0.0380035676,0.00486049615,0.0523205288,0.998618543],"scale":1,"type":"electrical_coil"}
{"pos":[-59.3266907,-307.716675,50.9488792],"rotationMatrix":[-0.869051099,-0.491632402,0.0552069061,0.492260754,-0.870444179,-0.00251440052,0.0492906906,0.0249910504,0.998471797],"scale":1,"type":"electrical_coil"}
{"pos":[-60.5692406,-308.364105,51.0264587],"rotationMatrix":[-0.869051099,-0.491632402,0.0552069061,0.492260754,-0.870444179,-0.00251440052,0.0492906906,0.0249910504,0.998471797],"scale":1,"type":"electrical_coil"}
{"pos":[-59.8831406,-307.986237,51.3206024],"rotationMatrix":[-0.869051099,-0.491632402,0.0552069061,0.492260754,-0.870444179,-0.00251440052,0.0492906906,0.0249910504,0.998471797],"scale":1,"type":"electrical_coil"}
{"pos":[-82.1724701,-279.559326,49.3775177],"rotationMatrix":[-0.767124653,-0.636066675,0.0833002925,0.638292432,-0.769793868,0.000115327537,0.0640507042,0.053258419,0.996524513],"scale":1,"type":"electrical_coil"}
{"pos":[-82.7866745,-280.058136,49.1055222],"rotationMatrix":[-0.767124653,-0.636066675,0.0833002925,0.638292432,-0.769793868,0.000115327537,0.0640507042,0.053258419,0.996524513],"scale":1,"type":"electrical_coil"}
{"pos":[-81.6800156,-279.203278,48.9886703],"rotationMatrix":[-0.767124653,-0.636066675,0.0833002925,0.638292432,-0.769793868,0.000115327537,0.0640507042,0.053258419,0.996524513],"scale":1,"type":"electrical_coil"}
{"pos":[-115.23719,-260.309845,48.790062],"rotationMatrix":[-0.354035258,-0.934536815,0.0360564925,0.934510946,-0.355013013,-0.0255962182,0.036721129,0.0246332232,0.999021888],"scale":1,"type":"electrical_coil"}
{"pos":[-115.778831,-261.603271,48.8418961],"rotationMatrix":[-0.354035258,-0.934536815,0.0360564925,0.934510946,-0.355013013,-0.0255962182,0.036721129,0.0246332232,0.999021888],"scale":1,"type":"electrical_coil"}
{"pos":[-115.487762,-260.882202,49.1507072],"rotationMatrix":[-0.354035258,-0.934536815,0.0360564925,0.934510946,-0.355013013,-0.0255962182,0.036721129,0.0246332232,0.999021888],"scale":1,"type":"electrical_coil"}
{"pos":[-159.816574,-255.719452,48.6352158],"rotationMatrix":[-0.04608953,-0.998194277,-0.038523782,0.998926699,-0.0462327003,0.00283416733,-0.00461010635,-0.0383518077,0.99925369],"scale":1,"type":"electrical_coil"}
{"pos":[-159.858414,-256.470581,48.2689819],"rotationMatrix":[-0.04608953,-0.998194277,-0.038523782,0.998926699,-0.0462327003,0.00283416733,-0.00461010635,-0.0383518077,0.99925369],"scale":1,"type":"electrical_coil"}
{"pos":[-159.745499,-255.072968,48.3231125],"rotationMatrix":[-0.04608953,-0.998194277,-0.038523782,0.998926699,-0.0462327003,0.00283416733,-0.00461010635,-0.0383518077,0.99925369],"scale":1,"type":"electrical_coil"}
{"pos":[-201.197525,-257.224945,48.3611488],"rotationMatrix":[0.0384812355,-0.999254942,-0.00296375621,0.999236822,0.0385000706,-0.00659233052,0.00670152344,-0.00270781387,0.999973893],"scale":1,"type":"electrical_coil"}
{"pos":[-201.191864,-258.645935,48.3573418],"rotationMatrix":[0.0384812355,-0.999254942,-0.00296375621,0.999236822,0.0385000706,-0.00659233052,0.00670152344,-0.00270781387,0.999973893],"scale":1,"type":"electrical_coil"}
{"pos":[-201.210983,-257.868134,48.6965103],"rotationMatrix":[0.0384812355,-0.999254942,-0.00296375621,0.999236822,0.0385000706,-0.00659233052,0.00670152344,-0.00270781387,0.999973893],"scale":1,"type":"electrical_coil"}
{"pos":[-239.395432,-259.113159,47.5613785],"rotationMatrix":[0.119594574,-0.992792189,0.00779825728,0.992726266,0.119688809,0.013007422,-0.0138470298,0.00618591812,0.999884963],"scale":1,"type":"electrical_coil"}
{"pos":[-239.30722,-259.876465,47.2303238],"rotationMatrix":[0.119594574,-0.992792189,0.00779825728,0.992726266,0.119688809,0.013007422,-0.0138470298,0.00618591812,0.999884963],"scale":1,"type":"electrical_coil"}
{"pos":[-239.426941,-258.478424,47.219986],"rotationMatrix":[0.119594574,-0.992792189,0.00779825728,0.992726266,0.119688809,0.013007422,-0.0138470298,0.00618591812,0.999884963],"scale":1,"type":"electrical_coil"}
{"pos":[-283.291229,-261.088654,47.5138474],"rotationMatrix":[0.0970790982,-0.995204926,0.0119550256,0.994603395,0.0965646505,-0.0379396118,0.0366032533,0.0155736534,0.99920851],"scale":1,"type":"electrical_coil"}
{"pos":[-283.203156,-262.488953,47.5324783],"rotationMatrix":[0.0970790982,-0.995204926,0.0119550256,0.994603395,0.0965646505,-0.0379396118,0.0366032533,0.0155736534,0.99920851],"scale":1,"type":"electrical_coil"}
{"pos":[-283.257111,-261.720825,47.8597069],"rotationMatrix":[0.0970790982,-0.995204926,0.0119550256,0.994603395,0.0965646505,-0.0379396118,0.0366032533,0.0155736534,0.99920851],"scale":1,"type":"electrical_coil"}
{"pos":[-341.061157,-261.807159,47.0611458],"rotationMatrix":[0.0186697245,-0.999775469,-0.0100219995,0.999119103,0.0190323591,-0.0374014638,0.0375838093,-0.00931489747,0.999250054],"scale":1,"type":"electrical_coil"}
{"pos":[-341.067596,-262.569794,46.7170677],"rotationMatrix":[0.0186697245,-0.999775469,-0.0100219995,0.999119103,0.0190323591,-0.0374014638,0.0375838093,-0.00931489747,0.999250054],"scale":1,"type":"electrical_coil"}
{"pos":[-341.045502,-261.166809,46.7292824],"rotationMatrix":[0.0186697245,-0.999775469,-0.0100219995,0.999119103,0.0190323591,-0.0374014638,0.0375838093,-0.00931489747,0.999250054],"scale":1,"type":"electrical_coil"}
{"pos":[-387.41452,-261.702179,45.341938],"rotationMatrix":[0.0192562938,-0.999629021,-0.0192617923,0.999811649,0.0192064047,0.00277403649,-0.00240305904,-0.0193115845,0.999810636],"scale":1,"type":"electrical_coil"}
{"pos":[-387.435822,-263.10495,45.314827],"rotationMatrix":[0.0192562938,-0.999629021,-0.0192617923,0.999811649,0.0192064047,0.00277403649,-0.00240305904,-0.0193115845,0.999810636],"scale":1,"type":"electrical_coil"}
{"pos":[-387.443298,-262.345795,45.6664925],"rotationMatrix":[0.0192562938,-0.999629021,-0.0192617923,0.999811649,0.0192064047,0.00277403649,-0.00240305904,-0.0193115845,0.999810636],"scale":1,"type":"electrical_coil"}
{"pos":[-433.355469,-260.221832,44.3278656],"rotationMatrix":[-0.0190086365,-0.999810278,0.00424601464,0.999815166,-0.0189962387,0.00295589515,-0.00287467637,0.00430141715,0.999986589],"scale":1,"type":"electrical_coil"}
{"pos":[-433.377136,-260.9888,43.9941406],"rotationMatrix":[-0.0190086365,-0.999810278,0.00424601464,0.999815166,-0.0189962387,0.00295589515,-0.00287467637,0.00430141715,0.999986589],"scale":1,"type":"electrical_coil"}
{"pos":[-433.302155,-259.587585,43.9882965],"rotationMatrix":[-0.0190086365,-0.999810278,0.00424601464,0.999815166,-0.0189962387,0.00295589515,-0.00287467637,0.00430141715,0.999986589],"scale":1,"type":"electrical_coil"}
{"pos":[-485.511017,-253.978287,39.4773941],"rotationMatrix":[-0.212554812,-0.977140009,0.00424601417,0.977147162,-0.212543607,0.00295589468,-0.00198585982,0.0047772699,0.999986589],"scale":1,"type":"electrical_coil"}
{"pos":[-485.856323,-255.338348,39.4832382],"rotationMatrix":[-0.212554812,-0.977140009,0.00424601417,0.977147162,-0.212543607,0.00295589468,-0.00198585982,0.0047772699,0.999986589],"scale":1,"type":"electrical_coil"}
{"pos":[-485.68631,-254.590149,39.8169632],"rotationMatrix":[-0.212554812,-0.977140009,0.00424601417,0.977147162,-0.212543607,0.00295589468,-0.00198585982,0.0047772699,0.999986589],"scale":1,"type":"electrical_coil"}
{"pos":[-532.556946,-224.737656,40.1188087],"rotationMatrix":[-0.5532161,-0.832456827,0.0311074331,0.83286798,-0.553471565,0.000477241352,0.0168197937,0.0261724032,0.999515951],"scale":1,"type":"electrical_coil"}
{"pos":[-532.992981,-225.379486,39.8058357],"rotationMatrix":[-0.5532161,-0.832456827,0.0311074331,0.83286798,-0.553471565,0.000477241352,0.0168197937,0.0261724032,0.999515951],"scale":1,"type":"electrical_coil"}
{"pos":[-532.176941,-224.238831,39.7622032],"rotationMatrix":[-0.5532161,-0.832456827,0.0311074331,0.83286798,-0.553471565,0.000477241352,0.0168197937,0.0261724032,0.999515951],"scale":1,"type":"electrical_coil"}
{"pos":[-578.70697,-181.118912,38.3728752],"rotationMatrix":[0.696738303,0.716650605,0.0311074406,-0.717007875,0.697064936,0.000477240421,-0.0213418901,-0.0226367898,0.999515951],"scale":1,"type":"electrical_coil"}
{"pos":[-577.695251,-180.147598,38.4165077],"rotationMatrix":[0.696738303,0.716650605,0.0311074406,-0.717007875,0.697064936,0.000477240421,-0.0213418901,-0.0226367898,0.999515951],"scale":1,"type":"electrical_coil"}
{"pos":[-578.241821,-180.698395,38.7294807],"rotationMatrix":[0.696738303,0.716650605,0.0311074406,-0.717007875,0.697064936,0.000477240421,-0.0213418901,-0.0226367898,0.999515951],"scale":1,"type":"electrical_coil"}
{"pos":[-607.098694,-135.397385,35.8468704],"rotationMatrix":[-0.809010506,-0.586970329,0.0311074369,0.587266445,-0.809393406,0.000477240421,0.0248980336,0.018654447,0.999515951],"scale":1,"type":"electrical_coil"}
{"pos":[-607.731323,-135.846649,35.5338974],"rotationMatrix":[-0.809010506,-0.586970329,0.0311074369,0.587266445,-0.809393406,0.000477240421,0.0248980336,0.018654447,0.999515951],"scale":1,"type":"electrical_coil"}
{"pos":[-606.568481,-135.062592,35.4902649],"rotationMatrix":[-0.809010506,-0.586970329,0.0311074369,0.587266445,-0.809393406,0.000477240421,0.0248980336,0.018654447,0.999515951],"scale":1,"type":"electrical_coil"}
{"pos":[-628.872192,-88.9481125,32.1235657],"rotationMatrix":[-0.723094106,-0.690048814,0.0311074425,0.690393567,-0.723433852,0.000477241352,0.0221748557,0.0218214672,0.999515951],"scale":1,"type":"electrical_coil"}
{"pos":[-629.919556,-89.8808746,32.167202],"rotationMatrix":[-0.723094106,-0.690048814,0.0311074425,0.690393567,-0.723433852,0.000477241352,0.0221748557,0.0218214672,0.999515951],"scale":1,"type":"electrical_coil"}
{"pos":[-629.352783,-89.3509064,32.4801712],"rotationMatrix":[-0.723094106,-0.690048814,0.0311074425,0.690393567,-0.723433852,0.000477241352,0.0221748557,0.0218214672,0.999515951],"scale":1,"type":"electrical_coil"}
{"pos":[-657.769531,-52.6375694,32.4275131],"rotationMatrix":[-0.764054656,-0.645151377,-0.000181070762,0.645125031,-0.764025927,0.00882964488,-0.00583480019,0.00662951823,0.999961019],"scale":1,"type":"electrical_coil"}
{"pos":[-658.357971,-53.1277084,32.0903625],"rotationMatrix":[-0.764054656,-0.645151377,-0.000181070762,0.645125031,-0.764025927,0.00882964488,-0.00583480019,0.00662951823,0.999961019],"scale":1,"type":"electrical_coil"}
{"pos":[-657.255371,-52.259861,32.091011],"rotationMatrix":[-0.764054656,-0.645151377,-0.000181070762,0.645125031,-0.764025927,0.00882964488,-0.00583480019,0.00662951823,0.999961019],"scale":1,"type":"electrical_coil"}
{"pos":[-327.346924,-890.243835,31.7894344],"rotationMatrix":[0.00234270096,-0.999914825,-0.0128426813,0.998995125,0.00176531076,0.0447855294,-0.0447590388,-0.0129346941,0.998914063],"scale":1,"type":"electrical_coil"}
{"pos":[-327.391663,-891.646301,31.7692928],"rotationMatrix":[0.00234270096,-0.999914825,-0.0128426813,0.998995125,0.00176531076,0.0447855294,-0.0447590388,-0.0129346941,0.998914063],"scale":1,"type":"electrical_coil"}
{"pos":[-327.400482,-890.884521,32.1160889],"rotationMatrix":[0.00234270096,-0.999914825,-0.0128426813,0.998995125,0.00176531076,0.0447855294,-0.0447590388,-0.0129346941,0.998914063],"scale":1,"type":"electrical_coil"}
{"pos":[-279.36673,-870.686707,26.9864693],"rotationMatrix":[-0.412913799,0.910769999,0.000592000782,-0.910166085,-0.41266346,0.0361478962,0.033166714,0.0143871419,0.999346256],"scale":1,"type":"electrical_coil"}
{"pos":[-279.686951,-869.990417,26.6498909],"rotationMatrix":[-0.412913799,0.910769999,0.000592000782,-0.910166085,-0.41266346,0.0361478962,0.033166714,0.0143871419,0.999346256],"scale":1,"type":"electrical_coil"}
{"pos":[-279.151581,-871.287659,26.6507759],"rotationMatrix":[-0.412913799,0.910769999,0.000592000782,-0.910166085,-0.41266346,0.0361478962,0.033166714,0.0143871419,0.999346256],"scale":1,"type":"electrical_coil"}
{"pos":[-245.130783,-846.149231,25.6301899],"rotationMatrix":[-0.691406846,0.722465396,0.000592000782,-0.721978545,-0.69097054,0.0361478925,0.0265246555,0.0245654862,0.999346256],"scale":1,"type":"electrical_coil"}
{"pos":[-246.065781,-845.102722,25.6293049],"rotationMatrix":[-0.691406846,0.722465396,0.000592000782,-0.721978545,-0.69097054,0.0361478925,0.0265246555,0.0245654862,0.999346256],"scale":1,"type":"electrical_coil"}
{"pos":[-245.532928,-845.653564,25.9658833],"rotationMatrix":[-0.691406846,0.722465396,0.000592000782,-0.721978545,-0.69097054,0.0361478925,0.0265246555,0.0245654862,0.999346256],"scale":1,"type":"electrical_coil"}
{"pos":[-212.004471,-817.610168,26.0221786],"rotationMatrix":[-0.669534087,0.741290867,0.0470325723,-0.742525876,-0.669621348,-0.0162060019,0.0194806531,-0.0457733721,0.998761892],"scale":1,"type":"electrical_coil"}
{"pos":[-212.518021,-817.021362,25.7218056],"rotationMatrix":[-0.669534087,0.741290867,0.0470325723,-0.742525876,-0.669621348,-0.0162060019,0.0194806531,-0.0457733721,0.998761892],"scale":1,"type":"electrical_coil"}
{"pos":[-211.6147,-818.093262,25.6550331],"rotationMatrix":[-0.669534087,0.741290867,0.0470325723,-0.742525876,-0.669621348,-0.0162060019,0.0194806531,-0.0457733721,0.998761892],"scale":1,"type":"electrical_coil"}
{"pos":[-175.244644,-793.00238,25.9294968],"rotationMatrix":[-0.532146692,0.844684958,0.0576824397,-0.846071601,-0.533068776,0.000710675493,0.0313490033,-0.048425287,0.998334706],"scale":1,"type":"electrical_coil"}
{"pos":[-175.950287,-791.791992,26.0103874],"rotationMatrix":[-0.532146692,0.844684958,0.0576824397,-0.846071601,-0.533068776,0.000710675493,0.0313490033,-0.048425287,0.998334706],"scale":1,"type":"electrical_coil"}
{"pos":[-175.538849,-792.459839,26.302597],"rotationMatrix":[-0.532146692,0.844684958,0.0576824397,-0.846071601,-0.533068776,0.000710675493,0.0313490033,-0.048425287,0.998334706],"scale":1,"type":"electrical_coil"}
{"pos":[-137.507156,-774.901855,25.7079811],"rotationMatrix":[0.367121696,-0.929301739,0.040249005,0.930096745,0.367301762,-0.0030941125,-0.0119081661,0.0385713801,0.999184906],"scale":1,"type":"electrical_coil"}
{"pos":[-137.229401,-775.629822,25.4021568],"rotationMatrix":[0.367121696,-0.929301739,0.040249005,0.930096745,0.367301762,-0.0030941125,-0.0119081661,0.0385713801,0.999184906],"scale":1,"type":"electrical_coil"}
{"pos":[-137.699524,-774.308777,25.3455353],"rotationMatrix":[0.367121696,-0.929301739,0.040249005,0.930096745,0.367301762,-0.0030941125,-0.0119081661,0.0385713801,0.999184906],"scale":1,"type":"electrical_coil"}
{"pos":[-85.5008087,-772.367676,25.602684],"rotationMatrix":[-0.105117798,0.994405508,0.0103899781,-0.994449854,-0.105157733,0.00336988037,0.00444361381,-0.00997807831,0.999940336],"scale":1,"type":"electrical_coil"}
{"pos":[-85.6003571,-770.967957,25.617115],"rotationMatrix":[-0.105117798,0.994405508,0.0103899781,-0.994449854,-0.105157733,0.00336988037,0.00444361381,-0.00997807831,0.999940336],"scale":1,"type":"electrical_coil"}
{"pos":[-85.5263672,-771.73407,25.946125],"rotationMatrix":[-0.105117798,0.994405508,0.0103899781,-0.994449854,-0.105157733,0.00336988037,0.00444361381,-0.00997807831,0.999940336],"scale":1,"type":"electrical_coil"}
{"pos":[-40.4400368,-777.263245,26.6268311],"rotationMatrix":[-0.0271370411,-0.999566317,-0.0114269033,0.999561787,-0.0272685289,0.0115127899,-0.0118193943,-0.0111094732,0.999868453],"scale":1,"type":"electrical_coil"}
{"pos":[-40.4649467,-778.025146,26.2810631],"rotationMatrix":[-0.0271370411,-0.999566317,-0.0114269033,0.999561787,-0.0272685289,0.0115127899,-0.0118193943,-0.0111094732,0.999868453],"scale":1,"type":"electrical_coil"}
{"pos":[-40.3787613,-776.624573,26.2976227],"rotationMatrix":[-0.0271370411,-0.999566317,-0.0114269033,0.999561787,-0.0272685289,0.0115127899,-0.0118193943,-0.0111094732,0.999868453],"scale":1,"type":"electrical_coil"}
{"pos":[9.82290745,-797.439819,26.9136467],"rotationMatrix":[0.349097729,0.937084556,0.00181344,-0.937081814,0.349089444,0.00376220304,0.0028924495,-0.0030127184,0.999991298],"scale":1,"type":"electrical_coil"}
{"pos":[10.3576069,-796.142456,26.9160271],"rotationMatrix":[0.349097729,0.937084556,0.00181344,-0.937081814,0.349089444,0.00376220304,0.0028924495,-0.0030127184,0.999991298],"scale":1,"type":"electrical_coil"}
{"pos":[10.0835342,-796.858582,27.2516289],"rotationMatrix":[0.349097729,0.937084556,0.00181344,-0.937081814,0.349089444,0.00376220304,0.0028924495,-0.0030127184,0.999991298],"scale":1,"type":"electrical_coil"}
{"pos":[48.7668571,-821.921692,33.9344406],"rotationMatrix":[0.558363914,0.829592645,-0.00242415583,-0.829482377,0.558236539,-0.0181922149,-0.0137388743,0.0121686701,0.999831557],"scale":1,"type":"electrical_coil"}
{"pos":[49.205986,-821.294739,33.5958252],"rotationMatrix":[0.558363914,0.829592645,-0.00242415583,-0.829482377,0.558236539,-0.0181922149,-0.0137388743,0.0121686701,0.999831557],"scale":1,"type":"electrical_coil"}
{"pos":[48.3829956,-822.431274,33.5983315],"rotationMatrix":[0.558363914,0.829592645,-0.00242415583,-0.829482377,0.558236539,-0.0181922149,-0.0137388743,0.0121686701,0.999831557],"scale":1,"type":"electrical_coil"}
{"pos":[84.7241898,-851.557068,41.7751694],"rotationMatrix":[0.422359467,0.906421065,0.00365328696,-0.905770779,0.42189604,0.0397879556,0.0345233344,-0.0201138612,0.999201477],"scale":1,"type":"electrical_coil"}
{"pos":[85.3601227,-850.306274,41.778389],"rotationMatrix":[0.422359467,0.906421065,0.00365328696,-0.905770779,0.42189604,0.0397879556,0.0345233344,-0.0201138612,0.999201477],"scale":1,"type":"electrical_coil"}
{"pos":[85.0408249,-851.003967,42.1126099],"rotationMatrix":[0.422359467,0.906421065,0.00365328696,-0.905770779,0.42189604,0.0397879556,0.0345233344,-0.0201138612,0.999201477],"scale":1,"type":"electrical_coil"}
{"pos":[112.366295,-876.304443,48.5908089],"rotationMatrix":[0.640151024,0.768202722,0.00844177604,-0.7682212,0.639995575,0.0155486306,0.00654180208,-0.016438622,0.999843478],"scale":1,"type":"electrical_coil"}
{"pos":[112.860748,-875.715576,48.2602386],"rotationMatrix":[0.640151024,0.768202722,0.00844177604,-0.7682212,0.639995575,0.0155486306,0.00654180208,-0.016438622,0.999843478],"scale":1,"type":"electrical_coil"}
{"pos":[111.92601,-876.762085,48.2491341],"rotationMatrix":[0.640151024,0.768202722,0.00844177604,-0.7682212,0.639995575,0.0155486306,0.00654180208,-0.016438622,0.999843478],"scale":1,"type":"electrical_coil"}
{"pos":[134.176132,-890.95343,50.920166],"rotationMatrix":[-0.524745345,-0.850925326,0.0238400884,0.851254821,-0.524447083,0.01789953,-0.00272829738,0.0296866875,0.999555528],"scale":1,"type":"electrical_coil"}
{"pos":[133.399231,-892.12146,50.9527512],"rotationMatrix":[-0.524745345,-0.850925326,0.0238400884,0.851254821,-0.524447083,0.01789953,-0.00272829738,0.0296866875,0.999555528],"scale":1,"type":"electrical_coil"}
{"pos":[133.807236,-891.463867,51.2714462],"rotationMatrix":[-0.524745345,-0.850925326,0.0238400884,0.851254821,-0.524447083,0.01789953,-0.00272829738,0.0296866875,0.999555528],"scale":1,"type":"electrical_coil"}
{"pos":[166.760666,-906.054993,53.2341499],"rotationMatrix":[-0.313761592,-0.949481428,0.00621532649,0.949482262,-0.313706517,0.00845481548,-0.00607790146,0.00855413917,0.999944925],"scale":1,"type":"electrical_coil"}
{"pos":[166.514618,-906.782654,52.9019012],"rotationMatrix":[-0.313761592,-0.949481428,0.00621532649,0.949482262,-0.313706517,0.00845481548,-0.00607790146,0.00855413917,0.999944925],"scale":1,"type":"electrical_coil"}
{"pos":[167.000366,-905.466309,52.8935776],"rotationMatrix":[-0.313761592,-0.949481428,0.00621532649,0.949482262,-0.313706517,0.00845481548,-0.00607790146,0.00855413917,0.999944925],"scale":1,"type":"electrical_coil"}
{"pos":[208.263,-916.246338,53.317543],"rotationMatrix":[-0.199990273,-0.979734421,-0.011155311,0.979745388,-0.200084448,0.00807697792,-0.0101452973,-0.00931404624,0.999905169],"scale":1,"type":"electrical_coil"}
{"pos":[207.935318,-917.610596,53.3015289],"rotationMatrix":[-0.199990273,-0.979734421,-0.011155311,0.979745388,-0.200084448,0.00807697792,-0.0101452973,-0.00931404624,0.999905169],"scale":1,"type":"electrical_coil"}
{"pos":[208.093094,-916.864868,53.6470642],"rotationMatrix":[-0.199990273,-0.979734421,-0.011155311,0.979745388,-0.200084448,0.00807697792,-0.0101452973,-0.00931404624,0.999905169],"scale":1,"type":"electrical_coil"}
{"pos":[253.564529,-922.543152,53.7074242],"rotationMatrix":[-0.0189415216,0.999793708,-0.00732966699,-0.999785483,-0.0188789368,0.00851780735,0.0083776731,0.00748943537,0.999936879],"scale":1,"type":"electrical_coil"}
{"pos":[253.555344,-921.779602,53.3648071],"rotationMatrix":[-0.0189415216,0.999793708,-0.00732966699,-0.999785483,-0.0188789368,0.00851780735,0.0083776731,0.00748943537,0.999936879],"scale":1,"type":"electrical_coil"}
{"pos":[253.533707,-923.182556,53.3754768],"rotationMatrix":[-0.0189415216,0.999793708,-0.00732966699,-0.999785483,-0.0188789368,0.00851780735,0.0083776731,0.00748943537,0.999936879],"scale":1,"type":"electrical_coil"}
{"pos":[298.15979,-918.699768,49.8847923],"rotationMatrix":[-0.183275461,0.983038008,-0.0068064048,-0.98291558,-0.183124542,0.0185032021,0.0169429313,0.0100813042,0.999805629],"scale":1,"type":"electrical_coil"}
{"pos":[297.950165,-917.312378,49.8743782],"rotationMatrix":[-0.183275461,0.983038008,-0.0068064048,-0.98291558,-0.183124542,0.0185032021,0.0169429313,0.0100813042,0.999805629],"scale":1,"type":"electrical_coil"}
{"pos":[298.088257,-918.063538,50.216629],"rotationMatrix":[-0.183275461,0.983038008,-0.0068064048,-0.98291558,-0.183124542,0.0185032021,0.0169429313,0.0100813042,0.999805629],"scale":1,"type":"electrical_coil"}
{"pos":[339.424377,-911.517822,46.7137032],"rotationMatrix":[-0.215215802,0.976372838,-0.0194511134,-0.976555705,-0.215264559,-0.000423287041,-0.00460042199,0.0189039968,0.999810696],"scale":1,"type":"electrical_coil"}
{"pos":[339.269043,-910.774536,46.3619194],"rotationMatrix":[-0.215215802,0.976372838,-0.0194511134,-0.976555705,-0.215264559,-0.000423287041,-0.00460042199,0.0189039968,0.999810696],"scale":1,"type":"electrical_coil"}
{"pos":[339.523743,-912.154114,46.3891487],"rotationMatrix":[-0.215215802,0.976372838,-0.0194511134,-0.976555705,-0.215264559,-0.000423287041,-0.00460042199,0.0189039968,0.999810696],"scale":1,"type":"electrical_coil"}
{"pos":[383.47348,-906.015198,45.4130211],"rotationMatrix":[-0.153399944,0.988162994,-0.00155724329,-0.988160491,-0.153403521,-0.00249772053,-0.00270704157,0.00115565606,0.999995649],"scale":1,"type":"electrical_coil"}
{"pos":[383.306061,-904.622009,45.410984],"rotationMatrix":[-0.153399944,0.988162994,-0.00155724329,-0.988160491,-0.153403521,-0.00249772053,-0.00270704157,0.00115565606,0.999995649],"scale":1,"type":"electrical_coil"}
{"pos":[383.414581,-905.379822,45.7491074],"rotationMatrix":[-0.153399944,0.988162994,-0.00155724329,-0.988160491,-0.153403521,-0.00249772053,-0.00270704157,0.00115565606,0.999995649],"scale":1,"type":"electrical_coil"}
{"pos":[433.535828,-901.745728,45.7480469],"rotationMatrix":[0.130936205,-0.991327643,-0.0111890119,0.991383553,0.130970001,-0.00234038616,0.00378551427,-0.0107861608,0.999934673],"scale":1,"type":"electrical_coil"}
{"pos":[433.62674,-902.502502,45.402565],"rotationMatrix":[0.130936205,-0.991327643,-0.0111890119,0.991383553,0.130970001,-0.00234038616,0.00378551427,-0.0107861608,0.999934673],"scale":1,"type":"electrical_coil"}
{"pos":[433.490967,-901.106018,45.4181175],"rotationMatrix":[0.130936205,-0.991327643,-0.0111890119,0.991383553,0.130970001,-0.00234038616,0.00378551427,-0.0107861608,0.999934673],"scale":1,"type":"electrical_coil"}
{"pos":[475.911713,-899.166931,46.7110672],"rotationMatrix":[0.0357360244,-0.998540163,-0.0405030437,0.999360561,0.0357545018,0.000268872827,0.00117968395,-0.040486753,0.999179363],"scale":1,"type":"electrical_coil"}
{"pos":[475.913605,-900.568909,46.6542816],"rotationMatrix":[0.0357360244,-0.998540163,-0.0405030437,0.999360561,0.0357545018,0.000268872827,0.00117968395,-0.040486753,0.999179363],"scale":1,"type":"electrical_coil"}
{"pos":[475.894775,-899.817444,47.0219841],"rotationMatrix":[0.0357360244,-0.998540163,-0.0405030437,0.999360561,0.0357545018,0.000268872827,0.00117968395,-0.040486753,0.999179363],"scale":1,"type":"electrical_coil"}
