{"pos":[18.3529301,11.9782047,250.020325],"rotationMatrix":[-0.0014174853,-0.999998927,0,0.999998927,-0.0014174853,0,0,0,0.999999881],"scale":1.19287062,"type":"generibush"}
{"pos":[73.3871078,4.57542992,254.562378],"rotationMatrix":[-0.844718695,-0.535210371,0,0.535210371,-0.844718695,0,0,0,0.999999881],"scale":1.15684628,"type":"generibush"}
{"pos":[81.9541092,18.8533649,254.379272],"rotationMatrix":[0.870907426,-0.491446912,0,0.491446912,0.870907426,0,0,0,0.999999881],"scale":0.994731665,"type":"generibush"}
{"pos":[11.097559,13.7414265,252.109146],"rotationMatrix":[0.725051165,-0.688694835,0,0.688694835,0.725051165,0,0,0,0.999999881],"scale":1.10776556,"type":"generibush"}
{"pos":[-84.5809708,16.8671741,250],"rotationMatrix":[0.946574986,0.322483748,0,-0.322483748,0.946574986,0,0,0,0.999999881],"scale":1.01517463,"type":"generibush"}
{"pos":[-61.5114365,13.1069307,250.088272],"rotationMatrix":[-0.987142622,-0.159841403,0,0.159841403,-0.987142622,0,0,0,0.999999881],"scale":0.99769944,"type":"generibush"}
{"pos":[-48.156601,15.4980955,250.093994],"rotationMatrix":[-0.0268430077,0.999639571,0,-0.999639571,-0.0268430077,0,0,0,0.999999881],"scale":1.09480762,"type":"generibush"}
{"pos":[-247.166,198.042175,239.501953],"rotationMatrix":[-0.731847405,-0.681468368,0,0.681468368,-0.731847405,0,0,0,0.999999881],"scale":0.913652718,"type":"generibush"}
{"pos":[-250.108307,199.58606,239.501953],"rotationMatrix":[-0.961769521,0.273859948,0,-0.273859948,-0.961769521,0,0,0,0.999999881],"scale":0.97266537,"type":"generibush"}
{"pos":[-253.898804,197.39357,239.501953],"rotationMatrix":[-0.926246822,0.376917273,0,-0.376917273,-0.926246822,0,0,0,0.999999881],"scale":1.19084251,"type":"generibush"}
{"pos":[370.022491,78.6531372,258.366486],"rotationMatrix":[0.98862195,-0.150420561,0,0.150420561,0.98862195,0,0,0,0.999999881],"scale":1.18829656,"type":"generibush"}
{"pos":[374.004639,73.3370361,258.366974],"rotationMatrix":[-0.429330319,-0.903147399,0,0.903147399,-0.429330319,0,0,0,0.999999881],"scale":1.00280869,"type":"generibush"}
{"pos":[373.398376,58.7790298,258.386536],"rotationMatrix":[0.183865055,-0.982951343,0,0.982951343,0.183865055,0,0,0,0.999999881],"scale":1.01876247,"type":"generibush"}
{"pos":[368.222321,71.7045898,258.394531],"rotationMatrix":[-0.682901263,-0.730510533,0,0.730510533,-0.682901263,0,0,0,0.999999881],"scale":1.01814187,"type":"generibush"}
{"pos":[364.3302,72.9049759,258.470825],"rotationMatrix":[-0.834457934,-0.551071584,0,0.551071584,-0.834457934,0,0,0,0.999999881],"scale":0.925435185,"type":"generibush"}
{"pos":[366.178375,55.18013,258.359009],"rotationMatrix":[0.969997227,-0.243115544,0,0.243115544,0.969997227,0,0,0,0.999999881],"scale":1.09490669,"type":"generibush"}
{"pos":[363.625305,65.5428085,258.707642],"rotationMatrix":[0.627776504,-0.778393567,0,0.778393567,0.627776504,0,0,0,0.999999881],"scale":1.07635653,"type":"generibush"}
{"pos":[357.914825,80.8791046,258.323914],"rotationMatrix":[-0.189793319,0.981823981,0,-0.981823981,-0.189793319,0,0,0,0.999999881],"scale":1.13444018,"type":"generibush"}
{"pos":[353.052368,53.6145592,258.350555],"rotationMatrix":[-0.979961216,0.199188396,0,-0.199188396,-0.979961216,0,0,0,0.999999881],"scale":0.976303577,"type":"generibush"}
{"pos":[342.111053,52.9047012,258.152802],"rotationMatrix":[-0.921874106,0.387489349,0,-0.387489349,-0.921874106,0,0,0,0.999999881],"scale":1.19511199,"type":"generibush"}
{"pos":[363.718872,70.6275635,258.603973],"rotationMatrix":[0.950202644,-0.311632395,0,0.311632395,0.950202644,0,0,0,0.999999881],"scale":1.08591712,"type":"generibush"}
{"pos":[329.646301,50.7761841,257.757294],"rotationMatrix":[-0.895458519,-0.445145071,0,0.445145071,-0.895458519,0,0,0,0.999999881],"scale":1.12306988,"type":"generibush"}
{"pos":[325.237152,57.4204941,257.303711],"rotationMatrix":[-0.146234974,-0.989249766,0,0.989249766,-0.146234974,0,0,0,0.999999881],"scale":0.908050597,"type":"generibush"}
{"pos":[333.276917,57.7123184,257.650665],"rotationMatrix":[0.229413942,0.973328888,0,-0.973328888,0.229413942,0,0,0,0.999999881],"scale":1.19413114,"type":"generibush"}
{"pos":[329.079285,54.0810623,257.495636],"rotationMatrix":[-0.704646885,-0.70955795,0,0.70955795,-0.704646885,0,0,0,0.999999881],"scale":1.07494771,"type":"generibush"}
{"pos":[333.808594,54.5474968,257.778687],"rotationMatrix":[-0.805156648,0.593061924,0,-0.593061924,-0.805156648,0,0,0,0.999999881],"scale":1.09908271,"type":"generibush"}
{"pos":[318.500732,60.4355774,257.265137],"rotationMatrix":[-0.893376291,-0.449309111,0,0.449309111,-0.893376291,0,0,0,0.999999881],"scale":1.10397708,"type":"generibush"}
{"pos":[330.785156,88.2805481,257.72995],"rotationMatrix":[-0.215601102,0.976481378,0,-0.976481378,-0.215601102,0,0,0,0.999999881],"scale":1.00522637,"type":"generibush"}
{"pos":[325.484436,99.1298828,257.075623],"rotationMatrix":[-0.719739795,0.69424367,0,-0.69424367,-0.719739795,0,0,0,0.999999881],"scale":0.961117327,"type":"generibush"}
{"pos":[311.47702,89.5139999,256.514374],"rotationMatrix":[-0.960297823,0.278976381,0,-0.278976381,-0.960297823,0,0,0,0.999999881],"scale":1.10535908,"type":"generibush"}
{"pos":[308.269501,89.5044022,256.416931],"rotationMatrix":[0.329360098,-0.94420439,0,0.94420439,0.329360098,0,0,0,0.999999881],"scale":1.1919136,"type":"generibush"}
{"pos":[317.67868,104.029121,256.627899],"rotationMatrix":[-0.721127093,-0.692802846,0,0.692802846,-0.721127093,0,0,0,0.999999881],"scale":1.14771378,"type":"generibush"}
{"pos":[295.516968,94.2433014,256.846893],"rotationMatrix":[-0.0473525636,-0.998878181,0,0.998878181,-0.0473525636,0,0,0,0.999999881],"scale":1.12352765,"type":"generibush"}
{"pos":[298.889008,82.4995804,256.471405],"rotationMatrix":[-0.987124145,0.159955487,0,-0.159955487,-0.987124145,0,0,0,0.999999881],"scale":0.938935161,"type":"generibush"}
{"pos":[307.492737,93.4610138,256.287567],"rotationMatrix":[0.235248402,0.971935272,0,-0.971935272,0.235248402,0,0,0,0.999999881],"scale":1.15481293,"type":"generibush"}
{"pos":[289.852753,82.378891,256.669525],"rotationMatrix":[0.87340939,-0.486986488,0,0.486986488,0.87340939,0,0,0,0.999999881],"scale":1.1527673,"type":"generibush"}
{"pos":[307.129456,81.4969025,256.496613],"rotationMatrix":[0.999915898,-0.0129638128,0,0.0129638128,0.999915898,0,0,0,0.999999881],"scale":0.950526237,"type":"generibush"}
{"pos":[297.488739,98.1239243,256.491821],"rotationMatrix":[-0.859180033,0.511673391,0,-0.511673391,-0.859180033,0,0,0,0.999999881],"scale":1.13802338,"type":"generibush"}
{"pos":[303.523376,93.934761,256.33194],"rotationMatrix":[-0.159462884,-0.987203836,0,0.987203836,-0.159462884,0,0,0,0.999999881],"scale":0.937268555,"type":"generibush"}
{"pos":[288.590363,91.9998703,257.392242],"rotationMatrix":[0.727187812,0.68643856,0,-0.68643856,0.727187812,0,0,0,0.999999881],"scale":1.18131685,"type":"generibush"}
{"pos":[284.52951,99.3905029,257.051178],"rotationMatrix":[0.998214364,-0.0597312935,0,0.0597312935,0.998214364,0,0,0,0.999999881],"scale":1.01689243,"type":"generibush"}
{"pos":[289.995453,90.298912,257.226898],"rotationMatrix":[-0.00290852739,0.999995649,0,-0.999995649,-0.00290852739,0,0,0,0.999999881],"scale":1.18977165,"type":"generibush"}
{"pos":[304.581116,71.8410645,256.546936],"rotationMatrix":[-0.840730608,0.541453481,0,-0.541453481,-0.840730608,0,0,0,0.999999881],"scale":0.983593464,"type":"generibush"}
{"pos":[298.438385,65.8722992,256.512817],"rotationMatrix":[-0.94940424,-0.314056456,0,0.314056456,-0.94940424,0,0,0,0.999999881],"scale":1.15848196,"type":"generibush"}
{"pos":[293.306549,68.7170486,256.217377],"rotationMatrix":[0.993763745,0.111505181,0,-0.111505181,0.993763745,0,0,0,0.999999881],"scale":1.17858541,"type":"generibush"}
{"pos":[270.805695,129.483643,254.592407],"rotationMatrix":[0.915487111,-0.402347058,0,0.402347058,0.915487111,0,0,0,0.999999881],"scale":1.10183358,"type":"generibush"}
{"pos":[265.435883,134.613327,254.261139],"rotationMatrix":[-0.996856868,-0.0792224482,0,0.0792224482,-0.996856868,0,0,0,0.999999881],"scale":1.03327668,"type":"generibush"}
{"pos":[244.906357,137.702179,254.078629],"rotationMatrix":[0.99263376,0.121153317,0,-0.121153317,0.99263376,0,0,0,0.999999881],"scale":0.989015937,"type":"generibush"}
{"pos":[234.821747,121.431335,254.340088],"rotationMatrix":[-0.328684807,0.94443959,0,-0.94443959,-0.328684807,0,0,0,0.999999881],"scale":1.10814464,"type":"generibush"}
{"pos":[248.971985,126.784973,254.184174],"rotationMatrix":[-0.667047083,-0.745015562,0,0.745015562,-0.667047083,0,0,0,0.999999881],"scale":1.1030457,"type":"generibush"}
{"pos":[232.309662,116.855263,254.331268],"rotationMatrix":[0.986578286,0.163288251,0,-0.163288251,0.986578286,0,0,0,0.999999881],"scale":1.08789778,"type":"generibush"}
{"pos":[226.577911,110.988556,254.318237],"rotationMatrix":[-0.0229732469,0.999736011,0,-0.999736011,-0.0229732469,0,0,0,0.999999881],"scale":0.998890519,"type":"generibush"}
{"pos":[225.506805,94.2187576,254.333496],"rotationMatrix":[0.789306402,0.613999486,0,-0.613999486,0.789306402,0,0,0,0.999999881],"scale":1.03249967,"type":"generibush"}
{"pos":[210.234039,69.3030853,253.746216],"rotationMatrix":[-0.934792221,0.355194658,0,-0.355194658,-0.934792221,0,0,0,0.999999881],"scale":1.12633753,"type":"generibush"}
{"pos":[202.178925,82.8880844,254.272461],"rotationMatrix":[0.995847821,0.0910324901,0,-0.0910324901,0.995847821,0,0,0,0.999999881],"scale":0.939437568,"type":"generibush"}
{"pos":[218.223694,71.2560577,253.655045],"rotationMatrix":[0.961604297,-0.274439245,0,0.274439245,0.961604297,0,0,0,0.999999881],"scale":1.00988793,"type":"generibush"}
{"pos":[223.309357,81.9598312,254.318237],"rotationMatrix":[0.849277616,0.527946413,0,-0.527946413,0.849277616,0,0,0,0.999999881],"scale":1.12361634,"type":"generibush"}
{"pos":[174.041763,60.6887741,254.272461],"rotationMatrix":[0.87818867,0.47831437,0,-0.47831437,0.87818867,0,0,0,0.999999881],"scale":1.04703653,"type":"generibush"}
{"pos":[177.353485,64.8206635,254.272461],"rotationMatrix":[-0.331589311,0.943423688,0,-0.943423688,-0.331589311,0,0,0,0.999999881],"scale":1.16473782,"type":"generibush"}
{"pos":[185.134293,48.6657181,253.925507],"rotationMatrix":[-0.59659791,0.802540064,0,-0.802540064,-0.59659791,0,0,0,0.999999881],"scale":0.985049963,"type":"generibush"}
{"pos":[202.872955,66.5102158,254.139587],"rotationMatrix":[-0.213712633,-0.976896465,0,0.976896465,-0.213712633,0,0,0,0.999999881],"scale":0.916327298,"type":"generibush"}
{"pos":[204.149017,57.3250275,253.510345],"rotationMatrix":[-0.0472665913,-0.998882234,0,0.998882234,-0.0472665913,0,0,0,0.999999881],"scale":0.998465836,"type":"generibush"}
{"pos":[182.93486,58.5675812,254.37059],"rotationMatrix":[-0.955769956,-0.294115067,0,0.294115067,-0.955769956,0,0,0,0.999999881],"scale":0.978392243,"type":"generibush"}
{"pos":[175.459976,68.0915222,254.272461],"rotationMatrix":[0.703664303,-0.710532367,0,0.710532367,0.703664303,0,0,0,0.999999881],"scale":0.988150716,"type":"generibush"}
{"pos":[168.823898,66.3705978,254.272461],"rotationMatrix":[-0.639897406,0.768460095,0,-0.768460095,-0.639897406,0,0,0,0.999999881],"scale":1.01870096,"type":"generibush"}
{"pos":[170.938141,68.4844055,254.272461],"rotationMatrix":[0.781089723,-0.624418676,0,0.624418676,0.781089723,0,0,0,0.999999881],"scale":0.963772476,"type":"generibush"}
{"pos":[155.033218,54.4377632,254.379272],"rotationMatrix":[-0.148582742,-0.988899887,0,0.988899887,-0.148582742,0,0,0,0.999999881],"scale":0.916277945,"type":"generibush"}
{"pos":[155.273254,56.7529259,254.379272],"rotationMatrix":[0.602125943,-0.798401058,0,0.798401058,0.602125943,0,0,0,0.999999881],"scale":0.960627317,"type":"generibush"}
{"pos":[148.291702,77.8015976,254.379272],"rotationMatrix":[-0.98860538,0.150529459,0,-0.150529459,-0.98860538,0,0,0,0.999999881],"scale":0.930160999,"type":"generibush"}
{"pos":[144.011246,64.1582108,254.379272],"rotationMatrix":[-0.507459521,0.861675441,0,-0.861675441,-0.507459521,0,0,0,0.999999881],"scale":1.18561375,"type":"generibush"}
{"pos":[158.320862,67.6171646,254.318237],"rotationMatrix":[0.735667348,-0.677342832,0,0.677342832,0.735667348,0,0,0,0.999999881],"scale":0.956959188,"type":"generibush"}
{"pos":[151.73764,87.3834839,254.379272],"rotationMatrix":[-0.651253402,0.758860111,0,-0.758860111,-0.651253402,0,0,0,0.999999881],"scale":0.991615772,"type":"generibush"}
{"pos":[141.164719,84.2611084,254.379272],"rotationMatrix":[-0.996257544,0.086433515,0,-0.086433515,-0.996257544,0,0,0,0.999999881],"scale":1.12287951,"type":"generibush"}
{"pos":[160.308426,64.6363754,254.302979],"rotationMatrix":[-0.994803667,0.101810969,0,-0.101810969,-0.994803667,0,0,0,0.999999881],"scale":0.937232792,"type":"generibush"}
{"pos":[153.441269,120.952515,254.379272],"rotationMatrix":[0.942266166,-0.334864676,0,0.334864676,0.942266166,0,0,0,0.999999881],"scale":1.13343012,"type":"generibush"}
{"pos":[152.464981,92.4439316,254.379272],"rotationMatrix":[0.916252792,0.400600463,0,-0.400600463,0.916252792,0,0,0,0.999999881],"scale":0.957977474,"type":"generibush"}
{"pos":[141.869293,110.343201,254.379272],"rotationMatrix":[-0.972132266,0.23443301,0,-0.23443301,-0.972132266,0,0,0,0.999999881],"scale":1.06835222,"type":"generibush"}
{"pos":[166.838715,141.19873,254.379272],"rotationMatrix":[0.999579847,0.028983172,0,-0.028983172,0.999579847,0,0,0,0.999999881],"scale":1.02773106,"type":"generibush"}
{"pos":[151.474777,138.541473,254.379272],"rotationMatrix":[-0.0281257145,-0.999604285,0,0.999604285,-0.0281257145,0,0,0,0.999999881],"scale":1.0739367,"type":"generibush"}
{"pos":[150.171753,117.628044,254.379272],"rotationMatrix":[0.86227721,0.506436527,0,-0.506436527,0.86227721,0,0,0,0.999999881],"scale":0.946494639,"type":"generibush"}
{"pos":[156.421494,130.131287,254.379272],"rotationMatrix":[-0.97556895,-0.219693273,0,0.219693273,-0.97556895,0,0,0,0.999999881],"scale":1.08508873,"type":"generibush"}
{"pos":[154.627243,136.706573,254.379272],"rotationMatrix":[-0.940403521,-0.340060204,0,0.340060204,-0.940403521,0,0,0,0.999999881],"scale":1.0300808,"type":"generibush"}
{"pos":[163.245682,128.826477,254.379272],"rotationMatrix":[-0.139419556,0.990233243,0,-0.990233243,-0.139419556,0,0,0,0.999999881],"scale":1.18870354,"type":"generibush"}
{"pos":[164.29483,121.728729,254.379272],"rotationMatrix":[-0.827119768,-0.562025487,0,0.562025487,-0.827119768,0,0,0,0.999999881],"scale":1.14125168,"type":"generibush"}
{"pos":[159.497543,152.776459,254.379272],"rotationMatrix":[-0.27568835,0.961246908,0,-0.961246908,-0.27568835,0,0,0,0.999999881],"scale":1.07311058,"type":"generibush"}
{"pos":[164.26651,126.965309,254.379272],"rotationMatrix":[0.169807345,-0.985477149,0,0.985477149,0.169807345,0,0,0,0.999999881],"scale":1.06820309,"type":"generibush"}
{"pos":[162.138901,152.092285,254.379272],"rotationMatrix":[-0.907657564,-0.419711351,0,0.419711351,-0.907657564,0,0,0,0.999999881],"scale":1.13861918,"type":"generibush"}
{"pos":[162.277344,155.326492,254.379272],"rotationMatrix":[-0.00782061275,-0.999969363,0,0.999969363,-0.00782061275,0,0,0,0.999999881],"scale":1.14157629,"type":"generibush"}
{"pos":[160.768951,150.599655,254.379272],"rotationMatrix":[0.736276209,-0.676680982,0,0.676680982,0.736276209,0,0,0,0.999999881],"scale":1.02197647,"type":"generibush"}
{"pos":[184.7789,149.869186,254.379272],"rotationMatrix":[-0.0611289479,-0.998129785,0,0.998129785,-0.0611289479,0,0,0,0.999999881],"scale":1.1559931,"type":"generibush"}
{"pos":[169.56102,161.929199,254.379272],"rotationMatrix":[0.972648919,-0.232279792,0,0.232279792,0.972648919,0,0,0,0.999999881],"scale":1.11435056,"type":"generibush"}
{"pos":[180.778641,158.608109,254.379272],"rotationMatrix":[-0.674800813,-0.737999737,0,0.737999737,-0.674800813,0,0,0,0.999999881],"scale":0.91732043,"type":"generibush"}
{"pos":[177.108078,165.498444,254.379272],"rotationMatrix":[-0.31257835,0.949891865,0,-0.949891865,-0.31257835,0,0,0,0.999999881],"scale":0.93149811,"type":"generibush"}
{"pos":[169.827072,139.494568,254.379272],"rotationMatrix":[-0.0784380361,0.996918857,0,-0.996918857,-0.0784380361,0,0,0,0.999999881],"scale":1.05052888,"type":"generibush"}
{"pos":[184.747482,177.959045,254.379272],"rotationMatrix":[0.981195033,-0.193018466,0,0.193018466,0.981195033,0,0,0,0.999999881],"scale":1.1877681,"type":"generibush"}
{"pos":[190.786972,169.742386,254.379272],"rotationMatrix":[-0.444745094,-0.895657063,0,0.895657063,-0.444745094,0,0,0,0.999999881],"scale":1.02521551,"type":"generibush"}
{"pos":[182.315628,171.989105,254.379272],"rotationMatrix":[0.99224323,0.124311194,0,-0.124311194,0.99224323,0,0,0,0.999999881],"scale":1.08444738,"type":"generibush"}
{"pos":[176.828949,147.271088,254.379272],"rotationMatrix":[0.842837632,0.538167894,0,-0.538167894,0.842837632,0,0,0,0.999999881],"scale":1.06387377,"type":"generibush"}
{"pos":[194.336182,178.843338,254.379272],"rotationMatrix":[-0.802464068,-0.59670037,0,0.59670037,-0.802464068,0,0,0,0.999999881],"scale":0.964617431,"type":"generibush"}
{"pos":[198.38147,169.924789,254.379272],"rotationMatrix":[-0.172573417,0.984996557,0,-0.984996557,-0.172573417,0,0,0,0.999999881],"scale":1.17843854,"type":"generibush"}
{"pos":[192.445297,174.478409,254.379272],"rotationMatrix":[-0.987497866,0.157631442,0,-0.157631442,-0.987497866,0,0,0,0.999999881],"scale":0.943891048,"type":"generibush"}
{"pos":[215.306259,182.626205,254.160965],"rotationMatrix":[-0.886241078,-0.463224113,0,0.463224113,-0.886241078,0,0,0,0.999999881],"scale":1.18766069,"type":"generibush"}
{"pos":[199.327454,174.97551,254.379272],"rotationMatrix":[-0.932767689,-0.360477954,0,0.360477954,-0.932767689,0,0,0,0.999999881],"scale":1.19515145,"type":"generibush"}
{"pos":[212.685364,194.115829,254.314331],"rotationMatrix":[-0.900527,0.434800088,0,-0.434800088,-0.900527,0,0,0,0.999999881],"scale":1.15319431,"type":"generibush"}
{"pos":[209.069702,171.263641,254.379272],"rotationMatrix":[-0.508788109,0.86089164,0,-0.86089164,-0.508788109,0,0,0,0.999999881],"scale":0.963821888,"type":"generibush"}
{"pos":[201.31105,181.69548,254.379272],"rotationMatrix":[0.81557399,-0.57865268,0,0.57865268,0.81557399,0,0,0,0.999999881],"scale":1.01124239,"type":"generibush"}
{"pos":[215.153519,193.849548,254.234985],"rotationMatrix":[0.715571582,0.698539376,0,-0.698539376,0.715571582,0,0,0,0.999999881],"scale":1.10390556,"type":"generibush"}
{"pos":[203.775848,195.524734,254.379272],"rotationMatrix":[-0.99541223,0.0956782177,0,-0.0956782177,-0.99541223,0,0,0,0.999999881],"scale":0.900314093,"type":"generibush"}
{"pos":[236.508377,182.978378,252.762375],"rotationMatrix":[0.992271721,0.124083139,0,-0.124083139,0.992271721,0,0,0,0.999999881],"scale":1.17962515,"type":"generibush"}
{"pos":[238.742584,185.194244,252.404388],"rotationMatrix":[0.855451226,0.517883301,0,-0.517883301,0.855451226,0,0,0,0.999999881],"scale":1.12286711,"type":"generibush"}
{"pos":[219.450699,186.499115,253.999298],"rotationMatrix":[-0.583584428,0.81205225,0,-0.81205225,-0.583584428,0,0,0,0.999999881],"scale":1.00208092,"type":"generibush"}
{"pos":[212.965424,178.54895,254.242981],"rotationMatrix":[0.212484851,-0.977164268,0,0.977164268,0.212484851,0,0,0,0.999999881],"scale":1.1813904,"type":"generibush"}
{"pos":[243.784256,168.729767,253.061203],"rotationMatrix":[0.985356152,0.17050831,0,-0.17050831,0.985356152,0,0,0,0.999999881],"scale":1.09013259,"type":"generibush"}
{"pos":[226.930206,192.736313,253.410156],"rotationMatrix":[-0.950494945,0.310739964,0,-0.310739964,-0.950494945,0,0,0,0.999999881],"scale":0.940783143,"type":"generibush"}
{"pos":[244.111145,160.68396,253.359802],"rotationMatrix":[0.566556156,-0.824022949,0,0.824022949,0.566556156,0,0,0,0.999999881],"scale":0.95530355,"type":"generibush"}
{"pos":[233.09166,176.178955,253.375],"rotationMatrix":[-0.610359132,0.792124569,0,-0.792124569,-0.610359132,0,0,0,0.999999881],"scale":0.945752442,"type":"generibush"}
{"pos":[234.35318,163.938126,253.769913],"rotationMatrix":[0.131228581,0.991352141,0,-0.991352141,0.131228581,0,0,0,0.999999881],"scale":1.12861347,"type":"generibush"}
{"pos":[218.612442,167.48024,254.240509],"rotationMatrix":[0.943281829,-0.331992924,0,0.331992924,0.943281829,0,0,0,0.999999881],"scale":1.02509093,"type":"generibush"}
{"pos":[234.903366,171.049011,253.498657],"rotationMatrix":[-0.0423065126,-0.999104619,0,0.999104619,-0.0423065126,0,0,0,0.999999881],"scale":0.970869124,"type":"generibush"}
{"pos":[227.926987,170.617676,253.875488],"rotationMatrix":[0.622026086,0.782996476,0,-0.782996476,0.622026086,0,0,0,0.999999881],"scale":1.02438772,"type":"generibush"}
{"pos":[251.966232,158.262115,253.067825],"rotationMatrix":[-0.998435438,0.0559153482,0,-0.0559153482,-0.998435438,0,0,0,0.999999881],"scale":1.16084325,"type":"generibush"}
{"pos":[245.580811,148.435455,253.783676],"rotationMatrix":[-0.664942801,-0.7468943,0,0.7468943,-0.664942801,0,0,0,0.999999881],"scale":1.04551792,"type":"generibush"}
{"pos":[235.758499,166.784332,253.607117],"rotationMatrix":[-0.971496761,0.237052366,0,-0.237052366,-0.971496761,0,0,0,0.999999881],"scale":1.01648176,"type":"generibush"}
{"pos":[245.707718,133.852203,254.135132],"rotationMatrix":[-0.935873926,-0.352334946,0,0.352334946,-0.935873926,0,0,0,0.999999881],"scale":1.00385749,"type":"generibush"}
{"pos":[253.097931,147.097488,253.671402],"rotationMatrix":[-0.834225118,0.551423967,0,-0.551423967,-0.834225118,0,0,0,0.999999881],"scale":1.16372108,"type":"generibush"}
{"pos":[246.834198,146.534515,253.823273],"rotationMatrix":[0.457333833,0.889295101,0,-0.889295101,0.457333833,0,0,0,0.999999881],"scale":0.903586984,"type":"generibush"}
{"pos":[255.814804,135.790237,254.089355],"rotationMatrix":[0.429380566,-0.903123558,0,0.903123558,0.429380566,0,0,0,0.999999881],"scale":0.938401878,"type":"generibush"}
{"pos":[250.798935,128.071091,254.17984],"rotationMatrix":[0.0177785866,0.999841809,0,-0.999841809,0.0177785866,0,0,0,0.999999881],"scale":1.055287,"type":"generibush"}
{"pos":[263.393341,145.191986,253.863815],"rotationMatrix":[-0.0977282599,-0.995213091,0,0.995213091,-0.0977282599,0,0,0,0.999999881],"scale":1.05155575,"type":"generibush"}
{"pos":[249.969025,122.498863,254.21907],"rotationMatrix":[0.0427851267,-0.999084175,0,0.999084175,0.0427851267,0,0,0,0.999999881],"scale":0.940077662,"type":"generibush"}
{"pos":[254.025772,144.463242,253.786804],"rotationMatrix":[0.0484516919,0.998825431,0,-0.998825431,0.0484516919,0,0,0,0.999999881],"scale":1.03552818,"type":"generibush"}
{"pos":[248.538177,154.191147,253.430344],"rotationMatrix":[-0.159232691,-0.98724097,0,0.98724097,-0.159232691,0,0,0,0.999999881],"scale":1.04329979,"type":"generibush"}
{"pos":[256.185181,132.798187,254.144135],"rotationMatrix":[0.999954522,-0.00952292327,0,0.00952292327,0.999954522,0,0,0,0.999999881],"scale":1.11210954,"type":"generibush"}
{"pos":[246.407288,120.619904,254.235748],"rotationMatrix":[0.180542782,0.983567059,0,-0.983567059,0.180542782,0,0,0,0.999999881],"scale":1.05596566,"type":"generibush"}
{"pos":[249.609497,145.358337,253.80426],"rotationMatrix":[-0.167085841,-0.985942245,0,0.985942245,-0.167085841,0,0,0,0.999999881],"scale":0.95906198,"type":"generibush"}
{"pos":[269.663879,137.077286,254.37915],"rotationMatrix":[0.999627888,0.0272748638,0,-0.0272748638,0.999627888,0,0,0,0.999999881],"scale":1.02031243,"type":"generibush"}
{"pos":[258.479095,122.595345,254.345215],"rotationMatrix":[0.30632177,0.95192802,0,-0.95192802,0.30632177,0,0,0,0.999999881],"scale":0.902114809,"type":"generibush"}
{"pos":[267.839233,134.78688,254.331833],"rotationMatrix":[-0.156659931,0.98765254,0,-0.98765254,-0.156659931,0,0,0,0.999999881],"scale":1.03107715,"type":"generibush"}
{"pos":[286.462189,121.734413,255.371094],"rotationMatrix":[0.609513938,-0.792775154,0,0.792775154,0.609513938,0,0,0,0.999999881],"scale":1.09921932,"type":"generibush"}
{"pos":[237.660858,109.201843,254.333496],"rotationMatrix":[0.177090257,-0.984194458,0,0.984194458,0.177090257,0,0,0,0.999999881],"scale":1.05913281,"type":"generibush"}
{"pos":[234.578278,108.121788,254.327057],"rotationMatrix":[-0.0543282032,0.998522997,0,-0.998522997,-0.0543282032,0,0,0,0.999999881],"scale":1.0944885,"type":"generibush"}
{"pos":[230.057831,114.827881,254.318237],"rotationMatrix":[-0.162673831,0.986679733,0,-0.986679733,-0.162673831,0,0,0,0.999999881],"scale":1.18280494,"type":"generibush"}
{"pos":[322.891296,96.6736069,257.010437],"rotationMatrix":[-0.418552756,-0.908192456,0,0.908192456,-0.418552756,0,0,0,0.999999881],"scale":0.925739169,"type":"generibush"}
{"pos":[331.485931,95.0768051,257.289764],"rotationMatrix":[-0.0395329297,-0.999218166,0,0.999218166,-0.0395329297,0,0,0,0.999999881],"scale":1.19456732,"type":"generibush"}
{"pos":[353.463623,84.6005783,258.377075],"rotationMatrix":[-0.661818564,0.749663949,0,-0.749663949,-0.661818564,0,0,0,0.999999881],"scale":0.977213264,"type":"generibush"}
{"pos":[-359.700134,161.870239,232.21347],"rotationMatrix":[0.596296608,0.802764177,0,-0.802764177,0.596296608,0,0,0,0.999999881],"scale":0.993399143,"type":"generibush"}
{"pos":[-234.722122,199.514862,239.181152],"rotationMatrix":[-0.712678671,-0.701490462,0,0.701490462,-0.712678671,0,0,0,0.999999881],"scale":0.96480608,"type":"generibush"}
{"pos":[403.297607,32.1402054,250.311859],"rotationMatrix":[-0.992978394,0.11829491,0,-0.11829491,-0.992978394,0,0,0,0.999999881],"scale":0.905475378,"type":"generibush"}
{"pos":[415.553955,52.6481323,250.396729],"rotationMatrix":[0.00251691858,0.999996722,0,-0.999996722,0.00251691858,0,0,0,0.999999881],"scale":1.0804255,"type":"generibush"}
{"pos":[415.540894,62.1075706,250.396729],"rotationMatrix":[0.979173839,-0.203023151,0,0.203023151,0.979173839,0,0,0,0.999999881],"scale":1.17794228,"type":"generibush"}
{"pos":[419.092468,57.9810219,250.396729],"rotationMatrix":[0.995459139,-0.0951882601,0,0.0951882601,0.995459139,0,0,0,0.999999881],"scale":1.01145685,"type":"generibush"}
{"pos":[417.497345,71.1446533,250.396729],"rotationMatrix":[-0.654215217,0.756308317,0,-0.756308317,-0.654215217,0,0,0,0.999999881],"scale":1.1987288,"type":"generibush"}
{"pos":[413.356293,76.2202988,250.396729],"rotationMatrix":[-0.908461034,0.417969555,0,-0.417969555,-0.908461034,0,0,0,0.999999881],"scale":1.03684795,"type":"generibush"}
{"pos":[410.756622,83.1788635,250.363266],"rotationMatrix":[0.796115935,0.605144143,0,-0.605144143,0.796115935,0,0,0,0.999999881],"scale":1.05999291,"type":"generibush"}
{"pos":[407.115631,86.943161,250.26384],"rotationMatrix":[-0.249403328,-0.968399584,0,0.968399584,-0.249403328,0,0,0,0.999999881],"scale":0.95018816,"type":"generibush"}
{"pos":[428.003113,25.6599407,258.123627],"rotationMatrix":[-0.34028548,-0.940322101,0,0.940322101,-0.34028548,0,0,0,0.999999881],"scale":1.19785571,"type":"generibush"}
{"pos":[411.416992,92.3355103,250.454163],"rotationMatrix":[-0.00087052962,0.999999464,0,-0.999999464,-0.00087052962,0,0,0,0.999999881],"scale":1.06195307,"type":"generibush"}
{"pos":[414.538544,88.1960373,250.422897],"rotationMatrix":[-0.977736771,-0.209835157,0,0.209835157,-0.977736771,0,0,0,0.999999881],"scale":1.09729135,"type":"generibush"}
{"pos":[416.942078,54.6327362,250.404678],"rotationMatrix":[-0.851240218,0.524776101,0,-0.524776101,-0.851240218,0,0,0,0.999999881],"scale":0.923693061,"type":"generibush"}
{"pos":[414.320557,69.6390533,250.396729],"rotationMatrix":[0.940107763,-0.340877205,0,0.340877205,0.940107763,0,0,0,0.999999881],"scale":1.0281651,"type":"generibush"}
{"pos":[405.393188,96.6379471,250.396729],"rotationMatrix":[-0.945881963,-0.324510604,0,0.324510604,-0.945881963,0,0,0,0.999999881],"scale":1.15587354,"type":"generibush"}
{"pos":[407.198669,90.5667801,250.364685],"rotationMatrix":[0.279695094,0.960088909,0,-0.960088909,0.279695094,0,0,0,0.999999881],"scale":0.933806896,"type":"generibush"}
{"pos":[21.1706619,-61.8788185,254.379272],"rotationMatrix":[0.792045295,-0.61046201,0,0.61046201,0.792045295,0,0,0,0.999999881],"scale":0.952124178,"type":"generibush"}
{"pos":[19.2104588,-68.1396027,254.379272],"rotationMatrix":[-0.360450983,0.93277806,0,-0.93277806,-0.360450983,0,0,0,0.999999881],"scale":0.912626624,"type":"generibush"}
{"pos":[299.52005,221.0112,254.961121],"rotationMatrix":[0.157005951,0.987597644,0,-0.987597644,0.157005951,0,0,0,0.999999881],"scale":1.01830721,"type":"generibush"}
{"pos":[259.890259,169.886551,251.51741],"rotationMatrix":[-0.623238862,-0.782031476,0,0.782031476,-0.623238862,0,0,0,0.999999881],"scale":1.06614554,"type":"generibush"}
{"pos":[295.97583,225.295898,254.848358],"rotationMatrix":[-0.948443234,0.316946864,0,-0.316946864,-0.948443234,0,0,0,0.999999881],"scale":0.949049592,"type":"generibush"}
{"pos":[307.93866,237.111008,254.955948],"rotationMatrix":[0.386323959,-0.922363102,0,0.922363102,0.386323959,0,0,0,0.999999881],"scale":1.06406033,"type":"generibush"}
{"pos":[288.83847,208.063843,250.287445],"rotationMatrix":[-0.577700973,-0.816248477,0,0.816248477,-0.577700973,0,0,0,0.999999881],"scale":0.901668191,"type":"generibush"}
{"pos":[285.69574,217.266907,250.807037],"rotationMatrix":[-0.102056213,-0.994778514,0,0.994778514,-0.102056213,0,0,0,0.999999881],"scale":1.01977074,"type":"generibush"}
{"pos":[272.157745,222.5811,249.945358],"rotationMatrix":[0.352900505,-0.93566072,0,0.93566072,0.352900505,0,0,0,0.999999881],"scale":1.12183011,"type":"generibush"}
{"pos":[275.485901,231.777512,249.919876],"rotationMatrix":[-0.901517928,-0.432741731,0,0.432741731,-0.901517928,0,0,0,0.999999881],"scale":1.0048902,"type":"generibush"}
{"pos":[297.326385,244.259293,252.595062],"rotationMatrix":[0.462174296,-0.886789024,0,0.886789024,0.462174296,0,0,0,0.999999881],"scale":1.02817428,"type":"generibush"}
{"pos":[341.438538,252.137222,260.124969],"rotationMatrix":[-0.846097052,0.533028781,0,-0.533028781,-0.846097052,0,0,0,0.999999881],"scale":0.934310853,"type":"generibush"}
{"pos":[356.573212,244.654724,263.712128],"rotationMatrix":[-0.791102767,0.611682951,0,-0.611682951,-0.791102767,0,0,0,0.999999881],"scale":0.970874667,"type":"generibush"}
{"pos":[355.631195,252.273376,262.847076],"rotationMatrix":[0.105467431,0.994422674,0,-0.994422674,0.105467431,0,0,0,0.999999881],"scale":1.00348318,"type":"generibush"}
{"pos":[358.734436,240.227631,263.99231],"rotationMatrix":[0.999750674,-0.0223240945,0,0.0223240945,0.999750674,0,0,0,0.999999881],"scale":0.977377415,"type":"generibush"}
{"pos":[365.963501,238.516617,263.99231],"rotationMatrix":[0.999661922,0.0259964392,0,-0.0259964392,0.999661922,0,0,0,0.999999881],"scale":0.952502966,"type":"generibush"}
{"pos":[362.361694,239.421478,263.99231],"rotationMatrix":[0.578282654,0.815836489,0,-0.815836489,0.578282654,0,0,0,0.999999881],"scale":1.18471885,"type":"generibush"}
{"pos":[335.583344,231.278564,263.99231],"rotationMatrix":[-0.998104692,-0.0615371354,0,0.0615371354,-0.998104692,0,0,0,0.999999881],"scale":1.14258361,"type":"generibush"}
{"pos":[329.233673,230.101135,263.99231],"rotationMatrix":[-0.887546241,-0.460718632,0,0.460718632,-0.887546241,0,0,0,0.999999881],"scale":1.00797522,"type":"generibush"}
{"pos":[317.679688,219.126801,263.99231],"rotationMatrix":[-0.276914686,0.960894406,0,-0.960894406,-0.276914686,0,0,0,0.999999881],"scale":1.13279223,"type":"generibush"}
{"pos":[308.434235,208.509323,263.82251],"rotationMatrix":[-0.9968732,-0.0790163875,0,0.0790163875,-0.9968732,0,0,0,0.999999881],"scale":1.02250552,"type":"generibush"}
{"pos":[324.473022,208.749466,263.99231],"rotationMatrix":[0.981373847,-0.19210735,0,0.19210735,0.981373847,0,0,0,0.999999881],"scale":1.15179157,"type":"generibush"}
{"pos":[333.476837,211.468185,263.99231],"rotationMatrix":[0.180829331,0.983514369,0,-0.983514369,0.180829331,0,0,0,0.999999881],"scale":1.05546737,"type":"generibush"}
{"pos":[355.598724,226.74556,263.99231],"rotationMatrix":[-0.992928803,-0.118710913,0,0.118710913,-0.992928803,0,0,0,0.999999881],"scale":1.07533205,"type":"generibush"}
{"pos":[354.211853,230.493591,263.99231],"rotationMatrix":[-0.538016379,0.842934191,0,-0.842934191,-0.538016379,0,0,0,0.999999881],"scale":1.15569127,"type":"generibush"}
{"pos":[355.796295,247.528397,263.372009],"rotationMatrix":[0.993723929,-0.111859776,0,0.111859776,0.993723929,0,0,0,0.999999881],"scale":1.02852798,"type":"generibush"}
{"pos":[359.080597,250.987595,263.423096],"rotationMatrix":[0.186009452,0.982547939,0,-0.982547939,0.186009452,0,0,0,0.999999881],"scale":0.951669395,"type":"generibush"}
{"pos":[341.434235,254.322937,260.057495],"rotationMatrix":[-0.180170029,0.983635366,0,-0.983635366,-0.180170029,0,0,0,0.999999881],"scale":0.962875962,"type":"generibush"}
{"pos":[333.780426,247.651993,259.06012],"rotationMatrix":[0.322016418,0.946734071,0,-0.946734071,0.322016418,0,0,0,0.999999881],"scale":0.938969076,"type":"generibush"}
{"pos":[281.905609,238.972763,250.58255],"rotationMatrix":[0.834152162,0.551534355,0,-0.551534355,0.834152162,0,0,0,0.999999881],"scale":1.11132503,"type":"generibush"}
{"pos":[277.886566,240.499756,250.113434],"rotationMatrix":[-0.957410514,0.288730055,0,-0.288730055,-0.957410514,0,0,0,0.999999881],"scale":1.01171744,"type":"generibush"}
{"pos":[276.756317,225.659698,249.981339],"rotationMatrix":[0.0953811631,0.995440781,0,-0.995440781,0.0953811631,0,0,0,0.999999881],"scale":1.09244204,"type":"generibush"}
{"pos":[363.057404,230.189056,263.99231],"rotationMatrix":[-0.991779268,0.127959907,0,-0.127959907,-0.991779268,0,0,0,0.999999881],"scale":0.906010926,"type":"generibush"}
{"pos":[345.530182,208.994141,263.99231],"rotationMatrix":[0.0607071072,0.998155534,0,-0.998155534,0.0607071072,0,0,0,0.999999881],"scale":1.00331664,"type":"generibush"}
{"pos":[348.436127,209.619995,263.99231],"rotationMatrix":[0.661173701,0.750232816,0,-0.750232816,0.661173701,0,0,0,0.999999881],"scale":0.937533855,"type":"generibush"}
{"pos":[350.503571,203.586441,263.99231],"rotationMatrix":[-0.126866221,-0.991919756,0,0.991919756,-0.126866221,0,0,0,0.999999881],"scale":1.09310842,"type":"generibush"}
{"pos":[343.28952,197.047409,263.99231],"rotationMatrix":[0.899633944,-0.436644644,0,0.436644644,0.899633944,0,0,0,0.999999881],"scale":1.06252456,"type":"generibush"}
{"pos":[349.647095,206.441986,263.99231],"rotationMatrix":[-0.0302495956,-0.999542296,0,0.999542296,-0.0302495956,0,0,0,0.999999881],"scale":1.03601182,"type":"generibush"}
{"pos":[362.4953,226.168198,263.99231],"rotationMatrix":[0.375653595,-0.926760077,0,0.926760077,0.375653595,0,0,0,0.999999881],"scale":1.12026465,"type":"generibush"}
{"pos":[359.545654,230.13652,263.99231],"rotationMatrix":[0.935367286,-0.35367763,0,0.35367763,0.935367286,0,0,0,0.999999881],"scale":1.09428942,"type":"generibush"}
{"pos":[367.703552,235.959671,263.99231],"rotationMatrix":[0.636080801,0.771622419,0,-0.771622419,0.636080801,0,0,0,0.999999881],"scale":1.04740691,"type":"generibush"}
{"pos":[354.154694,232.667206,263.99231],"rotationMatrix":[-0.911635756,0.410999089,0,-0.410999089,-0.911635756,0,0,0,0.999999881],"scale":1.01188624,"type":"generibush"}
{"pos":[347.651154,225.378296,263.99231],"rotationMatrix":[-0.987206221,-0.159448117,0,0.159448117,-0.987206221,0,0,0,0.999999881],"scale":0.954674006,"type":"generibush"}
{"pos":[341.71817,207.671783,263.99231],"rotationMatrix":[-0.505896568,0.862593949,0,-0.862593949,-0.505896568,0,0,0,0.999999881],"scale":1.12889242,"type":"generibush"}
{"pos":[331.923035,201.827606,263.99231],"rotationMatrix":[-0.971780717,0.235885739,0,-0.235885739,-0.971780717,0,0,0,0.999999881],"scale":1.17144215,"type":"generibush"}
{"pos":[331.346008,210.419373,263.99231],"rotationMatrix":[-0.968434453,-0.249268085,0,0.249268085,-0.968434453,0,0,0,0.999999881],"scale":0.909987807,"type":"generibush"}
{"pos":[331.817444,213.573578,263.99231],"rotationMatrix":[0.524217188,-0.851584494,0,0.851584494,0.524217188,0,0,0,0.999999881],"scale":0.985037565,"type":"generibush"}
{"pos":[329.697998,218.840271,263.99231],"rotationMatrix":[0.573645353,-0.819103718,0,0.819103718,0.573645353,0,0,0,0.999999881],"scale":1.07070839,"type":"generibush"}
{"pos":[325.679901,221.003479,263.99231],"rotationMatrix":[-0.98669368,0.162589639,0,-0.162589639,-0.98669368,0,0,0,0.999999881],"scale":0.909479678,"type":"generibush"}
{"pos":[342.666107,231.38266,263.99231],"rotationMatrix":[-0.97909075,-0.203423887,0,0.203423887,-0.97909075,0,0,0,0.999999881],"scale":1.14629745,"type":"generibush"}
{"pos":[340.802185,228.841599,263.99231],"rotationMatrix":[0.0294515751,0.999566078,0,-0.999566078,0.0294515751,0,0,0,0.999999881],"scale":1.10599089,"type":"generibush"}
{"pos":[323.052856,218.589645,263.99231],"rotationMatrix":[-0.370268703,-0.92892462,0,0.92892462,-0.370268703,0,0,0,0.999999881],"scale":1.08433604,"type":"generibush"}
{"pos":[324.728516,206.40126,263.99231],"rotationMatrix":[-0.910399318,0.413730621,0,-0.413730621,-0.910399318,0,0,0,0.999999881],"scale":1.17609811,"type":"generibush"}
{"pos":[238.413483,215.35527,250.56192],"rotationMatrix":[0.741503,0.670949578,0,-0.670949578,0.741503,0,0,0,0.999999881],"scale":0.928859234,"type":"generibush"}
{"pos":[239.46759,221.365967,250.775223],"rotationMatrix":[0.299886495,0.953974903,0,-0.953974903,0.299886495,0,0,0,0.999999881],"scale":1.1203258,"type":"generibush"}
{"pos":[235.554886,217.394287,250.281036],"rotationMatrix":[0.433828145,-0.900995553,0,0.900995553,0.433828145,0,0,0,0.999999881],"scale":1.19205499,"type":"generibush"}
{"pos":[505.68396,191.817825,293.394165],"rotationMatrix":[-0.930946171,0.365156204,0,-0.365156204,-0.930946171,0,0,0,0.999999881],"scale":0.90494132,"type":"generibush"}
{"pos":[508.237213,170.505417,291.232239],"rotationMatrix":[-0.0145702837,-0.999893725,0,0.999893725,-0.0145702837,0,0,0,0.999999881],"scale":1.03414524,"type":"generibush"}
{"pos":[169.951782,-64.482338,257.324219],"rotationMatrix":[0.886526406,-0.462677896,0,0.462677896,0.886526406,0,0,0,0.999999881],"scale":1.14910853,"type":"generibush"}
{"pos":[165.807449,-14.1505823,253.984833],"rotationMatrix":[-0.948141098,0.317849636,0,-0.317849636,-0.948141098,0,0,0,0.999999881],"scale":1.00406265,"type":"generibush"}
{"pos":[161.466888,-12.4546604,253.982544],"rotationMatrix":[0.701584876,-0.712585688,0,0.712585688,0.701584876,0,0,0,0.999999881],"scale":1.03606892,"type":"generibush"}
{"pos":[35.7460594,-100.224678,255.089111],"rotationMatrix":[-0.996667087,0.0815758035,0,-0.0815758035,-0.996667087,0,0,0,0.999999881],"scale":1.17612624,"type":"generibush"}
{"pos":[37.6419029,-99.5178223,255.098877],"rotationMatrix":[-0.926551163,0.376168519,0,-0.376168519,-0.926551163,0,0,0,0.999999881],"scale":0.944515705,"type":"generibush"}
{"pos":[51.8838654,-101.685188,255.640778],"rotationMatrix":[0.241130382,0.970492661,0,-0.970492661,0.241130382,0,0,0,0.999999881],"scale":1.05089211,"type":"generibush"}
{"pos":[58.2464523,-104.124603,256.027069],"rotationMatrix":[-0.314402223,0.949289739,0,-0.949289739,-0.314402223,0,0,0,0.999999881],"scale":0.955393195,"type":"generibush"}
{"pos":[60.3175621,-104.909561,256.061157],"rotationMatrix":[-0.954937398,-0.296806902,0,0.296806902,-0.954937398,0,0,0,0.999999881],"scale":1.04954851,"type":"generibush"}
{"pos":[67.1413498,-107.03791,256.115479],"rotationMatrix":[-0.740676463,0.671861827,0,-0.671861827,-0.740676463,0,0,0,0.999999881],"scale":0.951809585,"type":"generibush"}
{"pos":[24.7798615,-98.5052109,254.997818],"rotationMatrix":[-0.787341714,0.616516709,0,-0.616516709,-0.787341714,0,0,0,0.999999881],"scale":1.0698396,"type":"generibush"}
{"pos":[82.3012314,-148.669479,258.010406],"rotationMatrix":[0.367332637,-0.930089533,0,0.930089533,0.367332637,0,0,0,0.999999881],"scale":1.01916933,"type":"generibush"}
{"pos":[86.1034393,-140.034805,257.200073],"rotationMatrix":[-0.456063896,-0.889946997,0,0.889946997,-0.456063896,0,0,0,0.999999881],"scale":1.09950542,"type":"generibush"}
{"pos":[85.493042,-148.650238,257.890656],"rotationMatrix":[0.691705108,0.722180068,0,-0.722180068,0.691705108,0,0,0,0.999999881],"scale":1.15306818,"type":"generibush"}
{"pos":[88.0515671,-159.076004,258.258118],"rotationMatrix":[0.99071008,0.135990694,0,-0.135990694,0.99071008,0,0,0,0.999999881],"scale":1.12248158,"type":"generibush"}
