{"pos":[821.277344,-964.835693,15.00807],"rotationMatrix":[0.834586084,0.550877512,0,-0.550877512,0.834586084,0,0,0,1],"scale":1.0751977,"type":"generibush_small"}
{"pos":[800.974915,-960.422852,11.8050346],"rotationMatrix":[-0.693853199,0.720116496,0,-0.720116496,-0.693853199,0,0,0,1],"scale":0.973662615,"type":"generibush_small"}
{"pos":[799.542725,-958.84967,11.1568642],"rotationMatrix":[-0.810832322,0.585278511,0,-0.585278511,-0.810832322,0,0,0,1],"scale":1.13414013,"type":"generibush_small"}
{"pos":[795.286255,-952.605591,11.2483063],"rotationMatrix":[0.995695651,0.0926834419,0,-0.0926834419,0.995695651,0,0,0,1],"scale":0.972276449,"type":"generibush_small"}
{"pos":[744.537537,-950.299622,11.6306152],"rotationMatrix":[0.802214742,-0.597035587,0,0.597035587,0.802214742,0,0,0,1],"scale":0.967474103,"type":"generibush_small"}
{"pos":[747.203003,-947.820496,12.9859686],"rotationMatrix":[-0.582793057,-0.81262064,0,0.81262064,-0.582793057,0,0,0,1],"scale":1.01683569,"type":"generibush_small"}
{"pos":[707.469543,-955.961731,13.2457237],"rotationMatrix":[0.00139094552,0.999999046,0,-0.999999046,0.00139094552,0,0,0,1],"scale":1.18941367,"type":"generibush_small"}
{"pos":[676.213867,-952.933655,11.6110096],"rotationMatrix":[-0.552168548,-0.833732486,0,0.833732486,-0.552168548,0,0,0,1],"scale":1.19421101,"type":"generibush_small"}
{"pos":[681.094421,-953.535095,12.6055565],"rotationMatrix":[-0.0702388063,-0.997530222,0,0.997530222,-0.0702388063,0,0,0,1],"scale":1.1904906,"type":"generibush_small"}
{"pos":[672.920837,-950.342407,11.9438438],"rotationMatrix":[-0.309440196,0.950918913,0,-0.950918913,-0.309440196,0,0,0,1],"scale":1.19674563,"type":"generibush_small"}
{"pos":[678.523499,-951.039551,12.0900383],"rotationMatrix":[0.114678085,-0.993402719,0,0.993402719,0.114678085,0,0,0,1],"scale":0.929121375,"type":"generibush_small"}
{"pos":[806.013,-955.983765,13.8674717],"rotationMatrix":[0.520186722,0.854052544,0,-0.854052544,0.520186722,0,0,0,1],"scale":0.979146004,"type":"generibush_small"}
{"pos":[781.458069,-952.239807,10.1228237],"rotationMatrix":[-0.11960917,-0.992821038,0,0.992821038,-0.11960917,0,0,0,1],"scale":0.904168665,"type":"generibush_small"}
{"pos":[778.160706,-946.434387,11.5894222],"rotationMatrix":[0.710947871,-0.703244746,0,0.703244746,0.710947871,0,0,0,1],"scale":1.16942191,"type":"generibush_small"}
{"pos":[842.98584,-948.479675,13.3041077],"rotationMatrix":[-0.935491204,0.353349954,0,-0.353349954,-0.935491204,0,0,0,1],"scale":1.02835774,"type":"generibush_small"}
{"pos":[838.023621,-945.403748,15.0611725],"rotationMatrix":[0.730908453,0.682475567,0,-0.682475567,0.730908453,0,0,0,1],"scale":1.00613534,"type":"generibush_small"}
{"pos":[734.958801,-965.285339,10.9972401],"rotationMatrix":[0.0496002808,0.998769164,0,-0.998769164,0.0496002808,0,0,0,1],"scale":0.928742826,"type":"generibush_small"}
{"pos":[740.173157,-963.29895,10.9691372],"rotationMatrix":[-0.927472591,0.373891205,0,-0.373891205,-0.927472591,0,0,0,1],"scale":1.03460681,"type":"generibush_small"}
{"pos":[698.041016,-920.144531,28.0067425],"rotationMatrix":[0.337798864,0.941218317,0,-0.941218317,0.337798864,0,0,0,1],"scale":1.08424187,"type":"generibush_small"}
{"pos":[703.784058,-924.075806,23.7346077],"rotationMatrix":[-0.991106033,0.133074686,0,-0.133074686,-0.991106033,0,0,0,1],"scale":1.11519134,"type":"generibush_small"}
{"pos":[695.864197,-920.896484,27.9546013],"rotationMatrix":[-0.997200251,0.0747774467,0,-0.0747774467,-0.997200251,0,0,0,1],"scale":1.00439572,"type":"generibush_small"}
{"pos":[683.546692,-918.113403,29.6998749],"rotationMatrix":[-0.0607797466,0.998151183,0,-0.998151183,-0.0607797466,0,0,0,1],"scale":1.11485314,"type":"generibush_small"}
{"pos":[669.04126,-926.58728,22.7663612],"rotationMatrix":[0.789168656,-0.614176571,0,0.614176571,0.789168656,0,0,0,1],"scale":1.00176442,"type":"generibush_small"}
{"pos":[645.91449,-928.465271,19.6306553],"rotationMatrix":[0.961385906,0.275203854,0,-0.275203854,0.961385906,0,0,0,1],"scale":1.13831401,"type":"generibush_small"}
{"pos":[644.078308,-925.619873,21.6663017],"rotationMatrix":[0.961566746,-0.274571329,0,0.274571329,0.961566746,0,0,0,1],"scale":1.00597405,"type":"generibush_small"}
{"pos":[726.39209,-928.617981,22.1151638],"rotationMatrix":[0.857665122,0.514208615,0,-0.514208615,0.857665122,0,0,0,1],"scale":0.926857233,"type":"generibush_small"}
{"pos":[725.042725,-931.663757,19.5705242],"rotationMatrix":[-0.979476333,0.201559275,0,-0.201559275,-0.979476333,0,0,0,1],"scale":0.941975355,"type":"generibush_small"}
{"pos":[701.682007,-925.769287,23.1892281],"rotationMatrix":[0.979190528,-0.202943012,0,0.202943012,0.979190528,0,0,0,1],"scale":1.19638205,"type":"generibush_small"}
{"pos":[702.955872,-925.8302,22.9744301],"rotationMatrix":[-0.639512181,-0.768780947,0,0.768780947,-0.639512181,0,0,0,1],"scale":1.00164723,"type":"generibush_small"}
{"pos":[680.128418,-919.486694,28.2215462],"rotationMatrix":[0.719527721,0.69446367,0,-0.69446367,0.719527721,0,0,0,1],"scale":1.07092476,"type":"generibush_small"}
{"pos":[670.27179,-923.586243,25.298254],"rotationMatrix":[0.144496664,0.989505291,0,-0.989505291,0.144496664,0,0,0,1],"scale":1.12615609,"type":"generibush_small"}
{"pos":[662.052307,-928.654297,20.0867786],"rotationMatrix":[-0.943322837,0.331452191,0.0167766865,-0.331876427,-0.942117274,-0.0476864725,-1.13293801e-08,-0.0505509526,0.998721838],"scale":0.901957393,"type":"generibush_small"}
{"pos":[828.011841,-909.923584,23.5537834],"rotationMatrix":[0.610787988,0.791794181,0,-0.791794181,0.610787988,0,0,0,1],"scale":1.13802528,"type":"generibush_small"}
{"pos":[795.283142,-922.82074,18.7204323],"rotationMatrix":[-0.412090242,0.911143005,0,-0.911143005,-0.412090242,0,0,0,1],"scale":0.955752075,"type":"generibush_small"}
{"pos":[799.858276,-910.338318,23.2839069],"rotationMatrix":[0.741801977,0.670618951,0,-0.670618951,0.741801977,0,0,0,1],"scale":1.08349228,"type":"generibush_small"}
{"pos":[789.250916,-906.106628,23.7265797],"rotationMatrix":[0.898915589,0.438121796,0,-0.438121796,0.898915589,0,0,0,1],"scale":0.919903398,"type":"generibush_small"}
{"pos":[795.342712,-909.776794,22.9730587],"rotationMatrix":[0.501722336,-0.865028739,0,0.865028739,0.501722336,0,0,0,1],"scale":1.17705309,"type":"generibush_small"}
{"pos":[791.327332,-921.967224,18.7104034],"rotationMatrix":[0.543480635,-0.839421749,0,0.839421749,0.543480635,0,0,0,1],"scale":0.931978822,"type":"generibush_small"}
{"pos":[786.338684,-917.116455,19.5753193],"rotationMatrix":[0.987461507,-0.1578601,0,0.1578601,0.987461507,0,0,0,1],"scale":1.00071585,"type":"generibush_small"}
{"pos":[788.222229,-899.552612,26.6315651],"rotationMatrix":[0.252150893,-0.967687905,0,0.967687905,0.252150893,0,0,0,1],"scale":0.956516266,"type":"generibush_small"}
{"pos":[755.341492,-911.973511,24.6680565],"rotationMatrix":[-0.378079444,-0.925773144,0,0.925773144,-0.378079444,0,0,0,1],"scale":1.08226836,"type":"generibush_small"}
{"pos":[762.330078,-923.822144,17.4722538],"rotationMatrix":[-0.280986607,0.959711671,0,-0.959711671,-0.280986607,0,0,0,1],"scale":0.98581624,"type":"generibush_small"}
{"pos":[768.327209,-931.622559,13.6559601],"rotationMatrix":[0.278501689,0.960435748,0,-0.960435748,0.278501689,0,0,0,1],"scale":0.982694268,"type":"generibush_small"}
{"pos":[751.607849,-925.639954,18.7122879],"rotationMatrix":[0.998250961,-0.0591187179,0,0.0591187179,0.998250961,0,0,0,1],"scale":0.910869718,"type":"generibush_small"}
{"pos":[750.43103,-916.46759,22.3477669],"rotationMatrix":[-0.993161678,-0.116746999,0,0.116746999,-0.993161678,0,0,0,1],"scale":1.10882878,"type":"generibush_small"}
{"pos":[747.610413,-920.568054,20.9796104],"rotationMatrix":[-0.998663783,0.0516786017,0,-0.0516786017,-0.998663783,0,0,0,1],"scale":1.07993674,"type":"generibush_small"}
{"pos":[749.850586,-917.831848,21.5519485],"rotationMatrix":[0.429189712,-0.903214335,0,0.903214335,0.429189712,0,0,0,1],"scale":0.948301554,"type":"generibush_small"}
{"pos":[724.929993,-912.984009,32.0456505],"rotationMatrix":[-0.769011796,-0.639234602,0,0.639234602,-0.769011796,0,0,0,1],"scale":1.06491637,"type":"generibush_small"}
{"pos":[724.202637,-916.082031,29.9720497],"rotationMatrix":[-0.401627123,0.915803254,0,-0.915803254,-0.401627123,0,0,0,1],"scale":0.957981169,"type":"generibush_small"}
{"pos":[712.309631,-910.247681,35.0643234],"rotationMatrix":[-0.648907602,-0.760867238,0,0.760867238,-0.648907602,0,0,0,1],"scale":1.15009785,"type":"generibush_small"}
{"pos":[726.533142,-925.141357,24.7284508],"rotationMatrix":[0.0353991501,-0.999373257,0,0.999373257,0.0353991501,0,0,0,1],"scale":1.09417379,"type":"generibush_small"}
{"pos":[725.912903,-924.064331,25.4590549],"rotationMatrix":[-0.395133168,0.918623865,0,-0.918623865,-0.395133168,0,0,0,1],"scale":1.17483187,"type":"generibush_small"}
{"pos":[683.273438,-909.462219,35.26754],"rotationMatrix":[-0.154836029,-0.987940192,0,0.987940192,-0.154836029,0,0,0,1],"scale":1.15753949,"type":"generibush_small"}
{"pos":[672.830444,-916.254639,29.830864],"rotationMatrix":[-0.975892305,-0.218252599,0,0.218252599,-0.975892305,0,0,0,1],"scale":1.10465896,"type":"generibush_small"}
{"pos":[659.294006,-903.388794,37.9987335],"rotationMatrix":[-0.732816458,0.680426359,0,-0.680426359,-0.732816458,0,0,0,1],"scale":0.934141099,"type":"generibush_small"}
{"pos":[658.110901,-916.171753,30.9861641],"rotationMatrix":[0.994910479,0.100763038,0,-0.100763038,0.994910479,0,0,0,1],"scale":1.13499355,"type":"generibush_small"}
{"pos":[650.262512,-906.592529,36.6321487],"rotationMatrix":[0.0702611953,-0.997528613,0,0.997528613,0.0702611953,0,0,0,1],"scale":1.16627336,"type":"generibush_small"}
{"pos":[624.19043,-913.579285,32.893322],"rotationMatrix":[-0.160522565,0.987032175,0,-0.987032175,-0.160522565,0,0,0,1],"scale":1.13043487,"type":"generibush_small"}
{"pos":[595.490662,-912.574585,34.5826797],"rotationMatrix":[-0.94045043,0.339930803,0,-0.339930803,-0.94045043,0,0,0,1],"scale":1.0177362,"type":"generibush_small"}
{"pos":[603.530945,-905.878174,38.6278725],"rotationMatrix":[-0.0741840824,-0.997244537,0,0.997244537,-0.0741840824,0,0,0,1],"scale":1.17065763,"type":"generibush_small"}
{"pos":[591.350525,-911.467224,34.7513199],"rotationMatrix":[0.965123415,0.261795312,0,-0.261795312,0.965123415,0,0,0,1],"scale":0.935639381,"type":"generibush_small"}
{"pos":[558.752747,-908.301392,37.0041771],"rotationMatrix":[-0.560203433,-0.828355074,0,0.828355074,-0.560203433,0,0,0,1],"scale":1.12365544,"type":"generibush_small"}
{"pos":[561.884888,-916.467407,32.3373528],"rotationMatrix":[-0.995408714,0.0957154855,0,-0.0957154855,-0.995408714,0,0,0,1],"scale":1.05847526,"type":"generibush_small"}
{"pos":[661.519043,-944.387634,15.6122532],"rotationMatrix":[-0.992067218,0.125708506,0,-0.125708506,-0.992067218,0,0,0,1],"scale":0.909016848,"type":"generibush_small"}
{"pos":[658.417664,-943.80188,15.622571],"rotationMatrix":[0.754405677,0.656408429,0,-0.656408429,0.754405677,0,0,0,1],"scale":0.915614724,"type":"generibush_small"}
{"pos":[656.720032,-944.41394,15.3385525],"rotationMatrix":[0.578592062,-0.815617085,0,0.815617085,0.578592062,0,0,0,1],"scale":0.935657442,"type":"generibush_small"}
{"pos":[630.954895,-941.981384,14.1718416],"rotationMatrix":[-0.834773183,0.550593972,0,-0.550593972,-0.834773183,0,0,0,1],"scale":0.999204159,"type":"generibush_small"}
{"pos":[671.949036,-926.301392,23.3571033],"rotationMatrix":[0.707227111,-0.706986427,0,0.706986427,0.707227111,0,0,0,1],"scale":1.05706596,"type":"generibush_small"}
{"pos":[22.8778381,-933.911804,13.5340204],"rotationMatrix":[0.483007759,0.875616074,0,-0.875616074,0.483007759,0,0,0,1],"scale":1.14318633,"type":"generibush_small"}
{"pos":[48.7029037,-908.00769,29.0166664],"rotationMatrix":[0.189960644,0.981791675,0,-0.981791675,0.189960644,0,0,0,1],"scale":1.03475106,"type":"generibush_small"}
{"pos":[37.8330574,-885.559204,22.4288311],"rotationMatrix":[0.792907298,0.609342277,0,-0.609342277,0.792907298,0,0,0,1],"scale":1.11768997,"type":"generibush_small"}
{"pos":[21.1693382,-859.827393,18.8323097],"rotationMatrix":[-0.54216665,-0.840270996,0,0.840270996,-0.54216665,0,0,0,1],"scale":1.11524475,"type":"generibush_small"}
{"pos":[27.3888912,-852.86499,20.4601383],"rotationMatrix":[0.0418009087,-0.999125957,0,0.999125957,0.0418009087,0,0,0,1],"scale":1.02381766,"type":"generibush_small"}
{"pos":[20.7100983,-861.340088,18.6553001],"rotationMatrix":[0.661633253,0.749827623,0,-0.749827623,0.661633253,0,0,0,1],"scale":1.01643038,"type":"generibush_small"}
{"pos":[131.199341,-907.861694,42.9278603],"rotationMatrix":[0.780743241,-0.624851942,0,0.624851942,0.780743241,0,0,0,1],"scale":1.04941607,"type":"generibush_small"}
{"pos":[128.310028,-903.411072,42.5802307],"rotationMatrix":[-0.947866857,-0.318666548,0,0.318666548,-0.947866857,0,0,0,1],"scale":1.1411103,"type":"generibush_small"}
{"pos":[123.773392,-920.699341,43.7281342],"rotationMatrix":[-0.294716686,0.955584645,0,-0.955584645,-0.294716686,0,0,0,1],"scale":0.91473031,"type":"generibush_small"}
{"pos":[127.423981,-927.204285,45.4731216],"rotationMatrix":[0.934924901,0.354845613,0,-0.354845613,0.934924901,0,0,0,1],"scale":1.04992485,"type":"generibush_small"}
{"pos":[146.575638,-933.390015,46.7843094],"rotationMatrix":[-0.775916457,-0.630835652,0,0.630835652,-0.775916457,0,0,0,1],"scale":1.1609937,"type":"generibush_small"}
{"pos":[136.717834,-923.419739,46.3438988],"rotationMatrix":[0.783665955,0.621182501,0,-0.621182501,0.783665955,0,0,0,1],"scale":1.10434306,"type":"generibush_small"}
{"pos":[144.015594,-910.376099,43.379982],"rotationMatrix":[0.790296972,0.612724006,0,-0.612724006,0.790296972,0,0,0,1],"scale":1.03927779,"type":"generibush_small"}
{"pos":[112.575645,-919.467529,40.4471207],"rotationMatrix":[-0.994617939,-0.10361059,0,0.10361059,-0.994617939,0,0,0,1],"scale":0.928858757,"type":"generibush_small"}
{"pos":[118.628593,-911.584351,42.3066483],"rotationMatrix":[-0.924092174,0.382169724,0,-0.382169724,-0.924092174,0,0,0,1],"scale":1.07120764,"type":"generibush_small"}
{"pos":[106.030602,-890.22168,39.2603226],"rotationMatrix":[0.532161415,-0.846642911,0,0.846642911,0.532161415,0,0,0,1],"scale":0.939249992,"type":"generibush_small"}
{"pos":[101.528427,-878.19342,37.8130913],"rotationMatrix":[0.118911535,0.992904842,0,-0.992904842,0.118911535,0,0,0,1],"scale":1.10446095,"type":"generibush_small"}
{"pos":[96.6873703,-873.304504,36.4044456],"rotationMatrix":[0.236627713,0.971600413,0,-0.971600413,0.236627713,0,0,0,1],"scale":1.15115142,"type":"generibush_small"}
{"pos":[78.7966919,-863.12207,31.3714867],"rotationMatrix":[-0.296274215,0.955102921,0,-0.955102921,-0.296274215,0,0,0,1],"scale":1.15925682,"type":"generibush_small"}
{"pos":[80.6791,-865.469055,31.7570038],"rotationMatrix":[-0.813963652,-0.580915868,0,0.580915868,-0.813963652,0,0,0,1],"scale":0.977963686,"type":"generibush_small"}
{"pos":[72.5756073,-850.696411,30.1019745],"rotationMatrix":[-0.381688327,-0.924291074,0,0.924291074,-0.381688327,0,0,0,1],"scale":0.951283216,"type":"generibush_small"}
{"pos":[66.1816101,-850.611389,28.6248951],"rotationMatrix":[-0.23257181,0.972579241,0,-0.972579241,-0.23257181,0,0,0,1],"scale":1.12921798,"type":"generibush_small"}
{"pos":[107.516525,-903.653931,39.8668213],"rotationMatrix":[-0.845672727,0.533701837,0,-0.533701837,-0.845672727,0,0,0,1],"scale":1.04485786,"type":"generibush_small"}
{"pos":[33.20504,-944.657715,15.0862093],"rotationMatrix":[-0.252379358,-0.96762836,0,0.96762836,-0.252379358,0,0,0,1],"scale":1.00872779,"type":"generibush_small"}
{"pos":[21.971714,-943.211426,12.4548559],"rotationMatrix":[-0.85378027,-0.520633519,0,0.520633519,-0.85378027,0,0,0,1],"scale":1.13054788,"type":"generibush_small"}
{"pos":[24.9598694,-935.048157,14.069911],"rotationMatrix":[0.636972904,0.770886183,0,-0.770886183,0.636972904,0,0,0,1],"scale":0.93742466,"type":"generibush_small"}
{"pos":[36.5917892,-937.381714,17.0118752],"rotationMatrix":[0.948691845,-0.316202134,0,0.316202134,0.948691845,0,0,0,1],"scale":0.973950267,"type":"generibush_small"}
{"pos":[38.2517548,-938.39563,17.4247665],"rotationMatrix":[0.792418063,0.609978378,0,-0.609978378,0.792418063,0,0,0,1],"scale":1.17436397,"type":"generibush_small"}
{"pos":[25.5056248,-945.796692,12.8995438],"rotationMatrix":[-0.22687082,-0.973924875,0,0.973924875,-0.22687082,0,0,0,1],"scale":1.1558851,"type":"generibush_small"}
{"pos":[30.4797211,-946.16626,14.1776896],"rotationMatrix":[-0.999488771,0.0319711007,0,-0.0319711007,-0.999488771,0,0,0,1],"scale":0.960532367,"type":"generibush_small"}
{"pos":[30.7318001,-956.037109,10.7914944],"rotationMatrix":[-0.996570051,0.0827534199,0,-0.0827534199,-0.996570051,0,0,0,1],"scale":1.01224971,"type":"generibush_small"}
{"pos":[49.7366028,-977.121399,11.3971481],"rotationMatrix":[0.964489102,0.264122725,0,-0.264122725,0.964489102,0,0,0,1],"scale":1.09562707,"type":"generibush_small"}
{"pos":[78.8065796,-973.794922,31.1837387],"rotationMatrix":[-0.928958535,-0.370183736,0,0.370183736,-0.928958535,0,0,0,1],"scale":1.17382848,"type":"generibush_small"}
{"pos":[100.218544,-985.814331,30.5794868],"rotationMatrix":[0.819870055,0.572549641,0,-0.572549641,0.819870055,0,0,0,1],"scale":1.14196467,"type":"generibush_small"}
{"pos":[99.0274124,-987.84314,29.3238621],"rotationMatrix":[-0.0864382237,-0.996257186,0,0.996257186,-0.0864382237,0,0,0,1],"scale":0.92966342,"type":"generibush_small"}
{"pos":[79.5884323,-977.924255,30.481432],"rotationMatrix":[-0.910074711,0.414444208,0,-0.414444208,-0.910074711,0,0,0,1],"scale":0.914832234,"type":"generibush_small"}
{"pos":[87.0795593,-976.530823,33.2605591],"rotationMatrix":[-0.0226488262,-0.999743462,0,0.999743462,-0.0226488262,0,0,0,1],"scale":1.16590452,"type":"generibush_small"}
{"pos":[75.3870239,-975.015503,29.4373207],"rotationMatrix":[0.303312093,-0.95289129,0,0.95289129,0.303312093,0,0,0,1],"scale":1.01224446,"type":"generibush_small"}
{"pos":[84.584137,-976.794373,32.5674744],"rotationMatrix":[0.660579979,0.750755668,0,-0.750755668,0.660579979,0,0,0,1],"scale":1.0967499,"type":"generibush_small"}
{"pos":[74.5468216,-974.002075,29.3282738],"rotationMatrix":[0.980298758,0.197520599,0,-0.197520599,0.980298758,0,0,0,1],"scale":0.961229503,"type":"generibush_small"}
{"pos":[81.5399094,-964.067017,32.9782333],"rotationMatrix":[0.103492185,-0.994630277,0,0.994630277,0.103492185,0,0,0,1],"scale":1.12497234,"type":"generibush_small"}
{"pos":[77.3511581,-972.342163,31.1180153],"rotationMatrix":[-0.57148546,-0.820612192,0,0.820612192,-0.57148546,0,0,0,1],"scale":0.926376462,"type":"generibush_small"}
{"pos":[118.759415,-984.255371,31.47225],"rotationMatrix":[-0.040206071,0.999191403,0,-0.999191403,-0.040206071,0,0,0,1],"scale":1.03440654,"type":"generibush_small"}
{"pos":[124.72113,-987.483826,30.1806335],"rotationMatrix":[0.993783832,0.111327015,0,-0.111327015,0.993783832,0,0,0,1],"scale":0.96927166,"type":"generibush_small"}
{"pos":[114.298035,-986.362671,29.5184402],"rotationMatrix":[0.909920275,-0.41478312,0,0.41478312,0.909920275,0,0,0,1],"scale":0.918335438,"type":"generibush_small"}
{"pos":[120.851204,-987.373291,30.7705421],"rotationMatrix":[0.996877789,-0.0789598823,0,0.0789598823,0.996877789,0,0,0,1],"scale":1.13983464,"type":"generibush_small"}
{"pos":[126.658981,-984.173218,32.1278038],"rotationMatrix":[0.996137321,-0.0878089443,0,0.0878089443,0.996137321,0,0,0,1],"scale":1.05634308,"type":"generibush_small"}
{"pos":[133.089233,-978.71637,35.1489258],"rotationMatrix":[0.763150573,0.646220684,0,-0.646220684,0.763150573,0,0,0,1],"scale":0.997489333,"type":"generibush_small"}
{"pos":[128.397064,-978.012085,34.8865929],"rotationMatrix":[-0.87179327,-0.489873946,0,0.489873946,-0.87179327,0,0,0,1],"scale":1.07686543,"type":"generibush_small"}
{"pos":[135.457321,-977.430115,35.8313904],"rotationMatrix":[-0.993201315,-0.116409332,0,0.116409332,-0.993201315,0,0,0,1],"scale":1.03311539,"type":"generibush_small"}
{"pos":[136.884048,-983.974304,32.9506798],"rotationMatrix":[-0.522799551,0.852455616,0,-0.852455616,-0.522799551,0,0,0,1],"scale":0.997733355,"type":"generibush_small"}
{"pos":[135.177307,-983.270264,33.337101],"rotationMatrix":[-0.994758666,0.102250695,0,-0.102250695,-0.994758666,0,0,0,1],"scale":1.07203114,"type":"generibush_small"}
{"pos":[138.376328,-977.223694,36.1038857],"rotationMatrix":[-0.541743338,0.840543985,0,-0.840543985,-0.541743338,0,0,0,1],"scale":0.965186059,"type":"generibush_small"}
{"pos":[144.911743,-981.189026,34.3295593],"rotationMatrix":[0.976305008,-0.216398925,0,0.216398925,0.976305008,0,0,0,1],"scale":1.1309644,"type":"generibush_small"}
{"pos":[144.191254,-978.497681,35.8157845],"rotationMatrix":[-0.680166185,-0.733057916,0,0.733057916,-0.680166185,0,0,0,1],"scale":1.10697222,"type":"generibush_small"}
{"pos":[145.478729,-984.709167,31.8401852],"rotationMatrix":[0.704414845,-0.709788501,0,0.709788501,0.704414845,0,0,0,1],"scale":1.00002456,"type":"generibush_small"}
{"pos":[143.79863,-982.931458,33.4124832],"rotationMatrix":[0.663009763,0.748610795,0,-0.748610795,0.663009763,0,0,0,1],"scale":1.18304121,"type":"generibush_small"}
{"pos":[150.850174,-982.936035,32.3851128],"rotationMatrix":[0.997295916,0.073490411,0,-0.073490411,0.997295916,0,0,0,1],"scale":1.00884628,"type":"generibush_small"}
{"pos":[151.745911,-984.961243,30.9749146],"rotationMatrix":[0.998647749,-0.0519868135,0,0.0519868135,0.998647749,0,0,0,1],"scale":0.959080458,"type":"generibush_small"}
{"pos":[153.151901,-986.753906,30.0626297],"rotationMatrix":[-0.773786604,-0.633446395,0,0.633446395,-0.773786604,0,0,0,1],"scale":1.07867849,"type":"generibush_small"}
{"pos":[158.170929,-983.943604,31.8239384],"rotationMatrix":[-0.335393935,0.942077994,0,-0.942077994,-0.335393935,0,0,0,1],"scale":1.16683412,"type":"generibush_small"}
{"pos":[162.207687,-984.825439,30.9603233],"rotationMatrix":[0.545599341,0.838046134,0,-0.838046134,0.545599341,0,0,0,1],"scale":0.914918602,"type":"generibush_small"}
{"pos":[161.510269,-982.428772,32.6237831],"rotationMatrix":[0.998958468,-0.0456284136,0,0.0456284136,0.998958468,0,0,0,1],"scale":0.998400211,"type":"generibush_small"}
{"pos":[153.576416,-955.968384,42.2098465],"rotationMatrix":[-0.948896766,-0.315586686,0,0.315586686,-0.948896766,0,0,0,1],"scale":0.997049809,"type":"generibush_small"}
{"pos":[150.396088,-959.762817,41.104969],"rotationMatrix":[0.378433138,-0.925628603,0,0.925628603,0.378433138,0,0,0,1],"scale":1.08173609,"type":"generibush_small"}
{"pos":[152.528229,-960.897034,40.4431038],"rotationMatrix":[-0.117351331,0.993090451,0,-0.993090451,-0.117351331,0,0,0,1],"scale":0.980229735,"type":"generibush_small"}
{"pos":[147.762238,-958.963867,41.9286118],"rotationMatrix":[0.613737047,-0.789510489,0,0.789510489,0.613737047,0,0,0,1],"scale":0.933483779,"type":"generibush_small"}
{"pos":[138.82077,-958.977661,41.1474953],"rotationMatrix":[0.26542142,0.964132488,0,-0.964132488,0.26542142,0,0,0,1],"scale":0.911667049,"type":"generibush_small"}
{"pos":[139.587631,-956.50061,42.5735893],"rotationMatrix":[-0.192315891,-0.981333077,0,0.981333077,-0.192315891,0,0,0,1],"scale":1.06050265,"type":"generibush_small"}
{"pos":[164.110413,-943.578735,44.8782272],"rotationMatrix":[0.39299801,0.919539332,0,-0.919539332,0.39299801,0,0,0,1],"scale":0.985817134,"type":"generibush_small"}
{"pos":[166.034882,-942.888855,44.8050308],"rotationMatrix":[0.899760842,0.436383307,0,-0.436383307,0.899760842,0,0,0,1],"scale":0.953753889,"type":"generibush_small"}
{"pos":[172.611404,-951.528992,41.7570877],"rotationMatrix":[-0.835956216,-0.548796177,0,0.548796177,-0.835956216,0,0,0,1],"scale":1.16579509,"type":"generibush_small"}
{"pos":[176.557907,-946.275513,43.7323036],"rotationMatrix":[0.176666766,-0.984270751,0,0.984270751,0.176666766,0,0,0,1],"scale":1.07389104,"type":"generibush_small"}
{"pos":[174.114288,-944.302917,44.3440857],"rotationMatrix":[-0.37585938,0.926676691,0,-0.926676691,-0.37585938,0,0,0,1],"scale":0.987140119,"type":"generibush_small"}
{"pos":[177.360901,-948.512939,43.0013962],"rotationMatrix":[-0.876503766,-0.481395006,0,0.481395006,-0.876503766,0,0,0,1],"scale":1.12906885,"type":"generibush_small"}
{"pos":[178.050751,-946.008057,43.8705521],"rotationMatrix":[-0.221908197,-0.975067556,0,0.975067556,-0.221908197,0,0,0,1],"scale":0.985738158,"type":"generibush_small"}
{"pos":[160.564194,-958.379944,41.2761726],"rotationMatrix":[-0.852860034,-0.522139609,0,0.522139609,-0.852860034,0,0,0,1],"scale":1.17702937,"type":"generibush_small"}
{"pos":[167.045654,-959.036316,39.8273621],"rotationMatrix":[0.29982549,-0.953994095,0,0.953994095,0.29982549,0,0,0,1],"scale":0.923347473,"type":"generibush_small"}
{"pos":[185.084518,-963.659485,38.8107529],"rotationMatrix":[0.596708715,0.802457929,0,-0.802457929,0.596708715,0,0,0,1],"scale":0.917622805,"type":"generibush_small"}
{"pos":[187.993393,-964.480469,38.3655472],"rotationMatrix":[0.95029968,-0.311336756,0,0.311336756,0.95029968,0,0,0,1],"scale":1.11090899,"type":"generibush_small"}
{"pos":[198.27594,-965.229675,36.9324074],"rotationMatrix":[0.968981981,-0.247131273,0,0.247131273,0.968981981,0,0,0,1],"scale":1.13359272,"type":"generibush_small"}
{"pos":[214.069138,-960.512207,38.7004623],"rotationMatrix":[-0.998374403,0.0569965206,0,-0.0569965206,-0.998374403,0,0,0,1],"scale":1.02649689,"type":"generibush_small"}
{"pos":[224.673737,-957.645569,39.7338638],"rotationMatrix":[0.338901371,0.940821886,0,-0.940821886,0.338901371,0,0,0,1],"scale":0.973891735,"type":"generibush_small"}
{"pos":[264.547394,-943.596313,43.9477386],"rotationMatrix":[-0.964623034,-0.263632983,0,0.263632983,-0.964623034,0,0,0,1],"scale":1.17786157,"type":"generibush_small"}
{"pos":[259.468811,-945.208923,43.5114403],"rotationMatrix":[0.561066031,0.827771008,0,-0.827771008,0.561066031,0,0,0,1],"scale":1.00824332,"type":"generibush_small"}
{"pos":[259.284546,-946.256531,42.6250687],"rotationMatrix":[-0.737007678,0.675884366,0,-0.675884366,-0.737007678,0,0,0,1],"scale":0.988191545,"type":"generibush_small"}
{"pos":[311.575562,-935.811035,34.2994041],"rotationMatrix":[-0.288838655,0.957377791,0,-0.957377791,-0.288838655,0,0,0,1],"scale":0.996985555,"type":"generibush_small"}
{"pos":[308.878967,-935.551697,35.3287086],"rotationMatrix":[0.929989219,-0.367586851,0,0.367586851,0.929989219,0,0,0,1],"scale":0.90098542,"type":"generibush_small"}
{"pos":[291.064728,-941.374084,36.2048416],"rotationMatrix":[-0.924712777,0.380665511,0,-0.380665511,-0.924712777,0,0,0,1],"scale":1.19967902,"type":"generibush_small"}
{"pos":[276.974457,-943.724121,39.6206436],"rotationMatrix":[0.415459931,-0.909611464,0,0.909611464,0.415459931,0,0,0,1],"scale":1.09188974,"type":"generibush_small"}
{"pos":[272.815002,-943.067017,40.8010445],"rotationMatrix":[-0.180827454,-0.983514845,0,0.983514845,-0.180827454,0,0,0,1],"scale":0.990246177,"type":"generibush_small"}
{"pos":[274.373016,-945.144653,38.9468079],"rotationMatrix":[0.862053692,-0.506816924,0,0.506816924,0.862053692,0,0,0,1],"scale":1.11122036,"type":"generibush_small"}
{"pos":[282.813171,-941.373962,38.0907898],"rotationMatrix":[-0.943211257,-0.332193524,0,0.332193524,-0.943211257,0,0,0,1],"scale":1.18223286,"type":"generibush_small"}
{"pos":[311.84491,-937.023315,33.1890297],"rotationMatrix":[-0.613628685,-0.789594769,0,0.789594769,-0.613628685,0,0,0,1],"scale":1.1410414,"type":"generibush_small"}
{"pos":[257.145538,-973.719238,30.2685509],"rotationMatrix":[0.221938029,0.975060761,0,-0.975060761,0.221938029,0,0,0,1],"scale":0.928314984,"type":"generibush_small"}
{"pos":[268.017975,-974.128784,29.4370079],"rotationMatrix":[0.0937618092,0.99559468,0,-0.99559468,0.0937618092,0,0,0,1],"scale":0.979605079,"type":"generibush_small"}
{"pos":[268.881744,-972.98584,28.6215553],"rotationMatrix":[-0.538651407,-0.842528701,0,0.842528701,-0.538651407,0,0,0,1],"scale":0.938404202,"type":"generibush_small"}
{"pos":[277.359009,-972.800354,26.7379913],"rotationMatrix":[0.810663462,-0.5855124,0,0.5855124,0.810663462,0,0,0,1],"scale":1.17115867,"type":"generibush_small"}
{"pos":[229.799927,-978.812195,31.0511398],"rotationMatrix":[-0.429518402,-0.903058112,0,0.903058112,-0.429518402,0,0,0,1],"scale":1.14366698,"type":"generibush_small"}
{"pos":[242.300476,-979.847778,30.6457977],"rotationMatrix":[0.103589766,-0.994620085,0,0.994620085,0.103589766,0,0,0,1],"scale":1.11849821,"type":"generibush_small"}
{"pos":[208.579926,-982.62738,31.1826172],"rotationMatrix":[0.941493213,-0.33703199,0,0.33703199,0.941493213,0,0,0,1],"scale":1.04352605,"type":"generibush_small"}
{"pos":[212.175766,-983.705078,29.868187],"rotationMatrix":[-0.488540709,0.87254113,0,-0.87254113,-0.488540709,0,0,0,1],"scale":1.06102479,"type":"generibush_small"}
{"pos":[220.641632,-983.96936,29.2223587],"rotationMatrix":[-0.933782756,-0.357840359,0,0.357840359,-0.933782756,0,0,0,1],"scale":0.984650671,"type":"generibush_small"}
{"pos":[222.332352,-982.050842,30.2783051],"rotationMatrix":[-0.552371919,0.833597779,0,-0.833597779,-0.552371919,0,0,0,1],"scale":0.946955085,"type":"generibush_small"}
{"pos":[229.487793,-983.40564,29.4975224],"rotationMatrix":[-0.966529429,-0.256555796,0,0.256555796,-0.966529429,0,0,0,1],"scale":1.1881696,"type":"generibush_small"}
{"pos":[228.071655,-983.339905,29.3791313],"rotationMatrix":[0.993011892,-0.118014097,0,0.118014097,0.993011892,0,0,0,1],"scale":1.06001365,"type":"generibush_small"}
{"pos":[200.783463,-982.625916,31.5239849],"rotationMatrix":[0.63846755,-0.769648731,0,0.769648731,0.63846755,0,0,0,1],"scale":0.982050538,"type":"generibush_small"}
{"pos":[208.972427,-984.835938,29.6927605],"rotationMatrix":[0.941494167,-0.337029368,0,0.337029368,0.941494167,0,0,0,1],"scale":1.03675056,"type":"generibush_small"}
{"pos":[210.320129,-982.784973,30.9316235],"rotationMatrix":[-0.945754707,-0.324881583,0,0.324881583,-0.945754707,0,0,0,1],"scale":1.19921911,"type":"generibush_small"}
{"pos":[184.564819,-968.254639,35.0308647],"rotationMatrix":[-0.182955474,-0.983121216,0,0.983121216,-0.182955474,0,0,0,1],"scale":1.08142543,"type":"generibush_small"}
{"pos":[247.761993,-1001.16132,15.5410442],"rotationMatrix":[-0.945138693,-0.326669335,0,0.326669335,-0.945138693,0,0,0,1],"scale":1.03457236,"type":"generibush_small"}
{"pos":[271.922974,-993.52478,18.4584694],"rotationMatrix":[0.997802556,0.0662578419,0,-0.0662578419,0.997802556,0,0,0,1],"scale":1.13471305,"type":"generibush_small"}
{"pos":[276.483307,-988.022339,20.0846786],"rotationMatrix":[-0.886108458,-0.46347791,0,0.46347791,-0.886108458,0,0,0,1],"scale":1.09822202,"type":"generibush_small"}
{"pos":[281.108429,-984.351929,20.0987282],"rotationMatrix":[0.296889454,0.954911828,0,-0.954911828,0.296889454,0,0,0,1],"scale":1.02266657,"type":"generibush_small"}
{"pos":[291.354645,-985.578552,17.6815147],"rotationMatrix":[0.387346655,0.921934128,0,-0.921934128,0.387346655,0,0,0,1],"scale":1.13363171,"type":"generibush_small"}
{"pos":[304.322754,-976.000854,14.6800156],"rotationMatrix":[0.744790554,0.667298317,0,-0.667298317,0.744790554,0,0,0,1],"scale":1.11875558,"type":"generibush_small"}
{"pos":[287.636078,-981.175354,19.5817432],"rotationMatrix":[-0.594754636,-0.803907275,0,0.803907275,-0.594754636,0,0,0,1],"scale":0.965796232,"type":"generibush_small"}
{"pos":[296.914917,-972.72998,18.3153725],"rotationMatrix":[-0.831067979,0.556170821,0,-0.556170821,-0.831067979,0,0,0,1],"scale":0.935938895,"type":"generibush_small"}
{"pos":[312.451263,-981.347961,10.9875832],"rotationMatrix":[0.892479181,-0.451088607,0,0.451088607,0.892479181,0,0,0,1],"scale":0.957646906,"type":"generibush_small"}
{"pos":[318.59137,-969.191772,11.5291843],"rotationMatrix":[0.293222249,0.956044316,0,-0.956044316,0.293222249,0,0,0,1],"scale":0.926267028,"type":"generibush_small"}
{"pos":[315.364655,-964.66272,14.1447468],"rotationMatrix":[-0.371841013,0.928296447,0,-0.928296447,-0.371841013,0,0,0,1],"scale":1.0796479,"type":"generibush_small"}
{"pos":[317.724701,-963.517151,14.0666828],"rotationMatrix":[0.89188838,-0.452255577,0,0.452255577,0.89188838,0,0,0,1],"scale":0.911874771,"type":"generibush_small"}
{"pos":[333.248444,-961.653137,11.5734234],"rotationMatrix":[0.951295555,-0.308280259,0,0.308280259,0.951295555,0,0,0,1],"scale":0.960922956,"type":"generibush_small"}
{"pos":[327.228271,-958.536926,15.2369785],"rotationMatrix":[-0.856806934,-0.515637279,0,0.515637279,-0.856806934,0,0,0,1],"scale":0.920530915,"type":"generibush_small"}
{"pos":[343.407898,-955.970276,14.0389347],"rotationMatrix":[0.121964924,-0.992534399,0,0.992534399,0.121964924,0,0,0,1],"scale":1.04501259,"type":"generibush_small"}
{"pos":[343.451355,-957.592041,12.9698095],"rotationMatrix":[-0.186075389,-0.982535481,0,0.982535481,-0.186075389,0,0,0,1],"scale":1.1427505,"type":"generibush_small"}
{"pos":[171.565964,-966.583862,36.6358109],"rotationMatrix":[0.90736562,0.420342237,0,-0.420342237,0.90736562,0,0,0,1],"scale":1.12161863,"type":"generibush_small"}
{"pos":[179.295105,-966.389099,36.4302292],"rotationMatrix":[0.999317229,0.0369472466,0,-0.0369472466,0.999317229,0,0,0,1],"scale":1.03721738,"type":"generibush_small"}
{"pos":[183.296341,-979.679016,35.0298576],"rotationMatrix":[-0.982348204,-0.187061384,0,0.187061384,-0.982348204,0,0,0,1],"scale":1.08232927,"type":"generibush_small"}
{"pos":[126.143326,-953.844177,38.5427132],"rotationMatrix":[0.115989164,-0.993250489,0,0.993250489,0.115989164,0,0,0,1],"scale":0.967133641,"type":"generibush_small"}
{"pos":[129.144104,-955.231018,39.3848305],"rotationMatrix":[0.464662969,0.885487616,0,-0.885487616,0.464662969,0,0,0,1],"scale":0.982187152,"type":"generibush_small"}
{"pos":[74.5310364,-863.975891,29.6209564],"rotationMatrix":[0.723409355,0.690419376,0,-0.690419376,0.723409355,0,0,0,1],"scale":1.1881547,"type":"generibush_small"}
{"pos":[15.2793541,-914.08905,12.1744509],"rotationMatrix":[-0.225575641,-0.97422564,0,0.97422564,-0.225575641,0,0,0,1],"scale":1.14912486,"type":"generibush_small"}
{"pos":[15.4153786,-903.147644,12.683548],"rotationMatrix":[-0.00272957538,-0.999996245,0,0.999996245,-0.00272957538,0,0,0,1],"scale":1.09584641,"type":"generibush_small"}
{"pos":[17.791996,-890.404663,14.299469],"rotationMatrix":[-0.368059516,0.929802239,0,-0.929802239,-0.368059516,0,0,0,1],"scale":1.16220379,"type":"generibush_small"}
{"pos":[8.46263123,-903.93158,9.6746521],"rotationMatrix":[-0.811966479,-0.583704054,0,0.583704054,-0.811966479,0,0,0,1],"scale":0.911359847,"type":"generibush_small"}
{"pos":[11.9958763,-903.645447,11.0890188],"rotationMatrix":[-0.990848243,0.134980425,0,-0.134980425,-0.990848243,0,0,0,1],"scale":1.12268972,"type":"generibush_small"}
{"pos":[14.6315689,-897.565979,12.183959],"rotationMatrix":[0.735824108,0.67717272,0,-0.67717272,0.735824108,0,0,0,1],"scale":1.03282869,"type":"generibush_small"}
{"pos":[13.0763855,-895.857971,11.4681664],"rotationMatrix":[-0.449632049,-0.893213868,0,0.893213868,-0.449632049,0,0,0,1],"scale":0.937132478,"type":"generibush_small"}
{"pos":[9.28498745,-888.724243,11.1425571],"rotationMatrix":[-0.227823853,0.973702371,0,-0.973702371,-0.227823853,0,0,0,1],"scale":0.904569328,"type":"generibush_small"}
{"pos":[14.8057804,-885.472046,13.6739235],"rotationMatrix":[0.989349127,-0.145562112,0,0.145562112,0.989349127,0,0,0,1],"scale":1.10180235,"type":"generibush_small"}
{"pos":[15.6522589,-890.723633,13.2094402],"rotationMatrix":[0.449631274,0.893214285,0,-0.893214285,0.449631274,0,0,0,1],"scale":1.19292629,"type":"generibush_small"}
{"pos":[11.4949608,-886.422974,12.2692575],"rotationMatrix":[0.0537589304,0.998553932,0,-0.998553932,0.0537589304,0,0,0,1],"scale":1.02255583,"type":"generibush_small"}
{"pos":[13.7220697,-896.844421,11.7800655],"rotationMatrix":[-0.665438175,-0.746452987,0,0.746452987,-0.665438175,0,0,0,1],"scale":1.18232214,"type":"generibush_small"}
{"pos":[16.7704659,-923.298218,11.7521257],"rotationMatrix":[0.453001469,-0.891509771,0,0.891509771,0.453001469,0,0,0,1],"scale":1.08700716,"type":"generibush_small"}
{"pos":[16.0359344,-918.066956,11.5714836],"rotationMatrix":[-0.601127326,-0.799153268,0,0.799153268,-0.601127326,0,0,0,1],"scale":1.19639993,"type":"generibush_small"}
{"pos":[457.574402,-962.391113,10.7453051],"rotationMatrix":[-0.0335225128,0.999437988,0,-0.999437988,-0.0335225128,0,0,0,1],"scale":1.13844836,"type":"generibush_small"}
{"pos":[448.694519,-955.606812,11.6987295],"rotationMatrix":[-0.552274287,-0.83366245,0,0.83366245,-0.552274287,0,0,0,1],"scale":0.999084234,"type":"generibush_small"}
{"pos":[432.1651,-959.564697,10.4584198],"rotationMatrix":[0.905755341,0.423800915,0,-0.423800915,0.905755341,0,0,0,1],"scale":1.17412007,"type":"generibush_small"}
{"pos":[491.463226,-942.175537,15.5740986],"rotationMatrix":[-0.611112177,-0.79154402,0,0.79154402,-0.611112177,0,0,0,1],"scale":1.1532495,"type":"generibush_small"}
{"pos":[537.388733,-948.809021,11.7343454],"rotationMatrix":[0.377027869,0.92620194,0,-0.92620194,0.377027869,0,0,0,1],"scale":0.915394068,"type":"generibush_small"}
{"pos":[536.430603,-951.946899,10.7462759],"rotationMatrix":[0.903938055,0.427663386,0,-0.427663386,0.903938055,0,0,0,1],"scale":1.03139687,"type":"generibush_small"}
{"pos":[563.155212,-933.902893,15.7718239],"rotationMatrix":[0.737949371,0.674856126,0,-0.674856126,0.737949371,0,0,0,1],"scale":1.1380136,"type":"generibush_small"}
{"pos":[478.840607,-924.649414,23.9695568],"rotationMatrix":[0.906717837,-0.42173779,0,0.42173779,0.906717837,0,0,0,1],"scale":1.17246866,"type":"generibush_small"}
{"pos":[501.820038,-926.224609,20.3729954],"rotationMatrix":[-0.820429564,-0.571747601,0,0.571747601,-0.820429564,0,0,0,1],"scale":0.918854952,"type":"generibush_small"}
{"pos":[873.666443,-925.408386,11.7429504],"rotationMatrix":[0.692087173,0.721813917,0,-0.721813917,0.692087173,0,0,0,1],"scale":1.00491512,"type":"generibush_small"}
{"pos":[886.95636,-905.603577,13.7836943],"rotationMatrix":[0.554349124,0.832284272,0,-0.832284272,0.554349124,0,0,0,1],"scale":1.09596503,"type":"generibush_small"}
{"pos":[885.513062,-838.151733,23.6560402],"rotationMatrix":[0.979391634,0.201970473,0,-0.201970473,0.979391634,0,0,0,1],"scale":0.94723469,"type":"generibush_small"}
{"pos":[889.808716,-850.105957,19.3438587],"rotationMatrix":[0.995540261,-0.0943378583,0,0.0943378583,0.995540261,0,0,0,1],"scale":1.01734269,"type":"generibush_small"}
{"pos":[894.149353,-848.937195,18.9783611],"rotationMatrix":[0.901993155,0.431750357,0,-0.431750357,0.901993155,0,0,0,1],"scale":1.0827595,"type":"generibush_small"}
{"pos":[898.650879,-847.757751,17.1966515],"rotationMatrix":[-0.440245032,0.897877693,0,-0.897877693,-0.440245032,0,0,0,1],"scale":1.15835869,"type":"generibush_small"}
{"pos":[898.336121,-866.542175,13.9548664],"rotationMatrix":[-0.970357656,0.241673335,0,-0.241673335,-0.970357656,0,0,0,1],"scale":1.17926669,"type":"generibush_small"}
{"pos":[869.394653,-840.222778,26.8782921],"rotationMatrix":[0.577033937,-0.816720188,0,0.816720188,0.577033937,0,0,0,1],"scale":0.968055367,"type":"generibush_small"}
{"pos":[875.618591,-849.86615,22.5475121],"rotationMatrix":[-0.60937053,-0.792885602,0,0.792885602,-0.60937053,0,0,0,1],"scale":0.918554425,"type":"generibush_small"}
{"pos":[905.482849,-818.290222,15.0820332],"rotationMatrix":[-0.485426724,0.874277353,0,-0.874277353,-0.485426724,0,0,0,1],"scale":0.916824281,"type":"generibush_small"}
{"pos":[915.869446,-837.48877,11.7792206],"rotationMatrix":[-0.904008508,0.427514493,0,-0.427514493,-0.904008508,0,0,0,1],"scale":0.939367771,"type":"generibush_small"}
{"pos":[722.515991,-934.369873,16.2905903],"rotationMatrix":[-0.724354208,0.689428031,0,-0.689428031,-0.724354208,0,0,0,1],"scale":1.12387586,"type":"generibush_small"}
{"pos":[627.264099,-925.761047,20.7156391],"rotationMatrix":[-0.996609867,-0.0822728053,0,0.0822728053,-0.996609867,0,0,0,1],"scale":1.08840764,"type":"generibush_small"}
{"pos":[602.115723,-931.601624,13.5825062],"rotationMatrix":[-0.910022855,0.414558113,0,-0.414558113,-0.910022855,0,0,0,1],"scale":0.90408051,"type":"generibush_small"}
