{"pos":[819.577942,-966.823975,14.5400448],"rotationMatrix":[0.393285185,0.919416547,0,-0.919416547,0.393285185,0,0,0,1],"scale":1.04932404,"type":"generibush"}
{"pos":[808.823425,-962.238403,14.1755981],"rotationMatrix":[0.964853287,0.26278922,0,-0.26278922,0.964853287,0,0,0,1],"scale":1.18206024,"type":"generibush"}
{"pos":[794.012451,-948.683594,12.7670021],"rotationMatrix":[-0.967520475,0.252792567,0,-0.252792567,-0.967520475,0,0,0,1],"scale":0.988452911,"type":"generibush"}
{"pos":[765.319641,-946.97052,11.7562771],"rotationMatrix":[-0.464934587,-0.885345042,0,0.885345042,-0.464934587,0,0,0,1],"scale":1.0729183,"type":"generibush"}
{"pos":[746.092468,-952.69104,10.5342369],"rotationMatrix":[-0.930281937,-0.366845429,0,0.366845429,-0.930281937,0,0,0,1],"scale":0.976569891,"type":"generibush"}
{"pos":[741.200562,-948.989502,12.3666668],"rotationMatrix":[-0.482636541,0.875820756,0,-0.875820756,-0.482636541,0,0,0,1],"scale":1.16994023,"type":"generibush"}
{"pos":[737.047424,-952.210632,11.0083237],"rotationMatrix":[-0.894644797,0.446778178,0,-0.446778178,-0.894644797,0,0,0,1],"scale":1.03589582,"type":"generibush"}
{"pos":[732.105042,-949.968872,11.8648367],"rotationMatrix":[-0.479466885,-0.87755996,0,0.87755996,-0.479466885,0,0,0,1],"scale":1.10577333,"type":"generibush"}
{"pos":[732.610107,-956.880798,10.9708643],"rotationMatrix":[0.946958363,-0.321356326,0,0.321356326,0.946958363,0,0,0,1],"scale":1.0152874,"type":"generibush"}
{"pos":[728.97229,-953.173218,10.3824749],"rotationMatrix":[-0.819699466,-0.572793841,0,0.572793841,-0.819699466,0,0,0,1],"scale":0.929387093,"type":"generibush"}
{"pos":[709.371094,-955.356323,12.398345],"rotationMatrix":[-0.454194099,-0.890902758,0,0.890902758,-0.454194099,0,0,0,1],"scale":0.973850429,"type":"generibush"}
{"pos":[708.782471,-952.609314,12.7967291],"rotationMatrix":[-0.168851078,0.985641599,0,-0.985641599,-0.168851078,0,0,0,1],"scale":1.19225037,"type":"generibush"}
{"pos":[704.657898,-962.894897,11.5331421],"rotationMatrix":[-0.96752584,-0.252772093,0,0.252772093,-0.96752584,0,0,0,1],"scale":1.16676021,"type":"generibush"}
{"pos":[687.882935,-960.090942,12.9461155],"rotationMatrix":[0.534627557,-0.845087767,0,0.845087767,0.534627557,0,0,0,1],"scale":1.10038662,"type":"generibush"}
{"pos":[679.235229,-957.015808,12.3541756],"rotationMatrix":[0.024444541,0.999701202,0,-0.999701202,0.024444541,0,0,0,1],"scale":0.985638201,"type":"generibush"}
{"pos":[673.792053,-952.111267,11.583312],"rotationMatrix":[-0.394405067,-0.91893667,0,0.91893667,-0.394405067,0,0,0,1],"scale":1.0485518,"type":"generibush"}
{"pos":[675.04895,-955.277344,11.8214741],"rotationMatrix":[-0.225638762,0.974211037,0,-0.974211037,-0.225638762,0,0,0,1],"scale":0.980161607,"type":"generibush"}
{"pos":[822.588867,-953.893616,16.7310352],"rotationMatrix":[0.754476845,-0.656326652,0,0.656326652,0.754476845,0,0,0,1],"scale":1.17441833,"type":"generibush"}
{"pos":[841.860229,-951.75354,12.3977337],"rotationMatrix":[0.991664946,0.128843501,0,-0.128843501,0.991664946,0,0,0,1],"scale":0.957900107,"type":"generibush"}
{"pos":[831.901855,-946.349915,16.1742287],"rotationMatrix":[-0.890141845,-0.4556835,0,0.4556835,-0.890141845,0,0,0,1],"scale":1.18770003,"type":"generibush"}
{"pos":[838.166626,-953.113403,12.8800135],"rotationMatrix":[-0.950140953,0.311820745,0,-0.311820745,-0.950140953,0,0,0,1],"scale":1.08161342,"type":"generibush"}
{"pos":[839.875122,-946.191895,14.5632343],"rotationMatrix":[0.617849052,0.786296725,0,-0.786296725,0.617849052,0,0,0,1],"scale":1.03017831,"type":"generibush"}
{"pos":[739.092407,-959.261902,10.9915619],"rotationMatrix":[0.561708152,-0.827335477,0,0.827335477,0.561708152,0,0,0,1],"scale":0.936537385,"type":"generibush"}
{"pos":[732.037537,-967.315918,10.7581844],"rotationMatrix":[0.188149512,0.982140422,0,-0.982140422,0.188149512,0,0,0,1],"scale":0.985375524,"type":"generibush"}
{"pos":[701.433472,-919.648743,27.7628326],"rotationMatrix":[-0.839546025,0.543288589,0,-0.543288589,-0.839546025,0,0,0,1],"scale":1.08879232,"type":"generibush"}
{"pos":[702.809204,-928.75116,20.9155712],"rotationMatrix":[0.761054695,-0.619440377,-0.192586631,0.648687482,0.726741016,0.225946933,7.39117922e-09,-0.296886623,0.954912722],"scale":1.00938213,"type":"generibush"}
{"pos":[683.108215,-920.022339,28.0260544],"rotationMatrix":[-0.14379169,0.98960799,0,-0.98960799,-0.14379169,0,0,0,1],"scale":1.18497193,"type":"generibush"}
{"pos":[680.482422,-917.144348,30.0663147],"rotationMatrix":[0.990509033,0.137447476,0,-0.137447476,0.990509033,0,0,0,1],"scale":1.18570483,"type":"generibush"}
{"pos":[666.029602,-927.327698,21.8413239],"rotationMatrix":[0.559974074,-0.828510106,0,0.828510106,0.559974074,0,0,0,1],"scale":0.938955665,"type":"generibush"}
{"pos":[649.467896,-921.212708,25.9319725],"rotationMatrix":[0.93398422,0.319933087,0.159112468,-0.357314825,0.836271644,0.41590336,-7.06757035e-08,-0.445300311,0.895381093],"scale":0.908680558,"type":"generibush"}
{"pos":[644.55658,-919.596924,26.6315517],"rotationMatrix":[0.946885705,0.268963158,0.17625457,-0.321569473,0.791983128,0.518995404,7.61866232e-08,-0.548107445,0.836407304],"scale":1.02159238,"type":"generibush"}
{"pos":[645.22168,-924.0802,23.5217247],"rotationMatrix":[0.439768434,0.696051478,0.567552805,-0.898111165,0.340828031,0.277907491,2.04239505e-08,-0.631940484,0.775017142],"scale":0.943858385,"type":"generibush"}
{"pos":[632.43573,-914.544434,32.5726891],"rotationMatrix":[0.728751421,0.684778333,0,-0.684778333,0.728751421,0,0,0,1],"scale":1.06860137,"type":"generibush"}
{"pos":[625.3125,-918.339905,29.7188053],"rotationMatrix":[0.624596238,-0.780947864,0,0.780947864,0.624596238,0,0,0,1],"scale":1.14064002,"type":"generibush"}
{"pos":[612.021912,-919.167358,30.5756283],"rotationMatrix":[0.392801553,0.919623256,0,-0.919623256,0.392801553,0,0,0,1],"scale":0.958591402,"type":"generibush"}
{"pos":[713.740906,-932.152344,19.3040352],"rotationMatrix":[-0.487201482,-0.757292151,-0.434905946,0.873289764,-0.422487408,-0.242630467,-1.59603715e-07,-0.498008817,0.867171764],"scale":1.15861118,"type":"generibush"}
{"pos":[657.176636,-927.807007,20.2939205],"rotationMatrix":[-0.479022592,0.746382952,0.462006956,-0.877802491,-0.407305837,-0.252120197,-3.96328268e-08,-0.526322186,0.850285351],"scale":1.10158312,"type":"generibush"}
{"pos":[825.83197,-913.458801,22.828661],"rotationMatrix":[0.854029596,0.520224452,0,-0.520224452,0.854029596,0,0,0,1],"scale":1.00737822,"type":"generibush"}
{"pos":[818.059937,-913.92749,23.0170555],"rotationMatrix":[0.85083276,-0.52543664,0,0.52543664,0.85083276,0,0,0,1],"scale":1.00389087,"type":"generibush"}
{"pos":[800.235657,-918.885254,21.1190453],"rotationMatrix":[0.199882671,0.979819834,0,-0.979819834,0.199882671,0,0,0,1],"scale":1.04238069,"type":"generibush"}
{"pos":[794.186157,-906.906311,23.8332024],"rotationMatrix":[0.947633088,-0.31936118,0,0.31936118,0.947633088,0,0,0,1],"scale":1.13229299,"type":"generibush"}
{"pos":[803.061279,-923.996155,18.5663338],"rotationMatrix":[-0.857970357,-0.513699234,0,0.513699234,-0.857970357,0,0,0,1],"scale":0.969206989,"type":"generibush"}
{"pos":[790.949585,-901.452332,25.8845139],"rotationMatrix":[-0.287255704,-0.957853913,0,0.957853913,-0.287255704,0,0,0,1],"scale":1.07756782,"type":"generibush"}
{"pos":[793.312744,-911.960693,22.0115261],"rotationMatrix":[-0.976886809,-0.213757202,0,0.213757202,-0.976886809,0,0,0,1],"scale":1.05537939,"type":"generibush"}
{"pos":[782.08728,-922.476074,16.5906029],"rotationMatrix":[0.0521995462,-0.998636663,0,0.998636663,0.0521995462,0,0,0,1],"scale":1.13181901,"type":"generibush"}
{"pos":[786.913635,-897.058105,27.5320511],"rotationMatrix":[0.952103555,0.305775821,0,-0.305775821,0.952103555,0,0,0,1],"scale":0.976078093,"type":"generibush"}
{"pos":[790.577026,-894.840698,28.9557648],"rotationMatrix":[-0.836220026,-0.548394084,0,0.548394084,-0.836220026,0,0,0,1],"scale":0.920963049,"type":"generibush"}
{"pos":[789.632385,-910.758972,21.924015],"rotationMatrix":[0.0950867832,-0.995468974,0,0.995468974,0.0950867832,0,0,0,1],"scale":1.07956076,"type":"generibush"}
{"pos":[760.161865,-912.762756,23.4524746],"rotationMatrix":[0.759319723,-0.650717676,0,0.650717676,0.759319723,0,0,0,1],"scale":0.956145048,"type":"generibush"}
{"pos":[734.869751,-916.907593,24.1013203],"rotationMatrix":[-0.586647391,-0.809842467,0,0.809842467,-0.586647391,0,0,0,1],"scale":0.973332524,"type":"generibush"}
{"pos":[742.579834,-906.187622,28.4261971],"rotationMatrix":[-0.995864213,0.0908539668,0,-0.0908539668,-0.995864213,0,0,0,1],"scale":1.04224563,"type":"generibush"}
{"pos":[736.857971,-899.082458,34.9599037],"rotationMatrix":[-0.97991997,0.199391201,0,-0.199391201,-0.97991997,0,0,0,1],"scale":1.11641169,"type":"generibush"}
{"pos":[723.987061,-901.009521,38.5256538],"rotationMatrix":[0.199964613,-0.979803145,0,0.979803145,0.199964613,0,0,0,1],"scale":1.07974792,"type":"generibush"}
{"pos":[729.569336,-911.612305,30.9500885],"rotationMatrix":[0.969088435,-0.246713594,0,0.246713594,0.969088435,0,0,0,1],"scale":1.18029284,"type":"generibush"}
{"pos":[732.191833,-905.903503,33.1263123],"rotationMatrix":[-0.587037206,0.809559941,0,-0.809559941,-0.587037206,0,0,0,1],"scale":0.908397436,"type":"generibush"}
{"pos":[715.811829,-916.194092,31.7752571],"rotationMatrix":[0.116705604,-0.993166566,0,0.993166566,0.116705604,0,0,0,1],"scale":1.08265185,"type":"generibush"}
{"pos":[708.899231,-924.435364,25.3608932],"rotationMatrix":[0.203676403,-0.979038239,0,0.979038239,0.203676403,0,0,0,1],"scale":1.13621044,"type":"generibush"}
{"pos":[702.965088,-908.043396,33.0631676],"rotationMatrix":[0.447057992,-0.894504964,0,0.894504964,0.447057992,0,0,0,1],"scale":1.02366579,"type":"generibush"}
{"pos":[693.609009,-908.033508,36.7633438],"rotationMatrix":[0.939945698,-0.341324061,0,0.341324061,0.939945698,0,0,0,1],"scale":0.983791828,"type":"generibush"}
{"pos":[691.074951,-909.514648,36.1959572],"rotationMatrix":[-0.83649087,0.547980845,0,-0.547980845,-0.83649087,0,0,0,1],"scale":0.93115586,"type":"generibush"}
{"pos":[658.285461,-909.723999,34.9184952],"rotationMatrix":[-0.916308403,0.400473386,0,-0.400473386,-0.916308403,0,0,0,1],"scale":1.05442524,"type":"generibush"}
{"pos":[640.142578,-910.131836,34.5744972],"rotationMatrix":[-0.387784004,0.921750247,0,-0.921750247,-0.387784004,0,0,0,1],"scale":1.06114542,"type":"generibush"}
{"pos":[641.394897,-912.938904,32.4998093],"rotationMatrix":[-0.772675812,-0.634800851,0,0.634800851,-0.772675812,0,0,0,1],"scale":1.01083922,"type":"generibush"}
{"pos":[598.265747,-909.889099,35.809967],"rotationMatrix":[0.914121389,-0.405440658,0,0.405440658,0.914121389,0,0,0,1],"scale":1.0900929,"type":"generibush"}
{"pos":[590.791016,-918.706238,30.1960068],"rotationMatrix":[0.160952285,0.986962199,0,-0.986962199,0.160952285,0,0,0,1],"scale":1.09048021,"type":"generibush"}
{"pos":[588.89978,-917.513733,31.3186626],"rotationMatrix":[0.762001514,0.6475752,0,-0.6475752,0.762001514,0,0,0,1],"scale":0.969477177,"type":"generibush"}
{"pos":[563.965698,-919.130188,29.4296761],"rotationMatrix":[0.594811201,-0.803865433,0,0.803865433,0.594811201,0,0,0,1],"scale":1.05122197,"type":"generibush"}
{"pos":[560.593689,-909.746094,36.239727],"rotationMatrix":[-0.994420171,-0.10549207,0,0.10549207,-0.994420171,0,0,0,1],"scale":0.943225801,"type":"generibush"}
{"pos":[544.57489,-914.648621,33.4902229],"rotationMatrix":[-0.935241938,0.354009151,0,-0.354009151,-0.935241938,0,0,0,1],"scale":1.19847608,"type":"generibush"}
{"pos":[551.332092,-908.231445,36.2287903],"rotationMatrix":[-0.24670209,0.969091356,0,-0.969091356,-0.24670209,0,0,0,1],"scale":0.953130066,"type":"generibush"}
{"pos":[547.298706,-914.146301,33.4047623],"rotationMatrix":[0.644504189,-0.764600754,0,0.764600754,0.644504189,0,0,0,1],"scale":1.06197798,"type":"generibush"}
{"pos":[649.926941,-944.876648,13.9090204],"rotationMatrix":[-0.609472036,-0.792807579,0,0.792807579,-0.609472036,0,0,0,1],"scale":0.979467452,"type":"generibush"}
{"pos":[669.126465,-928.927002,20.2871723],"rotationMatrix":[0.968513906,0.217886895,0.120434567,-0.248956293,0.847645462,0.468526512,4.07915586e-08,-0.483757734,0.875201046],"scale":1.06080103,"type":"generibush"}
{"pos":[685.135742,-926.889771,21.5680428],"rotationMatrix":[0.863185346,-0.449226022,-0.230448872,0.504886687,0.768024325,0.393989474,6.57492194e-09,-0.456436306,0.889755547],"scale":0.953561008,"type":"generibush"}
{"pos":[46.7086716,-921.107605,25.4604836],"rotationMatrix":[0.290860832,0.956765354,0,-0.956765354,0.290860832,0,0,0,1],"scale":0.988505483,"type":"generibush"}
{"pos":[26.5797462,-923.93512,16.4583168],"rotationMatrix":[0.151893675,-0.988396823,0,0.988396823,0.151893675,0,0,0,1],"scale":1.12204194,"type":"generibush"}
{"pos":[45.0175323,-928.100647,22.6638565],"rotationMatrix":[-0.344001174,0.938969195,0,-0.938969195,-0.344001174,0,0,0,1],"scale":0.982427359,"type":"generibush"}
{"pos":[34.4963608,-925.433533,19.503027],"rotationMatrix":[0.502342463,-0.864668727,0,0.864668727,0.502342463,0,0,0,1],"scale":1.05184114,"type":"generibush"}
{"pos":[18.5888729,-924.731995,12.5533705],"rotationMatrix":[0.0706706122,-0.997499704,0,0.997499704,0.0706706122,0,0,0,1],"scale":0.923475862,"type":"generibush"}
{"pos":[38.5088425,-929.762146,19.8553543],"rotationMatrix":[-0.557519972,0.830163538,0,-0.830163538,-0.557519972,0,0,0,1],"scale":0.973645031,"type":"generibush"}
{"pos":[58.0188065,-913.854492,30.3597641],"rotationMatrix":[-0.977657497,-0.210204184,0,0.210204184,-0.977657497,0,0,0,1],"scale":1.14462197,"type":"generibush"}
{"pos":[34.00877,-914.523315,21.9058647],"rotationMatrix":[-0.43729037,-0.899320364,0,0.899320364,-0.43729037,0,0,0,1],"scale":1.05146551,"type":"generibush"}
{"pos":[28.9904652,-887.007751,19.3081951],"rotationMatrix":[0.99996829,-0.00796492584,0,0.00796492584,0.99996829,0,0,0,1],"scale":1.00481033,"type":"generibush"}
{"pos":[39.4643669,-884.296631,22.9088745],"rotationMatrix":[0.822503328,-0.568760335,0,0.568760335,0.822503328,0,0,0,1],"scale":1.08277845,"type":"generibush"}
{"pos":[24.805378,-874.937134,18.4781895],"rotationMatrix":[0.297978431,0.954572618,0,-0.954572618,0.297978431,0,0,0,1],"scale":0.914982796,"type":"generibush"}
{"pos":[20.2577591,-865.34198,18.2077579],"rotationMatrix":[-0.969670057,-0.244417638,0,0.244417638,-0.969670057,0,0,0,1],"scale":0.948125243,"type":"generibush"}
{"pos":[10.2387867,-835.845581,17.6602726],"rotationMatrix":[0.488169193,-0.872749031,0,0.872749031,0.488169193,0,0,0,1],"scale":1.03275692,"type":"generibush"}
{"pos":[8.86688805,-838.494324,17.0557308],"rotationMatrix":[-0.363167703,0.931723773,0,-0.931723773,-0.363167703,0,0,0,1],"scale":1.03591442,"type":"generibush"}
{"pos":[7.90139675,-841.512207,16.6245537],"rotationMatrix":[-0.565388262,-0.82482487,0,0.82482487,-0.565388262,0,0,0,1],"scale":1.14851809,"type":"generibush"}
{"pos":[66.0571442,-883.477966,27.2713318],"rotationMatrix":[-0.771024764,0.636805177,0,-0.636805177,-0.771024764,0,0,0,1],"scale":1.0703373,"type":"generibush"}
{"pos":[59.0361633,-876.671082,25.1640282],"rotationMatrix":[-0.24334617,-0.96993953,0,0.96993953,-0.24334617,0,0,0,1],"scale":1.18039525,"type":"generibush"}
{"pos":[45.3211021,-864.410156,23.1654015],"rotationMatrix":[-0.997353613,0.072702907,0,-0.072702907,-0.997353613,0,0,0,1],"scale":1.14721358,"type":"generibush"}
{"pos":[44.9411201,-857.78772,23.311552],"rotationMatrix":[-0.409557462,0.912284315,0,-0.912284315,-0.409557462,0,0,0,1],"scale":1.13361168,"type":"generibush"}
{"pos":[42.5745583,-900.148865,25.4336338],"rotationMatrix":[0.19949159,0.979899526,0,-0.979899526,0.19949159,0,0,0,1],"scale":1.04421258,"type":"generibush"}
{"pos":[52.019062,-897.245239,28.1595211],"rotationMatrix":[0.821024895,0.570892453,0,-0.570892453,0.821024895,0,0,0,1],"scale":1.14991164,"type":"generibush"}
{"pos":[139.598755,-942.858948,45.4228973],"rotationMatrix":[-0.997275591,0.0737660155,0,-0.0737660155,-0.997275591,0,0,0,1],"scale":0.974894226,"type":"generibush"}
{"pos":[119.302773,-933.493225,41.3110809],"rotationMatrix":[-0.980615675,0.19594112,0,-0.19594112,-0.980615675,0,0,0,1],"scale":1.14261699,"type":"generibush"}
{"pos":[142.473358,-929.290894,46.3748932],"rotationMatrix":[-0.66396153,-0.747766733,0,0.747766733,-0.66396153,0,0,0,1],"scale":1.19520831,"type":"generibush"}
{"pos":[145.103088,-902.563965,42.8674736],"rotationMatrix":[-0.529791594,0.848127842,0,-0.848127842,-0.529791594,0,0,0,1],"scale":1.00369918,"type":"generibush"}
{"pos":[126.901566,-929.411804,45.1711044],"rotationMatrix":[0.677438498,-0.735579431,0,0.735579431,0.677438498,0,0,0,1],"scale":1.1320765,"type":"generibush"}
{"pos":[119.22068,-914.135864,42.4977722],"rotationMatrix":[0.999386847,-0.0350138359,0,0.0350138359,0.999386847,0,0,0,1],"scale":0.937002659,"type":"generibush"}
{"pos":[129.308945,-914.544556,43.5523491],"rotationMatrix":[-0.858234704,0.513257444,0,-0.513257444,-0.858234704,0,0,0,1],"scale":0.953124225,"type":"generibush"}
{"pos":[124.856064,-910.517212,42.8763084],"rotationMatrix":[-0.0971224383,-0.995272458,0,0.995272458,-0.0971224383,0,0,0,1],"scale":1.05034959,"type":"generibush"}
{"pos":[145.907074,-914.219299,44.3464279],"rotationMatrix":[0.924407661,-0.38140595,0,0.38140595,0.924407661,0,0,0,1],"scale":1.12425256,"type":"generibush"}
{"pos":[144.372543,-917.047607,45.1283455],"rotationMatrix":[0.572347641,0.820011079,0,-0.820011079,0.572347641,0,0,0,1],"scale":1.19877493,"type":"generibush"}
{"pos":[128.4263,-923.460144,45.2054291],"rotationMatrix":[0.746228993,0.665689349,0,-0.665689349,0.746228993,0,0,0,1],"scale":0.903417349,"type":"generibush"}
{"pos":[111.600151,-897.739929,40.3449135],"rotationMatrix":[-0.331128359,0.943585753,0,-0.943585753,-0.331128359,0,0,0,1],"scale":1.09462869,"type":"generibush"}
{"pos":[113.664124,-888.631042,40.0292473],"rotationMatrix":[-0.964430332,0.264337063,0,-0.264337063,-0.964430332,0,0,0,1],"scale":1.01642525,"type":"generibush"}
{"pos":[89.4615707,-885.911316,34.2274628],"rotationMatrix":[-0.880831182,0.473430485,0,-0.473430485,-0.880831182,0,0,0,1],"scale":1.12819088,"type":"generibush"}
{"pos":[104.809357,-877.972778,38.6763115],"rotationMatrix":[-0.358004957,0.933719695,0,-0.933719695,-0.358004957,0,0,0,1],"scale":1.16536283,"type":"generibush"}
{"pos":[86.9784241,-860.799805,33.7067757],"rotationMatrix":[-0.817658126,-0.575704098,0,0.575704098,-0.817658126,0,0,0,1],"scale":1.13409972,"type":"generibush"}
{"pos":[74.7235718,-856.815796,30.5885525],"rotationMatrix":[-0.580159366,-0.814503014,0,0.814503014,-0.580159366,0,0,0,1],"scale":1.07932127,"type":"generibush"}
{"pos":[68.1470261,-843.883301,29.0410347],"rotationMatrix":[-0.953761637,-0.300563991,0,0.300563991,-0.953761637,0,0,0,1],"scale":1.16864073,"type":"generibush"}
{"pos":[59.22715,-841.00885,27.1416454],"rotationMatrix":[0.991821349,0.127633825,0,-0.127633825,0.991821349,0,0,0,1],"scale":0.924972415,"type":"generibush"}
{"pos":[108.82354,-902.685913,40.2468376],"rotationMatrix":[0.458957911,0.888458014,0,-0.888458014,0.458957911,0,0,0,1],"scale":1.02107239,"type":"generibush"}
{"pos":[225.542984,-997.148865,18.9509583],"rotationMatrix":[0.968829215,-0.247729525,0,0.247729525,0.968829215,0,0,0,1],"scale":1.09718418,"type":"generibush"}
{"pos":[243.983597,-994.647583,20.3540325],"rotationMatrix":[-0.443156391,-0.896444321,0,0.896444321,-0.443156391,0,0,0,1],"scale":1.00129843,"type":"generibush"}
{"pos":[264.025055,-996.272339,18.0600929],"rotationMatrix":[-0.981602907,0.190933928,0,-0.190933928,-0.981602907,0,0,0,1],"scale":1.10763359,"type":"generibush"}
{"pos":[276.477539,-989.991028,19.1893559],"rotationMatrix":[-0.901878536,-0.431989759,0,0.431989759,-0.901878536,0,0,0,1],"scale":1.02090335,"type":"generibush"}
{"pos":[279.200287,-984.749268,20.7803192],"rotationMatrix":[0.412875652,0.910787404,0,-0.910787404,0.412875652,0,0,0,1],"scale":1.11448264,"type":"generibush"}
{"pos":[285.196442,-987.148926,17.4574013],"rotationMatrix":[0.911571562,0.411141455,0,-0.411141455,0.911571562,0,0,0,1],"scale":1.10814738,"type":"generibush"}
{"pos":[297.441162,-986.692383,17.3256054],"rotationMatrix":[0.996756434,0.0804776773,0,-0.0804776773,0.996756434,0,0,0,1],"scale":1.14282203,"type":"generibush"}
{"pos":[309.243896,-978.308228,12.0384331],"rotationMatrix":[0.0726030245,-0.997360945,0,0.997360945,0.0726030245,0,0,0,1],"scale":0.946152568,"type":"generibush"}
{"pos":[287.03952,-983.550232,18.6140175],"rotationMatrix":[0.216174632,-0.976354718,0,0.976354718,0.216174632,0,0,0,1],"scale":0.939415216,"type":"generibush"}
{"pos":[307.734314,-982.097595,12.8729897],"rotationMatrix":[0.654286087,0.756247103,0,-0.756247103,0.654286087,0,0,0,1],"scale":1.16999471,"type":"generibush"}
{"pos":[297.466492,-989.20929,16.6450787],"rotationMatrix":[-0.547830403,0.836589396,0,-0.836589396,-0.547830403,0,0,0,1],"scale":1.09613335,"type":"generibush"}
{"pos":[289.612061,-978.675659,19.7343941],"rotationMatrix":[-0.662906528,0.748702168,0,-0.748702168,-0.662906528,0,0,0,1],"scale":1.15116835,"type":"generibush"}
{"pos":[288.712341,-989.448547,16.7400227],"rotationMatrix":[-0.658266544,0.752784908,0,-0.752784908,-0.658266544,0,0,0,1],"scale":0.915509582,"type":"generibush"}
{"pos":[306.259979,-990.296448,13.2257805],"rotationMatrix":[0.999983788,-0.00569507712,0,0.00569507712,0.999983788,0,0,0,1],"scale":0.935893416,"type":"generibush"}
{"pos":[295.698547,-976.437744,17.314764],"rotationMatrix":[-0.285788149,0.958292842,0,-0.958292842,-0.285788149,0,0,0,1],"scale":1.09429097,"type":"generibush"}
{"pos":[309.895966,-968.808899,14.5138311],"rotationMatrix":[0.566658437,0.823952794,0,-0.823952794,0.566658437,0,0,0,1],"scale":0.997218788,"type":"generibush"}
{"pos":[323.954651,-968.582336,11.0108814],"rotationMatrix":[-0.988119781,-0.153685749,0,0.153685749,-0.988119781,0,0,0,1],"scale":1.00138485,"type":"generibush"}
{"pos":[328.230896,-967.375977,11.0295782],"rotationMatrix":[0.553336263,0.832957983,0,-0.832957983,0.553336263,0,0,0,1],"scale":1.11280918,"type":"generibush"}
{"pos":[344.565582,-962.522156,10.8177624],"rotationMatrix":[-0.0472183898,0.998884618,0,-0.998884618,-0.0472183898,0,0,0,1],"scale":0.908849418,"type":"generibush"}
{"pos":[340.033081,-964.657349,10.614234],"rotationMatrix":[0.795013189,-0.606592119,0,0.606592119,0.795013189,0,0,0,1],"scale":1.17308402,"type":"generibush"}
{"pos":[163.62265,-963.929382,38.6426048],"rotationMatrix":[-0.955001473,-0.296601117,0,0.296601117,-0.955001473,0,0,0,1],"scale":0.952935398,"type":"generibush"}
{"pos":[176.431046,-965.819702,37.45895],"rotationMatrix":[-0.54878819,-0.835961461,0,0.835961461,-0.54878819,0,0,0,1],"scale":1.03876233,"type":"generibush"}
{"pos":[196.655975,-981.580872,32.934742],"rotationMatrix":[0.728743911,0.68478632,0,-0.68478632,0.728743911,0,0,0,1],"scale":0.91866827,"type":"generibush"}
{"pos":[104.73983,-922.283813,35.081955],"rotationMatrix":[0.997481048,0.0709331557,0,-0.0709331557,0.997481048,0,0,0,1],"scale":1.17354751,"type":"generibush"}
{"pos":[114.050034,-931.108826,39.2235794],"rotationMatrix":[-0.722375393,-0.691501081,0,0.691501081,-0.722375393,0,0,0,1],"scale":0.942645669,"type":"generibush"}
{"pos":[119.806328,-944.214478,38.978035],"rotationMatrix":[0.94229579,0.334781438,0,-0.334781438,0.94229579,0,0,0,1],"scale":1.13709235,"type":"generibush"}
{"pos":[79.8638153,-871.936768,30.7518196],"rotationMatrix":[-0.904089987,-0.427342117,0,0.427342117,-0.904089987,0,0,0,1],"scale":0.903903484,"type":"generibush"}
{"pos":[82.7054672,-875.190308,31.9454212],"rotationMatrix":[-0.53091073,-0.847427726,0,0.847427726,-0.53091073,0,0,0,1],"scale":1.00478601,"type":"generibush"}
{"pos":[9.96165562,-908.637756,10.1329155],"rotationMatrix":[-0.761979461,0.647601187,0,-0.647601187,-0.761979461,0,0,0,1],"scale":0.944735646,"type":"generibush"}
{"pos":[18.6209717,-899.997375,14.2423811],"rotationMatrix":[-0.501103699,0.865387201,0,-0.865387201,-0.501103699,0,0,0,1],"scale":1.08532834,"type":"generibush"}
{"pos":[16.0651398,-886.696716,14.0094204],"rotationMatrix":[-0.983783126,-0.179362163,0,0.179362163,-0.983783126,0,0,0,1],"scale":1.07315409,"type":"generibush"}
{"pos":[14.0739603,-894.626465,11.9438343],"rotationMatrix":[-0.948522031,-0.316711068,0,0.316711068,-0.948522031,0,0,0,1],"scale":0.94717443,"type":"generibush"}
{"pos":[12.1311321,-898.519714,10.8850689],"rotationMatrix":[0.407740504,0.913097858,0,-0.913097858,0.407740504,0,0,0,1],"scale":1.16518581,"type":"generibush"}
{"pos":[12.9150372,-915.000488,10.8943272],"rotationMatrix":[0.96613121,0.258051395,0,-0.258051395,0.96613121,0,0,0,1],"scale":1.02165067,"type":"generibush"}
{"pos":[453.275665,-957.327759,11.1986446],"rotationMatrix":[-0.589777708,0.807565629,0,-0.807565629,-0.589777708,0,0,0,1],"scale":1.02255595,"type":"generibush"}
{"pos":[440.993591,-958.427979,10.8061466],"rotationMatrix":[-0.269798934,-0.962916672,0,0.962916672,-0.269798934,0,0,0,1],"scale":0.945250511,"type":"generibush"}
{"pos":[437.688599,-960.776489,9.65890312],"rotationMatrix":[-0.539267778,-0.842134356,0,0.842134356,-0.539267778,0,0,0,1],"scale":0.955320954,"type":"generibush"}
{"pos":[433.119049,-963.168884,9.01865101],"rotationMatrix":[-0.66388309,-0.747836411,0,0.747836411,-0.66388309,0,0,0,1],"scale":1.10158777,"type":"generibush"}
{"pos":[428.420135,-959.368958,10.9614735],"rotationMatrix":[-0.833257258,0.552885473,0,-0.552885473,-0.833257258,0,0,0,1],"scale":1.0972569,"type":"generibush"}
{"pos":[426.475677,-960.760864,10.4995975],"rotationMatrix":[-0.197133526,-0.980376661,0,0.980376661,-0.197133526,0,0,0,1],"scale":1.03304422,"type":"generibush"}
{"pos":[421.885681,-961.441772,10.8139114],"rotationMatrix":[0.700145245,0.714000404,0,-0.714000404,0.700145245,0,0,0,1],"scale":1.05238128,"type":"generibush"}
{"pos":[418.657562,-964.041321,10.1858873],"rotationMatrix":[0.531644642,0.846967518,0,-0.846967518,0.531644642,0,0,0,1],"scale":1.02725697,"type":"generibush"}
{"pos":[479.178101,-942.939819,16.1887512],"rotationMatrix":[-0.572603345,0.819832563,0,-0.819832563,-0.572603345,0,0,0,1],"scale":0.9170928,"type":"generibush"}
{"pos":[481.066803,-943.898193,15.2186718],"rotationMatrix":[-0.848053038,0.529911399,0,-0.529911399,-0.848053038,0,0,0,1],"scale":1.10414255,"type":"generibush"}
{"pos":[476.848419,-945.248291,14.6756973],"rotationMatrix":[-0.89337486,-0.449312121,0,0.449312121,-0.89337486,0,0,0,1],"scale":1.01740885,"type":"generibush"}
{"pos":[541.280518,-947.304504,12.5138187],"rotationMatrix":[0.994574428,-0.104027636,0,0.104027636,0.994574428,0,0,0,1],"scale":0.925026476,"type":"generibush"}
{"pos":[530.427856,-949.204163,11.0458355],"rotationMatrix":[-0.232290298,0.972646475,0,-0.972646475,-0.232290298,0,0,0,1],"scale":1.17276609,"type":"generibush"}
{"pos":[519.103882,-947.282288,11.1363039],"rotationMatrix":[-0.931711853,-0.36319828,0,0.36319828,-0.931711853,0,0,0,1],"scale":1.15735364,"type":"generibush"}
{"pos":[483.980865,-924.044861,23.6524124],"rotationMatrix":[-0.210138515,0.977671623,0,-0.977671623,-0.210138515,0,0,0,1],"scale":0.995640635,"type":"generibush"}
{"pos":[502.24469,-923.391785,23.4584923],"rotationMatrix":[0.57439518,-0.818578184,0,0.818578184,0.57439518,0,0,0,1],"scale":1.09239149,"type":"generibush"}
{"pos":[505.148834,-924.311035,22.0010128],"rotationMatrix":[-0.171922579,0.985110462,0,-0.985110462,-0.171922579,0,0,0,1],"scale":1.06632268,"type":"generibush"}
{"pos":[879.827698,-940.250488,10.9352446],"rotationMatrix":[-0.814938784,0.579547048,0,-0.579547048,-0.814938784,0,0,0,1],"scale":1.03494501,"type":"generibush"}
{"pos":[880.77063,-926.985596,12.2702408],"rotationMatrix":[0.820505619,-0.571638405,0,0.571638405,0.820505619,0,0,0,1],"scale":1.12811375,"type":"generibush"}
{"pos":[880.247864,-921.343506,11.968112],"rotationMatrix":[0.58510232,-0.810959458,0,0.810959458,0.58510232,0,0,0,1],"scale":1.10707521,"type":"generibush"}
{"pos":[887.09436,-911.05426,12.8871288],"rotationMatrix":[0.992961466,0.118437879,0,-0.118437879,0.992961466,0,0,0,1],"scale":1.11966622,"type":"generibush"}
{"pos":[889.172302,-836.864807,22.5522346],"rotationMatrix":[0.609426379,0.792842686,0,-0.792842686,0.609426379,0,0,0,1],"scale":1.0620724,"type":"generibush"}
{"pos":[893.552551,-847.497192,19.3557854],"rotationMatrix":[0.446504265,-0.89478153,0,0.89478153,0.446504265,0,0,0,1],"scale":0.973103881,"type":"generibush"}
{"pos":[903.34729,-854.346252,14.018158],"rotationMatrix":[0.844263017,-0.535929084,0,0.535929084,0.844263017,0,0,0,1],"scale":1.03800142,"type":"generibush"}
{"pos":[904.259888,-850.305115,14.5441093],"rotationMatrix":[-0.980866015,-0.194684118,0,0.194684118,-0.980866015,0,0,0,1],"scale":0.97354722,"type":"generibush"}
{"pos":[907.21991,-853.523804,12.7898369],"rotationMatrix":[0.983735442,0.179623589,0,-0.179623589,0.983735442,0,0,0,1],"scale":0.962234378,"type":"generibush"}
{"pos":[898.62207,-868.533875,13.7644749],"rotationMatrix":[-0.716677666,0.697404563,0,-0.697404563,-0.716677666,0,0,0,1],"scale":1.00649655,"type":"generibush"}
{"pos":[872.921265,-843.458984,24.1708622],"rotationMatrix":[0.709010303,-0.705198169,0,0.705198169,0.709010303,0,0,0,1],"scale":1.04081178,"type":"generibush"}
{"pos":[877.149658,-848.918213,22.505291],"rotationMatrix":[0.994002402,0.109358326,0,-0.109358326,0.994002402,0,0,0,1],"scale":1.12182426,"type":"generibush"}
{"pos":[905.99884,-815.533936,15.2890024],"rotationMatrix":[-0.361376584,0.932419956,0,-0.932419956,-0.361376584,0,0,0,1],"scale":1.15494275,"type":"generibush"}
{"pos":[909.294189,-815.976562,13.4174232],"rotationMatrix":[0.480874866,0.876789212,0,-0.876789212,0.480874866,0,0,0,1],"scale":1.11558807,"type":"generibush"}
{"pos":[915.863098,-826.868652,11.5621529],"rotationMatrix":[-0.990462601,0.13778165,0,-0.13778165,-0.990462601,0,0,0,1],"scale":1.08399701,"type":"generibush"}
{"pos":[911.80835,-825.406311,12.3140535],"rotationMatrix":[0.314134002,0.949378669,0,-0.949378669,0.314134002,0,0,0,1],"scale":0.997472644,"type":"generibush"}
{"pos":[909.18866,-843.439087,12.5556126],"rotationMatrix":[0.528638124,0.84884727,0,-0.84884727,0.528638124,0,0,0,1],"scale":0.918886542,"type":"generibush"}
{"pos":[907.541199,-842.173401,13.4534388],"rotationMatrix":[0.705706716,0.708504081,0,-0.708504081,0.705706716,0,0,0,1],"scale":1.0583055,"type":"generibush"}
{"pos":[884.679321,-804.542542,28.6363449],"rotationMatrix":[0.535029173,0.844833553,0,-0.844833553,0.535029173,0,0,0,1],"scale":1.09121585,"type":"generibush"}
{"pos":[888.654968,-813.473328,25.4549637],"rotationMatrix":[-0.889101267,0.457710505,0,-0.457710505,-0.889101267,0,0,0,1],"scale":1.14103615,"type":"generibush"}
{"pos":[888.299316,-819.81958,24.0513],"rotationMatrix":[-0.993223846,0.116217218,0,-0.116217218,-0.993223846,0,0,0,1],"scale":1.18178427,"type":"generibush"}
{"pos":[890.621948,-823.154419,22.4536018],"rotationMatrix":[-0.875931799,-0.482434958,0,0.482434958,-0.875931799,0,0,0,1],"scale":1.01614869,"type":"generibush"}
{"pos":[895.977295,-824.915527,19.6737385],"rotationMatrix":[0.996740341,0.080676347,0,-0.080676347,0.996740341,0,0,0,1],"scale":1.07838774,"type":"generibush"}
{"pos":[900.530151,-823.38446,17.4349918],"rotationMatrix":[0.726151764,-0.687534451,0,0.687534451,0.726151764,0,0,0,1],"scale":0.915408194,"type":"generibush"}
{"pos":[903.466187,-827.432983,16.0147076],"rotationMatrix":[-0.174924865,-0.984581769,0,0.984581769,-0.174924865,0,0,0,1],"scale":0.983931661,"type":"generibush"}
{"pos":[-924.605957,-925.990356,43.5298615],"rotationMatrix":[0.84669143,-0.532084227,0,0.532084227,0.84669143,0,0,0,1],"scale":1.042943,"type":"generibush"}
{"pos":[-907.350159,-910.614319,40.2126732],"rotationMatrix":[0.631929874,-0.775025547,0,0.775025547,0.631929874,0,0,0,1],"scale":1.18075216,"type":"generibush"}
{"pos":[-893.553223,-904.308594,38.6815491],"rotationMatrix":[-0.978081465,-0.208222702,0,0.208222702,-0.978081465,0,0,0,1],"scale":1.00376832,"type":"generibush"}
{"pos":[-895.195679,-926.189087,34.4590988],"rotationMatrix":[-0.757698059,-0.652605236,0,0.652605236,-0.757698059,0,0,0,1],"scale":0.93628031,"type":"generibush"}
{"pos":[-895.955383,-922.483948,35.214386],"rotationMatrix":[-0.891266108,-0.453480691,0,0.453480691,-0.891266108,0,0,0,1],"scale":1.02598238,"type":"generibush"}
{"pos":[-892.138184,-925.038208,35.4039383],"rotationMatrix":[-0.581457138,-0.813576996,0,0.813576996,-0.581457138,0,0,0,1],"scale":1.1343745,"type":"generibush"}
{"pos":[-890.606384,-935.203796,31.2182083],"rotationMatrix":[0.998809576,-0.0487792641,0,0.0487792641,0.998809576,0,0,0,1],"scale":0.994797945,"type":"generibush"}
{"pos":[-895.7323,-892.693115,38.776741],"rotationMatrix":[0.107308157,-0.9942258,0,0.9942258,0.107308157,0,0,0,1],"scale":0.946935773,"type":"generibush"}
{"pos":[-878.585449,-857.313599,38.1542206],"rotationMatrix":[-0.89810586,-0.439779311,0,0.439779311,-0.89810586,0,0,0,1],"scale":1.16927361,"type":"generibush"}
{"pos":[-882.112976,-859.070312,37.9963264],"rotationMatrix":[-0.759773731,-0.650187552,0,0.650187552,-0.759773731,0,0,0,1],"scale":1.13254893,"type":"generibush"}
{"pos":[-934.853943,-987.657654,12.4113827],"rotationMatrix":[-0.924708426,0.380676091,0,-0.380676091,-0.924708426,0,0,0,1],"scale":0.998704135,"type":"generibush"}
{"pos":[-920.670471,-982.711182,13.7258759],"rotationMatrix":[-0.947367728,0.320147455,0,-0.320147455,-0.947367728,0,0,0,1],"scale":1.07630932,"type":"generibush"}
{"pos":[-921.801575,-985.390869,12.3058405],"rotationMatrix":[0.990094543,0.140402108,0,-0.140402108,0.990094543,0,0,0,1],"scale":0.986042738,"type":"generibush"}
{"pos":[-911.700989,-975.236572,16.099226],"rotationMatrix":[-0.143874794,-0.98959589,0,0.98959589,-0.143874794,0,0,0,1],"scale":1.06395745,"type":"generibush"}
{"pos":[-824.010986,-952.467896,13.1534157],"rotationMatrix":[-0.984006703,-0.178131551,0,0.178131551,-0.984006703,0,0,0,1],"scale":1.06125546,"type":"generibush"}
{"pos":[-833.088806,-956.553223,13.2464638],"rotationMatrix":[0.176749423,0.98425591,0,-0.98425591,0.176749423,0,0,0,1],"scale":1.06099963,"type":"generibush"}
{"pos":[-829.332092,-960.052612,11.7598543],"rotationMatrix":[0.592803419,-0.805347204,0,0.805347204,0.592803419,0,0,0,1],"scale":0.900757074,"type":"generibush"}
{"pos":[-833.849609,-958.479431,12.789134],"rotationMatrix":[-0.999088228,-0.0426938981,0,0.0426938981,-0.999088228,0,0,0,1],"scale":0.989896834,"type":"generibush"}
{"pos":[-842.188904,-966.340393,11.33463],"rotationMatrix":[0.996958137,0.0779388919,0,-0.0779388919,0.996958137,0,0,0,1],"scale":0.950207651,"type":"generibush"}
{"pos":[-839.667419,-964.797791,11.1796398],"rotationMatrix":[0.997217655,-0.074544616,0,0.074544616,0.997217655,0,0,0,1],"scale":1.14592731,"type":"generibush"}
{"pos":[-819.258423,-943.081116,15.5212374],"rotationMatrix":[-0.896435559,0.443174064,0,-0.443174064,-0.896435559,0,0,0,1],"scale":1.1371032,"type":"generibush"}
{"pos":[-820.619812,-939.104248,17.0496769],"rotationMatrix":[0.95508033,-0.296347082,0,0.296347082,0.95508033,0,0,0,1],"scale":1.1791544,"type":"generibush"}
{"pos":[-826.383179,-940.830322,17.4202766],"rotationMatrix":[-0.921925366,0.387367606,0,-0.387367606,-0.921925366,0,0,0,1],"scale":1.00995398,"type":"generibush"}
{"pos":[-902.407715,-946.097351,29.4592285],"rotationMatrix":[-0.97269243,0.232097924,0,-0.232097924,-0.97269243,0,0,0,1],"scale":1.02736497,"type":"generibush"}
{"pos":[-971.240906,-995.899658,10.6583614],"rotationMatrix":[-0.362724692,0.931896329,0,-0.931896329,-0.362724692,0,0,0,1],"scale":1.11520815,"type":"generibush"}
{"pos":[-769.94397,-786.696289,11.3691502],"rotationMatrix":[-0.370702177,-0.928751767,0,0.928751767,-0.370702177,0,0,0,1],"scale":1.00473249,"type":"generibush"}
{"pos":[-767.190063,-787.223999,9.24357986],"rotationMatrix":[0.0977891758,0.995207131,0,-0.995207131,0.0977891758,0,0,0,1],"scale":1.07829237,"type":"generibush"}
{"pos":[-773.387878,-800.40509,14.2002096],"rotationMatrix":[0.999854386,0.0170654748,0,-0.0170654748,0.999854386,0,0,0,1],"scale":0.959148645,"type":"generibush"}
{"pos":[-806.027466,-872.41626,9.94363403],"rotationMatrix":[-0.993794024,-0.111235879,0,0.111235879,-0.993794024,0,0,0,1],"scale":0.902162611,"type":"generibush"}
{"pos":[-703.884155,-835.864624,14.3078976],"rotationMatrix":[0.280261487,-0.959923685,0,0.959923685,0.280261487,0,0,0,1],"scale":1.07133722,"type":"generibush"}
{"pos":[-707.113708,-833.125427,13.301816],"rotationMatrix":[0.506465375,-0.862260282,0,0.862260282,0.506465375,0,0,0,1],"scale":1.04474247,"type":"generibush"}
{"pos":[-705.476624,-828.874695,14.4639149],"rotationMatrix":[0.992194891,0.124696799,0,-0.124696799,0.992194891,0,0,0,1],"scale":1.17048705,"type":"generibush"}
{"pos":[-707.083191,-826.584045,13.3451271],"rotationMatrix":[0.604490697,-0.796612203,0,0.796612203,0.604490697,0,0,0,1],"scale":1.15059638,"type":"generibush"}
{"pos":[-703.594177,-825.170593,15.0301943],"rotationMatrix":[-0.831442535,0.555610776,0,-0.555610776,-0.831442535,0,0,0,1],"scale":0.996506751,"type":"generibush"}
{"pos":[-693.192749,-874.968994,17.7238483],"rotationMatrix":[-0.909118474,-0.416537672,0,0.416537672,-0.909118474,0,0,0,1],"scale":1.19879603,"type":"generibush"}
{"pos":[-701.784485,-875.757385,14.2019863],"rotationMatrix":[-0.298759431,-0.954328477,0,0.954328477,-0.298759431,0,0,0,1],"scale":0.945935369,"type":"generibush"}
{"pos":[-672.281311,-895.718689,16.2339973],"rotationMatrix":[-0.601476312,-0.79889065,0,0.79889065,-0.601476312,0,0,0,1],"scale":1.01413012,"type":"generibush"}
{"pos":[-647.668396,-899.695007,15.292738],"rotationMatrix":[0.75087142,-0.660448372,0,0.660448372,0.75087142,0,0,0,1],"scale":1.18527448,"type":"generibush"}
{"pos":[-662.712708,-860.36438,39.0915947],"rotationMatrix":[0.708845019,0.705364227,0,-0.705364227,0.708845019,0,0,0,1],"scale":0.97406882,"type":"generibush"}
{"pos":[-654.787964,-856.333435,40.9746132],"rotationMatrix":[-0.465604275,0.884993017,0,-0.884993017,-0.465604275,0,0,0,1],"scale":1.16319466,"type":"generibush"}
{"pos":[-674.019409,-801.462585,39.8208809],"rotationMatrix":[-0.851580977,-0.524223089,0,0.524223089,-0.851580977,0,0,0,1],"scale":1.14066291,"type":"generibush"}
{"pos":[-673.577881,-805.032959,40.8987808],"rotationMatrix":[-0.67682308,-0.736145735,0,0.736145735,-0.67682308,0,0,0,1],"scale":1.12096381,"type":"generibush"}
{"pos":[-670.529297,-808.508423,40.2996025],"rotationMatrix":[-0.200254068,0.979744017,0,-0.979744017,-0.200254068,0,0,0,1],"scale":1.00556874,"type":"generibush"}
{"pos":[-649.822632,-808.946289,43.0385246],"rotationMatrix":[-0.985040605,0.172322407,0,-0.172322407,-0.985040605,0,0,0,1],"scale":1.05297148,"type":"generibush"}
{"pos":[-689.84491,-765.648865,35.3599205],"rotationMatrix":[0.0577746145,-0.998329639,0,0.998329639,0.0577746145,0,0,0,1],"scale":1.12405491,"type":"generibush"}
{"pos":[-709.219849,-879.180786,12.1525049],"rotationMatrix":[-0.41336301,-0.91056633,0,0.91056633,-0.41336301,0,0,0,1],"scale":0.925037861,"type":"generibush"}
{"pos":[-707.93396,-875.615417,11.3346443],"rotationMatrix":[0.725255728,-0.688479543,0,0.688479543,0.725255728,0,0,0,1],"scale":0.971881866,"type":"generibush"}
{"pos":[-580.24176,-919.886292,12.3646584],"rotationMatrix":[-0.794062138,0.607836604,0,-0.607836604,-0.794062138,0,0,0,1],"scale":1.08100677,"type":"generibush"}
{"pos":[-604.223022,-915.599365,15.4160843],"rotationMatrix":[-0.953969777,0.299902827,0,-0.299902827,-0.953969777,0,0,0,1],"scale":1.09797168,"type":"generibush"}
{"pos":[-608.231628,-914.055176,15.9624405],"rotationMatrix":[0.223356992,-0.974736691,0,0.974736691,0.223356992,0,0,0,1],"scale":1.00211,"type":"generibush"}
{"pos":[-608.469482,-902.475586,25.1574821],"rotationMatrix":[0.999455214,0.0330047905,0,-0.0330047905,0.999455214,0,0,0,1],"scale":1.09108973,"type":"generibush"}
{"pos":[-582.856201,-894.046082,32.5008392],"rotationMatrix":[-0.918919444,-0.39444527,0,0.39444527,-0.918919444,0,0,0,1],"scale":1.03526318,"type":"generibush"}
{"pos":[-572.245544,-896.885498,26.9660168],"rotationMatrix":[0.83426249,-0.551367462,0,0.551367462,0.83426249,0,0,0,1],"scale":0.93839401,"type":"generibush"}
