{"pos":[803.101868,-2.34537125,51.9893646],"rotationMatrix":[0.950085461,-0.311989635,0,0.311989635,0.950085461,0,-0,0,0.999999881],"scale":1.17640674,"type":"generibush"}
{"pos":[799.433167,-13.0802727,52.1700516],"rotationMatrix":[0.784124315,0.6206038,0,-0.6206038,0.784124315,-0,-0,0,0.999999881],"scale":0.952366352,"type":"generibush"}
{"pos":[800.408569,-19.7546406,52.1370735],"rotationMatrix":[0.538055658,-0.842909276,0,0.842909276,0.538055658,0,-0,0,0.999999881],"scale":1.00567007,"type":"generibush"}
{"pos":[798.152649,-25.9139137,52.0015755],"rotationMatrix":[0.173889205,0.984765232,0,-0.984765232,0.173889205,-0,-0,0,0.999999881],"scale":0.915164649,"type":"generibush"}
{"pos":[798.925354,-27.7165356,52.0745277],"rotationMatrix":[-0.378852963,-0.925456822,0,0.925456822,-0.378852963,0,-0,0,0.999999881],"scale":0.935007453,"type":"generibush"}
{"pos":[797.124695,-40.8820953,51.9287109],"rotationMatrix":[0.15084137,0.988557875,0,-0.988557875,0.15084137,-0,-0,0,0.999999881],"scale":0.994959176,"type":"generibush"}
{"pos":[804.179749,-50.8976402,51.9287109],"rotationMatrix":[-0.122639894,0.992451131,-0,-0.992451131,-0.122639894,0,-0,0,0.999999881],"scale":1.1951853,"type":"generibush"}
{"pos":[801.493103,-57.2043457,51.9360352],"rotationMatrix":[-0.319199979,-0.947687328,0,0.947687328,-0.319199979,0,-0,0,0.999999881],"scale":1.05636311,"type":"generibush"}
{"pos":[804.547241,-59.0030975,51.9360352],"rotationMatrix":[-0.938838065,-0.344358772,0,0.344358772,-0.938838065,0,-0,0,0.999999881],"scale":0.919789314,"type":"generibush"}
{"pos":[811.751343,-71.5890045,53.6996841],"rotationMatrix":[0.998189211,-0.0601497255,0,0.0601497255,0.998189211,0,-0,0,0.999999881],"scale":0.908929944,"type":"generibush"}
{"pos":[815.309021,-90.3110275,58.0414505],"rotationMatrix":[-0.641558051,-0.767074287,0,0.767074287,-0.641558051,0,-0,0,0.999999881],"scale":1.13405144,"type":"generibush"}
{"pos":[819.152588,-91.372139,58.0499268],"rotationMatrix":[0.823002279,0.568038046,0,-0.568038046,0.823002279,-0,-0,0,0.999999881],"scale":0.917255998,"type":"generibush"}
{"pos":[822.427063,-101.012268,58.0499268],"rotationMatrix":[-0.90417558,-0.4271608,0,0.4271608,-0.90417558,0,-0,0,0.999999881],"scale":1.02702963,"type":"generibush"}
{"pos":[824.607544,-103.277466,58.0499268],"rotationMatrix":[-0.681381404,-0.731928527,0,0.731928527,-0.681381404,0,-0,0,0.999999881],"scale":0.932796359,"type":"generibush"}
{"pos":[825.561584,-107.764755,58.0499268],"rotationMatrix":[-0.999446154,-0.0332758091,0,0.0332758091,-0.999446154,0,-0,0,0.999999881],"scale":1.16748381,"type":"generibush"}
{"pos":[815.296631,-128.889984,58.0499268],"rotationMatrix":[-0.999956489,-0.00932361186,0,0.00932361186,-0.999956489,0,-0,0,0.999999881],"scale":0.983500719,"type":"generibush"}
{"pos":[812.736023,-133.356339,58.0499268],"rotationMatrix":[-0.36441651,0.931235969,-0,-0.931235969,-0.36441651,0,-0,0,0.999999881],"scale":1.11784887,"type":"generibush"}
{"pos":[803.2854,-146.527695,58.0462646],"rotationMatrix":[-0.759636521,-0.65034765,0,0.65034765,-0.759636521,0,-0,0,0.999999881],"scale":0.917345285,"type":"generibush"}
{"pos":[801.555481,-144.02005,58.0488739],"rotationMatrix":[0.0991976932,0.995067656,0,-0.995067656,0.0991976932,-0,-0,0,0.999999881],"scale":0.982123137,"type":"generibush"}
{"pos":[784.865051,-158.576797,58.0462646],"rotationMatrix":[0.415371835,-0.909651577,0,0.909651577,0.415371835,0,-0,0,0.999999881],"scale":1.1397295,"type":"generibush"}
{"pos":[780.81427,-161.912979,58.0462646],"rotationMatrix":[-0.910384715,0.413762748,-0,-0.413762748,-0.910384715,0,-0,0,0.999999881],"scale":1.0721941,"type":"generibush"}
{"pos":[775.291687,-122.367134,58.5507927],"rotationMatrix":[0.252613842,-0.967567086,0,0.967567086,0.252613842,0,-0,0,0.999999881],"scale":1.16609406,"type":"generibush"}
{"pos":[783.060303,-115.782631,58.1834564],"rotationMatrix":[0.241968825,0.970284045,0,-0.970284045,0.241968825,-0,-0,0,0.999999881],"scale":1.02220893,"type":"generibush"}
{"pos":[779.594055,-116.901184,58.2378998],"rotationMatrix":[0.886678874,-0.462385505,0,0.462385505,0.886678874,0,-0,0,0.999999881],"scale":0.992367744,"type":"generibush"}
{"pos":[787.920959,-118.611336,58.0464096],"rotationMatrix":[0.741363466,-0.671103537,0,0.671103537,0.741363466,0,-0,0,0.999999881],"scale":0.934050798,"type":"generibush"}
{"pos":[766.138306,-110.45388,58.0469971],"rotationMatrix":[-0.683222353,-0.730210245,0,0.730210245,-0.683222353,0,-0,0,0.999999881],"scale":1.00667202,"type":"generibush"}
{"pos":[779.72168,-85.6292114,53.8661613],"rotationMatrix":[0.783152401,-0.621829629,0,0.621829629,0.783152401,0,-0,0,0.999999881],"scale":1.01235819,"type":"generibush"}
{"pos":[883.309998,-57.5794868,67.2800217],"rotationMatrix":[-0.0210978258,0.999777317,-0,-0.999777317,-0.0210978258,0,-0,0,0.999999881],"scale":1.16834426,"type":"generibush"}
{"pos":[868.834412,-50.8028908,65.811142],"rotationMatrix":[0.269303888,-0.963055134,0,0.963055134,0.269303888,0,-0,0,0.999999881],"scale":1.10225058,"type":"generibush"}
{"pos":[819.669495,-44.1168594,56.7806778],"rotationMatrix":[-0.992524803,0.122042671,-0,-0.122042671,-0.992524803,0,-0,0,0.999999881],"scale":1.016922,"type":"generibush"}
{"pos":[815.293823,-41.3514862,56.480751],"rotationMatrix":[0.830538034,-0.556961656,0,0.556961656,0.830538034,0,-0,0,0.999999881],"scale":0.929997802,"type":"generibush"}
{"pos":[801.52002,2.84037352,51.9391861],"rotationMatrix":[-0.840107322,-0.542420208,0,0.542420208,-0.840107322,0,-0,0,0.999999881],"scale":0.962713242,"type":"generibush"}
{"pos":[797.592529,-0.713485241,51.9287109],"rotationMatrix":[-0.950151503,0.311788559,-0,-0.311788559,-0.950151503,0,-0,0,0.999999881],"scale":1.0512141,"type":"generibush"}
{"pos":[801.030579,-1.64716959,51.9288788],"rotationMatrix":[0.99901551,-0.0443599895,0,0.0443599895,0.99901551,0,-0,0,0.999999881],"scale":0.916314781,"type":"generibush"}
{"pos":[745.348022,-215.554642,64.0393066],"rotationMatrix":[0.344951242,0.938620627,0,-0.938620627,0.344951242,-0,-0,0,0.999999881],"scale":0.919673026,"type":"generibush"}
{"pos":[747.69928,-214.214706,64.0393066],"rotationMatrix":[-0.63121748,-0.775605738,0,0.775605738,-0.63121748,0,-0,0,0.999999881],"scale":1.19254386,"type":"generibush"}
{"pos":[746.707214,-219.721664,64.0393066],"rotationMatrix":[0.0537576415,-0.998553932,0,0.998553932,0.0537576415,0,-0,0,0.999999881],"scale":1.18787992,"type":"generibush"}
{"pos":[732.467346,-199.320648,58.041996],"rotationMatrix":[0.0511760302,-0.998689532,0,0.998689532,0.0511760302,0,-0,0,0.999999881],"scale":1.07882333,"type":"generibush"}
{"pos":[734.175293,-196.697342,58.0981979],"rotationMatrix":[0.988114417,-0.153719395,0,0.153719395,0.988114417,0,-0,0,0.999999881],"scale":1.18209887,"type":"generibush"}
{"pos":[734.860413,-194.430267,57.9925919],"rotationMatrix":[-0.711463392,0.702723026,-0,-0.702723026,-0.711463392,0,-0,0,0.999999881],"scale":1.0645107,"type":"generibush"}
{"pos":[735.71521,-189.165512,57.9926414],"rotationMatrix":[-0.991285563,-0.13173008,0,0.13173008,-0.991285563,0,-0,0,0.999999881],"scale":1.01738107,"type":"generibush"}
{"pos":[734.878113,-186.184235,57.9929428],"rotationMatrix":[0.635986984,-0.771699667,0,0.771699667,0.635986984,0,-0,0,0.999999881],"scale":1.00626719,"type":"generibush"}
{"pos":[739.46991,-183.933197,58.0499268],"rotationMatrix":[0.0900424495,-0.995937765,0,0.995937765,0.0900424495,0,-0,0,0.999999881],"scale":0.921300828,"type":"generibush"}
{"pos":[743.203552,-182.777466,58.0499268],"rotationMatrix":[-0.998859525,0.047743842,-0,-0.047743842,-0.998859525,0,-0,0,0.999999881],"scale":1.04664922,"type":"generibush"}
{"pos":[745.635254,-195.998978,58.0474243],"rotationMatrix":[-0.880159795,-0.474677473,0,0.474677473,-0.880159795,0,-0,0,0.999999881],"scale":1.18394756,"type":"generibush"}
{"pos":[748.906921,-196.03273,58.1172791],"rotationMatrix":[0.793584406,0.608460128,0,-0.608460128,0.793584406,-0,-0,0,0.999999881],"scale":1.05721104,"type":"generibush"}
{"pos":[749.033752,-190.386368,58.0462646],"rotationMatrix":[0.642469704,0.766311049,0,-0.766311049,0.642469704,-0,-0,0,0.999999881],"scale":1.11475861,"type":"generibush"}
{"pos":[756.711731,-189.183731,58.0689316],"rotationMatrix":[0.784412444,0.620239556,0,-0.620239556,0.784412444,-0,-0,0,0.999999881],"scale":1.01946104,"type":"generibush"}
{"pos":[756.8573,-180.933212,58.0484772],"rotationMatrix":[0.998071253,-0.0620780066,0,0.0620780066,0.998071253,0,-0,0,0.999999881],"scale":1.03672647,"type":"generibush"}
{"pos":[762.624878,-177.498718,58.0462646],"rotationMatrix":[-0.258859813,-0.965914786,0,0.965914786,-0.258859813,0,-0,0,0.999999881],"scale":1.09481764,"type":"generibush"}
{"pos":[766.316284,-173.82225,58.0462646],"rotationMatrix":[-0.323650718,0.946176469,-0,-0.946176469,-0.323650718,0,-0,0,0.999999881],"scale":0.941588402,"type":"generibush"}
{"pos":[769.177063,-169.471222,58.0469093],"rotationMatrix":[-0.901674926,-0.432414353,0,0.432414353,-0.901674926,0,-0,0,0.999999881],"scale":0.901744425,"type":"generibush"}
{"pos":[775.764526,-165.780289,58.0462646],"rotationMatrix":[0.802816689,0.596225917,0,-0.596225917,0.802816689,-0,-0,0,0.999999881],"scale":1.1300559,"type":"generibush"}
{"pos":[805.163452,-144.120392,58.0462646],"rotationMatrix":[-0.448514372,0.893775523,-0,-0.893775523,-0.448514372,0,-0,0,0.999999881],"scale":0.999253392,"type":"generibush"}
{"pos":[797.850098,-153.496216,58.1011391],"rotationMatrix":[-0.963438749,0.267928421,-0,-0.267928421,-0.963438749,0,-0,0,0.999999881],"scale":1.06108594,"type":"generibush"}
{"pos":[759.23999,-182.912125,58.0465431],"rotationMatrix":[-0.44627893,0.894893765,-0,-0.894893765,-0.44627893,0,-0,0,0.999999881],"scale":0.992290139,"type":"generibush"}
{"pos":[750.157837,-182.475906,58.0499268],"rotationMatrix":[0.811253846,-0.584693849,0,0.584693849,0.811253846,0,-0,0,0.999999881],"scale":0.98423636,"type":"generibush"}
{"pos":[835.156738,-71.8751907,63.8212891],"rotationMatrix":[-0.890918672,0.454162568,-0,-0.454162568,-0.890918672,0,-0,0,0.999999881],"scale":1.05653048,"type":"generibush"}
{"pos":[838.109497,-74.5622177,64.0119019],"rotationMatrix":[0.021982979,0.999758244,0,-0.999758244,0.021982979,-0,-0,0,0.999999881],"scale":0.922771454,"type":"generibush"}
{"pos":[832.699768,-77.5288773,64.0224915],"rotationMatrix":[-0.999987006,-0.00509656407,0,0.00509656407,-0.999987006,0,-0,0,0.999999881],"scale":1.12715578,"type":"generibush"}
{"pos":[835.725342,-79.923645,64.038887],"rotationMatrix":[-0.986157715,0.165809527,-0,-0.165809527,-0.986157715,0,-0,0,0.999999881],"scale":0.932420313,"type":"generibush"}
{"pos":[841.385986,-81.8707428,64.0393066],"rotationMatrix":[0.94862324,-0.316407651,0,0.316407651,0.94862324,0,-0,0,0.999999881],"scale":0.974627852,"type":"generibush"}
{"pos":[838.145752,-86.7534485,64.0393066],"rotationMatrix":[0.994079292,0.108656332,0,-0.108656332,0.994079292,-0,-0,0,0.999999881],"scale":0.912900031,"type":"generibush"}
{"pos":[840.964661,-85.5133286,64.0393066],"rotationMatrix":[-0.864731252,-0.502234697,0,0.502234697,-0.864731252,0,-0,0,0.999999881],"scale":0.988300145,"type":"generibush"}
{"pos":[837.507385,-90.54879,64.0357056],"rotationMatrix":[0.883724213,-0.468007743,0,0.468007743,0.883724213,0,-0,0,0.999999881],"scale":1.01746893,"type":"generibush"}
{"pos":[841.788452,-93.0279388,64.0393066],"rotationMatrix":[-0.849313498,-0.527888596,0,0.527888596,-0.849313498,0,-0,0,0.999999881],"scale":1.10504043,"type":"generibush"}
{"pos":[847.033142,-95.5605469,64.0393066],"rotationMatrix":[-0.940921724,-0.338623971,0,0.338623971,-0.940921724,0,-0,0,0.999999881],"scale":0.972505331,"type":"generibush"}
{"pos":[842.695862,-95.9754944,64.0393066],"rotationMatrix":[-0.950262189,-0.311451048,0,0.311451048,-0.950262189,0,-0,0,0.999999881],"scale":0.996399999,"type":"generibush"}
{"pos":[844.780518,-115.123993,64.036499],"rotationMatrix":[0.768877745,-0.639395654,0,0.639395654,0.768877745,0,-0,0,0.999999881],"scale":1.17367935,"type":"generibush"}
{"pos":[847.825317,-116.4468,64.0393066],"rotationMatrix":[0.50100565,-0.865444005,0,0.865444005,0.50100565,0,-0,0,0.999999881],"scale":0.963746607,"type":"generibush"}
{"pos":[842.95929,-129.697037,64.0393066],"rotationMatrix":[-0.943199635,0.332226247,-0,-0.332226247,-0.943199635,0,-0,0,0.999999881],"scale":1.18059683,"type":"generibush"}
{"pos":[839.914673,-128.206314,63.919632],"rotationMatrix":[0.233515367,-0.972353041,0,0.972353041,0.233515367,0,-0,0,0.999999881],"scale":1.08940244,"type":"generibush"}
{"pos":[838.899475,-135.864349,64.0393066],"rotationMatrix":[-0.835312784,0.549774647,-0,-0.549774647,-0.835312784,0,-0,0,0.999999881],"scale":0.954641342,"type":"generibush"}
{"pos":[846.265381,-122.332123,64.0393066],"rotationMatrix":[0.999991298,0.00414877245,0,-0.00414877245,0.999991298,-0,-0,0,0.999999881],"scale":1.01371753,"type":"generibush"}
{"pos":[851.43158,-115.145157,64.0393066],"rotationMatrix":[0.111323535,-0.99378413,0,0.99378413,0.111323535,0,-0,0,0.999999881],"scale":1.03628826,"type":"generibush"}
{"pos":[847.946228,-103.200859,64.0393066],"rotationMatrix":[-0.691808522,0.722080946,-0,-0.722080946,-0.691808522,0,-0,0,0.999999881],"scale":1.14745569,"type":"generibush"}
{"pos":[840.354187,-77.2009506,64.0311661],"rotationMatrix":[-0.668211162,0.743971407,-0,-0.743971407,-0.668211162,0,-0,0,0.999999881],"scale":1.19461024,"type":"generibush"}
{"pos":[836.15387,-69.3225784,63.6954956],"rotationMatrix":[0.791137397,-0.611638248,0,0.611638248,0.791137397,0,-0,0,0.999999881],"scale":1.01387239,"type":"generibush"}
{"pos":[857.479919,-84.9920578,66.2052765],"rotationMatrix":[-0.489619404,0.871936083,-0,-0.871936083,-0.489619404,0,-0,0,0.999999881],"scale":1.16298449,"type":"generibush"}
{"pos":[869.019897,-88.9142303,67.2970581],"rotationMatrix":[0.660096586,0.751180708,0,-0.751180708,0.660096586,-0,-0,0,0.999999881],"scale":1.18019128,"type":"generibush"}
{"pos":[859.9021,-82.8364105,65.9586487],"rotationMatrix":[0.781166553,-0.624322474,0,0.624322474,0.781166553,0,-0,0,0.999999881],"scale":1.12874818,"type":"generibush"}
{"pos":[843.80481,-83.4629364,64.0393066],"rotationMatrix":[-0.999946773,0.0103062624,-0,-0.0103062624,-0.999946773,0,-0,0,0.999999881],"scale":0.905772448,"type":"generibush"}
{"pos":[852.432556,-92.5050583,64.5591583],"rotationMatrix":[-0.934623957,0.355637223,-0,-0.355637223,-0.934623957,0,-0,0,0.999999881],"scale":1.06371593,"type":"generibush"}
{"pos":[856.322937,-109.646614,64.1185837],"rotationMatrix":[0.981691837,-0.190475494,0,0.190475494,0.981691837,0,-0,0,0.999999881],"scale":1.16312349,"type":"generibush"}
{"pos":[849.321838,-99.5691757,64.0487366],"rotationMatrix":[-0.374125093,0.927378118,-0,-0.927378118,-0.374125093,0,-0,0,0.999999881],"scale":0.915887654,"type":"generibush"}
{"pos":[848.129639,-88.3373795,64.1496887],"rotationMatrix":[0.539997578,0.841666639,0,-0.841666639,0.539997578,-0,-0,0,0.999999881],"scale":1.04184473,"type":"generibush"}
{"pos":[859.580078,-102.79789,64.5424347],"rotationMatrix":[0.961237371,0.275721818,0,-0.275721818,0.961237371,-0,-0,0,0.999999881],"scale":1.14959323,"type":"generibush"}
{"pos":[860.912903,-106.476936,64.1810379],"rotationMatrix":[0.485678643,-0.874137402,0,0.874137402,0.485678643,0,-0,0,0.999999881],"scale":1.16222167,"type":"generibush"}
{"pos":[848.232056,-125.206154,64.0630493],"rotationMatrix":[-0.945879996,-0.324516475,0,0.324516475,-0.945879996,0,-0,0,0.999999881],"scale":1.04938471,"type":"generibush"}
{"pos":[845.837524,-119.345047,64.0390091],"rotationMatrix":[-0.388910025,0.921275616,-0,-0.921275616,-0.388910025,0,-0,0,0.999999881],"scale":0.925867796,"type":"generibush"}
{"pos":[850.446289,-119.524498,64.0393066],"rotationMatrix":[0.612820685,0.790221989,0,-0.790221989,0.612820685,-0,-0,0,0.999999881],"scale":1.19788599,"type":"generibush"}
{"pos":[837.009338,-99.482872,63.9366837],"rotationMatrix":[0.0911871567,0.995833695,0,-0.995833695,0.0911871567,-0,-0,0,0.999999881],"scale":1.03172839,"type":"generibush"}
{"pos":[831.132202,-71.0828934,63.5998192],"rotationMatrix":[0.526679397,0.850064039,0,-0.850064039,0.526679397,-0,-0,0,0.999999881],"scale":0.993480921,"type":"generibush"}
{"pos":[720.06665,-159.585938,58.8779144],"rotationMatrix":[0.642117441,-0.766606092,0,0.766606092,0.642117441,0,-0,0,0.999999881],"scale":1.08525372,"type":"generibush"}
{"pos":[731.112793,-126.163132,60.0664062],"rotationMatrix":[0.99012512,-0.140186086,0,0.140186086,0.99012512,0,-0,0,0.999999881],"scale":0.905553162,"type":"generibush"}
{"pos":[735.83783,-131.088501,60.0325928],"rotationMatrix":[-0.147302851,-0.989091337,0,0.989091337,-0.147302851,0,-0,0,0.999999881],"scale":0.954734504,"type":"generibush"}
{"pos":[734.72229,-135.319717,59.4772644],"rotationMatrix":[-0.857158542,0.515052617,-0,-0.515052617,-0.857158542,0,-0,0,0.999999881],"scale":1.05392742,"type":"generibush"}
{"pos":[709.752625,-168.837509,59.4277649],"rotationMatrix":[-0.998466015,0.0553656928,-0,-0.0553656928,-0.998466015,0,-0,0,0.999999881],"scale":0.9686867,"type":"generibush"}
{"pos":[712.245178,-171.409302,59.6156387],"rotationMatrix":[-0.997817814,0.0660256743,-0,-0.0660256743,-0.997817814,0,-0,0,0.999999881],"scale":0.925210118,"type":"generibush"}
{"pos":[718.812256,-169.862549,59.239769],"rotationMatrix":[-0.0907841548,-0.995870411,0,0.995870411,-0.0907841548,0,-0,0,0.999999881],"scale":0.980069637,"type":"generibush"}
{"pos":[706.330505,-169.380554,58.7104683],"rotationMatrix":[-0.713177621,0.700983107,0,-0.700983107,-0.713177621,0,0,0,0.999999881],"scale":1.00168204,"type":"generibush"}
{"pos":[716.553467,-171.461807,59.3902283],"rotationMatrix":[0.9066208,0.421946287,0,-0.421946287,0.9066208,-0,-0,0,0.999999881],"scale":0.957028747,"type":"generibush"}
{"pos":[836.082275,-144.835159,70.2330475],"rotationMatrix":[-0.467292517,-0.884102762,0,0.884102762,-0.467292517,0,-0,0,0.999999881],"scale":0.984192967,"type":"generibush"}
{"pos":[803.616638,-172.406052,70.9675598],"rotationMatrix":[-0.520839155,-0.853654802,0,0.853654802,-0.520839155,0,-0,0,0.999999881],"scale":1.15951109,"type":"generibush"}
{"pos":[808.896118,-177.66748,71.1987305],"rotationMatrix":[0.712445617,-0.701727152,0,0.701727152,0.712445617,0,-0,0,0.999999881],"scale":1.06937873,"type":"generibush"}
{"pos":[765.330078,-232.615967,71.0186615],"rotationMatrix":[0.156803414,-0.987629712,0,0.987629712,0.156803414,0,-0,0,0.999999881],"scale":0.941315293,"type":"generibush"}
{"pos":[758.073792,-241.751343,69.9993896],"rotationMatrix":[-0.538027227,0.842927277,-0,-0.842927277,-0.538027227,0,-0,0,0.999999881],"scale":1.03397882,"type":"generibush"}
{"pos":[756.066528,-232.417847,69.9993896],"rotationMatrix":[0.0262894444,-0.999654233,0,0.999654233,0.0262894444,0,-0,0,0.999999881],"scale":1.09320688,"type":"generibush"}
{"pos":[758.920715,-237.371582,69.9993896],"rotationMatrix":[0.468627393,-0.883395791,0,0.883395791,0.468627393,0,-0,0,0.999999881],"scale":0.995255113,"type":"generibush"}
{"pos":[767.236084,-222.312469,70.9537354],"rotationMatrix":[-0.735091448,0.677967668,-0,-0.677967668,-0.735091448,0,-0,0,0.999999881],"scale":1.06596017,"type":"generibush"}
{"pos":[760.82666,-223.670273,69.9993896],"rotationMatrix":[0.886788785,0.462174833,0,-0.462174833,0.886788785,-0,-0,0,0.999999881],"scale":1.16796196,"type":"generibush"}
{"pos":[779.383179,-202.894867,71.1481857],"rotationMatrix":[-0.0789642558,0.996877372,-0,-0.996877372,-0.0789642558,0,-0,0,0.999999881],"scale":0.909060359,"type":"generibush"}
{"pos":[767.958191,-213.634918,70.8700333],"rotationMatrix":[0.877458513,-0.479652524,0,0.479652524,0.877458513,0,-0,0,0.999999881],"scale":0.979906321,"type":"generibush"}
{"pos":[800.5578,-179.155807,71.157135],"rotationMatrix":[0.278322309,0.960487723,0,-0.960487723,0.278322309,-0,-0,0,0.999999881],"scale":0.977763891,"type":"generibush"}
{"pos":[802.616699,-176.808289,71.1520538],"rotationMatrix":[-0.769700229,-0.638405502,0,0.638405502,-0.769700229,0,-0,0,0.999999881],"scale":1.1284343,"type":"generibush"}
{"pos":[690.224792,-235.64859,64.0040436],"rotationMatrix":[-0.958601117,0.284751892,-0,-0.284751892,-0.958601117,0,-0,0,0.999999881],"scale":1.13883805,"type":"generibush"}
{"pos":[692.4599,-208.236115,58.0540085],"rotationMatrix":[0.0589102693,0.99826318,0,-0.99826318,0.0589102693,-0,-0,0,0.999999881],"scale":0.973852098,"type":"generibush"}
{"pos":[692.747681,-203.707214,58.0448151],"rotationMatrix":[0.935665429,0.352888167,0,-0.352888167,0.935665429,-0,-0,0,0.999999881],"scale":1.05075657,"type":"generibush"}
{"pos":[697.779724,-136.301453,58.022892],"rotationMatrix":[-0.967861593,-0.251483053,0,0.251483053,-0.967861593,0,-0,0,0.999999881],"scale":0.918058813,"type":"generibush"}
{"pos":[693.88855,-223.552856,63.6938324],"rotationMatrix":[-0.219625771,-0.97558409,0,0.97558409,-0.219625771,0,-0,0,0.999999881],"scale":0.916730881,"type":"generibush"}
{"pos":[708.830688,-225.253601,64.0217133],"rotationMatrix":[-0.728661776,-0.6848737,0,0.6848737,-0.728661776,0,-0,0,0.999999881],"scale":0.947828233,"type":"generibush"}
{"pos":[714.715637,-228.567825,64.0393066],"rotationMatrix":[0.921802819,0.387658983,0,-0.387658983,0.921802819,-0,-0,0,0.999999881],"scale":0.904556692,"type":"generibush"}
