{"pos":[750.699829,4.36793089,52.0148773],"rotationMatrix":[-0.932636321,0.360817701,0,-0.360817701,-0.932636321,0,0,0,0.999999881],"scale":0.914763212,"type":"generibush_small"}
{"pos":[775.426453,4.8708148,51.9923325],"rotationMatrix":[0.482161343,0.87608248,0,-0.87608248,0.482161343,0,0,0,0.999999881],"scale":1.05233443,"type":"generibush_small"}
{"pos":[734.166626,39.0268517,54.9374542],"rotationMatrix":[0.482161343,0.87608248,0,-0.87608248,0.482161343,0,0,0,0.999999881],"scale":1.05233443,"type":"generibush_small"}
{"pos":[798.825562,-5.93386364,51.9287109],"rotationMatrix":[0.0806139261,-0.996745288,0,0.996745288,0.0806139261,0,0,0,0.999999881],"scale":0.865131021,"type":"generibush_small"}
{"pos":[800.580994,-11.7004128,52.2527161],"rotationMatrix":[-0.406310648,-0.913734913,0,0.913734913,-0.406310648,0,0,0,0.999999881],"scale":1.1447233,"type":"generibush_small"}
{"pos":[797.677734,-14.7619553,51.9784164],"rotationMatrix":[-0.674523771,0.738252997,0,-0.738252997,-0.674523771,0,0,0,0.999999881],"scale":0.953685999,"type":"generibush_small"}
{"pos":[798.316956,-18.2909946,51.9590759],"rotationMatrix":[-0.953486145,-0.301436812,0,0.301436812,-0.953486145,0,0,0,0.999999881],"scale":1.13851917,"type":"generibush_small"}
{"pos":[800.070984,-16.265501,52.2639427],"rotationMatrix":[0.19415462,-0.98097086,0,0.98097086,0.19415462,0,0,0,0.999999881],"scale":0.7806831,"type":"generibush_small"}
{"pos":[803.197388,-19.8605404,52.7336311],"rotationMatrix":[-0.611441493,0.791289389,0,-0.791289389,-0.611441493,0,0,0,0.999999881],"scale":0.774758935,"type":"generibush_small"}
{"pos":[802.713745,-22.2422333,52.8513069],"rotationMatrix":[-0.999980569,-0.00621306011,0,0.00621306011,-0.999980569,0,0,0,0.999999881],"scale":0.735647559,"type":"generibush_small"}
{"pos":[801.675842,-25.6723747,52.8773041],"rotationMatrix":[-0.670814097,0.741625249,0,-0.741625249,-0.670814097,0,0,0,0.999999881],"scale":1.07024765,"type":"generibush_small"}
{"pos":[801.670288,-22.7815475,52.6021805],"rotationMatrix":[-0.446470082,0.894798458,0,-0.894798458,-0.446470082,0,0,0,0.999999881],"scale":0.748433232,"type":"generibush_small"}
{"pos":[801.398315,-27.7289925,52.7161636],"rotationMatrix":[-0.327054054,0.945005476,0,-0.945005476,-0.327054054,0,0,0,0.999999881],"scale":0.806873798,"type":"generibush_small"}
{"pos":[803.422363,-34.5373268,52.603653],"rotationMatrix":[-0.606086671,0.795398355,0,-0.795398355,-0.606086671,0,0,0,0.999999881],"scale":0.835592985,"type":"generibush_small"}
{"pos":[797.698486,-38.2851715,51.9287109],"rotationMatrix":[-0.931703985,0.363218397,0,-0.363218397,-0.931703985,0,0,0,0.999999881],"scale":0.744621456,"type":"generibush_small"}
{"pos":[800.454163,-42.5743752,51.9287109],"rotationMatrix":[0.114547886,-0.99341768,0,0.99341768,0.114547886,0,0,0,0.999999881],"scale":0.897911906,"type":"generibush_small"}
{"pos":[802.144714,-45.6637383,51.9287109],"rotationMatrix":[0.986756623,0.162207559,0,-0.162207559,0.986756623,0,0,0,0.999999881],"scale":1.1354233,"type":"generibush_small"}
{"pos":[801.603027,-42.5282822,51.9304428],"rotationMatrix":[-0.376839548,-0.926278532,0,0.926278532,-0.376839548,0,0,0,0.999999881],"scale":0.983618021,"type":"generibush_small"}
{"pos":[800.543091,-49.6947365,51.9339218],"rotationMatrix":[-0.493733823,-0.869613051,0,0.869613051,-0.493733823,0,0,0,0.999999881],"scale":1.17994142,"type":"generibush_small"}
{"pos":[801.586182,-55.3371048,51.9360352],"rotationMatrix":[0.790637672,-0.612284064,0,0.612284064,0.790637672,0,0,0,0.999999881],"scale":0.766947329,"type":"generibush_small"}
{"pos":[816.63678,-80.2519073,56.3861542],"rotationMatrix":[-0.856262743,-0.516540527,0,0.516540527,-0.856262743,0,0,0,0.999999881],"scale":0.740604877,"type":"generibush_small"}
{"pos":[815.065857,-83.3014603,57.6496201],"rotationMatrix":[-0.888855934,0.458186716,0,-0.458186716,-0.888855934,0,0,0,0.999999881],"scale":0.722350895,"type":"generibush_small"}
{"pos":[823.214478,-99.680481,58.0499268],"rotationMatrix":[0.290113091,-0.956992328,0,0.956992328,0.290113091,0,0,0,0.999999881],"scale":1.08384669,"type":"generibush_small"}
{"pos":[823.141907,-95.6096497,58.0499268],"rotationMatrix":[-0.630096555,-0.776516795,0,0.776516795,-0.630096555,0,0,0,0.999999881],"scale":0.876994789,"type":"generibush_small"}
{"pos":[825.25531,-113.36808,58.0499268],"rotationMatrix":[-0.813321173,0.581814647,0,-0.581814647,-0.813321173,0,0,0,0.999999881],"scale":1.19549847,"type":"generibush_small"}
{"pos":[822.743103,-117.337952,58.0499268],"rotationMatrix":[-0.502568543,-0.864537179,0,0.864537179,-0.502568543,0,0,0,0.999999881],"scale":0.747917831,"type":"generibush_small"}
{"pos":[823.204895,-120.598228,58.0499268],"rotationMatrix":[0.904906571,0.425610125,0,-0.425610125,0.904906571,0,0,0,0.999999881],"scale":0.88621527,"type":"generibush_small"}
{"pos":[821.200256,-121.848747,58.0499268],"rotationMatrix":[0.723071873,0.690772772,0,-0.690772772,0.723071873,0,0,0,0.999999881],"scale":0.700680554,"type":"generibush_small"}
{"pos":[804.59436,-142.463852,58.047245],"rotationMatrix":[-0.152492523,0.988304555,0,-0.988304555,-0.152492523,0,0,0,0.999999881],"scale":1.19280851,"type":"generibush_small"}
{"pos":[797.395874,-150.051956,58.0462646],"rotationMatrix":[-0.479054987,-0.877784789,0,0.877784789,-0.479054987,0,0,0,0.999999881],"scale":1.19642961,"type":"generibush_small"}
{"pos":[787.648499,-153.212738,58.0499268],"rotationMatrix":[-0.119266689,-0.992862165,0,0.992862165,-0.119266689,0,0,0,0.999999881],"scale":0.809014618,"type":"generibush_small"}
{"pos":[771.974792,-125.957886,58.6452179],"rotationMatrix":[0.999923468,0.0123658041,0,-0.0123658041,0.999923468,0,0,0,0.999999881],"scale":1.04332256,"type":"generibush_small"}
{"pos":[785.677185,-118.422791,58.062336],"rotationMatrix":[-0.426786482,-0.904352367,0,0.904352367,-0.426786482,0,0,0,0.999999881],"scale":1.13282835,"type":"generibush_small"}
{"pos":[777.275879,-117.826805,58.3216934],"rotationMatrix":[-0.227786556,-0.973711014,0,0.973711014,-0.227786556,0,0,0,0.999999881],"scale":1.17746067,"type":"generibush_small"}
{"pos":[782.513,-113.428291,58.0917282],"rotationMatrix":[-0.882459462,-0.470388263,0,0.470388263,-0.882459462,0,0,0,0.999999881],"scale":1.05201697,"type":"generibush_small"}
{"pos":[777.274414,-111.149216,58.0447044],"rotationMatrix":[0.32599479,0.945371568,0,-0.945371568,0.32599479,0,0,0,0.999999881],"scale":0.756062031,"type":"generibush_small"}
{"pos":[786.755859,-116.268745,58.048542],"rotationMatrix":[-0.377796441,0.925888538,0,-0.925888538,-0.377796441,0,0,0,0.999999881],"scale":0.71657747,"type":"generibush_small"}
{"pos":[786.189331,-117.386551,58.0495834],"rotationMatrix":[0.971459091,0.237207055,0,-0.237207055,0.971459091,0,0,0,0.999999881],"scale":1.08950496,"type":"generibush_small"}
{"pos":[787.011108,-113.907715,58.0462646],"rotationMatrix":[0.738871932,-0.673845828,0,0.673845828,0.738871932,0,0,0,0.999999881],"scale":0.796097398,"type":"generibush_small"}
{"pos":[776.729309,-112.116142,58.0459785],"rotationMatrix":[0.997934937,0.0642308369,0,-0.0642308369,0.997934937,0,0,0,0.999999881],"scale":0.828088999,"type":"generibush_small"}
{"pos":[781.549927,-116.279709,58.2014732],"rotationMatrix":[0.521066189,-0.853516161,0,0.853516161,0.521066189,0,0,0,0.999999881],"scale":0.997912526,"type":"generibush_small"}
{"pos":[785.179077,-114.99115,58.0664597],"rotationMatrix":[0.759945691,-0.649986386,0,0.649986386,0.759945691,0,0,0,0.999999881],"scale":0.968045354,"type":"generibush_small"}
{"pos":[775.104675,-108.429802,58.0420074],"rotationMatrix":[-0.190086171,-0.981767356,0,0.981767356,-0.190086171,0,0,0,0.999999881],"scale":0.721335709,"type":"generibush_small"}
{"pos":[777.216797,-113.745277,58.0512924],"rotationMatrix":[0.703533173,0.710662425,0,-0.710662425,0.703533173,0,0,0,0.999999881],"scale":0.861768901,"type":"generibush_small"}
{"pos":[775.613281,-119.377419,58.4387321],"rotationMatrix":[0.640454113,0.76799643,0,-0.76799643,0.640454113,0,0,0,0.999999881],"scale":0.854004979,"type":"generibush_small"}
{"pos":[775.750854,-110.960419,58.0426025],"rotationMatrix":[-0.992880762,-0.119111218,0,0.119111218,-0.992880762,0,0,0,0.999999881],"scale":1.13623261,"type":"generibush_small"}
{"pos":[770.219604,-108.274063,58.0442772],"rotationMatrix":[-0.780151308,0.625590742,0,-0.625590742,-0.780151308,0,0,0,0.999999881],"scale":0.745452881,"type":"generibush_small"}
{"pos":[770.884216,-106.060989,57.8696022],"rotationMatrix":[0.948798716,-0.315880984,0,0.315880984,0.948798716,0,0,0,0.999999881],"scale":0.766486943,"type":"generibush_small"}
{"pos":[774.243469,-107.716187,58.0421066],"rotationMatrix":[-0.992312253,0.123758569,0,-0.123758569,-0.992312253,0,0,0,0.999999881],"scale":0.781675696,"type":"generibush_small"}
{"pos":[775.788025,-100.469055,57.1711807],"rotationMatrix":[-0.975328267,-0.220759124,0,0.220759124,-0.975328267,0,0,0,0.999999881],"scale":1.16795671,"type":"generibush_small"}
{"pos":[788.350891,-109.11515,58.0462646],"rotationMatrix":[-0.0634856373,0.997982681,0,-0.997982681,-0.0634856373,0,0,0,0.999999881],"scale":0.762380064,"type":"generibush_small"}
{"pos":[787.687317,-110.010155,58.0462646],"rotationMatrix":[-0.618173838,-0.786041379,0,0.786041379,-0.618173838,0,0,0,0.999999881],"scale":1.06470966,"type":"generibush_small"}
{"pos":[788.652893,-114.640694,58.0462646],"rotationMatrix":[0.937497258,-0.34799245,0,0.34799245,0.937497258,0,0,0,0.999999881],"scale":0.721075773,"type":"generibush_small"}
{"pos":[783.92749,-114.416618,58.10746],"rotationMatrix":[0.532560766,0.846391737,0,-0.846391737,0.532560766,0,0,0,0.999999881],"scale":1.09050822,"type":"generibush_small"}
{"pos":[782.911255,-98.6228104,57.6756516],"rotationMatrix":[-0.453472525,-0.89127022,0,0.89127022,-0.453472525,0,0,0,0.999999881],"scale":1.1701529,"type":"generibush_small"}
{"pos":[789.856628,-97.6307907,57.2806892],"rotationMatrix":[-0.141460523,-0.989943802,0,0.989943802,-0.141460523,0,0,0,0.999999881],"scale":0.878303766,"type":"generibush_small"}
{"pos":[789.711792,-102.453636,57.9044533],"rotationMatrix":[0.971702278,-0.236208588,0,0.236208588,0.971702278,0,0,0,0.999999881],"scale":0.811617494,"type":"generibush_small"}
{"pos":[782.223633,-94.8983307,55.8978653],"rotationMatrix":[0.682006478,0.73134613,0,-0.73134613,0.682006478,0,0,0,0.999999881],"scale":1.18275309,"type":"generibush_small"}
{"pos":[779.327698,-90.8863602,53.9186287],"rotationMatrix":[-0.179910675,-0.983682811,0,0.983682811,-0.179910675,0,0,0,0.999999881],"scale":0.70617646,"type":"generibush_small"}
{"pos":[780.929688,-90.1268463,53.9128036],"rotationMatrix":[0.824076951,0.566477895,0,-0.566477895,0.824076951,0,0,0,0.999999881],"scale":0.909102678,"type":"generibush_small"}
{"pos":[777.985474,-93.9086838,54.1626549],"rotationMatrix":[0.806029201,-0.591875672,0,0.591875672,0.806029201,0,0,0,0.999999881],"scale":0.747845411,"type":"generibush_small"}
{"pos":[772.542847,-98.4914551,54.814003],"rotationMatrix":[-0.684451222,-0.729058683,0,0.729058683,-0.684451222,0,0,0,0.999999881],"scale":0.801743805,"type":"generibush_small"}
{"pos":[767.668701,-98.0661469,53.9149551],"rotationMatrix":[-0.0395922475,-0.999215841,0,0.999215841,-0.0395922475,0,0,0,0.999999881],"scale":0.846175611,"type":"generibush_small"}
{"pos":[895.835815,-70.5587387,69.1118469],"rotationMatrix":[-0.898014843,-0.439965129,0,0.439965129,-0.898014843,0,0,0,0.999999881],"scale":0.761773407,"type":"generibush_small"}
{"pos":[900.513794,-69.6504898,70.704216],"rotationMatrix":[-0.954645813,-0.297743648,0,0.297743648,-0.954645813,0,0,0,0.999999881],"scale":1.09713483,"type":"generibush_small"}
{"pos":[909.004456,-75.3461304,70.0128784],"rotationMatrix":[0.13521485,0.990816295,0,-0.990816295,0.13521485,0,0,0,0.999999881],"scale":0.905375004,"type":"generibush_small"}
{"pos":[855.14502,-44.5769043,64.0246811],"rotationMatrix":[0.924138188,-0.382058144,0,0.382058144,0.924138188,0,0,0,0.999999881],"scale":0.868864179,"type":"generibush_small"}
{"pos":[812.914673,-36.610527,56.337204],"rotationMatrix":[-0.844657481,-0.53530699,0,0.53530699,-0.844657481,0,0,0,0.999999881],"scale":0.888629973,"type":"generibush_small"}
{"pos":[808.568115,-26.6958351,55.8772163],"rotationMatrix":[-0.446507186,0.894779861,0,-0.894779861,-0.446507186,0,0,0,0.999999881],"scale":1.06145918,"type":"generibush_small"}
{"pos":[810.052429,-20.7192249,56.6970901],"rotationMatrix":[0.907392502,0.420284212,0,-0.420284212,0.907392502,0,0,0,0.999999881],"scale":0.944786072,"type":"generibush_small"}
{"pos":[804.430359,-0.71434474,52.141468],"rotationMatrix":[-0.0817670673,0.996651351,0,-0.996651351,-0.0817670673,0,0,0,0.999999881],"scale":1.15742338,"type":"generibush_small"}
{"pos":[805.040955,4.22004843,52.5372696],"rotationMatrix":[-0.998249471,-0.0591425374,0,0.0591425374,-0.998249471,0,0,0,0.999999881],"scale":1.15099633,"type":"generibush_small"}
{"pos":[802.673645,1.35773492,51.9682579],"rotationMatrix":[0.0128272185,0.999917626,0,-0.999917626,0.0128272185,0,0,0,0.999999881],"scale":0.984077215,"type":"generibush_small"}
{"pos":[796.823303,1.36162472,51.9525452],"rotationMatrix":[0.0771781132,0.997017205,0,-0.997017205,0.0771781132,0,0,0,0.999999881],"scale":1.17790842,"type":"generibush_small"}
{"pos":[798.78717,-3.19032502,51.9591637],"rotationMatrix":[0.186079234,-0.982534647,0,0.982534647,0.186079234,0,0,0,0.999999881],"scale":0.728030145,"type":"generibush_small"}
{"pos":[738.195618,-203.961945,59.8371849],"rotationMatrix":[0.446642756,0.894712389,0,-0.894712389,0.446642756,0,0,0,0.999999881],"scale":0.849971771,"type":"generibush_small"}
{"pos":[741.934204,-206.870911,60.980011],"rotationMatrix":[-0.446727335,0.89467001,0,-0.89467001,-0.446727335,0,0,0,0.999999881],"scale":0.91252172,"type":"generibush_small"}
{"pos":[746.29657,-212.352997,64.0393066],"rotationMatrix":[-0.46481818,-0.885406137,0,0.885406137,-0.46481818,0,0,0,0.999999881],"scale":1.18253112,"type":"generibush_small"}
{"pos":[746.310913,-217.912033,64.0393066],"rotationMatrix":[-0.837388575,-0.546607852,0,0.546607852,-0.837388575,0,0,0,0.999999881],"scale":0.775657773,"type":"generibush_small"}
{"pos":[752.080383,-190.181,58.0462646],"rotationMatrix":[-0.98061341,-0.195952386,0,0.195952386,-0.98061341,0,0,0,0.999999881],"scale":0.721304357,"type":"generibush_small"}
{"pos":[755.197144,-190.895477,58.0745163],"rotationMatrix":[0.567766726,0.823189437,0,-0.823189437,0.567766726,0,0,0,0.999999881],"scale":0.90324223,"type":"generibush_small"}
{"pos":[752.706299,-187.233444,58.0462646],"rotationMatrix":[-0.475997001,0.879446745,0,-0.879446745,-0.475997001,0,0,0,0.999999881],"scale":1.16409242,"type":"generibush_small"}
{"pos":[758.129089,-188.578812,58.1537552],"rotationMatrix":[0.531888247,0.846814573,0,-0.846814573,0.531888247,0,0,0,0.999999881],"scale":0.756941795,"type":"generibush_small"}
{"pos":[754.792114,-189.898346,58.0487976],"rotationMatrix":[0.959506392,-0.281686544,0,0.281686544,0.959506392,0,0,0,0.999999881],"scale":0.765681148,"type":"generibush_small"}
{"pos":[759.978699,-185.411224,58.1904221],"rotationMatrix":[-0.0993453935,0.995052874,0,-0.995052874,-0.0993453935,0,0,0,0.999999881],"scale":0.861632705,"type":"generibush_small"}
{"pos":[763.616455,-179.572968,58.0955734],"rotationMatrix":[0.255700976,0.966755867,0,-0.966755867,0.255700976,0,0,0,0.999999881],"scale":0.878332973,"type":"generibush_small"}
{"pos":[774.177917,-170.401962,58.1127129],"rotationMatrix":[0.904537499,-0.426393896,0,0.426393896,0.904537499,0,0,0,0.999999881],"scale":1.19385624,"type":"generibush_small"}
{"pos":[777.260559,-167.327194,58.0632057],"rotationMatrix":[-0.169286832,-0.985566795,0,0.985566795,-0.169286832,0,0,0,0.999999881],"scale":0.97274816,"type":"generibush_small"}
{"pos":[775.982422,-167.699158,58.0500107],"rotationMatrix":[0.0311039872,-0.99951601,0,0.99951601,0.0311039872,0,0,0,0.999999881],"scale":0.953263104,"type":"generibush_small"}
{"pos":[806.426941,-149.247833,59.4492989],"rotationMatrix":[-0.926989079,0.375088245,0,-0.375088245,-0.926989079,0,0,0,0.999999881],"scale":0.923618555,"type":"generibush_small"}
{"pos":[809.15863,-143.292252,58.065506],"rotationMatrix":[-0.018341314,-0.999831676,0,0.999831676,-0.018341314,0,0,0,0.999999881],"scale":0.726833642,"type":"generibush_small"}
{"pos":[760.701782,-184.479736,58.2003746],"rotationMatrix":[0.328003228,0.944676578,0,-0.944676578,0.328003228,0,0,0,0.999999881],"scale":0.779093862,"type":"generibush_small"}
{"pos":[752.971252,-189.16127,58.0462646],"rotationMatrix":[-0.345201105,-0.938528717,0,0.938528717,-0.345201105,0,0,0,0.999999881],"scale":1.1251595,"type":"generibush_small"}
{"pos":[755.730103,-179.010468,58.0499268],"rotationMatrix":[-0.417176008,0.908825576,0,-0.908825576,-0.417176008,0,0,0,0.999999881],"scale":0.812934101,"type":"generibush_small"}
{"pos":[749.16687,-172.05632,58.0499268],"rotationMatrix":[-0.978272438,-0.207323402,0,0.207323402,-0.978272438,0,0,0,0.999999881],"scale":0.831910849,"type":"generibush_small"}
{"pos":[770.880676,-156.46286,58.0268402],"rotationMatrix":[0.752373576,0.658736646,0,-0.658736646,0.752373576,0,0,0,0.999999881],"scale":1.17317545,"type":"generibush_small"}
{"pos":[772.759216,-158.691788,58.0499268],"rotationMatrix":[0.611408353,-0.791315138,0,0.791315138,0.611408353,0,0,0,0.999999881],"scale":1.16854131,"type":"generibush_small"}
{"pos":[837.165039,-66.2568283,63.8717155],"rotationMatrix":[0.48031047,-0.877098501,0,0.877098501,0.48031047,0,0,0,0.999999881],"scale":1.11105335,"type":"generibush_small"}
{"pos":[846.146057,-100.419258,64.0393066],"rotationMatrix":[-0.905448616,-0.424455822,0,0.424455822,-0.905448616,0,0,0,0.999999881],"scale":0.837264299,"type":"generibush_small"}
{"pos":[841.619568,-101.709328,64.0393066],"rotationMatrix":[0.248776019,-0.968560934,0,0.968560934,0.248776019,0,0,0,0.999999881],"scale":1.16175401,"type":"generibush_small"}
{"pos":[847.489136,-106.293716,64.0393066],"rotationMatrix":[0.797617674,0.603163302,0,-0.603163302,0.797617674,0,0,0,0.999999881],"scale":1.13832855,"type":"generibush_small"}
{"pos":[849.914185,-114.148506,64.0393066],"rotationMatrix":[0.216154084,-0.976359189,0,0.976359189,0.216154084,0,0,0,0.999999881],"scale":0.78612715,"type":"generibush_small"}
{"pos":[845.531372,-129.236526,64.0783463],"rotationMatrix":[-0.816654921,-0.577126086,0,0.577126086,-0.816654921,0,0,0,0.999999881],"scale":1.00468743,"type":"generibush_small"}
{"pos":[843.437256,-131.941055,64.0606232],"rotationMatrix":[-0.845084727,0.534632325,0,-0.534632325,-0.845084727,0,0,0,0.999999881],"scale":1.04692638,"type":"generibush_small"}
{"pos":[841.44873,-128.108017,64.0393066],"rotationMatrix":[0.994103849,0.108431175,0,-0.108431175,0.994103849,0,0,0,0.999999881],"scale":0.924376547,"type":"generibush_small"}
{"pos":[842.410095,-133.44664,64.0477676],"rotationMatrix":[-0.98917836,0.146717519,0,-0.146717519,-0.98917836,0,0,0,0.999999881],"scale":0.76451987,"type":"generibush_small"}
{"pos":[841.187866,-130.54425,64.0393066],"rotationMatrix":[-0.631334722,-0.775510311,0,0.775510311,-0.631334722,0,0,0,0.999999881],"scale":0.981723189,"type":"generibush_small"}
{"pos":[839.441101,-129.758484,64.0370941],"rotationMatrix":[0.418640733,-0.908151865,0,0.908151865,0.418640733,0,0,0,0.999999881],"scale":0.84139663,"type":"generibush_small"}
{"pos":[837.638855,-137.221817,64.0464706],"rotationMatrix":[0.95777303,0.287525266,0,-0.287525266,0.95777303,0,0,0,0.999999881],"scale":0.954317451,"type":"generibush_small"}
{"pos":[846.901978,-120.807571,64.0393066],"rotationMatrix":[0.597388148,0.801952183,0,-0.801952183,0.597388148,0,0,0,0.999999881],"scale":1.00873578,"type":"generibush_small"}
{"pos":[846.983154,-107.440895,64.0393066],"rotationMatrix":[0.903497458,-0.42859304,0,0.42859304,0.903497458,0,0,0,0.999999881],"scale":0.873127699,"type":"generibush_small"}
{"pos":[838.23999,-64.0975494,63.9901199],"rotationMatrix":[-0.106590346,0.994302928,0,-0.994302928,-0.106590346,0,0,0,0.999999881],"scale":0.998759031,"type":"generibush_small"}
{"pos":[812.279053,-22.9436913,57.2572899],"rotationMatrix":[0.896558762,0.442924768,0,-0.442924768,0.896558762,0,0,0,0.999999881],"scale":1.03486466,"type":"generibush_small"}
{"pos":[858.911011,-77.6853256,65.8396912],"rotationMatrix":[-0.677538514,0.735487044,0,-0.735487044,-0.677538514,0,0,0,0.999999881],"scale":0.813242078,"type":"generibush_small"}
{"pos":[860.420959,-86.3099442,66.3828659],"rotationMatrix":[-0.767017961,-0.641625464,0,0.641625464,-0.767017961,0,0,0,0.999999881],"scale":1.05536568,"type":"generibush_small"}
{"pos":[853.176758,-75.3509979,65.6284027],"rotationMatrix":[-0.803822637,0.59486872,0,-0.59486872,-0.803822637,0,0,0,0.999999881],"scale":0.71150732,"type":"generibush_small"}
{"pos":[852.74585,-81.1789551,65.4658966],"rotationMatrix":[0.918263018,-0.395970851,0,0.395970851,0.918263018,0,0,0,0.999999881],"scale":1.18035412,"type":"generibush_small"}
{"pos":[843.140259,-81.8333969,64.0379944],"rotationMatrix":[0.625691295,0.780070782,0,-0.780070782,0.625691295,0,0,0,0.999999881],"scale":1.19158673,"type":"generibush_small"}
{"pos":[856.088928,-105.962418,64.0397186],"rotationMatrix":[0.250916988,-0.968008518,0,0.968008518,0.250916988,0,0,0,0.999999881],"scale":0.807484031,"type":"generibush_small"}
{"pos":[860.644653,-104.41774,64.4391479],"rotationMatrix":[-0.980301797,-0.197505012,0,0.197505012,-0.980301797,0,0,0,0.999999881],"scale":0.704026461,"type":"generibush_small"}
{"pos":[857.486877,-106.699753,64.0590973],"rotationMatrix":[-0.266680688,-0.963784873,0,0.963784873,-0.266680688,0,0,0,0.999999881],"scale":1.04031754,"type":"generibush_small"}
{"pos":[855.510376,-108.093674,64.0411987],"rotationMatrix":[0.719422519,0.694572747,0,-0.694572747,0.719422519,0,0,0,0.999999881],"scale":0.921818316,"type":"generibush_small"}
{"pos":[854.782227,-103.061798,64.0639343],"rotationMatrix":[-0.998447955,-0.0556904599,0,0.0556904599,-0.998447955,0,0,0,0.999999881],"scale":0.746266007,"type":"generibush_small"}
{"pos":[850.57373,-101.217361,64.0498123],"rotationMatrix":[0.938673973,0.344805866,0,-0.344805866,0.938673973,0,0,0,0.999999881],"scale":0.848807335,"type":"generibush_small"}
{"pos":[852.922302,-102.011192,64.108078],"rotationMatrix":[0.830253601,-0.557385623,0,0.557385623,0.830253601,0,0,0,0.999999881],"scale":1.19293189,"type":"generibush_small"}
{"pos":[844.052124,-92.0982361,64.0393066],"rotationMatrix":[0.00560345873,0.999984145,0,-0.999984145,0.00560345873,0,0,0,0.999999881],"scale":0.986869395,"type":"generibush_small"}
{"pos":[847.048401,-92.6022949,64.039566],"rotationMatrix":[-0.121609591,0.99257791,0,-0.99257791,-0.121609591,0,0,0,0.999999881],"scale":0.92776835,"type":"generibush_small"}
{"pos":[854.355347,-108.666336,64.0574493],"rotationMatrix":[-0.572756767,0.819725156,0,-0.819725156,-0.572756767,0,0,0,0.999999881],"scale":0.857726097,"type":"generibush_small"}
{"pos":[851.84967,-105.67495,64.0393066],"rotationMatrix":[-0.467247397,0.884126484,0,-0.884126484,-0.467247397,0,0,0,0.999999881],"scale":1.00283241,"type":"generibush_small"}
{"pos":[854.576294,-111.870163,64.3230972],"rotationMatrix":[-0.801384985,-0.598148704,0,0.598148704,-0.801384985,0,0,0,0.999999881],"scale":0.898297191,"type":"generibush_small"}
{"pos":[856.739868,-115.156944,64.2593231],"rotationMatrix":[-0.858022273,-0.513612449,0,0.513612449,-0.858022273,0,0,0,0.999999881],"scale":0.950044155,"type":"generibush_small"}
{"pos":[847.524963,-123.411491,64.0393066],"rotationMatrix":[-0.782776654,-0.622302532,0,0.622302532,-0.782776654,0,0,0,0.999999881],"scale":0.737475395,"type":"generibush_small"}
{"pos":[846.57135,-124.935913,64.0393066],"rotationMatrix":[-0.808901548,0.587943792,0,-0.587943792,-0.808901548,0,0,0,0.999999881],"scale":1.03835702,"type":"generibush_small"}
{"pos":[834.296692,-83.7941284,64.0354462],"rotationMatrix":[0.0155026969,-0.999879718,0,0.999879718,0.0155026969,0,0,0,0.999999881],"scale":0.85493958,"type":"generibush_small"}
{"pos":[836.153259,-86.6570129,64.0393066],"rotationMatrix":[-0.282769561,-0.959187806,0,0.959187806,-0.282769561,0,0,0,0.999999881],"scale":1.12553573,"type":"generibush_small"}
{"pos":[825.914246,-63.1114693,60.0560989],"rotationMatrix":[-0.931403518,0.363987982,0,-0.363987982,-0.931403518,0,0,0,0.999999881],"scale":1.05755353,"type":"generibush_small"}
{"pos":[829.615173,-59.639492,60.489212],"rotationMatrix":[-0.843622327,0.5369367,0,-0.5369367,-0.843622327,0,0,0,0.999999881],"scale":1.19981158,"type":"generibush_small"}
{"pos":[836.704041,-85.9068069,64.0393066],"rotationMatrix":[0.935704768,-0.352783859,0,0.352783859,0.935704768,0,0,0,0.999999881],"scale":0.738168657,"type":"generibush_small"}
{"pos":[838.992126,-94.3970871,64.0392761],"rotationMatrix":[0.968578279,0.24870874,0,-0.24870874,0.968578279,0,0,0,0.999999881],"scale":1.02061689,"type":"generibush_small"}
{"pos":[836.782349,-94.4131699,64.0123444],"rotationMatrix":[0.576592624,0.817031741,0,-0.817031741,0.576592624,0,0,0,0.999999881],"scale":0.741577983,"type":"generibush_small"}
{"pos":[733.611267,-154.557358,58.4615479],"rotationMatrix":[0.573866189,0.818949044,0,-0.818949044,0.573866189,0,0,0,0.999999881],"scale":1.06266332,"type":"generibush_small"}
{"pos":[707.959167,-148.32373,58.9487343],"rotationMatrix":[0.918812513,-0.394693971,0,0.394693971,0.918812513,0,0,0,0.999999881],"scale":1.17336404,"type":"generibush_small"}
{"pos":[708.138672,-149.637817,59.2435188],"rotationMatrix":[-0.402809203,-0.915283978,0,0.915283978,-0.402809203,0,0,0,0.999999881],"scale":0.795633614,"type":"generibush_small"}
{"pos":[709.873962,-126.069778,59.1081009],"rotationMatrix":[0.113571778,-0.993529677,0,0.993529677,0.113571778,0,0,0,0.999999881],"scale":0.983762622,"type":"generibush_small"}
{"pos":[708.429138,-123.069168,58.9551048],"rotationMatrix":[0.957484066,0.288486004,0,-0.288486004,0.957484066,0,0,0,0.999999881],"scale":0.853893101,"type":"generibush_small"}
{"pos":[721.870483,-120.540184,59.4211082],"rotationMatrix":[0.502989471,-0.864292443,0,0.864292443,0.502989471,0,0,0,0.999999881],"scale":1.15826166,"type":"generibush_small"}
{"pos":[728.375916,-134.1064,59.5531387],"rotationMatrix":[-0.0149652762,0.999887884,0,-0.999887884,-0.0149652762,0,0,0,0.999999881],"scale":0.951277912,"type":"generibush_small"}
{"pos":[737.487061,-136.505768,58.7881012],"rotationMatrix":[-0.59454596,-0.804061472,0,0.804061472,-0.59454596,0,0,0,0.999999881],"scale":1.08220792,"type":"generibush_small"}
{"pos":[720.859558,-169.11615,59.0152512],"rotationMatrix":[0.440205365,0.897897124,0,-0.897897124,0.440205365,0,0,0,0.999999881],"scale":1.11718631,"type":"generibush_small"}
{"pos":[708.962585,-165.461853,59.2386551],"rotationMatrix":[-0.573604643,0.81913209,0,-0.81913209,-0.573604643,0,0,0,0.999999881],"scale":1.17704272,"type":"generibush_small"}
{"pos":[712.467163,-164.300354,59.4900475],"rotationMatrix":[-0.268704474,0.963222563,0,-0.963222563,-0.268704474,0,0,0,0.999999881],"scale":0.979457557,"type":"generibush_small"}
{"pos":[716.249512,-168.763718,59.6202469],"rotationMatrix":[0.935401022,0.353588521,0,-0.353588521,0.935401022,0,0,0,0.999999881],"scale":1.01174355,"type":"generibush_small"}
{"pos":[713.65918,-175.25116,59.3840027],"rotationMatrix":[0.631371379,-0.775480449,0,0.775480449,0.631371379,0,0,0,0.999999881],"scale":1.10419631,"type":"generibush_small"}
{"pos":[827.022827,-152.654053,70.1958771],"rotationMatrix":[0.983398855,0.181456432,0,-0.181456432,0.983398855,0,0,0,0.999999881],"scale":1.00785816,"type":"generibush_small"}
{"pos":[756.403015,-234.047333,69.9993896],"rotationMatrix":[-0.993273318,0.115793325,0,-0.115793325,-0.993273318,0,0,0,0.999999881],"scale":1.18549955,"type":"generibush_small"}
{"pos":[758.322388,-235.838898,69.9993896],"rotationMatrix":[-0.648952663,-0.760828793,0,0.760828793,-0.648952663,0,0,0,0.999999881],"scale":1.08060181,"type":"generibush_small"}
{"pos":[766.51001,-217.586639,70.7567291],"rotationMatrix":[-0.227092803,0.973873019,0,-0.973873019,-0.227092803,0,0,0,0.999999881],"scale":1.13372993,"type":"generibush_small"}
{"pos":[767.463745,-220.600601,70.9608688],"rotationMatrix":[-0.110889398,-0.993832648,0,0.993832648,-0.110889398,0,0,0,0.999999881],"scale":0.854923844,"type":"generibush_small"}
{"pos":[761.309509,-221.482468,69.9993896],"rotationMatrix":[-0.904097378,0.427326292,0,-0.427326292,-0.904097378,0,0,0,0.999999881],"scale":0.824737847,"type":"generibush_small"}
{"pos":[809.047241,-172.094498,71.1373291],"rotationMatrix":[-0.111384839,-0.993777275,0,0.993777275,-0.111384839,0,0,0,0.999999881],"scale":1.17384696,"type":"generibush_small"}
{"pos":[812.957764,-169.727798,71.1373291],"rotationMatrix":[0.989575803,0.144012347,0,-0.144012347,0.989575803,0,0,0,0.999999881],"scale":1.19345665,"type":"generibush_small"}
{"pos":[823.404358,-160.320175,69.9993896],"rotationMatrix":[0.564053178,-0.82573837,0,0.82573837,0.564053178,0,0,0,0.999999881],"scale":0.975851774,"type":"generibush_small"}
{"pos":[713.779724,-239.517487,64.0393066],"rotationMatrix":[-0.403093725,-0.91515857,0,0.91515857,-0.403093725,0,0,0,0.999999881],"scale":1.18085682,"type":"generibush_small"}
{"pos":[689.320862,-245.704529,64.016655],"rotationMatrix":[0.466287047,-0.884633362,0,0.884633362,0.466287047,0,0,0,0.999999881],"scale":1.15931737,"type":"generibush_small"}
{"pos":[697.492981,-207.305481,58.4688568],"rotationMatrix":[-0.696788907,0.717276156,0,-0.717276156,-0.696788907,0,0,0,0.999999881],"scale":0.995727062,"type":"generibush_small"}
{"pos":[702.897644,-204.388763,58.0728378],"rotationMatrix":[0.369998574,0.929032326,0,-0.929032326,0.369998574,0,0,0,0.999999881],"scale":0.891813278,"type":"generibush_small"}
{"pos":[696.484314,-205.082184,58.0801239],"rotationMatrix":[0.18596822,0.982555687,0,-0.982555687,0.18596822,0,0,0,0.999999881],"scale":1.04499567,"type":"generibush_small"}
{"pos":[696.604553,-161.305054,57.9865189],"rotationMatrix":[0.717788994,-0.696260571,0,0.696260571,0.717788994,0,0,0,0.999999881],"scale":1.16810155,"type":"generibush_small"}
{"pos":[696.560608,-159.64444,57.9849892],"rotationMatrix":[0.368688256,0.929553092,0,-0.929553092,0.368688256,0,0,0,0.999999881],"scale":0.811635852,"type":"generibush_small"}
{"pos":[697.586182,-156.728394,58.0559692],"rotationMatrix":[-0.16947411,-0.985534549,0,0.985534549,-0.16947411,0,0,0,0.999999881],"scale":1.09608233,"type":"generibush_small"}
{"pos":[694.317322,-137.162094,57.1228752],"rotationMatrix":[0.296684176,-0.954975545,0,0.954975545,0.296684176,0,0,0,0.999999881],"scale":0.784998953,"type":"generibush_small"}
{"pos":[693.295898,-131.745956,55.336998],"rotationMatrix":[-0.99755013,0.0699537992,0,-0.0699537992,-0.99755013,0,0,0,0.999999881],"scale":1.02594602,"type":"generibush_small"}
{"pos":[694.960693,-132.29924,56.6184082],"rotationMatrix":[-0.893702328,0.448660374,0,-0.448660374,-0.893702328,0,0,0,0.999999881],"scale":1.18055522,"type":"generibush_small"}
{"pos":[694.78479,-215.971848,60.7628021],"rotationMatrix":[-0.790351689,0.612653077,0,-0.612653077,-0.790351689,0,0,0,0.999999881],"scale":1.16720915,"type":"generibush_small"}
{"pos":[704.279419,-241.489914,64.0393066],"rotationMatrix":[0.584293127,-0.81154263,0,0.81154263,0.584293127,0,0,0,0.999999881],"scale":1.04551649,"type":"generibush_small"}
{"pos":[707.120605,-226.406815,63.9867859],"rotationMatrix":[0.299987495,0.953943133,0,-0.953943133,0.299987495,0,0,0,0.999999881],"scale":1.12081337,"type":"generibush_small"}
{"pos":[705.779724,-215.423233,62.5034866],"rotationMatrix":[-0.537875295,0.843024254,0,-0.843024254,-0.537875295,0,0,0,0.999999881],"scale":0.760038614,"type":"generibush_small"}
{"pos":[705.399963,-222.232178,63.8173523],"rotationMatrix":[0.702140749,-0.71203804,0,0.71203804,0.702140749,0,0,0,0.999999881],"scale":0.990314543,"type":"generibush_small"}
