{"pos":[5.30561113,-38.0808067,253.188812],"rotationMatrix":[0.834429562,0.551114619,0,-0.551114619,0.834429562,0,0,0,0.999999881],"scale":1.05029333,"type":"generibush_small"}
{"pos":[27.3311691,9.28838444,250.048401],"rotationMatrix":[-0.993917286,0.11012876,0,-0.11012876,-0.993917286,0,0,0,0.999999881],"scale":1.14844573,"type":"generibush_small"}
{"pos":[24.0193806,10.8725681,250.644745],"rotationMatrix":[0.950542808,-0.310593337,0,0.310593337,0.950542808,0,0,0,0.999999881],"scale":0.98960191,"type":"generibush_small"}
{"pos":[-4.99094105,10.5643158,250],"rotationMatrix":[-0.916342258,0.400395811,0,-0.400395811,-0.916342258,0,0,0,0.999999881],"scale":0.978352666,"type":"generibush_small"}
{"pos":[44.7388611,-13.9224253,254.050476],"rotationMatrix":[-0.379345596,-0.925255001,0,0.925255001,-0.379345596,0,0,0,0.999999881],"scale":0.894053221,"type":"generibush_small"}
{"pos":[49.6755447,16.5164547,254.400604],"rotationMatrix":[-0.036424052,-0.999336302,0,0.999336302,-0.036424052,0,0,0,0.999999881],"scale":0.912943482,"type":"generibush_small"}
{"pos":[6.00966358,13.5988073,251.971924],"rotationMatrix":[0.749285221,0.662247419,0,-0.662247419,0.749285221,0,0,0,0.999999881],"scale":0.885500848,"type":"generibush_small"}
{"pos":[-76.7057953,15.6086369,250.087051],"rotationMatrix":[-0.869602144,-0.493752986,0,0.493752986,-0.869602144,0,0,0,0.999999881],"scale":0.79096657,"type":"generibush_small"}
{"pos":[-62.0067673,15.6953096,250.000092],"rotationMatrix":[0.627786875,0.778385222,0,-0.778385222,0.627786875,0,0,0,0.999999881],"scale":0.896953821,"type":"generibush_small"}
{"pos":[-62.8870506,14.9289274,250.017883],"rotationMatrix":[-0.769366443,-0.638807654,0,0.638807654,-0.769366443,0,0,0,0.999999881],"scale":0.890973806,"type":"generibush_small"}
{"pos":[-261.849884,197.713593,239.501953],"rotationMatrix":[-0.73789221,-0.674918592,0,0.674918592,-0.73789221,0,0,0,0.999999881],"scale":1.09352446,"type":"generibush_small"}
{"pos":[376.471954,64.4331207,258.377075],"rotationMatrix":[-0.97689873,-0.213702679,0,0.213702679,-0.97689873,0,0,0,0.999999881],"scale":0.915912986,"type":"generibush_small"}
{"pos":[361.128052,69.4245682,258.756653],"rotationMatrix":[0.0850366205,0.996377766,0,-0.996377766,0.0850366205,0,0,0,0.999999881],"scale":0.878714085,"type":"generibush_small"}
{"pos":[349.952942,56.7097473,258.285522],"rotationMatrix":[-0.953572929,0.301162124,0,-0.301162124,-0.953572929,0,0,0,0.999999881],"scale":0.779465377,"type":"generibush_small"}
{"pos":[343.814545,81.4321594,258.429443],"rotationMatrix":[-0.551588833,0.834115922,0,-0.834115922,-0.551588833,0,0,0,0.999999881],"scale":0.738822758,"type":"generibush_small"}
{"pos":[324.132355,62.7213821,257.389374],"rotationMatrix":[0.911381662,0.411562115,0,-0.411562115,0.911381662,0,0,0,0.999999881],"scale":0.902563691,"type":"generibush_small"}
{"pos":[344.493042,52.1991653,258.225922],"rotationMatrix":[0.955281019,-0.295699179,0,0.295699179,0.955281019,0,0,0,0.999999881],"scale":1.12792802,"type":"generibush_small"}
{"pos":[344.81897,53.8607559,258.205811],"rotationMatrix":[-0.906986356,0.421159804,0,-0.421159804,-0.906986356,0,0,0,0.999999881],"scale":0.882190704,"type":"generibush_small"}
{"pos":[339.549805,52.4987679,258.095581],"rotationMatrix":[-0.972838521,-0.231484756,0,0.231484756,-0.972838521,0,0,0,0.999999881],"scale":1.16939092,"type":"generibush_small"}
{"pos":[319.541748,57.0815659,257.314697],"rotationMatrix":[0.967613399,-0.252436399,0,0.252436399,0.967613399,0,0,0,0.999999881],"scale":0.940365911,"type":"generibush_small"}
{"pos":[329.474091,98.8779678,257.172699],"rotationMatrix":[0.136652604,-0.990618885,0,0.990618885,0.136652604,0,0,0,0.999999881],"scale":0.867859721,"type":"generibush_small"}
{"pos":[328.061066,91.0675812,257.473602],"rotationMatrix":[-0.999499381,0.0316353329,0,-0.0316353329,-0.999499381,0,0,0,0.999999881],"scale":1.02307212,"type":"generibush_small"}
{"pos":[297.200836,90.837532,256.953217],"rotationMatrix":[0.369619519,-0.929183066,0,0.929183066,0.369619519,0,0,0,0.999999881],"scale":1.00398684,"type":"generibush_small"}
{"pos":[304.513916,99.8073807,256.016327],"rotationMatrix":[0.902587593,-0.43050617,0,0.43050617,0.902587593,0,0,0,0.999999881],"scale":0.837155581,"type":"generibush_small"}
{"pos":[308.388855,91.9682465,256.360474],"rotationMatrix":[0.76711607,0.641508281,0,-0.641508281,0.76711607,0,0,0,0.999999881],"scale":0.749175847,"type":"generibush_small"}
{"pos":[296.664734,79.4779434,256.323761],"rotationMatrix":[-0.432036787,-0.901855946,0,0.901855946,-0.432036787,0,0,0,0.999999881],"scale":1.08795762,"type":"generibush_small"}
{"pos":[296.904572,96.1708374,256.678772],"rotationMatrix":[-0.103518493,0.994627416,0,-0.994627416,-0.103518493,0,0,0,0.999999881],"scale":0.983095527,"type":"generibush_small"}
{"pos":[296.561035,81.8614502,256.467957],"rotationMatrix":[0.96871835,-0.248162463,0,0.248162463,0.96871835,0,0,0,0.999999881],"scale":1.11373842,"type":"generibush_small"}
{"pos":[301.624878,86.6605301,256.593445],"rotationMatrix":[-0.990160048,-0.139939263,0,0.139939263,-0.990160048,0,0,0,0.999999881],"scale":1.00084972,"type":"generibush_small"}
{"pos":[310.471954,63.9408073,257.119629],"rotationMatrix":[-0.91101557,-0.412371665,0,0.412371665,-0.91101557,0,0,0,0.999999881],"scale":1.01297641,"type":"generibush_small"}
{"pos":[300.719818,63.7266006,256.814911],"rotationMatrix":[0.693150043,0.720793307,0,-0.720793307,0.693150043,0,0,0,0.999999881],"scale":0.925489664,"type":"generibush_small"}
{"pos":[291.270935,66.2477264,256.226654],"rotationMatrix":[-0.261215389,-0.965280473,0,0.965280473,-0.261215389,0,0,0,0.999999881],"scale":1.08602345,"type":"generibush_small"}
{"pos":[275.857574,72.3565674,255.338409],"rotationMatrix":[-0.0115323765,-0.999933362,0,0.999933362,-0.0115323765,0,0,0,0.999999881],"scale":0.778425097,"type":"generibush_small"}
{"pos":[277.208313,70.5716019,255.432938],"rotationMatrix":[-0.282548845,0.959252775,0,-0.959252775,-0.282548845,0,0,0,0.999999881],"scale":0.776660562,"type":"generibush_small"}
{"pos":[271.007263,131.684402,254.541809],"rotationMatrix":[0.99955827,0.0297171846,0,-0.0297171846,0.99955827,0,0,0,0.999999881],"scale":1.12193251,"type":"generibush_small"}
{"pos":[251.210464,132.928284,254.12207],"rotationMatrix":[0.830382407,0.557193935,0,-0.557193935,0.830382407,0,0,0,0.999999881],"scale":1.15651226,"type":"generibush_small"}
{"pos":[235.213058,111.315254,254.328705],"rotationMatrix":[0.231677756,0.972792566,0,-0.972792566,0.231677756,0,0,0,0.999999881],"scale":0.862777174,"type":"generibush_small"}
{"pos":[259.513702,127.361374,254.282623],"rotationMatrix":[0.99921906,0.0395102762,0,-0.0395102762,0.99921906,0,0,0,0.999999881],"scale":0.904408813,"type":"generibush_small"}
{"pos":[236.303131,123.443428,254.348755],"rotationMatrix":[0.445958734,0.895053566,0,-0.895053566,0.445958734,0,0,0,0.999999881],"scale":1.16993165,"type":"generibush_small"}
{"pos":[232.382355,120.756538,254.333496],"rotationMatrix":[-0.789423287,-0.613849044,0,0.613849044,-0.789423287,0,0,0,0.999999881],"scale":0.88689369,"type":"generibush_small"}
{"pos":[224.550827,92.0622864,254.319183],"rotationMatrix":[-0.999944687,0.0105046164,0,-0.0105046164,-0.999944687,0,0,0,0.999999881],"scale":1.12709033,"type":"generibush_small"}
{"pos":[224.724838,75.9857483,254.072784],"rotationMatrix":[-0.999998331,-0.00180927012,0,0.00180927012,-0.999998331,0,0,0,0.999999881],"scale":0.783079743,"type":"generibush_small"}
{"pos":[201.649139,57.6181297,253.697021],"rotationMatrix":[-0.223773077,-0.974641144,0,0.974641144,-0.223773077,0,0,0,0.999999881],"scale":0.82319653,"type":"generibush_small"}
{"pos":[211.665375,64.399826,253.381409],"rotationMatrix":[0.962178648,-0.272418946,0,0.272418946,0.962178648,0,0,0,0.999999881],"scale":1.02761769,"type":"generibush_small"}
{"pos":[194.968552,57.2495804,253.956787],"rotationMatrix":[-0.65548414,-0.755208969,0,0.755208969,-0.65548414,0,0,0,0.999999881],"scale":1.0420897,"type":"generibush_small"}
{"pos":[188.26709,69.7231827,254.272461],"rotationMatrix":[0.77283144,0.634611309,0,-0.634611309,0.77283144,0,0,0,0.999999881],"scale":0.799234807,"type":"generibush_small"}
{"pos":[171.542068,63.9578743,254.272461],"rotationMatrix":[0.990784943,-0.13544403,0,0.13544403,0.990784943,0,0,0,0.999999881],"scale":1.09546351,"type":"generibush_small"}
{"pos":[166.780273,63.0622902,254.272461],"rotationMatrix":[0.914850771,-0.403791726,0,0.403791726,0.914850771,0,0,0,0.999999881],"scale":1.05731475,"type":"generibush_small"}
{"pos":[159.986282,107.041801,254.379272],"rotationMatrix":[0.0603134632,-0.998179376,0,0.998179376,0.0603134632,0,0,0,0.999999881],"scale":0.852989018,"type":"generibush_small"}
{"pos":[146.956665,106.299797,254.379272],"rotationMatrix":[-0.739328742,-0.673344612,0,0.673344612,-0.739328742,0,0,0,0.999999881],"scale":0.750220776,"type":"generibush_small"}
{"pos":[160.327698,121.27977,254.379272],"rotationMatrix":[-0.633247197,0.773949385,0,-0.773949385,-0.633247197,0,0,0,0.999999881],"scale":1.14048529,"type":"generibush_small"}
{"pos":[156.89389,117.287804,254.379272],"rotationMatrix":[-0.55089736,0.834572792,0,-0.834572792,-0.55089736,0,0,0,0.999999881],"scale":1.07477021,"type":"generibush_small"}
{"pos":[153.481979,109.798195,254.379272],"rotationMatrix":[-0.729026735,0.684485078,0,-0.684485078,-0.729026735,0,0,0,0.999999881],"scale":0.747910082,"type":"generibush_small"}
{"pos":[165.599808,144.876465,254.379272],"rotationMatrix":[-0.585370839,0.810765445,0,-0.810765445,-0.585370839,0,0,0,0.999999881],"scale":1.08462441,"type":"generibush_small"}
{"pos":[143.574966,122.384636,254.379272],"rotationMatrix":[-0.836801946,0.547505438,0,-0.547505438,-0.836801946,0,0,0,0.999999881],"scale":0.764696598,"type":"generibush_small"}
{"pos":[159.13385,125.563774,254.379272],"rotationMatrix":[-0.99216789,-0.124910958,0,0.124910958,-0.99216789,0,0,0,0.999999881],"scale":1.10934961,"type":"generibush_small"}
{"pos":[149.246536,129.200623,254.379272],"rotationMatrix":[-0.831349909,0.555749238,0,-0.555749238,-0.831349909,0,0,0,0.999999881],"scale":1.18493867,"type":"generibush_small"}
{"pos":[172.920197,146.3909,254.379272],"rotationMatrix":[-0.976291895,-0.216458097,0,0.216458097,-0.976291895,0,0,0,0.999999881],"scale":1.16806793,"type":"generibush_small"}
{"pos":[175.160431,142.988968,254.379272],"rotationMatrix":[0.710199773,-0.704000056,0,0.704000056,0.710199773,0,0,0,0.999999881],"scale":1.06837928,"type":"generibush_small"}
{"pos":[157.522614,140.160431,254.379272],"rotationMatrix":[0.386455059,0.922308266,0,-0.922308266,0.386455059,0,0,0,0.999999881],"scale":0.808390021,"type":"generibush_small"}
{"pos":[160.479019,142.485168,254.379272],"rotationMatrix":[-0.6527372,0.757584214,0,-0.757584214,-0.6527372,0,0,0,0.999999881],"scale":0.798322499,"type":"generibush_small"}
{"pos":[182.150085,151.470825,254.379272],"rotationMatrix":[0.992638528,0.12111403,0,-0.12111403,0.992638528,0,0,0,0.999999881],"scale":0.83243978,"type":"generibush_small"}
{"pos":[178.696335,148.152908,254.379272],"rotationMatrix":[-0.363840759,-0.931461096,0,0.931461096,-0.363840759,0,0,0,0.999999881],"scale":0.991381288,"type":"generibush_small"}
{"pos":[164.469879,149.292923,254.379272],"rotationMatrix":[-0.524984539,0.851111591,0,-0.851111591,-0.524984539,0,0,0,0.999999881],"scale":0.709938705,"type":"generibush_small"}
{"pos":[189.689117,155.989624,254.379272],"rotationMatrix":[0.367709816,0.929940641,0,-0.929940641,0.367709816,0,0,0,0.999999881],"scale":1.10129535,"type":"generibush_small"}
{"pos":[171.434464,160.033585,254.379272],"rotationMatrix":[-0.122496054,-0.992468894,0,0.992468894,-0.122496054,0,0,0,0.999999881],"scale":0.861942291,"type":"generibush_small"}
{"pos":[212.373352,173.480499,254.305206],"rotationMatrix":[-0.541418433,-0.840753138,0,0.840753138,-0.541418433,0,0,0,0.999999881],"scale":1.18479097,"type":"generibush_small"}
{"pos":[181.910416,162.971039,254.379272],"rotationMatrix":[0.993468881,0.11410252,0,-0.11410252,0.993468881,0,0,0,0.999999881],"scale":1.02270758,"type":"generibush_small"}
{"pos":[197.906219,186.289963,254.379272],"rotationMatrix":[0.916917443,0.399076879,0,-0.399076879,0.916917443,0,0,0,0.999999881],"scale":0.878636301,"type":"generibush_small"}
{"pos":[199.558121,187.835693,254.379272],"rotationMatrix":[-0.935521245,0.353270292,0,-0.353270292,-0.935521245,0,0,0,0.999999881],"scale":0.876436591,"type":"generibush_small"}
{"pos":[219.314117,174.673569,254.110474],"rotationMatrix":[0.255704671,0.966754913,0,-0.966754913,0.255704671,0,0,0,0.999999881],"scale":0.911390781,"type":"generibush_small"}
{"pos":[186.400101,170.769333,254.379272],"rotationMatrix":[-0.453831166,-0.891087592,0,0.891087592,-0.453831166,0,0,0,0.999999881],"scale":0.915061116,"type":"generibush_small"}
{"pos":[214.346924,189.786346,254.21611],"rotationMatrix":[-0.931304038,0.364242673,0,-0.364242673,-0.931304038,0,0,0,0.999999881],"scale":0.895615339,"type":"generibush_small"}
{"pos":[207.464935,192.316971,254.379272],"rotationMatrix":[0.390174717,-0.920740664,0,0.920740664,0.390174717,0,0,0,0.999999881],"scale":0.860115469,"type":"generibush_small"}
{"pos":[202.525131,174.658508,254.379272],"rotationMatrix":[0.582681417,0.812700689,0,-0.812700689,0.582681417,0,0,0,0.999999881],"scale":0.856735945,"type":"generibush_small"}
{"pos":[200.674194,187.858749,254.379272],"rotationMatrix":[-0.923220813,-0.384269953,0,0.384269953,-0.923220813,0,0,0,0.999999881],"scale":0.793111026,"type":"generibush_small"}
{"pos":[221.299667,172.347443,254.085602],"rotationMatrix":[0.659356654,0.751830339,0,-0.751830339,0.659356654,0,0,0,0.999999881],"scale":0.743715823,"type":"generibush_small"}
{"pos":[217.781265,174.439209,254.165619],"rotationMatrix":[0.722131133,0.691756129,0,-0.691756129,0.722131133,0,0,0,0.999999881],"scale":1.00379324,"type":"generibush_small"}
{"pos":[203.627533,180.719742,254.379272],"rotationMatrix":[-0.921526313,-0.388315648,0,0.388315648,-0.921526313,0,0,0,0.999999881],"scale":0.766543865,"type":"generibush_small"}
{"pos":[231.834839,164.928055,253.869141],"rotationMatrix":[0.534468412,0.845188498,0,-0.845188498,0.534468412,0,0,0,0.999999881],"scale":1.16062915,"type":"generibush_small"}
{"pos":[206.173767,177.366272,254.379272],"rotationMatrix":[-0.999973953,0.00720312679,0,-0.00720312679,-0.999973953,0,0,0,0.999999881],"scale":0.721429825,"type":"generibush_small"}
{"pos":[239.758987,173.911469,253.071869],"rotationMatrix":[-0.98739177,-0.158295169,0,0.158295169,-0.98739177,0,0,0,0.999999881],"scale":1.0039556,"type":"generibush_small"}
{"pos":[227.19249,186.905472,253.493347],"rotationMatrix":[-0.21499902,0.976614118,0,-0.976614118,-0.21499902,0,0,0,0.999999881],"scale":0.901080132,"type":"generibush_small"}
{"pos":[222.376526,178.945877,253.92038],"rotationMatrix":[-0.882142305,-0.470982939,0,0.470982939,-0.882142305,0,0,0,0.999999881],"scale":0.742133975,"type":"generibush_small"}
{"pos":[209.330048,188.785721,254.369202],"rotationMatrix":[0.523706257,-0.85189873,0,0.85189873,0.523706257,0,0,0,0.999999881],"scale":0.986809611,"type":"generibush_small"}
{"pos":[234.285767,165.615723,253.726837],"rotationMatrix":[-0.195187956,0.98076576,0,-0.98076576,-0.195187956,0,0,0,0.999999881],"scale":0.865214705,"type":"generibush_small"}
{"pos":[240.61853,176.498047,252.876785],"rotationMatrix":[-0.996171772,0.0874161199,0,-0.0874161199,-0.996171772,0,0,0,0.999999881],"scale":0.838015497,"type":"generibush_small"}
{"pos":[237.56424,162.393906,253.654785],"rotationMatrix":[-0.920494676,-0.390754819,0,0.390754819,-0.920494676,0,0,0,0.999999881],"scale":1.07427692,"type":"generibush_small"}
{"pos":[252.03891,174.159225,252.089386],"rotationMatrix":[-0.999975204,-0.00703010289,0,0.00703010289,-0.999975204,0,0,0,0.999999881],"scale":0.808809042,"type":"generibush_small"}
{"pos":[239.078293,157.046738,253.733398],"rotationMatrix":[-0.560550213,0.828120172,0,-0.828120172,-0.560550213,0,0,0,0.999999881],"scale":0.910752594,"type":"generibush_small"}
{"pos":[247.613098,171.570602,252.682404],"rotationMatrix":[0.595890045,-0.803065956,0,0.803065956,0.595890045,0,0,0,0.999999881],"scale":1.17512083,"type":"generibush_small"}
{"pos":[251.520813,160.384384,252.966019],"rotationMatrix":[-0.871592462,-0.490231007,0,0.490231007,-0.871592462,0,0,0,0.999999881],"scale":0.831249893,"type":"generibush_small"}
{"pos":[249.955307,170.626404,252.552795],"rotationMatrix":[0.770247519,0.637745082,0,-0.637745082,0.770247519,0,0,0,0.999999881],"scale":1.06238878,"type":"generibush_small"}
{"pos":[231.209671,154.831589,254.088715],"rotationMatrix":[0.719902575,0.694075167,0,-0.694075167,0.719902575,0,0,0,0.999999881],"scale":0.847598493,"type":"generibush_small"}
{"pos":[254.69838,165.824615,252.420624],"rotationMatrix":[-0.760602295,0.649217963,0,-0.649217963,-0.760602295,0,0,0,0.999999881],"scale":0.841694891,"type":"generibush_small"}
{"pos":[244.429626,156.953903,253.491257],"rotationMatrix":[0.435077101,-0.900393128,0,0.900393128,0.435077101,0,0,0,0.999999881],"scale":0.886843204,"type":"generibush_small"}
{"pos":[252.485535,144.600082,253.795059],"rotationMatrix":[0.999995649,-0.00292621832,0,0.00292621832,0.999995649,0,0,0,0.999999881],"scale":0.883114517,"type":"generibush_small"}
{"pos":[245.907837,159.218567,253.320648],"rotationMatrix":[0.611840487,0.790981114,0,-0.790981114,0.611840487,0,0,0,0.999999881],"scale":1.1050452,"type":"generibush_small"}
{"pos":[262.942688,150.323303,253.428345],"rotationMatrix":[0.676258743,-0.736664057,0,0.736664057,0.676258743,0,0,0,0.999999881],"scale":0.732942224,"type":"generibush_small"}
{"pos":[253.978577,151.19873,253.421753],"rotationMatrix":[0.739740133,-0.672892511,0,0.672892511,0.739740133,0,0,0,0.999999881],"scale":0.834635735,"type":"generibush_small"}
{"pos":[249.679184,131.209793,254.150391],"rotationMatrix":[-0.892542124,-0.450963765,0,0.450963765,-0.892542124,0,0,0,0.999999881],"scale":1.15920949,"type":"generibush_small"}
{"pos":[261.441589,142.012085,253.964935],"rotationMatrix":[0.951078475,0.308949351,0,-0.308949351,0.951078475,0,0,0,0.999999881],"scale":0.896703601,"type":"generibush_small"}
{"pos":[261.150726,148.858215,253.537888],"rotationMatrix":[0.187621802,-0.982241333,0,0.982241333,0.187621802,0,0,0,0.999999881],"scale":0.983656049,"type":"generibush_small"}
{"pos":[266.435547,140.439941,254.216034],"rotationMatrix":[-0.734678805,-0.67841506,0,0.67841506,-0.734678805,0,0,0,0.999999881],"scale":1.13643622,"type":"generibush_small"}
{"pos":[258.736206,119.824463,254.430923],"rotationMatrix":[-0.781068385,-0.624445498,0,0.624445498,-0.781068385,0,0,0,0.999999881],"scale":0.850892186,"type":"generibush_small"}
{"pos":[269.619537,139.969589,254.352386],"rotationMatrix":[-0.23205547,-0.972702563,0,0.972702563,-0.23205547,0,0,0,0.999999881],"scale":1.10899556,"type":"generibush_small"}
{"pos":[264.309601,129.815765,254.336121],"rotationMatrix":[0.684228957,-0.729267061,0,0.729267061,0.684228957,0,0,0,0.999999881],"scale":1.03639507,"type":"generibush_small"}
{"pos":[268.389313,132.302612,254.412445],"rotationMatrix":[0.0270287562,-0.999634564,0,0.999634564,0.0270287562,0,0,0,0.999999881],"scale":0.848716259,"type":"generibush_small"}
{"pos":[278.171204,124.559822,255.093903],"rotationMatrix":[0.999999106,-0.00127415452,0,0.00127415452,0.999999106,0,0,0,0.999999881],"scale":1.05839419,"type":"generibush_small"}
{"pos":[268.992035,129.825653,254.506409],"rotationMatrix":[0.27325806,0.961940706,0,-0.961940706,0.27325806,0,0,0,0.999999881],"scale":1.00106585,"type":"generibush_small"}
{"pos":[281.00531,131.362579,254.97879],"rotationMatrix":[0.270109266,-0.96282953,0,0.96282953,0.270109266,0,0,0,0.999999881],"scale":0.963934779,"type":"generibush_small"}
{"pos":[336.315399,90.9708405,257.79303],"rotationMatrix":[0.646188498,0.763177812,0,-0.763177812,0.646188498,0,0,0,0.999999881],"scale":0.963651836,"type":"generibush_small"}
{"pos":[340.298431,88.2108536,258.195038],"rotationMatrix":[-0.989384294,-0.145322219,0,0.145322219,-0.989384294,0,0,0,0.999999881],"scale":0.758080721,"type":"generibush_small"}
{"pos":[334.536835,86.1466217,257.947632],"rotationMatrix":[0.178832993,0.983879387,0,-0.983879387,0.178832993,0,0,0,0.999999881],"scale":1.1606673,"type":"generibush_small"}
{"pos":[347.45047,80.3912888,258.407593],"rotationMatrix":[0.707994819,-0.706217527,0,0.706217527,0.707994819,0,0,0,0.999999881],"scale":0.893765688,"type":"generibush_small"}
{"pos":[369.549591,65.1791611,258.482361],"rotationMatrix":[-0.591237128,0.806497514,0,-0.806497514,-0.591237128,0,0,0,0.999999881],"scale":0.732103407,"type":"generibush_small"}
{"pos":[-647.278503,320.953857,234.171219],"rotationMatrix":[0.503682733,0.863888741,0,-0.863888741,0.503682733,0,0,0,0.999999881],"scale":0.824229658,"type":"generibush_small"}
{"pos":[-649.512268,322.049011,234.040466],"rotationMatrix":[0.45891118,-0.888482034,0,0.888482034,0.45891118,0,0,0,0.999999881],"scale":0.748085022,"type":"generibush_small"}
{"pos":[-616.341309,299.100586,233.791168],"rotationMatrix":[0.705558777,0.708651423,0,-0.708651423,0.705558777,0,0,0,0.999999881],"scale":0.840301514,"type":"generibush_small"}
{"pos":[69.2395935,137.317169,233.259827],"rotationMatrix":[-0.629705131,-0.776834071,0,0.776834071,-0.629705131,0,0,0,0.999999881],"scale":1.03394926,"type":"generibush_small"}
{"pos":[-354.995636,160.405319,231.934692],"rotationMatrix":[-0.693177938,0.720766366,0,-0.720766366,-0.693177938,0,0,0,0.999999881],"scale":0.720684052,"type":"generibush_small"}
{"pos":[407.28949,33.0697174,250.366211],"rotationMatrix":[0.109162435,0.99402386,0,-0.99402386,0.109162435,0,0,0,0.999999881],"scale":0.999412,"type":"generibush_small"}
{"pos":[414.309265,66.3927002,250.396729],"rotationMatrix":[0.966457546,-0.256825954,0,0.256825954,0.966457546,0,0,0,0.999999881],"scale":1.02105391,"type":"generibush_small"}
{"pos":[413.902771,74.0601807,250.396729],"rotationMatrix":[-0.285761476,-0.958300769,0,0.958300769,-0.285761476,0,0,0,0.999999881],"scale":0.796886265,"type":"generibush_small"}
{"pos":[412.120178,73.0082626,250.396729],"rotationMatrix":[0.999470949,-0.03252206,0,0.03252206,0.999470949,0,0,0,0.999999881],"scale":0.96973598,"type":"generibush_small"}
{"pos":[400.072266,101.757278,250.385605],"rotationMatrix":[0.233176649,-0.972434282,0,0.972434282,0.233176649,0,0,0,0.999999881],"scale":1.18068635,"type":"generibush_small"}
{"pos":[419.282715,53.1890259,252.676514],"rotationMatrix":[-0.0843896344,0.996432722,0,-0.996432722,-0.0843896344,0,0,0,0.999999881],"scale":0.875085533,"type":"generibush_small"}
{"pos":[419.194,48.8619194,251.944672],"rotationMatrix":[0.535689414,0.844415128,0,-0.844415128,0.535689414,0,0,0,0.999999881],"scale":0.779605865,"type":"generibush_small"}
{"pos":[414.197632,38.9024506,250.505585],"rotationMatrix":[-0.203739166,0.979025066,0,-0.979025066,-0.203739166,0,0,0,0.999999881],"scale":0.818602443,"type":"generibush_small"}
{"pos":[416.763031,59.5953026,250.551697],"rotationMatrix":[-0.09280736,0.995683968,0,-0.995683968,-0.09280736,0,0,0,0.999999881],"scale":0.908921719,"type":"generibush_small"}
{"pos":[406.730499,98.1067123,250.547256],"rotationMatrix":[-0.815588772,0.578631818,0,-0.578631818,-0.815588772,0,0,0,0.999999881],"scale":0.938112617,"type":"generibush_small"}
{"pos":[407.066742,102.565125,251.656372],"rotationMatrix":[-0.189831272,-0.98181659,0,0.98181659,-0.189831272,0,0,0,0.999999881],"scale":0.7819103,"type":"generibush_small"}
{"pos":[415.998383,69.4837646,250.396729],"rotationMatrix":[-0.252120286,0.967695773,0,-0.967695773,-0.252120286,0,0,0,0.999999881],"scale":1.03465688,"type":"generibush_small"}
{"pos":[415.257935,51.0549316,250.396729],"rotationMatrix":[-0.871357441,0.490648717,0,-0.490648717,-0.871357441,0,0,0,0.999999881],"scale":0.931426644,"type":"generibush_small"}
{"pos":[21.0137806,-69.3672867,254.379272],"rotationMatrix":[0.314708084,0.94918853,0,-0.94918853,0.314708084,0,0,0,0.999999881],"scale":1.00249362,"type":"generibush_small"}
{"pos":[-10.8709097,-71.3384628,254.379272],"rotationMatrix":[-0.896300852,0.443446308,0,-0.443446308,-0.896300852,0,0,0,0.999999881],"scale":0.858740151,"type":"generibush_small"}
{"pos":[-6.07016277,-71.6772003,254.379272],"rotationMatrix":[-0.809905171,-0.586560667,0,0.586560667,-0.809905171,0,0,0,0.999999881],"scale":0.966362596,"type":"generibush_small"}
{"pos":[294.819794,228.10614,254.916412],"rotationMatrix":[0.926128566,0.377207845,0,-0.377207845,0.926128566,0,0,0,0.999999881],"scale":0.724554539,"type":"generibush_small"}
{"pos":[327.103516,245.54216,258.252258],"rotationMatrix":[0.670092285,0.742277801,0,-0.742277801,0.670092285,0,0,0,0.999999881],"scale":0.715681911,"type":"generibush_small"}
{"pos":[323.273956,240.921738,257.932312],"rotationMatrix":[0.453698009,-0.891155422,0,0.891155422,0.453698009,0,0,0,0.999999881],"scale":1.19383264,"type":"generibush_small"}
{"pos":[293.150543,213.971054,250.531281],"rotationMatrix":[0.956674933,-0.291157752,0,0.291157752,0.956674933,0,0,0,0.999999881],"scale":0.809975445,"type":"generibush_small"}
{"pos":[291.304901,234.768188,253.124176],"rotationMatrix":[0.520178676,-0.854057312,0,0.854057312,0.520178676,0,0,0,0.999999881],"scale":1.02298295,"type":"generibush_small"}
{"pos":[306.193909,239.657425,254.460693],"rotationMatrix":[0.886651814,-0.46243754,0,0.46243754,0.886651814,0,0,0,0.999999881],"scale":1.12039912,"type":"generibush_small"}
{"pos":[336.759857,245.586746,259.678925],"rotationMatrix":[0.784301221,-0.620380104,0,0.620380104,0.784301221,0,0,0,0.999999881],"scale":0.737031937,"type":"generibush_small"}
{"pos":[338.689484,234.349564,263.944305],"rotationMatrix":[0.999967515,-0.00805282127,0,0.00805282127,0.999967515,0,0,0,0.999999881],"scale":0.809459627,"type":"generibush_small"}
{"pos":[234.857895,210.066284,250.739868],"rotationMatrix":[0.489338636,0.872093856,0,-0.872093856,0.489338636,0,0,0,0.999999881],"scale":0.728314579,"type":"generibush_small"}
{"pos":[252.058365,184.724274,251.07518],"rotationMatrix":[-0.99983573,0.0181184299,0,-0.0181184299,-0.99983573,0,0,0,0.999999881],"scale":1.03475809,"type":"generibush_small"}
{"pos":[253.808548,172.990128,251.989563],"rotationMatrix":[-0.318921119,0.947781146,0,-0.947781146,-0.318921119,0,0,0,0.999999881],"scale":1.13127279,"type":"generibush_small"}
{"pos":[258.951691,164.985931,252.036072],"rotationMatrix":[-0.851926923,-0.523660541,0,0.523660541,-0.851926923,0,0,0,0.999999881],"scale":0.892479897,"type":"generibush_small"}
{"pos":[302.182831,225.045258,255.242828],"rotationMatrix":[0.787693858,-0.616066694,0,0.616066694,0.787693858,0,0,0,0.999999881],"scale":0.917977989,"type":"generibush_small"}
{"pos":[283.43634,222.617569,250.073608],"rotationMatrix":[0.837246716,-0.54682523,0,0.54682523,0.837246716,0,0,0,0.999999881],"scale":1.03530097,"type":"generibush_small"}
{"pos":[292.060242,212.525681,250.019318],"rotationMatrix":[0.428691,0.903451204,0,-0.903451204,0.428691,0,0,0,0.999999881],"scale":1.0276866,"type":"generibush_small"}
{"pos":[273.555878,225.382095,249.902618],"rotationMatrix":[-0.967689514,-0.252144575,0,0.252144575,-0.967689514,0,0,0,0.999999881],"scale":0.925972939,"type":"generibush_small"}
{"pos":[274.581848,224.956421,249.944626],"rotationMatrix":[-0.708404779,-0.705806255,0,0.705806255,-0.708404779,0,0,0,0.999999881],"scale":0.83754456,"type":"generibush_small"}
{"pos":[275.027527,241.895477,249.940216],"rotationMatrix":[0.989634633,0.143607467,0,-0.143607467,0.989634633,0,0,0,0.999999881],"scale":0.976997316,"type":"generibush_small"}
{"pos":[271.69635,234.724594,249.897827],"rotationMatrix":[-0.839382887,-0.543540359,0,0.543540359,-0.839382887,0,0,0,0.999999881],"scale":1.12427878,"type":"generibush_small"}
{"pos":[285.297638,238.78566,251.132401],"rotationMatrix":[-0.945945203,-0.324326336,0,0.324326336,-0.945945203,0,0,0,0.999999881],"scale":0.750610292,"type":"generibush_small"}
{"pos":[292.212982,246.748444,251.833649],"rotationMatrix":[0.427558482,-0.903987586,0,0.903987586,0.427558482,0,0,0,0.999999881],"scale":1.17832184,"type":"generibush_small"}
{"pos":[295.447601,238.796494,252.928452],"rotationMatrix":[0.696871281,0.717196226,0,-0.717196226,0.696871281,0,0,0,0.999999881],"scale":0.996919155,"type":"generibush_small"}
{"pos":[354.080688,240.760315,263.650574],"rotationMatrix":[-0.88275224,-0.469838619,0,0.469838619,-0.88275224,0,0,0,0.999999881],"scale":0.967173934,"type":"generibush_small"}
{"pos":[354.302399,236.300339,263.99231],"rotationMatrix":[0.684634984,-0.728886068,0,0.728886068,0.684634984,0,0,0,0.999999881],"scale":0.888081074,"type":"generibush_small"}
{"pos":[340.510895,224.520004,263.99231],"rotationMatrix":[-0.999127448,0.0417636335,0,-0.0417636335,-0.999127448,0,0,0,0.999999881],"scale":0.791784763,"type":"generibush_small"}
{"pos":[325.244598,223.551849,263.99231],"rotationMatrix":[0.496597171,-0.867981076,0,0.867981076,0.496597171,0,0,0,0.999999881],"scale":1.09654403,"type":"generibush_small"}
{"pos":[319.27066,210.875702,263.99231],"rotationMatrix":[-0.244989708,-0.969525635,0,0.969525635,-0.244989708,0,0,0,0.999999881],"scale":0.880663395,"type":"generibush_small"}
{"pos":[313.04071,215.940933,263.99231],"rotationMatrix":[-0.509154677,0.860674858,0,-0.860674858,-0.509154677,0,0,0,0.999999881],"scale":0.700677276,"type":"generibush_small"}
{"pos":[315.685638,210.645203,263.99231],"rotationMatrix":[0.126767427,-0.991932392,0,0.991932392,0.126767427,0,0,0,0.999999881],"scale":0.990389884,"type":"generibush_small"}
{"pos":[350.147369,225.809326,263.99231],"rotationMatrix":[-0.606261492,-0.795265317,0,0.795265317,-0.606261492,0,0,0,0.999999881],"scale":0.951239586,"type":"generibush_small"}
{"pos":[356.87146,250.021011,263.212097],"rotationMatrix":[0.741365731,-0.671101093,0,0.671101093,0.741365731,0,0,0,0.999999881],"scale":1.08470118,"type":"generibush_small"}
{"pos":[353.62915,248.455261,262.957672],"rotationMatrix":[-0.0375007279,-0.999296546,0,0.999296546,-0.0375007279,0,0,0,0.999999881],"scale":0.910657942,"type":"generibush_small"}
{"pos":[330.0737,252.439102,258.192932],"rotationMatrix":[0.168636933,0.985678136,0,-0.985678136,0.168636933,0,0,0,0.999999881],"scale":0.888181329,"type":"generibush_small"}
{"pos":[294.19339,243.700287,252.181076],"rotationMatrix":[0.998102367,-0.0615745969,0,0.0615745969,0.998102367,0,0,0,0.999999881],"scale":0.815925777,"type":"generibush_small"}
{"pos":[297.822174,247.001266,252.61261],"rotationMatrix":[-0.85084039,-0.525424302,0,0.525424302,-0.85084039,0,0,0,0.999999881],"scale":1.10159278,"type":"generibush_small"}
{"pos":[277.22403,230.447006,249.956055],"rotationMatrix":[-0.242511615,0.970148385,0,-0.970148385,-0.242511615,0,0,0,0.999999881],"scale":0.720611215,"type":"generibush_small"}
{"pos":[282.910645,220.417328,250.488159],"rotationMatrix":[0.998390377,-0.0567134209,0,0.0567134209,0.998390377,0,0,0,0.999999881],"scale":0.864460886,"type":"generibush_small"}
{"pos":[358.6492,224.895599,263.99231],"rotationMatrix":[0.41892156,0.908022463,0,-0.908022463,0.41892156,-0,-0,0,0.999999881],"scale":1.09482861,"type":"generibush_small"}
{"pos":[345.355194,200.841827,263.99231],"rotationMatrix":[-0.905325115,-0.424718976,0,0.424718976,-0.905325115,0,-0,0,0.999999881],"scale":1.00317657,"type":"generibush_small"}
{"pos":[345.607971,203.151871,263.99231],"rotationMatrix":[0.917595625,0.397514969,0,-0.397514969,0.917595625,-0,-0,0,0.999999881],"scale":0.918347359,"type":"generibush_small"}
{"pos":[352.030457,202.60643,263.99231],"rotationMatrix":[0.321490914,0.946912646,0,-0.946912646,0.321490914,-0,-0,0,0.999999881],"scale":0.854696751,"type":"generibush_small"}
{"pos":[344.095581,203.570648,263.99231],"rotationMatrix":[0.9549703,0.296701193,0,-0.296701193,0.9549703,-0,-0,0,0.999999881],"scale":1.04525447,"type":"generibush_small"}
{"pos":[355.393005,223.802078,263.99231],"rotationMatrix":[0.557915449,0.829897761,0,-0.829897761,0.557915449,-0,-0,0,0.999999881],"scale":0.906036854,"type":"generibush_small"}
{"pos":[341.50351,214.952026,263.99231],"rotationMatrix":[-0.70477885,0.709426939,-0,-0.709426939,-0.70477885,0,-0,0,0.999999881],"scale":0.973183572,"type":"generibush_small"}
{"pos":[339.713287,212.035507,263.99231],"rotationMatrix":[-0.759077132,-0.651000679,0,0.651000679,-0.759077132,0,-0,0,0.999999881],"scale":1.16352427,"type":"generibush_small"}
{"pos":[333.088226,205.026108,263.99231],"rotationMatrix":[-0.782687306,-0.622415066,0,0.622415066,-0.782687306,0,-0,0,0.999999881],"scale":1.01683915,"type":"generibush_small"}
{"pos":[349.741852,232.311478,263.99231],"rotationMatrix":[-0.995585978,0.0938527957,-0,-0.0938527957,-0.995585978,0,-0,0,0.999999881],"scale":1.14303017,"type":"generibush_small"}
{"pos":[340.786926,225.576874,263.99231],"rotationMatrix":[0.605136096,0.796122015,0,-0.796122015,0.605136096,-0,-0,0,0.999999881],"scale":1.14152539,"type":"generibush_small"}
{"pos":[342.404877,233.217926,263.882324],"rotationMatrix":[0.948606968,0.316456527,0,-0.316456527,0.948606968,-0,-0,0,0.999999881],"scale":1.19276035,"type":"generibush_small"}
{"pos":[328.421112,220.54097,263.99231],"rotationMatrix":[-0.377390712,-0.92605406,0,0.92605406,-0.377390712,0,-0,0,0.999999881],"scale":1.13373959,"type":"generibush_small"}
{"pos":[327.314545,208.441528,263.99231],"rotationMatrix":[-0.866998434,0.498310834,-0,-0.498310834,-0.866998434,0,-0,0,0.999999881],"scale":1.1334362,"type":"generibush_small"}
{"pos":[337.39212,205.26973,263.99231],"rotationMatrix":[0.43708235,0.899421513,0,-0.899421513,0.43708235,-0,-0,0,0.999999881],"scale":1.02882135,"type":"generibush_small"}
{"pos":[241.675766,209.18367,250.690109],"rotationMatrix":[0.447955847,-0.894055545,0,0.894055545,0.447955847,0,-0,0,0.999999881],"scale":0.897930086,"type":"generibush_small"}
{"pos":[515.039856,175.504181,293.196411],"rotationMatrix":[0.985572457,0.169253662,0,-0.169253662,0.985572457,-0,-0,0,0.999999881],"scale":0.87249434,"type":"generibush_small"}
{"pos":[512.359009,177.979645,293.155151],"rotationMatrix":[0.677397966,-0.735616624,0,0.735616624,0.677397966,0,-0,0,0.999999881],"scale":0.925407052,"type":"generibush_small"}
{"pos":[506.726166,176.74678,292.000916],"rotationMatrix":[-0.0760880709,0.997101009,-0,-0.997101009,-0.0760880709,0,-0,0,0.999999881],"scale":0.908560395,"type":"generibush_small"}
{"pos":[496.749603,208.273041,293.40918],"rotationMatrix":[0.974255562,0.225446254,0,-0.225446254,0.974255562,-0,-0,0,0.999999881],"scale":1.10615671,"type":"generibush_small"}
{"pos":[502.049469,192.544006,293.138611],"rotationMatrix":[0.332064629,-0.943256557,0,0.943256557,0.332064629,0,-0,0,0.999999881],"scale":0.787158251,"type":"generibush_small"}
{"pos":[510.36499,168.608978,291.196198],"rotationMatrix":[0.8534922,-0.521105349,0,0.521105349,0.8534922,0,-0,0,0.999999881],"scale":1.06623137,"type":"generibush_small"}
