{"pos":[-635.688354,309.42691,232.443893],"rotationMatrix":[-0.229967281,-0.973198235,0,0.973198235,-0.229967281,0,0,0,0.999999881],"scale":0.980746984,"type":"lush_ferns_01_a"}
{"pos":[-641.182068,313.499725,232.659622],"rotationMatrix":[-0.327264518,-0.94493264,0,0.94493264,-0.327264518,0,0,0,0.999999881],"scale":1.1773169,"type":"lush_ferns_01_a"}
{"pos":[95.1701508,151.345932,233.070343],"rotationMatrix":[-0.697877824,0.716216564,0,-0.716216564,-0.697877824,0,0,0,0.999999881],"scale":0.912443817,"type":"lush_ferns_01_a"}
{"pos":[1.40935731,115.846375,233.504913],"rotationMatrix":[0.325185508,0.94565022,0,-0.94565022,0.325185508,0,0,0,0.999999881],"scale":1.08002388,"type":"lush_ferns_01_a"}
{"pos":[-3.8609736,117.109192,233.566483],"rotationMatrix":[-0.395768464,0.91835022,0,-0.91835022,-0.395768464,0,0,0,0.999999881],"scale":1.17733407,"type":"lush_ferns_01_a"}
{"pos":[-6.57347107,117.044739,233.678131],"rotationMatrix":[0.998407841,-0.0564050302,0,0.0564050302,0.998407841,0,0,0,0.999999881],"scale":0.976105332,"type":"lush_ferns_01_a"}
{"pos":[-22.2609501,126.124359,232.552475],"rotationMatrix":[0.164837092,0.986320794,0,-0.986320794,0.164837092,0,0,0,0.999999881],"scale":1.19067323,"type":"lush_ferns_01_a"}
{"pos":[-38.3658638,124.50737,231.485275],"rotationMatrix":[-0.981520534,0.191356555,0,-0.191356555,-0.981520534,0,0,0,0.999999881],"scale":1.1943146,"type":"lush_ferns_01_a"}
{"pos":[-331.11377,153.043839,232.003281],"rotationMatrix":[-0.662692845,0.748891234,0,-0.748891234,-0.662692845,0,0,0,0.999999881],"scale":0.927548051,"type":"lush_ferns_01_a"}
{"pos":[-356.063049,160.664856,231.984528],"rotationMatrix":[0.713308513,-0.70085001,0,0.70085001,0.713308513,0,0,0,0.999999881],"scale":1.16286647,"type":"lush_ferns_01_a"}
{"pos":[-5.10110807,-215.885971,252.799957],"rotationMatrix":[0.175998792,-0.984390318,0,0.984390318,0.175998792,0,0,0,0.999999881],"scale":1.18135655,"type":"lush_ferns_01_a"}
{"pos":[169.433517,-67.9678421,257.324219],"rotationMatrix":[-0.967418611,0.253181905,0,-0.253181905,-0.967418611,0,0,0,0.999999881],"scale":1.19509768,"type":"lush_ferns_01_a"}
{"pos":[101.553711,402.007355,255.996704],"rotationMatrix":[0.981430709,-0.191816464,0,0.191816464,0.981430709,0,0,0,0.999999881],"scale":0.941304564,"type":"lush_ferns_01_a"}
{"pos":[92.427124,397.400391,255.948715],"rotationMatrix":[0.798628092,0.60182482,0,-0.60182482,0.798628092,0,0,0,0.999999881],"scale":1.15833092,"type":"lush_ferns_01_a"}
{"pos":[85.592659,374.72345,255.961426],"rotationMatrix":[0.724938989,-0.688812971,0,0.688812971,0.724938989,0,0,0,0.999999881],"scale":1.08060026,"type":"lush_ferns_01_a"}
{"pos":[26.5264435,351.705963,261.866089],"rotationMatrix":[-0.645181119,-0.764029682,0,0.764029682,-0.645181119,0,0,0,0.999999881],"scale":1.05182505,"type":"lush_ferns_01_a"}
{"pos":[30.4226685,353.331635,261.516388],"rotationMatrix":[0.788652182,0.614839613,0,-0.614839613,0.788652182,0,0,0,0.999999881],"scale":1.1038394,"type":"lush_ferns_01_a"}
{"pos":[8.01130104,289.562042,253.581192],"rotationMatrix":[-0.990120947,-0.140215218,0,0.140215218,-0.990120947,0,0,0,0.999999881],"scale":0.991305232,"type":"lush_ferns_01_a"}
{"pos":[-25.1164188,274.969757,247.715973],"rotationMatrix":[0.168306246,-0.985734642,0,0.985734642,0.168306246,0,0,0,0.999999881],"scale":1.17675436,"type":"lush_ferns_01_a"}
{"pos":[-7.69386864,266.407806,245.42012],"rotationMatrix":[0.0505143441,0.998723209,0,-0.998723209,0.0505143441,0,0,0,0.999999881],"scale":1.12643099,"type":"lush_ferns_01_a"}
{"pos":[68.6460037,434.024658,259.454681],"rotationMatrix":[0.843611479,0.536953986,0,-0.536953986,0.843611479,0,0,0,0.999999881],"scale":0.935747206,"type":"lush_ferns_01_a"}
{"pos":[70.7497711,441.583557,256.74057],"rotationMatrix":[0.147179127,0.989109814,0,-0.989109814,0.147179127,0,0,0,0.999999881],"scale":0.987005234,"type":"lush_ferns_01_a"}
{"pos":[-54.3821793,296.888184,261.945923],"rotationMatrix":[0.92307198,-0.384627014,0,0.384627014,0.92307198,0,0,0,0.999999881],"scale":1.03942752,"type":"lush_ferns_01_a"}
{"pos":[-54.6799469,297.810455,261.952515],"rotationMatrix":[0.999383628,0.0351026058,0,-0.0351026058,0.999383628,0,0,0,0.999999881],"scale":0.904898465,"type":"lush_ferns_01_a"}
{"pos":[-53.7631073,298.997192,261.966492],"rotationMatrix":[0.999573052,0.0292167235,0,-0.0292167235,0.999573052,0,0,0,0.999999881],"scale":0.961868107,"type":"lush_ferns_01_a"}
{"pos":[-4.91383982,219.751938,236.236572],"rotationMatrix":[0.673194766,0.739465177,0,-0.739465177,0.673194766,0,0,0,0.999999881],"scale":1.18628311,"type":"lush_ferns_01_a"}
{"pos":[-223.595703,492.777344,273.586761],"rotationMatrix":[-0.917675316,0.397330791,0,-0.397330791,-0.917675316,0,0,0,0.999999881],"scale":1.09817111,"type":"lush_ferns_01_a"}
{"pos":[-243.728745,491.285767,273.681641],"rotationMatrix":[-0.386327177,0.922361672,0,-0.922361672,-0.386327177,0,0,0,0.999999881],"scale":1.16747451,"type":"lush_ferns_01_a"}
{"pos":[-244.23558,483.617462,273.60614],"rotationMatrix":[-0.421331048,-0.906906784,0,0.906906784,-0.421331048,0,0,0,0.999999881],"scale":1.08888531,"type":"lush_ferns_01_a"}
{"pos":[-243.828918,469.023499,272.627594],"rotationMatrix":[0.745953739,0.665997744,0,-0.665997744,0.745953739,0,0,0,0.999999881],"scale":1.03723991,"type":"lush_ferns_01_a"}
{"pos":[-208.155609,436.826019,269.469482],"rotationMatrix":[-0.324167699,0.945999444,0,-0.945999444,-0.324167699,0,0,0,0.999999881],"scale":1.15785134,"type":"lush_ferns_01_a"}
{"pos":[-209.016342,436.665405,269.537598],"rotationMatrix":[-0.550324976,0.834950328,0,-0.834950328,-0.550324976,0,0,0,0.999999881],"scale":0.90978837,"type":"lush_ferns_01_a"}
{"pos":[-229.964554,429.971222,272.369385],"rotationMatrix":[0.585790098,-0.810462713,0,0.810462713,0.585790098,0,0,0,0.999999881],"scale":0.933517277,"type":"lush_ferns_01_a"}
{"pos":[-281.470703,433.355865,272.447968],"rotationMatrix":[-0.992997706,0.118132502,0,-0.118132502,-0.992997706,0,0,0,0.999999881],"scale":0.973920286,"type":"lush_ferns_01_a"}
{"pos":[-271.819183,287.904236,273.986816],"rotationMatrix":[0.141798824,0.989895463,0,-0.989895463,0.141798824,0,0,0,0.999999881],"scale":0.935953856,"type":"lush_ferns_01_a"}
{"pos":[-260.806641,277.798676,273.831543],"rotationMatrix":[0.54479593,-0.838568509,0,0.838568509,0.54479593,0,0,0,0.999999881],"scale":1.13516808,"type":"lush_ferns_01_a"}
{"pos":[-262.517944,276.339905,273.84259],"rotationMatrix":[-0.808597028,-0.588362694,0,0.588362694,-0.808597028,0,0,0,0.999999881],"scale":0.95823133,"type":"lush_ferns_01_a"}
{"pos":[-179.551208,493.234589,269.26828],"rotationMatrix":[0.983318806,-0.181889832,0,0.181889832,0.983318806,0,0,0,0.999999881],"scale":1.14322186,"type":"lush_ferns_01_a"}
{"pos":[-144.413315,459.348053,264.465332],"rotationMatrix":[0.294689029,-0.95559305,0,0.95559305,0.294689029,0,0,0,0.999999881],"scale":1.04427671,"type":"lush_ferns_01_a"}
{"pos":[-157.813293,493.658691,265.385223],"rotationMatrix":[-0.76679945,-0.641886711,0,0.641886711,-0.76679945,0,0,0,0.999999881],"scale":1.18374372,"type":"lush_ferns_01_a"}
{"pos":[-139.455719,402.192932,264.573456],"rotationMatrix":[0.411624163,0.911353707,0,-0.911353707,0.411624163,0,0,0,0.999999881],"scale":1.19398022,"type":"lush_ferns_01_a"}
{"pos":[-141.142776,401.629578,264.707306],"rotationMatrix":[0.714308381,0.699831069,0,-0.699831069,0.714308381,0,0,0,0.999999881],"scale":0.915371776,"type":"lush_ferns_01_a"}
{"pos":[-150.741211,396.795654,265.673645],"rotationMatrix":[0.803980827,0.594655216,0,-0.594655216,0.803980827,0,0,0,0.999999881],"scale":1.14535224,"type":"lush_ferns_01_a"}
{"pos":[-112.995102,421.773682,262.416656],"rotationMatrix":[0.509440184,0.860506058,0,-0.860506058,0.509440184,0,0,0,0.999999881],"scale":1.1610769,"type":"lush_ferns_01_a"}
{"pos":[-113.570435,417.741333,262.492065],"rotationMatrix":[-0.367253393,-0.930120885,0,0.930120885,-0.367253393,0,0,0,0.999999881],"scale":0.908795893,"type":"lush_ferns_01_a"}
{"pos":[-84.9211807,388.488831,265.499817],"rotationMatrix":[0.302670062,0.953095376,0,-0.953095376,0.302670062,0,0,0,0.999999881],"scale":1.13961732,"type":"lush_ferns_01_a"}
{"pos":[-85.8674469,390.158478,265.408813],"rotationMatrix":[0.66498363,0.746857882,0,-0.746857882,0.66498363,0,0,0,0.999999881],"scale":1.11145568,"type":"lush_ferns_01_a"}
{"pos":[-99.3468628,385.189026,265.365601],"rotationMatrix":[0.347029358,0.93785423,0,-0.93785423,0.347029358,0,0,0,0.999999881],"scale":0.930189908,"type":"lush_ferns_01_a"}
{"pos":[-120.714661,366.730011,264.509155],"rotationMatrix":[-0.188847527,0.982006311,0,-0.982006311,-0.188847527,0,0,0,0.999999881],"scale":1.02272439,"type":"lush_ferns_01_a"}
{"pos":[-283.397339,487.538116,273.162415],"rotationMatrix":[-0.98781687,-0.155620307,0,0.155620307,-0.98781687,0,0,0,0.999999881],"scale":1.19516742,"type":"lush_ferns_01_a"}
{"pos":[-292.857239,476.813507,272.97937],"rotationMatrix":[-0.358745992,-0.933435142,0,0.933435142,-0.358745992,0,0,0,0.999999881],"scale":0.956771612,"type":"lush_ferns_01_a"}
{"pos":[-315.04425,286.457092,274.282471],"rotationMatrix":[0.99355042,-0.113390371,0,0.113390371,0.99355042,0,0,0,0.999999881],"scale":0.992607594,"type":"lush_ferns_01_a"}
{"pos":[-317.754669,287.677246,274.13974],"rotationMatrix":[0.896237791,-0.443573684,0,0.443573684,0.896237791,0,0,0,0.999999881],"scale":0.993076503,"type":"lush_ferns_01_a"}
{"pos":[-300.993408,316.987885,273.865356],"rotationMatrix":[0.373904049,-0.927467287,0,0.927467287,0.373904049,0,0,0,0.999999881],"scale":0.908057332,"type":"lush_ferns_01_a"}
{"pos":[-305.535736,274.505066,273.986816],"rotationMatrix":[0.971875608,-0.23549436,0,0.23549436,0.971875608,0,0,0,0.999999881],"scale":1.10470784,"type":"lush_ferns_01_a"}
{"pos":[-306.082123,276.471924,273.986816],"rotationMatrix":[0.854060829,-0.520173013,0,0.520173013,0.854060829,0,0,0,0.999999881],"scale":1.17062759,"type":"lush_ferns_01_a"}
{"pos":[-335.951385,284.743805,273.986816],"rotationMatrix":[-0.989267766,-0.146114036,0,0.146114036,-0.989267766,0,0,0,0.999999881],"scale":1.18258715,"type":"lush_ferns_01_a"}
{"pos":[-342.463745,298.649353,273.986816],"rotationMatrix":[-0.532497525,0.846431375,0,-0.846431375,-0.532497525,0,0,0,0.999999881],"scale":1.15282917,"type":"lush_ferns_01_a"}
{"pos":[-343.616791,304.752045,273.986816],"rotationMatrix":[-0.48065725,-0.876908481,0,0.876908481,-0.48065725,0,0,0,0.999999881],"scale":1.17861712,"type":"lush_ferns_01_a"}
{"pos":[-344.502441,304.987152,273.986816],"rotationMatrix":[-0.947259605,-0.320466846,0,0.320466846,-0.947259605,0,0,0,0.999999881],"scale":1.09479308,"type":"lush_ferns_01_a"}
{"pos":[-345.348328,311.103333,273.986816],"rotationMatrix":[-0.292949408,0.956127822,0,-0.956127822,-0.292949408,0,0,0,0.999999881],"scale":0.961081147,"type":"lush_ferns_01_a"}
{"pos":[-346.360046,307.250214,273.986816],"rotationMatrix":[0.940745771,-0.339112371,0,0.339112371,0.940745771,0,0,0,0.999999881],"scale":1.12982666,"type":"lush_ferns_01_a"}
{"pos":[-342.833862,316.431427,273.949707],"rotationMatrix":[-0.029045159,-0.999577999,0,0.999577999,-0.029045159,0,0,0,0.999999881],"scale":1.18344641,"type":"lush_ferns_01_a"}
{"pos":[-354.607208,318.914368,273.824219],"rotationMatrix":[0.724974453,-0.688775599,0,0.688775599,0.724974453,0,0,0,0.999999881],"scale":0.992049336,"type":"lush_ferns_01_a"}
{"pos":[-333.690582,429.285004,272.521973],"rotationMatrix":[0.900307357,0.435254544,0,-0.435254544,0.900307357,-0,-0,0,0.999999881],"scale":1.00565016,"type":"lush_ferns_01_a"}
{"pos":[40.3793449,244.07991,242.194443],"rotationMatrix":[0.691358924,-0.722511232,0,0.722511232,0.691358924,0,-0,0,0.999999881],"scale":1.06984162,"type":"lush_ferns_01_a"}
{"pos":[-246.890167,360.829773,273.741577],"rotationMatrix":[-0.535669327,0.844427645,-0,-0.844427645,-0.535669327,0,-0,0,0.999999881],"scale":1.0700475,"type":"lush_ferns_01_a"}
