{"pos":[0.435023785,-22.7052345,250.784866],"rotationMatrix":[-0.995430052,-0.0954933986,0,0.0954933986,-0.995430052,0,0,0,0.999999881],"scale":0.638180852,"type":"maritime_pine_bush"}
{"pos":[2.77440381,-21.8351593,250.650406],"rotationMatrix":[0.980397046,-0.197031617,0,0.197031617,0.980397046,0,0,0,0.999999881],"scale":0.605403781,"type":"maritime_pine_bush"}
{"pos":[-2.45415235,-25.0925465,251.681808],"rotationMatrix":[-0.999997914,0.00199421891,0,-0.00199421891,-0.999997914,0,0,0,0.999999881],"scale":0.943151712,"type":"maritime_pine_bush"}
{"pos":[-7.03010559,-35.4670906,253.60379],"rotationMatrix":[0.523567319,0.851984322,0,-0.851984322,0.523567319,0,0,0,0.999999881],"scale":0.730839372,"type":"maritime_pine_bush"}
{"pos":[-25.6914864,10.730896,250.011139],"rotationMatrix":[-0.200672954,-0.979658246,0,0.979658246,-0.200672954,0,0,0,0.999999881],"scale":0.514304519,"type":"maritime_pine_bush"}
{"pos":[24.3523998,-16.1521378,250],"rotationMatrix":[0.905995667,0.423286855,0,-0.423286855,0.905995667,0,0,0,0.999999881],"scale":0.571509719,"type":"maritime_pine_bush"}
{"pos":[13.1045914,4.95907021,250],"rotationMatrix":[0.855383456,-0.517995119,0,0.517995119,0.855383456,0,0,0,0.999999881],"scale":0.775143862,"type":"maritime_pine_bush"}
{"pos":[85.5887527,13.4115219,254.577637],"rotationMatrix":[-0.38158837,0.924332201,0,-0.924332201,-0.38158837,0,0,0,0.999999881],"scale":0.976637006,"type":"maritime_pine_bush"}
{"pos":[61.9920921,12.7122478,254.817413],"rotationMatrix":[0.857909977,0.513799906,0,-0.513799906,0.857909977,0,0,0,0.999999881],"scale":0.988247395,"type":"maritime_pine_bush"}
{"pos":[-42.350193,5.99432325,250.065308],"rotationMatrix":[0.999531269,0.0306108464,0,-0.0306108464,0.999531269,0,0,0,0.999999881],"scale":0.665496349,"type":"maritime_pine_bush"}
{"pos":[-64.2398376,15.7941408,250.291229],"rotationMatrix":[0.908330262,0.418253481,0,-0.418253481,0.908330262,0,0,0,0.999999881],"scale":0.96234107,"type":"maritime_pine_bush"}
{"pos":[-273.221985,200.883957,239.381821],"rotationMatrix":[0.914358437,-0.404905498,0,0.404905498,0.914358437,0,0,0,0.999999881],"scale":0.867053449,"type":"maritime_pine_bush"}
{"pos":[-260.239014,197.895813,239.501953],"rotationMatrix":[-0.753259122,-0.657723904,0,0.657723904,-0.753259122,0,0,0,0.999999881],"scale":0.668585539,"type":"maritime_pine_bush"}
{"pos":[366.389496,68.8447571,258.581177],"rotationMatrix":[0.624641776,-0.780911326,0,0.780911326,0.624641776,0,0,0,0.999999881],"scale":0.561490238,"type":"maritime_pine_bush"}
{"pos":[370.719879,52.9535484,258.377075],"rotationMatrix":[-0.149918929,0.988698244,0,-0.988698244,-0.149918929,0,0,0,0.999999881],"scale":0.803999305,"type":"maritime_pine_bush"}
{"pos":[364.1073,76.8485947,258.305389],"rotationMatrix":[-0.434130728,0.90084976,0,-0.90084976,-0.434130728,0,0,0,0.999999881],"scale":0.784157395,"type":"maritime_pine_bush"}
{"pos":[362.12851,81.9939728,258.376801],"rotationMatrix":[0.661056399,-0.75033617,0,0.75033617,0.661056399,0,0,0,0.999999881],"scale":0.859540343,"type":"maritime_pine_bush"}
{"pos":[336.976685,53.5048599,257.964233],"rotationMatrix":[0.991279364,-0.131776005,0,0.131776005,0.991279364,0,0,0,0.999999881],"scale":0.97834599,"type":"maritime_pine_bush"}
{"pos":[339.394135,83.5830765,258.352814],"rotationMatrix":[-0.958568275,-0.284862816,0,0.284862816,-0.958568275,0,0,0,0.999999881],"scale":0.656664729,"type":"maritime_pine_bush"}
{"pos":[329.286987,87.5079956,257.646667],"rotationMatrix":[-0.942476749,0.334271401,0,-0.334271401,-0.942476749,0,0,0,0.999999881],"scale":0.526808739,"type":"maritime_pine_bush"}
{"pos":[343.143005,84.4583969,258.451111],"rotationMatrix":[-0.264880985,0.964281023,0,-0.964281023,-0.264880985,0,0,0,0.999999881],"scale":0.640858293,"type":"maritime_pine_bush"}
{"pos":[334.384766,98.2430115,257.173645],"rotationMatrix":[-0.955504894,-0.294974953,0,0.294974953,-0.955504894,0,0,0,0.999999881],"scale":0.961317837,"type":"maritime_pine_bush"}
{"pos":[323.807312,93.9288635,257.12027],"rotationMatrix":[-0.963627875,0.267247289,0,-0.267247289,-0.963627875,0,0,0,0.999999881],"scale":0.947277188,"type":"maritime_pine_bush"}
{"pos":[307.087555,95.6353836,256.208862],"rotationMatrix":[-0.278480887,-0.960441649,0,0.960441649,-0.278480887,0,0,0,0.999999881],"scale":0.616835237,"type":"maritime_pine_bush"}
{"pos":[308.193237,102.494919,256.042114],"rotationMatrix":[-0.910890281,0.412648529,0,-0.412648529,-0.910890281,0,0,0,0.999999881],"scale":0.858490229,"type":"maritime_pine_bush"}
{"pos":[315.570343,99.1769943,256.568878],"rotationMatrix":[-0.625992239,-0.779829144,0,0.779829144,-0.625992239,0,0,0,0.999999881],"scale":0.917970419,"type":"maritime_pine_bush"}
{"pos":[304.415314,86.9952011,256.354004],"rotationMatrix":[0.669737577,0.742597878,0,-0.742597878,0.669737577,0,0,0,0.999999881],"scale":0.568015575,"type":"maritime_pine_bush"}
{"pos":[305.309479,84.9704666,256.388062],"rotationMatrix":[0.39990446,-0.916556716,0,0.916556716,0.39990446,0,0,0,0.999999881],"scale":0.893835068,"type":"maritime_pine_bush"}
{"pos":[325.674683,92.8124542,257.264709],"rotationMatrix":[0.852834404,0.522181392,0,-0.522181392,0.852834404,0,0,0,0.999999881],"scale":0.563075185,"type":"maritime_pine_bush"}
{"pos":[299.058685,78.4847031,256.318024],"rotationMatrix":[-0.815336525,-0.578987122,0,0.578987122,-0.815336525,0,0,0,0.999999881],"scale":0.752803922,"type":"maritime_pine_bush"}
{"pos":[299.702179,99.3654022,256.199585],"rotationMatrix":[0.172014564,-0.985094309,0,0.985094309,0.172014564,0,0,0,0.999999881],"scale":0.648059964,"type":"maritime_pine_bush"}
{"pos":[287.332275,83.1668396,256.912354],"rotationMatrix":[0.990098238,0.140375659,0,-0.140375659,0.990098238,0,0,0,0.999999881],"scale":0.907189727,"type":"maritime_pine_bush"}
{"pos":[294.76535,97.6679077,256.79126],"rotationMatrix":[0.59982264,-0.800132811,0,0.800132811,0.59982264,0,0,0,0.999999881],"scale":0.7642349,"type":"maritime_pine_bush"}
{"pos":[290.085541,84.3810883,256.871429],"rotationMatrix":[0.887331307,-0.461132169,0,0.461132169,0.887331307,0,0,0,0.999999881],"scale":0.957258344,"type":"maritime_pine_bush"}
{"pos":[274.474335,89.2094269,257.502625],"rotationMatrix":[-0.62386179,-0.781534493,0,0.781534493,-0.62386179,0,0,0,0.999999881],"scale":0.529666841,"type":"maritime_pine_bush"}
{"pos":[300.013489,95.4306412,256.481659],"rotationMatrix":[0.786633193,-0.617420375,0,0.617420375,0.786633193,0,0,0,0.999999881],"scale":0.55639559,"type":"maritime_pine_bush"}
{"pos":[303.099121,69.966301,256.536316],"rotationMatrix":[0.225945979,0.974139869,0,-0.974139869,0.225945979,0,0,0,0.999999881],"scale":0.908320546,"type":"maritime_pine_bush"}
{"pos":[293.0271,63.8860092,256.433899],"rotationMatrix":[-0.784012198,-0.62074542,0,0.62074542,-0.784012198,0,0,0,0.999999881],"scale":0.729325116,"type":"maritime_pine_bush"}
{"pos":[279.5224,129.568085,254.981644],"rotationMatrix":[-0.707915604,0.706296802,0,-0.706296802,-0.707915604,0,0,0,0.999999881],"scale":0.753067493,"type":"maritime_pine_bush"}
{"pos":[247.743179,134.20961,254.116699],"rotationMatrix":[-0.979944289,-0.199271634,0,0.199271634,-0.979944289,0,0,0,0.999999881],"scale":0.813425779,"type":"maritime_pine_bush"}
{"pos":[249.635757,136.82901,254.067001],"rotationMatrix":[0.981662929,-0.190624833,0,0.190624833,0.981662929,0,0,0,0.999999881],"scale":0.791016221,"type":"maritime_pine_bush"}
{"pos":[248.786255,113.045242,254.316864],"rotationMatrix":[0.925592959,0.378520399,0,-0.378520399,0.925592959,0,0,0,0.999999881],"scale":0.755459666,"type":"maritime_pine_bush"}
{"pos":[261.237518,128.891479,254.281372],"rotationMatrix":[0.990204692,0.139623061,0,-0.139623061,0.990204692,0,0,0,0.999999881],"scale":0.92104125,"type":"maritime_pine_bush"}
{"pos":[242.449493,123.390053,254.268051],"rotationMatrix":[-0.831950963,-0.554848909,0,0.554848909,-0.831950963,0,0,0,0.999999881],"scale":0.772316456,"type":"maritime_pine_bush"}
{"pos":[253.801147,128.72879,254.167862],"rotationMatrix":[-0.887655854,0.460507363,0,-0.460507363,-0.887655854,0,0,0,0.999999881],"scale":0.632001519,"type":"maritime_pine_bush"}
{"pos":[231.750259,110.977707,254.318237],"rotationMatrix":[-0.234715506,0.972064018,0,-0.972064018,-0.234715506,0,0,0,0.999999881],"scale":0.703847766,"type":"maritime_pine_bush"}
{"pos":[213.289383,84.4066467,254.272461],"rotationMatrix":[0.158808812,-0.987309277,0,0.987309277,0.158808812,0,0,0,0.999999881],"scale":0.58496058,"type":"maritime_pine_bush"}
{"pos":[216.4077,77.8078842,254.190536],"rotationMatrix":[0.230981171,-0.972958148,0,0.972958148,0.230981171,0,0,0,0.999999881],"scale":0.954094529,"type":"maritime_pine_bush"}
{"pos":[222.316147,93.0633698,254.318237],"rotationMatrix":[-0.670001447,-0.742359638,0,0.742359638,-0.670001447,0,0,0,0.999999881],"scale":0.810172677,"type":"maritime_pine_bush"}
{"pos":[210.016769,89.5006256,254.272461],"rotationMatrix":[-0.702134728,-0.712043941,0,0.712043941,-0.702134728,0,0,0,0.999999881],"scale":0.678041339,"type":"maritime_pine_bush"}
{"pos":[181.733887,69.9947968,254.272461],"rotationMatrix":[0.956705868,-0.291055977,0,0.291055977,0.956705868,0,0,0,0.999999881],"scale":0.740718126,"type":"maritime_pine_bush"}
{"pos":[196.86525,74.9568634,254.272461],"rotationMatrix":[-0.0359656326,-0.999352872,0,0.999352872,-0.0359656326,0,0,0,0.999999881],"scale":0.791860223,"type":"maritime_pine_bush"}
{"pos":[184.033676,54.7114182,254.251801],"rotationMatrix":[-0.298863888,-0.954295695,0,0.954295695,-0.298863888,0,0,0,0.999999881],"scale":0.965901017,"type":"maritime_pine_bush"}
{"pos":[172.273743,49.0793381,254.373337],"rotationMatrix":[0.165471971,0.986214459,0,-0.986214459,0.165471971,0,0,0,0.999999881],"scale":0.804500222,"type":"maritime_pine_bush"}
{"pos":[163.875977,64.033638,254.272461],"rotationMatrix":[-0.798730612,0.601688504,0,-0.601688504,-0.798730612,0,0,0,0.999999881],"scale":0.653272808,"type":"maritime_pine_bush"}
{"pos":[142.748138,75.2297058,254.379272],"rotationMatrix":[-0.964298666,-0.26481694,0,0.26481694,-0.964298666,0,0,0,0.999999881],"scale":0.792502761,"type":"maritime_pine_bush"}
{"pos":[144.822739,58.9571304,254.379272],"rotationMatrix":[-0.374989033,-0.927029192,0,0.927029192,-0.374989033,0,0,0,0.999999881],"scale":0.963001549,"type":"maritime_pine_bush"}
{"pos":[141.874878,67.9207764,254.379272],"rotationMatrix":[-0.514155388,-0.85769701,0,0.85769701,-0.514155388,0,0,0,0.999999881],"scale":0.747480392,"type":"maritime_pine_bush"}
{"pos":[149.843231,72.1107483,254.379272],"rotationMatrix":[0.470552176,0.8823722,0,-0.8823722,0.470552176,0,0,0,0.999999881],"scale":0.853601336,"type":"maritime_pine_bush"}
{"pos":[158.918777,93.4510727,254.379272],"rotationMatrix":[0.451312512,-0.892365813,0,0.892365813,0.451312512,0,0,0,0.999999881],"scale":0.878154635,"type":"maritime_pine_bush"}
{"pos":[147.530487,102.573036,254.379272],"rotationMatrix":[-0.985640585,0.168856338,0,-0.168856338,-0.985640585,0,0,0,0.999999881],"scale":0.808670163,"type":"maritime_pine_bush"}
{"pos":[154.357956,106.341774,254.379272],"rotationMatrix":[-0.552857757,0.833275437,0,-0.833275437,-0.552857757,0,0,0,0.999999881],"scale":0.829990864,"type":"maritime_pine_bush"}
{"pos":[149.265549,135.956085,254.379272],"rotationMatrix":[0.302907944,-0.953019738,0,0.953019738,0.302907944,0,0,0,0.999999881],"scale":0.956741571,"type":"maritime_pine_bush"}
{"pos":[151.335159,120.548698,254.379272],"rotationMatrix":[0.513235569,-0.858247578,0,0.858247578,0.513235569,0,0,0,0.999999881],"scale":0.782491505,"type":"maritime_pine_bush"}
{"pos":[155.829666,143.826981,254.379272],"rotationMatrix":[0.999994636,0.00324803381,0,-0.00324803381,0.999994636,0,0,0,0.999999881],"scale":0.528271317,"type":"maritime_pine_bush"}
{"pos":[162.432983,138.851654,254.379272],"rotationMatrix":[-0.262531519,0.964923322,0,-0.964923322,-0.262531519,0,0,0,0.999999881],"scale":0.911801279,"type":"maritime_pine_bush"}
{"pos":[171.649429,143.699661,254.379272],"rotationMatrix":[0.799898744,0.600134969,0,-0.600134969,0.799898744,0,0,0,0.999999881],"scale":0.956553936,"type":"maritime_pine_bush"}
{"pos":[152.172104,136.157516,254.379272],"rotationMatrix":[-0.601926148,0.798551559,0,-0.798551559,-0.601926148,0,0,0,0.999999881],"scale":0.827697873,"type":"maritime_pine_bush"}
{"pos":[162.411041,147.934662,254.379272],"rotationMatrix":[0.683341503,-0.730098724,0,0.730098724,0.683341503,0,0,0,0.999999881],"scale":0.853675604,"type":"maritime_pine_bush"}
{"pos":[168.243561,154.366409,254.379272],"rotationMatrix":[0.503084064,0.864237487,0,-0.864237487,0.503084064,0,0,0,0.999999881],"scale":0.878471434,"type":"maritime_pine_bush"}
{"pos":[165.432281,155.232834,254.379272],"rotationMatrix":[-0.730835319,0.68255353,0,-0.68255353,-0.730835319,0,0,0,0.999999881],"scale":0.946064293,"type":"maritime_pine_bush"}
{"pos":[187.538513,173.041748,254.379272],"rotationMatrix":[-0.776212692,0.630471051,0,-0.630471051,-0.776212692,0,0,0,0.999999881],"scale":0.565125525,"type":"maritime_pine_bush"}
{"pos":[178.638412,151.011063,254.379272],"rotationMatrix":[0.435408086,-0.90023303,0,0.90023303,0.435408086,0,0,0,0.999999881],"scale":0.722014189,"type":"maritime_pine_bush"}
{"pos":[176.030045,160.186996,254.379272],"rotationMatrix":[0.455697507,0.890134692,0,-0.890134692,0.455697507,0,0,0,0.999999881],"scale":0.813283384,"type":"maritime_pine_bush"}
{"pos":[207.094696,182.993195,254.379272],"rotationMatrix":[0.743171394,0.669101119,0,-0.669101119,0.743171394,0,0,0,0.999999881],"scale":0.923773408,"type":"maritime_pine_bush"}
{"pos":[194.799103,173.675369,254.379272],"rotationMatrix":[0.397518337,-0.917594135,0,0.917594135,0.397518337,0,0,0,0.999999881],"scale":0.9084934,"type":"maritime_pine_bush"}
{"pos":[203.138031,172.013077,254.379272],"rotationMatrix":[0.591991723,0.805944026,0,-0.805944026,0.591991723,0,0,0,0.999999881],"scale":0.537879705,"type":"maritime_pine_bush"}
{"pos":[222.212036,176.562607,253.964233],"rotationMatrix":[-0.773505628,0.633789361,0,-0.633789361,-0.773505628,0,0,0,0.999999881],"scale":0.776151299,"type":"maritime_pine_bush"}
{"pos":[230.289062,183.179688,253.312469],"rotationMatrix":[-0.758704185,0.651435196,0,-0.651435196,-0.758704185,0,0,0,0.999999881],"scale":0.874097466,"type":"maritime_pine_bush"}
{"pos":[224.339783,195.625137,253.696381],"rotationMatrix":[-0.0820526853,0.996627867,0,-0.996627867,-0.0820526853,0,0,0,0.999999881],"scale":0.92390573,"type":"maritime_pine_bush"}
{"pos":[238.804581,181.274323,252.683701],"rotationMatrix":[0.51221782,-0.858855426,0,0.858855426,0.51221782,0,0,0,0.999999881],"scale":0.948926568,"type":"maritime_pine_bush"}
{"pos":[248.784851,167.077774,252.786682],"rotationMatrix":[0.630919397,-0.775848269,0,0.775848269,0.630919397,0,0,0,0.999999881],"scale":0.674515724,"type":"maritime_pine_bush"}
{"pos":[248.6521,161.945328,253.044968],"rotationMatrix":[0.433953643,0.900935233,0,-0.900935233,0.433953643,0,0,0,0.999999881],"scale":0.515367031,"type":"maritime_pine_bush"}
{"pos":[248.058441,180.482513,251.971634],"rotationMatrix":[-0.547886074,0.836552739,0,-0.836552739,-0.547886074,0,0,0,0.999999881],"scale":0.971018434,"type":"maritime_pine_bush"}
{"pos":[248.617249,164.181641,252.929474],"rotationMatrix":[-0.35985446,-0.933008313,0,0.933008313,-0.35985446,0,0,0,0.999999881],"scale":0.768022776,"type":"maritime_pine_bush"}
{"pos":[257.704437,162.6539,252.4039],"rotationMatrix":[-0.957414806,-0.288715959,0,0.288715959,-0.957414806,0,0,0,0.999999881],"scale":0.636386395,"type":"maritime_pine_bush"}
{"pos":[257.926025,148.573059,253.542084],"rotationMatrix":[-0.728905976,0.684613705,0,-0.684613705,-0.728905976,0,0,0,0.999999881],"scale":0.510956764,"type":"maritime_pine_bush"}
{"pos":[251.763031,139.539551,253.996597],"rotationMatrix":[0.999880493,-0.0154545587,0,0.0154545587,0.999880493,0,0,0,0.999999881],"scale":0.513887644,"type":"maritime_pine_bush"}
{"pos":[250.101349,141.65715,253.930435],"rotationMatrix":[-0.875295937,-0.483587742,0,0.483587742,-0.875295937,0,0,0,0.999999881],"scale":0.603002548,"type":"maritime_pine_bush"}
{"pos":[254.894196,161.177063,252.726974],"rotationMatrix":[0.917827487,0.396979362,0,-0.396979362,0.917827487,0,0,0,0.999999881],"scale":0.637701511,"type":"maritime_pine_bush"}
{"pos":[263.439545,142.573517,254.006927],"rotationMatrix":[-0.381784528,-0.924251318,0,0.924251318,-0.381784528,0,0,0,0.999999881],"scale":0.683179259,"type":"maritime_pine_bush"}
{"pos":[265.06424,148.815445,253.62262],"rotationMatrix":[0.791808903,0.610768914,0,-0.610768914,0.791808903,0,0,0,0.999999881],"scale":0.666067779,"type":"maritime_pine_bush"}
{"pos":[244.313019,151.164459,253.719055],"rotationMatrix":[0.225773379,-0.974179745,0,0.974179745,0.225773379,0,0,0,0.999999881],"scale":0.797399402,"type":"maritime_pine_bush"}
{"pos":[253.665054,120.884132,254.269104],"rotationMatrix":[0.524737239,-0.851264119,0,0.851264119,0.524737239,0,0,0,0.999999881],"scale":0.945616841,"type":"maritime_pine_bush"}
{"pos":[274.082367,134.583374,254.606873],"rotationMatrix":[0.825233757,-0.564791203,0,0.564791203,0.825233757,0,0,0,0.999999881],"scale":0.686347425,"type":"maritime_pine_bush"}
{"pos":[257.681152,139.695267,253.991837],"rotationMatrix":[0.0337314308,0.999430776,0,-0.999430776,0.0337314308,0,0,0,0.999999881],"scale":0.938940287,"type":"maritime_pine_bush"}
{"pos":[272.45993,138.576584,254.429764],"rotationMatrix":[0.615366995,0.788240731,0,-0.788240731,0.615366995,0,0,0,0.999999881],"scale":0.999128938,"type":"maritime_pine_bush"}
{"pos":[263.493073,128.393921,254.357788],"rotationMatrix":[-0.805243433,-0.592944145,0,0.592944145,-0.805243433,0,0,0,0.999999881],"scale":0.67071116,"type":"maritime_pine_bush"}
{"pos":[276.134949,134.104431,254.695831],"rotationMatrix":[-0.860862255,0.508837819,0,-0.508837819,-0.860862255,0,0,0,0.999999881],"scale":0.860271275,"type":"maritime_pine_bush"}
{"pos":[266.990295,126.614944,254.533752],"rotationMatrix":[0.966992557,0.254804373,0,-0.254804373,0.966992557,0,0,0,0.999999881],"scale":0.800490499,"type":"maritime_pine_bush"}
{"pos":[281.222961,135.222916,254.762375],"rotationMatrix":[0.0290383101,-0.999578238,0,0.999578238,0.0290383101,0,0,0,0.999999881],"scale":0.525889158,"type":"maritime_pine_bush"}
{"pos":[287.759003,126.193161,255.371094],"rotationMatrix":[0.0234474447,0.999724984,0,-0.999724984,0.0234474447,0,0,0,0.999999881],"scale":0.518143713,"type":"maritime_pine_bush"}
{"pos":[306.745819,99.1297913,256.080414],"rotationMatrix":[0.0577049702,0.998333573,0,-0.998333573,0.0577049702,0,0,0,0.999999881],"scale":0.771134913,"type":"maritime_pine_bush"}
{"pos":[308.812378,98.9658203,256.172272],"rotationMatrix":[-0.115255028,-0.993335783,0,0.993335783,-0.115255028,0,0,0,0.999999881],"scale":0.80761379,"type":"maritime_pine_bush"}
{"pos":[341.795288,88.7332535,258.279266],"rotationMatrix":[0.995972097,0.0896629095,0,-0.0896629095,0.995972097,0,0,0,0.999999881],"scale":0.94034493,"type":"maritime_pine_bush"}
{"pos":[354.874023,86.4219131,258.377075],"rotationMatrix":[-0.408122152,-0.91292733,0,0.91292733,-0.408122152,0,0,0,0.999999881],"scale":0.537789822,"type":"maritime_pine_bush"}
{"pos":[347.890594,85.7274628,258.378754],"rotationMatrix":[-0.479075074,0.877773821,0,-0.877773821,-0.479075074,0,0,0,0.999999881],"scale":0.631206632,"type":"maritime_pine_bush"}
{"pos":[369.186066,60.2640762,258.361816],"rotationMatrix":[-0.931015432,-0.364979774,0,0.364979774,-0.931015432,0,0,0,0.999999881],"scale":0.792189956,"type":"maritime_pine_bush"}
{"pos":[363.585083,61.3401985,258.659515],"rotationMatrix":[-0.117558599,-0.993065894,0,0.993065894,-0.117558599,0,0,0,0.999999881],"scale":0.713663697,"type":"maritime_pine_bush"}
{"pos":[-602.149841,289.251434,232.749176],"rotationMatrix":[0.265277654,0.964172065,0,-0.964172065,0.265277654,0,0,0,0.999999881],"scale":0.779154181,"type":"maritime_pine_bush"}
{"pos":[-633.603333,308.709167,232.662018],"rotationMatrix":[-0.965353906,-0.260944098,0,0.260944098,-0.965353906,0,0,0,0.999999881],"scale":0.908960104,"type":"maritime_pine_bush"}
{"pos":[-624.137207,307.15036,234.00032],"rotationMatrix":[-0.867606997,-0.497250557,0,0.497250557,-0.867606997,0,0,0,0.999999881],"scale":0.723370433,"type":"maritime_pine_bush"}
{"pos":[-624.770264,305.373657,233.498993],"rotationMatrix":[-0.687880039,0.725824296,0,-0.725824296,-0.687880039,0,0,0,0.999999881],"scale":0.535650373,"type":"maritime_pine_bush"}
{"pos":[-617.586975,299.391876,233.670258],"rotationMatrix":[0.353798687,-0.93532151,0,0.93532151,0.353798687,0,0,0,0.999999881],"scale":0.656373262,"type":"maritime_pine_bush"}
{"pos":[86.5370178,147.267319,233.445343],"rotationMatrix":[0.727640331,0.685958862,0,-0.685958862,0.727640331,0,0,0,0.999999881],"scale":0.798335373,"type":"maritime_pine_bush"}
{"pos":[90.5672836,147.745514,233.816895],"rotationMatrix":[-0.720538795,-0.69341445,0,0.69341445,-0.720538795,0,0,0,0.999999881],"scale":0.663085401,"type":"maritime_pine_bush"}
{"pos":[-37.4974747,125.159218,231.492615],"rotationMatrix":[-0.676062107,-0.736844659,0,0.736844659,-0.676062107,0,0,0,0.999999881],"scale":0.820433974,"type":"maritime_pine_bush"}
{"pos":[-327.00116,148.119629,232.680786],"rotationMatrix":[-0.884976745,-0.465634972,0,0.465634972,-0.884976745,0,0,0,0.999999881],"scale":0.625295758,"type":"maritime_pine_bush"}
{"pos":[-338.538635,154.898941,232.34671],"rotationMatrix":[0.0858447254,-0.996308386,0,0.996308386,0.0858447254,0,0,0,0.999999881],"scale":0.675896525,"type":"maritime_pine_bush"}
{"pos":[410.234955,40.1393509,250.396729],"rotationMatrix":[0.785538256,0.618813097,0,-0.618813097,0.785538256,0,0,0,0.999999881],"scale":0.859782279,"type":"maritime_pine_bush"}
{"pos":[411.472687,46.5782394,250.396729],"rotationMatrix":[-0.807848096,-0.589390755,0,0.589390755,-0.807848096,0,0,0,0.999999881],"scale":0.975183308,"type":"maritime_pine_bush"}
{"pos":[411.544373,67.8559341,250.352325],"rotationMatrix":[0.999660254,0.026063174,0,-0.026063174,0.999660254,0,0,0,0.999999881],"scale":0.718374729,"type":"maritime_pine_bush"}
{"pos":[412.881653,64.0413895,250.393127],"rotationMatrix":[0.965839207,-0.259141773,0,0.259141773,0.965839207,0,0,0,0.999999881],"scale":0.887008667,"type":"maritime_pine_bush"}
{"pos":[408.970032,89.7692871,250.395798],"rotationMatrix":[-0.149092928,-0.988823116,0,0.988823116,-0.149092928,0,0,0,0.999999881],"scale":0.725138426,"type":"maritime_pine_bush"}
{"pos":[403.623535,95.2797928,250.336533],"rotationMatrix":[-0.295297921,-0.955405176,0,0.955405176,-0.295297921,0,0,0,0.999999881],"scale":0.546259284,"type":"maritime_pine_bush"}
{"pos":[400.406036,94.8384933,250.160065],"rotationMatrix":[0.99992007,-0.0126316901,0,0.0126316901,0.99992007,0,0,0,0.999999881],"scale":0.846708,"type":"maritime_pine_bush"}
{"pos":[396.536987,28.0814228,250.28038],"rotationMatrix":[-0.0280599128,0.999606133,0,-0.999606133,-0.0280599128,0,0,0,0.999999881],"scale":0.811866522,"type":"maritime_pine_bush"}
{"pos":[393.530518,28.6338291,250.217651],"rotationMatrix":[0.0342399217,0.99941349,0,-0.99941349,0.0342399217,0,0,0,0.999999881],"scale":0.741776466,"type":"maritime_pine_bush"}
{"pos":[418.908966,59.9915237,251.306747],"rotationMatrix":[-0.999950051,0.00998441409,0,-0.00998441409,-0.999950051,0,0,0,0.999999881],"scale":0.970934927,"type":"maritime_pine_bush"}
{"pos":[417.124298,48.5789185,250.722534],"rotationMatrix":[0.993730366,-0.111802489,0,0.111802489,0.993730366,0,0,0,0.999999881],"scale":0.947617054,"type":"maritime_pine_bush"}
{"pos":[413.11792,37.4216576,250.464661],"rotationMatrix":[-0.724447072,0.689330161,0,-0.689330161,-0.724447072,0,0,0,0.999999881],"scale":0.962672591,"type":"maritime_pine_bush"}
{"pos":[416.334595,39.2282867,251.541168],"rotationMatrix":[-0.895494759,0.445071787,0,-0.445071787,-0.895494759,0,0,0,0.999999881],"scale":0.939722061,"type":"maritime_pine_bush"}
{"pos":[416.609283,46.7405968,250.80925],"rotationMatrix":[-0.661187768,0.750220239,0,-0.750220239,-0.661187768,0,0,0,0.999999881],"scale":0.895653546,"type":"maritime_pine_bush"}
{"pos":[415.075623,79.9691238,250.396729],"rotationMatrix":[-0.993386149,0.114820197,0,-0.114820197,-0.993386149,0,0,0,0.999999881],"scale":0.59221375,"type":"maritime_pine_bush"}
{"pos":[415.379791,82.7390671,250.419922],"rotationMatrix":[0.764053643,0.645152688,0,-0.645152688,0.764053643,0,0,0,0.999999881],"scale":0.567431808,"type":"maritime_pine_bush"}
{"pos":[415.237091,85.6400146,250.396729],"rotationMatrix":[0.927761436,-0.373173624,0,0.373173624,0.927761436,0,0,0,0.999999881],"scale":0.565412521,"type":"maritime_pine_bush"}
{"pos":[413.018402,52.2360382,250.396729],"rotationMatrix":[-0.561662495,-0.827366412,0,0.827366412,-0.561662495,0,0,0,0.999999881],"scale":0.832282066,"type":"maritime_pine_bush"}
{"pos":[410.44165,78.5407639,250.352356],"rotationMatrix":[-0.281256199,-0.959632635,0,0.959632635,-0.281256199,0,0,0,0.999999881],"scale":0.588670015,"type":"maritime_pine_bush"}
{"pos":[410.718323,89.2319489,250.396729],"rotationMatrix":[0.961690128,-0.2741386,0,0.2741386,0.961690128,0,0,0,0.999999881],"scale":0.536415696,"type":"maritime_pine_bush"}
{"pos":[401.728699,96.0420609,250.263519],"rotationMatrix":[-0.410892755,0.911683559,0,-0.911683559,-0.410892755,0,0,0,0.999999881],"scale":0.584572434,"type":"maritime_pine_bush"}
{"pos":[21.1216927,-67.8228455,254.379272],"rotationMatrix":[0.749221385,0.662319601,0,-0.662319601,0.749221385,0,0,0,0.999999881],"scale":0.566275299,"type":"maritime_pine_bush"}
{"pos":[18.2016201,-61.8003159,254.041702],"rotationMatrix":[-0.983683407,-0.179907918,0,0.179907918,-0.983683407,0,0,0,0.999999881],"scale":0.669296205,"type":"maritime_pine_bush"}
{"pos":[300.92337,230.936935,254.958099],"rotationMatrix":[0.384046316,-0.923313737,0,0.923313737,0.384046316,0,0,0,0.999999881],"scale":0.740039587,"type":"maritime_pine_bush"}
{"pos":[304.850494,233.410843,255.151138],"rotationMatrix":[-0.676265836,-0.736657679,0,0.736657679,-0.676265836,0,0,0,0.999999881],"scale":0.631689608,"type":"maritime_pine_bush"}
{"pos":[309.822723,242.868668,254.869644],"rotationMatrix":[-0.868571818,-0.495563149,0,0.495563149,-0.868571818,0,0,0,0.999999881],"scale":0.526745677,"type":"maritime_pine_bush"}
{"pos":[288.596497,212.474838,250.361084],"rotationMatrix":[0.710685313,-0.703509867,0,0.703509867,0.710685313,0,0,0,0.999999881],"scale":0.628052354,"type":"maritime_pine_bush"}
{"pos":[290.765747,216.274704,250],"rotationMatrix":[0.509317458,0.860578716,0,-0.860578716,0.509317458,0,0,0,0.999999881],"scale":0.812311113,"type":"maritime_pine_bush"}
{"pos":[284.444855,234.375473,251.061432],"rotationMatrix":[0.997321844,-0.0731370226,0,0.0731370226,0.997321844,0,0,0,0.999999881],"scale":0.834312499,"type":"maritime_pine_bush"}
{"pos":[300.914795,238.603989,253.666641],"rotationMatrix":[-0.677521706,-0.735502779,0,0.735502779,-0.677521706,0,0,0,0.999999881],"scale":0.504208386,"type":"maritime_pine_bush"}
{"pos":[322.919647,226.221634,263.99231],"rotationMatrix":[-0.975692689,0.219142869,0,-0.219142869,-0.975692689,0,0,0,0.999999881],"scale":0.69199264,"type":"maritime_pine_bush"}
{"pos":[243.598007,197.769867,250.67749],"rotationMatrix":[0.911065638,0.412261248,0,-0.412261248,0.911065638,0,0,0,0.999999881],"scale":0.62970829,"type":"maritime_pine_bush"}
{"pos":[251.015213,191.243011,250.445221],"rotationMatrix":[0.300998032,-0.953624666,0,0.953624666,0.300998032,0,0,0,0.999999881],"scale":0.862738013,"type":"maritime_pine_bush"}
{"pos":[296.549866,231.6866,254.559021],"rotationMatrix":[-0.899383962,-0.4371593,0,0.4371593,-0.899383962,0,0,0,0.999999881],"scale":0.617433667,"type":"maritime_pine_bush"}
{"pos":[317.289581,249.143906,256.014832],"rotationMatrix":[0.296114236,-0.955152452,0,0.955152452,0.296114236,0,0,0,0.999999881],"scale":0.878150463,"type":"maritime_pine_bush"}
{"pos":[328.207092,246.739395,258.291077],"rotationMatrix":[0.713450193,0.700705945,0,-0.700705945,0.713450193,0,0,0,0.999999881],"scale":0.518421292,"type":"maritime_pine_bush"}
{"pos":[287.73877,236.218155,251.866669],"rotationMatrix":[0.318284601,0.947995245,0,-0.947995245,0.318284601,0,0,0,0.999999881],"scale":0.959647834,"type":"maritime_pine_bush"}
{"pos":[276.840973,228.65181,249.92128],"rotationMatrix":[0.990810513,-0.135256112,0,0.135256112,0.990810513,0,0,0,0.999999881],"scale":0.736961126,"type":"maritime_pine_bush"}
{"pos":[280.480194,218.656982,250.604813],"rotationMatrix":[0.242284358,0.970205247,0,-0.970205247,0.242284358,0,0,0,0.999999881],"scale":0.506519198,"type":"maritime_pine_bush"}
{"pos":[284.063232,206.692993,250.07692],"rotationMatrix":[-0.774341762,0.632767498,0,-0.632767498,-0.774341762,0,0,0,0.999999881],"scale":0.659769773,"type":"maritime_pine_bush"}
{"pos":[277.628082,238.027145,250.093704],"rotationMatrix":[-0.498370558,-0.866963983,0,0.866963983,-0.498370558,0,0,0,0.999999881],"scale":0.890261769,"type":"maritime_pine_bush"}
{"pos":[272.585205,239.534088,249.893188],"rotationMatrix":[0.943293273,0.33196041,0,-0.33196041,0.943293273,0,0,0,0.999999881],"scale":0.884603858,"type":"maritime_pine_bush"}
{"pos":[280.5,244.676834,250.411987],"rotationMatrix":[0.288514644,-0.957475364,0,0.957475364,0.288514644,0,0,0,0.999999881],"scale":0.81860286,"type":"maritime_pine_bush"}
{"pos":[334.287079,249.919586,259.004425],"rotationMatrix":[-0.499221534,0.866474211,0,-0.866474211,-0.499221534,0,0,0,0.999999881],"scale":0.667204261,"type":"maritime_pine_bush"}
{"pos":[364.525696,240.862717,263.99231],"rotationMatrix":[0.96277988,-0.270286202,0,0.270286202,0.96277988,0,0,0,0.999999881],"scale":0.892148614,"type":"maritime_pine_bush"}
{"pos":[366.83667,246.011353,263.99231],"rotationMatrix":[0.948436201,0.316968083,0,-0.316968083,0.948436201,0,0,0,0.999999881],"scale":0.853588641,"type":"maritime_pine_bush"}
{"pos":[330.514221,223.990891,263.99231],"rotationMatrix":[0.0562915429,0.998414338,0,-0.998414338,0.0562915429,0,0,0,0.999999881],"scale":0.973983526,"type":"maritime_pine_bush"}
{"pos":[315.805756,224.803833,263.99231],"rotationMatrix":[0.796088636,-0.605179846,0,0.605179846,0.796088636,0,0,0,0.999999881],"scale":0.841047466,"type":"maritime_pine_bush"}
{"pos":[316.650543,214.411209,263.99231],"rotationMatrix":[-0.610105276,-0.792320192,0,0.792320192,-0.610105276,0,0,0,0.999999881],"scale":0.586703777,"type":"maritime_pine_bush"}
{"pos":[317.950104,206.156738,264.005188],"rotationMatrix":[-0.155190855,0.987884343,0,-0.987884343,-0.155190855,0,0,0,0.999999881],"scale":0.933705032,"type":"maritime_pine_bush"}
{"pos":[319.107788,199.604874,263.99231],"rotationMatrix":[0.907499373,-0.420053154,0,0.420053154,0.907499373,0,0,0,0.999999881],"scale":0.840054274,"type":"maritime_pine_bush"}
{"pos":[326.308075,210.833969,263.99231],"rotationMatrix":[0.380535066,0.924766481,0,-0.924766481,0.380535066,0,0,0,0.999999881],"scale":0.819079638,"type":"maritime_pine_bush"}
{"pos":[289.752991,243.494553,251.598938],"rotationMatrix":[0.3415564,-0.939861238,0,0.939861238,0.3415564,0,0,0,0.999999881],"scale":0.576679707,"type":"maritime_pine_bush"}
{"pos":[286.360626,243.967056,251.118149],"rotationMatrix":[0.999947309,-0.0102543673,0,0.0102543673,0.999947309,0,0,0,0.999999881],"scale":0.966556787,"type":"maritime_pine_bush"}
{"pos":[284.447723,244.828903,250.878632],"rotationMatrix":[0.835009038,0.550236166,0,-0.550236166,0.835009038,0,0,0,0.999999881],"scale":0.529933333,"type":"maritime_pine_bush"}
{"pos":[287.749786,246.665817,251.281708],"rotationMatrix":[-0.247698992,0.968836963,0,-0.968836963,-0.247698992,0,0,0,0.999999881],"scale":0.924590766,"type":"maritime_pine_bush"}
{"pos":[299.727417,247.192886,252.908585],"rotationMatrix":[-0.99913013,0.0417000316,0,-0.0417000316,-0.99913013,0,0,0,0.999999881],"scale":0.513182461,"type":"maritime_pine_bush"}
{"pos":[364.24762,227.613403,263.99231],"rotationMatrix":[-0.933434308,-0.358748496,0,0.358748496,-0.933434308,0,0,0,0.999999881],"scale":0.920812488,"type":"maritime_pine_bush"}
{"pos":[349.603394,197.427246,263.99231],"rotationMatrix":[-0.385193527,-0.922835708,0,0.922835708,-0.385193527,0,0,0,0.999999881],"scale":0.682109118,"type":"maritime_pine_bush"}
{"pos":[345.522522,198.889267,263.99231],"rotationMatrix":[0.599178195,0.800615668,0,-0.800615668,0.599178195,0,0,0,0.999999881],"scale":0.738693655,"type":"maritime_pine_bush"}
{"pos":[363.001068,236.237946,263.99231],"rotationMatrix":[0.149201229,0.988806784,0,-0.988806784,0.149201229,0,0,0,0.999999881],"scale":0.945627689,"type":"maritime_pine_bush"}
{"pos":[340.156921,216.28212,263.99231],"rotationMatrix":[-0.857221127,0.514948189,0,-0.514948189,-0.857221127,0,0,0,0.999999881],"scale":0.68918854,"type":"maritime_pine_bush"}
{"pos":[338.28894,208.824539,263.99231],"rotationMatrix":[-0.756189942,0.65435189,0,-0.65435189,-0.756189942,0,0,0,0.999999881],"scale":0.869211435,"type":"maritime_pine_bush"}
{"pos":[329.004822,204.452301,263.99231],"rotationMatrix":[0.903570831,-0.428438514,0,0.428438514,0.903570831,0,0,0,0.999999881],"scale":0.658149004,"type":"maritime_pine_bush"}
{"pos":[330.910828,206.691635,263.99231],"rotationMatrix":[-0.998274028,-0.0587269813,0,0.0587269813,-0.998274028,0,0,0,0.999999881],"scale":0.575563192,"type":"maritime_pine_bush"}
{"pos":[335.215302,204.955307,263.99231],"rotationMatrix":[-0.972570181,-0.232609287,0,0.232609287,-0.972570181,0,0,0,0.999999881],"scale":0.85726881,"type":"maritime_pine_bush"}
{"pos":[324.889771,200.969254,263.99231],"rotationMatrix":[0.861908853,-0.507063091,0,0.507063091,0.861908853,0,0,0,0.999999881],"scale":0.882764161,"type":"maritime_pine_bush"}
{"pos":[336.435181,203.055252,263.99231],"rotationMatrix":[-0.688270986,-0.725453496,0,0.725453496,-0.688270986,0,0,0,0.999999881],"scale":0.653342843,"type":"maritime_pine_bush"}
{"pos":[332.725555,203.603073,263.99231],"rotationMatrix":[-0.94338721,0.331693262,0,-0.331693262,-0.94338721,0,0,0,0.999999881],"scale":0.785469413,"type":"maritime_pine_bush"}
{"pos":[330.356018,217.606491,263.99231],"rotationMatrix":[0.423598617,-0.905849874,0,0.905849874,0.423598617,0,0,0,0.999999881],"scale":0.977158904,"type":"maritime_pine_bush"}
{"pos":[347.638794,229.505981,263.99231],"rotationMatrix":[-0.566857398,0.823815703,0,-0.823815703,-0.566857398,0,0,0,0.999999881],"scale":0.58100605,"type":"maritime_pine_bush"}
{"pos":[316.875732,216.667709,263.99231],"rotationMatrix":[0.837909937,-0.545808434,0,0.545808434,0.837909937,0,0,0,0.999999881],"scale":0.646647096,"type":"maritime_pine_bush"}
{"pos":[322.944489,210.893677,263.99231],"rotationMatrix":[-0.81899035,-0.57380724,0,0.57380724,-0.81899035,0,0,0,0.999999881],"scale":0.78617382,"type":"maritime_pine_bush"}
{"pos":[320.273773,212.147903,263.99231],"rotationMatrix":[-0.333339125,0.9428069,0,-0.9428069,-0.333339125,0,0,0,0.999999881],"scale":0.743573427,"type":"maritime_pine_bush"}
{"pos":[348.661102,227.557999,263.99231],"rotationMatrix":[0.0247092433,-0.999694586,0,0.999694586,0.0247092433,0,0,0,0.999999881],"scale":0.987360477,"type":"maritime_pine_bush"}
{"pos":[359.075073,222.242096,263.99231],"rotationMatrix":[-0.0910491049,0.995846331,0,-0.995846331,-0.0910491049,0,0,0,0.999999881],"scale":0.78927958,"type":"maritime_pine_bush"}
{"pos":[357.734314,227.311493,263.99231],"rotationMatrix":[0.172497213,0.985009968,0,-0.985009968,0.172497213,0,0,0,0.999999881],"scale":0.536235034,"type":"maritime_pine_bush"}
{"pos":[247.501175,207.605057,250.468933],"rotationMatrix":[-0.882572711,-0.470175773,0,0.470175773,-0.882572711,0,0,0,0.999999881],"scale":0.592378974,"type":"maritime_pine_bush"}
{"pos":[236.868164,211.250671,250.301605],"rotationMatrix":[0.0759172291,-0.997114003,0,0.997114003,0.0759172291,0,0,0,0.999999881],"scale":0.677344918,"type":"maritime_pine_bush"}
{"pos":[515.610718,164.397888,291.468628],"rotationMatrix":[0.997856677,0.065435648,0,-0.065435648,0.997856677,0,0,0,0.999999881],"scale":0.925315201,"type":"maritime_pine_bush"}
{"pos":[507.242188,179.503052,292.426147],"rotationMatrix":[0.526170373,-0.85037905,0,0.85037905,0.526170373,0,0,0,0.999999881],"scale":0.679629862,"type":"maritime_pine_bush"}
{"pos":[502.581543,189.89917,292.587738],"rotationMatrix":[-0.916404903,-0.400252521,0,0.400252521,-0.916404903,0,0,0,0.999999881],"scale":0.887954533,"type":"maritime_pine_bush"}
{"pos":[504.329498,190.908051,293.045807],"rotationMatrix":[-0.583523273,-0.812096417,0,0.812096417,-0.583523273,0,0,0,0.999999881],"scale":0.563061953,"type":"maritime_pine_bush"}
{"pos":[499.787537,194.257126,293.338013],"rotationMatrix":[0.821789682,0.569790959,0,-0.569790959,0.821789682,0,0,0,0.999999881],"scale":0.873600662,"type":"maritime_pine_bush"}
{"pos":[507.641937,193.392105,293.764282],"rotationMatrix":[-0.0121831885,0.999925673,0,-0.999925673,-0.0121831885,0,0,0,0.999999881],"scale":0.636307895,"type":"maritime_pine_bush"}
{"pos":[502.305176,200.199158,293.644928],"rotationMatrix":[0.982087553,-0.188424826,0,0.188424826,0.982087553,0,0,0,0.999999881],"scale":0.997980237,"type":"maritime_pine_bush"}
{"pos":[505.43866,188.742935,292.677429],"rotationMatrix":[-0.226775423,-0.973946989,0,0.973946989,-0.226775423,0,0,0,0.999999881],"scale":0.627657652,"type":"maritime_pine_bush"}
{"pos":[512.037292,169.941422,291.900391],"rotationMatrix":[0.785264194,-0.619160593,0,0.619160593,0.785264194,0,0,0,0.999999881],"scale":0.597369194,"type":"maritime_pine_bush"}
{"pos":[-4.70665836,-225.108566,253.409088],"rotationMatrix":[0.915360749,-0.402634352,0,0.402634352,0.915360749,0,0,0,0.999999881],"scale":0.71978879,"type":"maritime_pine_bush"}
{"pos":[-5.23346281,-218.469635,253.100189],"rotationMatrix":[0.641290903,0.767297804,0,-0.767297804,0.641290903,0,0,0,0.999999881],"scale":0.604501903,"type":"maritime_pine_bush"}
{"pos":[155.928589,-14.450531,253.982544],"rotationMatrix":[-0.949491203,-0.313793629,0,0.313793629,-0.949491203,0,0,0,0.999999881],"scale":0.975940168,"type":"maritime_pine_bush"}
{"pos":[168.026993,-12.4069567,253.982544],"rotationMatrix":[0.627655506,-0.778491139,0,0.778491139,0.627655506,0,0,0,0.999999881],"scale":0.812593579,"type":"maritime_pine_bush"}
{"pos":[23.6171284,-94.2439346,255.031174],"rotationMatrix":[0.457826078,0.889041781,0,-0.889041781,0.457826078,0,0,0,0.999999881],"scale":0.998289227,"type":"maritime_pine_bush"}
{"pos":[28.6427307,-88.670784,254.379272],"rotationMatrix":[0.961838126,-0.273618758,0,0.273618758,0.961838126,0,0,0,0.999999881],"scale":0.779053152,"type":"maritime_pine_bush"}
{"pos":[32.6127548,-99.4907532,255.075562],"rotationMatrix":[0.825586915,-0.564274728,0,0.564274728,0.825586915,0,0,0,0.999999881],"scale":0.517224491,"type":"maritime_pine_bush"}
{"pos":[41.797184,-100.178284,255.209595],"rotationMatrix":[-0.739097238,0.673598647,0,-0.673598647,-0.739097238,0,0,0,0.999999881],"scale":0.652073503,"type":"maritime_pine_bush"}
{"pos":[69.9125977,-108.205246,256.103973],"rotationMatrix":[-0.425329238,-0.905038536,0,0.905038536,-0.425329238,0,0,0,0.999999881],"scale":0.840435863,"type":"maritime_pine_bush"}
{"pos":[97.6547318,-160.661087,258.686127],"rotationMatrix":[0.216609418,0.976258337,0,-0.976258337,0.216609418,0,0,0,0.999999881],"scale":0.715618372,"type":"maritime_pine_bush"}
{"pos":[95.0998688,-155.834091,258.137054],"rotationMatrix":[-0.415276557,-0.909695089,0,0.909695089,-0.415276557,0,0,0,0.999999881],"scale":0.823848486,"type":"maritime_pine_bush"}
{"pos":[86.6490173,-146.728409,257.696899],"rotationMatrix":[-0.0475492738,-0.998868763,0,0.998868763,-0.0475492738,0,0,0,0.999999881],"scale":0.626470804,"type":"maritime_pine_bush"}
{"pos":[87.0457993,-156.298203,258.197815],"rotationMatrix":[-0.400828123,-0.916153252,0,0.916153252,-0.400828123,0,0,0,0.999999881],"scale":0.648242354,"type":"maritime_pine_bush"}
{"pos":[79.2909775,-17.4157772,254.379272],"rotationMatrix":[0.681458056,-0.731857002,0,0.731857002,0.681458056,0,0,0,0.999999881],"scale":0.76669991,"type":"maritime_pine_bush"}
{"pos":[152.909348,10.4173193,254.379272],"rotationMatrix":[-0.353394955,0.935474098,0,-0.935474098,-0.353394955,0,0,0,0.999999881],"scale":0.631845593,"type":"maritime_pine_bush"}
