{"pos":[812.166016,-78.7569962,54.5530739],"rotationMatrix":[-0.77450496,-0.632567823,0,0.632567823,-0.77450496,0,0,0,0.999999881],"scale":0.870650113,"type":"maritime_pine_bush"}
{"pos":[808.96521,-76.9057388,53.9693489],"rotationMatrix":[-0.435797989,-0.900044382,0,0.900044382,-0.435797989,0,0,0,0.999999881],"scale":0.978403986,"type":"maritime_pine_bush"}
{"pos":[800.89032,-8.41320229,52.0472336],"rotationMatrix":[0.195852309,-0.980633318,0,0.980633318,0.195852309,0,0,0,0.999999881],"scale":0.534800291,"type":"maritime_pine_bush"}
{"pos":[797.996582,-11.0663347,51.968338],"rotationMatrix":[0.894364238,0.447339416,0,-0.447339416,0.894364238,0,0,0,0.999999881],"scale":0.874417067,"type":"maritime_pine_bush"}
{"pos":[800.398682,-44.8430099,51.9287109],"rotationMatrix":[0.190306291,0.981724739,0,-0.981724739,0.190306291,0,0,0,0.999999881],"scale":0.893494964,"type":"maritime_pine_bush"}
{"pos":[802.481995,-53.1517334,51.9327164],"rotationMatrix":[0.422499895,0.906362951,0,-0.906362951,0.422499895,0,0,0,0.999999881],"scale":0.660169959,"type":"maritime_pine_bush"}
{"pos":[808.79364,-63.7598915,52.3345413],"rotationMatrix":[0.376288086,-0.926502645,0,0.926502645,0.376288086,0,0,0,0.999999881],"scale":0.887715101,"type":"maritime_pine_bush"}
{"pos":[815.286133,-76.6434326,54.1246338],"rotationMatrix":[-0.0163999256,-0.999865413,0,0.999865413,-0.0163999256,0,0,0,0.999999881],"scale":0.629533231,"type":"maritime_pine_bush"}
{"pos":[813.549927,-83.1098328,57.4163208],"rotationMatrix":[-0.960823059,-0.277162403,0,0.277162403,-0.960823059,0,0,0,0.999999881],"scale":0.954484701,"type":"maritime_pine_bush"}
{"pos":[815.565552,-85.41642,58.0474625],"rotationMatrix":[-0.816625178,-0.577168345,0,0.577168345,-0.816625178,0,0,0,0.999999881],"scale":0.855958819,"type":"maritime_pine_bush"}
{"pos":[821.933289,-127.721947,58.0499268],"rotationMatrix":[-0.107363157,-0.99421972,0,0.99421972,-0.107363157,0,0,0,0.999999881],"scale":0.557902694,"type":"maritime_pine_bush"}
{"pos":[816.100586,-135.825974,58.0462646],"rotationMatrix":[-0.545801699,0.837914169,0,-0.837914169,-0.545801699,0,0,0,0.999999881],"scale":0.997408271,"type":"maritime_pine_bush"}
{"pos":[809.486206,-141.847046,58.0474854],"rotationMatrix":[-0.89477247,-0.446522206,0,0.446522206,-0.89477247,0,0,0,0.999999881],"scale":0.946017027,"type":"maritime_pine_bush"}
{"pos":[800.209412,-147.30603,58.0462646],"rotationMatrix":[-0.77347964,0.63382107,0,-0.63382107,-0.77347964,0,0,0,0.999999881],"scale":0.67524147,"type":"maritime_pine_bush"}
{"pos":[793.032104,-154.387802,58.0462646],"rotationMatrix":[-0.549896896,-0.835232377,0,0.835232377,-0.549896896,0,0,0,0.999999881],"scale":0.873024583,"type":"maritime_pine_bush"}
{"pos":[786.971191,-154.890503,58.0483551],"rotationMatrix":[-0.746910214,0.664924622,0,-0.664924622,-0.746910214,0,0,0,0.999999881],"scale":0.788045168,"type":"maritime_pine_bush"}
{"pos":[774.475647,-125.961174,58.6202393],"rotationMatrix":[0.998986781,0.0450018607,0,-0.0450018607,0.998986781,0,0,0,0.999999881],"scale":0.921669841,"type":"maritime_pine_bush"}
{"pos":[782.716187,-123.003883,58.5001068],"rotationMatrix":[0.326045275,-0.945354104,0,0.945354104,0.326045275,0,0,0,0.999999881],"scale":0.893208861,"type":"maritime_pine_bush"}
{"pos":[771.444641,-124.258751,58.6393814],"rotationMatrix":[-0.354088485,0.935211837,0,-0.935211837,-0.354088485,0,0,0,0.999999881],"scale":0.811196029,"type":"maritime_pine_bush"}
{"pos":[778.749329,-120.998077,58.4476395],"rotationMatrix":[0.81294781,0.582336545,0,-0.582336545,0.81294781,0,0,0,0.999999881],"scale":0.977504969,"type":"maritime_pine_bush"}
{"pos":[781.292053,-114.215454,58.1257324],"rotationMatrix":[0.973158658,-0.23013477,0,0.23013477,0.973158658,0,0,0,0.999999881],"scale":0.69650948,"type":"maritime_pine_bush"}
{"pos":[769.507874,-102.259003,56.0947647],"rotationMatrix":[-0.442079842,-0.896975696,0,0.896975696,-0.442079842,0,0,0,0.999999881],"scale":0.81308794,"type":"maritime_pine_bush"}
{"pos":[775.345398,-102.903236,57.7743645],"rotationMatrix":[0.595343053,0.803471625,0,-0.803471625,0.595343053,0,0,0,0.999999881],"scale":0.827222407,"type":"maritime_pine_bush"}
{"pos":[791.813843,-108.490952,58.0192871],"rotationMatrix":[-0.875269175,-0.483635932,0,0.483635932,-0.875269175,0,0,0,0.999999881],"scale":0.558278143,"type":"maritime_pine_bush"}
{"pos":[786.453247,-105.316902,58.0499268],"rotationMatrix":[0.99909538,0.0425232537,0,-0.0425232537,0.99909538,0,0,0,0.999999881],"scale":0.640807867,"type":"maritime_pine_bush"}
{"pos":[766.905212,-93.4413223,53.1659393],"rotationMatrix":[0.759189129,0.650870085,0,-0.650870085,0.759189129,0,0,0,0.999999881],"scale":0.648749352,"type":"maritime_pine_bush"}
{"pos":[778.587219,-96.3119202,55.5164795],"rotationMatrix":[-0.991216362,-0.132249534,0,0.132249534,-0.991216362,0,0,0,0.999999881],"scale":0.713676929,"type":"maritime_pine_bush"}
{"pos":[773.813904,-88.0958176,53.588356],"rotationMatrix":[-0.95366627,0.300866544,0,-0.300866544,-0.95366627,0,0,0,0.999999881],"scale":0.587343812,"type":"maritime_pine_bush"}
{"pos":[774.629333,-100.508766,56.7756577],"rotationMatrix":[-0.999897957,-0.0142802224,0,0.0142802224,-0.999897957,0,0,0,0.999999881],"scale":0.589095771,"type":"maritime_pine_bush"}
{"pos":[857.803833,-47.3025589,63.9481812],"rotationMatrix":[-0.0257719494,-0.999667764,0,0.999667764,-0.0257719494,0,0,0,0.999999881],"scale":0.887468457,"type":"maritime_pine_bush"}
{"pos":[851.238647,-42.0422707,63.781353],"rotationMatrix":[-0.960273266,0.279061347,0,-0.279061347,-0.960273266,0,0,0,0.999999881],"scale":0.955382407,"type":"maritime_pine_bush"}
{"pos":[831.980164,-57.8855972,61.3473053],"rotationMatrix":[0.562947869,0.826492369,0,-0.826492369,0.562947869,0,0,0,0.999999881],"scale":0.747802496,"type":"maritime_pine_bush"}
{"pos":[831.73999,-62.8931808,61.5103111],"rotationMatrix":[0.304644078,-0.95246619,0,0.95246619,0.304644078,0,0,0,0.999999881],"scale":0.818686247,"type":"maritime_pine_bush"}
{"pos":[825.811829,-66.5870819,60.5522766],"rotationMatrix":[0.881245434,0.472658902,0,-0.472658902,0.881245434,0,0,0,0.999999881],"scale":0.649981856,"type":"maritime_pine_bush"}
{"pos":[820.592041,-48.8285751,56.3136139],"rotationMatrix":[-0.799607098,0.600523353,0,-0.600523353,-0.799607098,0,0,0,0.999999881],"scale":0.563929439,"type":"maritime_pine_bush"}
{"pos":[821.430542,-51.6300888,55.3841782],"rotationMatrix":[-0.646691024,0.762751818,0,-0.762751818,-0.646691024,0,0,0,0.999999881],"scale":0.520187259,"type":"maritime_pine_bush"}
{"pos":[809.105591,-31.7765331,55.6317825],"rotationMatrix":[-0.635423183,-0.772163928,0,0.772163928,-0.635423183,0,0,0,0.999999881],"scale":0.61397469,"type":"maritime_pine_bush"}
{"pos":[807.279114,-29.6866932,54.8279419],"rotationMatrix":[-0.250340104,0.968157828,0,-0.968157828,-0.250340104,0,0,0,0.999999881],"scale":0.623777628,"type":"maritime_pine_bush"}
{"pos":[809.280212,-23.9333248,56.2076073],"rotationMatrix":[0.999882758,0.015308083,0,-0.015308083,0.999882758,0,0,0,0.999999881],"scale":0.614360571,"type":"maritime_pine_bush"}
{"pos":[807.116211,2.60432863,53.327034],"rotationMatrix":[0.930034578,-0.367471814,0,0.367471814,0.930034578,0,0,0,0.999999881],"scale":0.900940895,"type":"maritime_pine_bush"}
{"pos":[798.443176,2.41090775,51.9925041],"rotationMatrix":[0.799088299,-0.601213455,0,0.601213455,0.799088299,0,0,0,0.999999881],"scale":0.695306182,"type":"maritime_pine_bush"}
{"pos":[797.434875,-2.51297522,51.97192],"rotationMatrix":[-0.886731803,0.462283969,0,-0.462283969,-0.886731803,0,0,0,0.999999881],"scale":0.548327029,"type":"maritime_pine_bush"}
{"pos":[719.428894,-218.699066,60.2956009],"rotationMatrix":[0.721674502,0.692232549,0,-0.692232549,0.721674502,0,0,0,0.999999881],"scale":0.727321506,"type":"maritime_pine_bush"}
{"pos":[744.054443,-216.393295,64.0393066],"rotationMatrix":[0.532137752,-0.846657574,0,0.846657574,0.532137752,0,0,0,0.999999881],"scale":0.514654994,"type":"maritime_pine_bush"}
{"pos":[740.392151,-182.336319,58.0499268],"rotationMatrix":[0.997484028,0.0708898678,0,-0.0708898678,0.997484028,0,0,0,0.999999881],"scale":0.759683847,"type":"maritime_pine_bush"}
{"pos":[743.76001,-176.193573,58.0499268],"rotationMatrix":[0.552611291,-0.833439052,0,0.833439052,0.552611291,0,0,0,0.999999881],"scale":0.509019196,"type":"maritime_pine_bush"}
{"pos":[746.30957,-172.441422,58.0499268],"rotationMatrix":[0.987712204,-0.156283125,0,0.156283125,0.987712204,0,0,0,0.999999881],"scale":0.851301789,"type":"maritime_pine_bush"}
{"pos":[750.5755,-194.68338,58.1237106],"rotationMatrix":[0.802809715,-0.596235156,0,0.596235156,0.802809715,0,0,0,0.999999881],"scale":0.651558518,"type":"maritime_pine_bush"}
{"pos":[750.747009,-189.248215,58.0462646],"rotationMatrix":[0.365950525,0.93063432,0,-0.93063432,0.365950525,0,0,0,0.999999881],"scale":0.80522579,"type":"maritime_pine_bush"}
{"pos":[758.381042,-185.264557,58.0530243],"rotationMatrix":[-0.911826313,0.410576075,0,-0.410576075,-0.911826313,0,0,0,0.999999881],"scale":0.578976989,"type":"maritime_pine_bush"}
{"pos":[764.370728,-175.924118,58.0462646],"rotationMatrix":[-0.837739766,0.546069384,0,-0.546069384,-0.837739766,0,0,0,0.999999881],"scale":0.966841817,"type":"maritime_pine_bush"}
{"pos":[770.511841,-175.623077,58.641098],"rotationMatrix":[0.413722038,0.910403252,0,-0.910403252,0.413722038,0,0,0,0.999999881],"scale":0.907102704,"type":"maritime_pine_bush"}
{"pos":[777.449768,-165.826584,58.0462646],"rotationMatrix":[-0.104248844,0.994551122,0,-0.994551122,-0.104248844,0,0,0,0.999999881],"scale":0.666016936,"type":"maritime_pine_bush"}
{"pos":[813.752625,-140.71225,58.1281319],"rotationMatrix":[-0.943039954,-0.332679391,0,0.332679391,-0.943039954,0,0,0,0.999999881],"scale":0.715302706,"type":"maritime_pine_bush"}
{"pos":[768.351929,-156.779221,57.8312035],"rotationMatrix":[0.150794476,0.988564968,0,-0.988564968,0.150794476,0,0,0,0.999999762],"scale":0.619548857,"type":"maritime_pine_bush"}
{"pos":[834.368591,-65.9657898,63.2721634],"rotationMatrix":[0.622005045,-0.783013105,0,0.783013105,0.622005045,0,0,0,0.999999881],"scale":0.995071352,"type":"maritime_pine_bush"}
{"pos":[831.988708,-75.3920135,63.9676971],"rotationMatrix":[0.838799953,0.544439733,0,-0.544439733,0.838799953,0,0,0,0.999999881],"scale":0.533299267,"type":"maritime_pine_bush"}
{"pos":[844.028076,-102.116165,64.0393066],"rotationMatrix":[-0.791513264,-0.611151755,0,0.611151755,-0.791513264,0,0,0,0.999999881],"scale":0.639579654,"type":"maritime_pine_bush"}
{"pos":[844.894531,-99.839447,64.0393066],"rotationMatrix":[-0.98475343,0.173955321,0,-0.173955321,-0.98475343,0,0,0,0.999999881],"scale":0.741107225,"type":"maritime_pine_bush"}
{"pos":[844.680054,-107.270866,64.0393066],"rotationMatrix":[-0.404295176,-0.914628446,0,0.914628446,-0.404295176,0,0,0,0.999999881],"scale":0.84831351,"type":"maritime_pine_bush"}
{"pos":[847.31604,-111.63179,64.0393066],"rotationMatrix":[0.930803239,0.365520597,0,-0.365520597,0.930803239,0,0,0,0.999999881],"scale":0.535540402,"type":"maritime_pine_bush"}
{"pos":[850.362366,-116.92849,64.0393066],"rotationMatrix":[-0.890354335,0.455268025,0,-0.455268025,-0.890354335,0,0,0,0.999999881],"scale":0.719041169,"type":"maritime_pine_bush"}
{"pos":[833.784668,-138.173065,64.0393066],"rotationMatrix":[-0.108755901,-0.994068325,0,0.994068325,-0.108755901,0,0,0,0.999999881],"scale":0.845481634,"type":"maritime_pine_bush"}
{"pos":[845.337463,-126.506058,64.0393066],"rotationMatrix":[-0.985639632,0.16886197,0,-0.16886197,-0.985639632,0,0,0,0.999999881],"scale":0.892656446,"type":"maritime_pine_bush"}
{"pos":[846.390076,-97.6491318,64.0393066],"rotationMatrix":[-0.187976524,-0.982173443,0,0.982173443,-0.187976524,0,0,0,0.999999881],"scale":0.516254485,"type":"maritime_pine_bush"}
{"pos":[844.336853,-94.6540146,64.0393066],"rotationMatrix":[0.889661968,0.45661968,0,-0.45661968,0.889661968,0,0,0,0.999999881],"scale":0.904381156,"type":"maritime_pine_bush"}
{"pos":[839.168884,-88.8624573,64.0393066],"rotationMatrix":[-0.816988289,0.576654136,0,-0.576654136,-0.816988289,0,0,0,0.999999881],"scale":0.655370355,"type":"maritime_pine_bush"}
{"pos":[836.284424,-63.7503738,63.6400375],"rotationMatrix":[-0.374092788,0.927391112,0,-0.927391112,-0.374092788,0,0,0,0.999999881],"scale":0.99662286,"type":"maritime_pine_bush"}
{"pos":[837.789001,-60.1098289,63.2609329],"rotationMatrix":[0.751781523,-0.659412205,0,0.659412205,0.751781523,0,0,0,0.999999881],"scale":0.997590899,"type":"maritime_pine_bush"}
{"pos":[834.372375,-58.9914665,62.3029938],"rotationMatrix":[0.0938678309,0.995584548,0,-0.995584548,0.0938678309,0,0,0,0.999999881],"scale":0.572125435,"type":"maritime_pine_bush"}
{"pos":[835.436523,-60.5860748,62.8901978],"rotationMatrix":[-0.631714761,0.775200665,0,-0.775200665,-0.631714761,0,0,0,0.999999881],"scale":0.88215971,"type":"maritime_pine_bush"}
{"pos":[862.675537,-88.8297348,66.7835388],"rotationMatrix":[-0.584771812,-0.811197817,0,0.811197817,-0.584771812,0,0,0,0.999999881],"scale":0.705268502,"type":"maritime_pine_bush"}
{"pos":[865.315857,-87.9927673,67.0202866],"rotationMatrix":[-0.647002697,0.762487471,0,-0.762487471,-0.647002697,0,0,0,0.999999881],"scale":0.790792584,"type":"maritime_pine_bush"}
{"pos":[867.763367,-90.3124313,67.0886688],"rotationMatrix":[0.061293453,-0.998119652,0,0.998119652,0.061293453,0,0,0,0.999999881],"scale":0.697195351,"type":"maritime_pine_bush"}
{"pos":[850.126404,-85.6117096,64.7491302],"rotationMatrix":[-0.594276786,-0.804260552,0,0.804260552,-0.594276786,0,0,0,0.999999881],"scale":0.762076139,"type":"maritime_pine_bush"}
{"pos":[853.453186,-78.7469101,65.6223526],"rotationMatrix":[-0.998099506,0.0616208315,0,-0.0616208315,-0.998099506,0,0,0,0.999999881],"scale":0.510671675,"type":"maritime_pine_bush"}
{"pos":[845.560791,-85.3822784,64.0862045],"rotationMatrix":[-0.406118482,-0.913820326,0,0.913820326,-0.406118482,0,0,0,0.999999881],"scale":0.5538131,"type":"maritime_pine_bush"}
{"pos":[852.186401,-95.0029449,64.7246399],"rotationMatrix":[0.643754303,-0.765232205,0,0.765232205,0.643754303,0,0,0,0.999999881],"scale":0.714320898,"type":"maritime_pine_bush"}
{"pos":[856.328979,-103.051773,64.0998993],"rotationMatrix":[0.603390276,0.797446012,0,-0.797446012,0.603390276,0,0,0,0.999999881],"scale":0.64132148,"type":"maritime_pine_bush"}
{"pos":[851.341675,-110.154556,64.3455505],"rotationMatrix":[0.995866239,-0.0908310413,0,0.0908310413,0.995866239,0,0,0,0.999999881],"scale":0.900433958,"type":"maritime_pine_bush"}
{"pos":[850.41687,-97.3012085,64.2453308],"rotationMatrix":[0.705893219,-0.708318114,0,0.708318114,0.705893219,0,0,0,0.999999881],"scale":0.545840144,"type":"maritime_pine_bush"}
{"pos":[849.174194,-107.851532,64.0400162],"rotationMatrix":[-0.42136088,-0.906893015,0,0.906893015,-0.42136088,0,0,0,0.999999881],"scale":0.671228886,"type":"maritime_pine_bush"}
{"pos":[859.460266,-113.16468,64.773407],"rotationMatrix":[0.998271406,-0.0587707721,0,0.0587707721,0.998271406,0,0,0,0.999999881],"scale":0.557818413,"type":"maritime_pine_bush"}
{"pos":[856.823242,-111.756523,64.4161606],"rotationMatrix":[0.269720614,-0.962938488,0,0.962938488,0.269720614,0,0,0,0.999999881],"scale":0.52335304,"type":"maritime_pine_bush"}
{"pos":[842.543274,-127.161507,64.0393066],"rotationMatrix":[0.742111862,0.670276046,0,-0.670276046,0.742111862,0,0,0,0.999999881],"scale":0.679726005,"type":"maritime_pine_bush"}
{"pos":[842.802856,-113.586151,64.0065918],"rotationMatrix":[0.881661594,0.471882164,0,-0.471882164,0.881661594,0,0,0,0.999999881],"scale":0.972613335,"type":"maritime_pine_bush"}
{"pos":[837.835815,-102.68103,63.8045731],"rotationMatrix":[-0.759767711,0.650194347,0,-0.650194347,-0.759767711,0,0,0,0.999999881],"scale":0.807054043,"type":"maritime_pine_bush"}
{"pos":[833.672974,-84.7290726,64.0300827],"rotationMatrix":[-0.356261522,-0.934386253,0,0.934386253,-0.356261522,0,0,0,0.999999881],"scale":0.559112251,"type":"maritime_pine_bush"}
{"pos":[831.981567,-80.2975159,64.0312729],"rotationMatrix":[-0.677864611,-0.735186577,0,0.735186577,-0.677864611,0,0,0,0.999999881],"scale":0.55141449,"type":"maritime_pine_bush"}
{"pos":[829.834534,-77.7686844,63.9423828],"rotationMatrix":[-0.2005454,0.979684293,0,-0.979684293,-0.2005454,0,0,0,0.999999881],"scale":0.601727307,"type":"maritime_pine_bush"}
{"pos":[828.815918,-73.2813797,63.6834259],"rotationMatrix":[0.266259104,0.96390146,0,-0.96390146,0.266259104,0,0,0,0.999999881],"scale":0.778071642,"type":"maritime_pine_bush"}
{"pos":[829.63324,-61.5977745,60.9260025],"rotationMatrix":[-0.984737992,-0.174043193,0,0.174043193,-0.984737992,0,0,0,0.999999881],"scale":0.739557266,"type":"maritime_pine_bush"}
{"pos":[825.043457,-59.7054291,59.1326599],"rotationMatrix":[0.863960445,-0.50355947,0,0.50355947,0.863960445,0,0,0,0.999999881],"scale":0.622329295,"type":"maritime_pine_bush"}
{"pos":[825.658569,-61.6795197,59.6891937],"rotationMatrix":[-0.26106301,0.96532172,0,-0.96532172,-0.26106301,0,0,0,0.999999881],"scale":0.63821733,"type":"maritime_pine_bush"}
{"pos":[837.671936,-95.585968,64.0315704],"rotationMatrix":[0.381995469,-0.924164116,0,0.924164116,0.381995469,0,0,0,0.999999881],"scale":0.559388161,"type":"maritime_pine_bush"}
{"pos":[710.547729,-159.318909,59.5256729],"rotationMatrix":[0.137922943,0.990442932,0,-0.990442932,0.137922943,0,0,0,0.999999881],"scale":0.531560719,"type":"maritime_pine_bush"}
{"pos":[708.295593,-138.674606,58.6464157],"rotationMatrix":[-0.70456332,-0.709641099,0,0.709641099,-0.70456332,0,0,0,0.999999881],"scale":0.523398995,"type":"maritime_pine_bush"}
{"pos":[725.358887,-135.79274,59.169735],"rotationMatrix":[0.433723778,0.901045918,0,-0.901045918,0.433723778,0,0,0,0.999999881],"scale":0.690771818,"type":"maritime_pine_bush"}
{"pos":[709.784912,-177.558212,58.9877701],"rotationMatrix":[0.930872023,-0.365345091,0,0.365345091,0.930872023,0,0,0,0.999999881],"scale":0.650917768,"type":"maritime_pine_bush"}
{"pos":[714.539001,-169.737213,59.6327477],"rotationMatrix":[0.791010559,-0.611802459,0,0.611802459,0.791010559,0,0,0,0.999999881],"scale":0.658575475,"type":"maritime_pine_bush"}
{"pos":[705.763855,-176.135391,58.5610504],"rotationMatrix":[0.0284425337,0.999595344,0,-0.999595344,0.0284425337,0,0,0,0.999999881],"scale":0.591788471,"type":"maritime_pine_bush"}
{"pos":[716.115112,-166.764862,59.7043686],"rotationMatrix":[0.984157383,0.177296892,0,-0.177296892,0.984157383,0,0,0,0.999999881],"scale":0.843959093,"type":"maritime_pine_bush"}
{"pos":[711.327087,-173.537201,59.4837723],"rotationMatrix":[0.591067851,0.80662185,0,-0.80662185,0.591067851,0,0,0,0.999999881],"scale":0.605596423,"type":"maritime_pine_bush"}
{"pos":[832.691589,-152.585754,69.9988785],"rotationMatrix":[-0.936507285,0.350648135,0,-0.350648135,-0.936507285,0,0,0,0.999999881],"scale":0.968147576,"type":"maritime_pine_bush"}
{"pos":[803.035645,-180.389267,71.1896667],"rotationMatrix":[0.684850991,-0.728683054,0,0.728683054,0.684850991,0,0,0,0.999999881],"scale":0.935232162,"type":"maritime_pine_bush"}
{"pos":[782.035706,-205.078537,71.1954803],"rotationMatrix":[-0.577632129,0.816296995,0,-0.816296995,-0.577632129,0,0,0,0.999999881],"scale":0.618308842,"type":"maritime_pine_bush"}
{"pos":[759.760925,-234.096649,69.9993896],"rotationMatrix":[-0.169294342,-0.985565484,0,0.985565484,-0.169294342,0,0,0,0.999999881],"scale":0.721923113,"type":"maritime_pine_bush"}
{"pos":[763.378906,-244.021423,69.9993896],"rotationMatrix":[0.814943254,-0.57954061,0,0.57954061,0.814943254,0,0,0,0.999999881],"scale":0.625858545,"type":"maritime_pine_bush"}
{"pos":[767.327026,-235.616638,70.8439941],"rotationMatrix":[-0.999869168,-0.016172329,0,0.016172329,-0.999869168,0,0,0,0.999999881],"scale":0.611647189,"type":"maritime_pine_bush"}
{"pos":[772.454468,-232.963867,71.1530151],"rotationMatrix":[0.079079628,0.996868193,0,-0.996868193,0.079079628,0,0,0,0.999999881],"scale":0.985300779,"type":"maritime_pine_bush"}
{"pos":[760.178955,-227.680664,69.9993896],"rotationMatrix":[0.88944304,0.457045972,0,-0.457045972,0.88944304,0,0,0,0.999999881],"scale":0.989095688,"type":"maritime_pine_bush"}
{"pos":[763.482971,-219.645248,70.0552368],"rotationMatrix":[0.972060621,-0.234729499,0,0.234729499,0.972060621,0,0,0,0.999999881],"scale":0.636666775,"type":"maritime_pine_bush"}
{"pos":[799.12207,-180.395081,71.1573029],"rotationMatrix":[0.946159422,-0.323700577,0,0.323700577,0.946159422,0,0,0,0.999999881],"scale":0.803708553,"type":"maritime_pine_bush"}
{"pos":[824.718933,-157.623215,69.9993896],"rotationMatrix":[0.609128118,-0.793071687,0,0.793071687,0.609128118,0,0,0,0.999999881],"scale":0.873440266,"type":"maritime_pine_bush"}
{"pos":[711.591248,-240.472382,64.0393066],"rotationMatrix":[-0.86686486,0.498543143,0,-0.498543143,-0.86686486,0,0,0,0.999999881],"scale":0.596803784,"type":"maritime_pine_bush"}
{"pos":[686.3526,-256.211823,64.0143738],"rotationMatrix":[0.479927748,0.877308011,0,-0.877308011,0.479927748,0,0,0,0.999999881],"scale":0.943944812,"type":"maritime_pine_bush"}
{"pos":[702.232117,-183.534332,58.1519661],"rotationMatrix":[-0.614817798,0.788668931,0,-0.788668931,-0.614817798,0,0,0,0.999999881],"scale":0.766017199,"type":"maritime_pine_bush"}
{"pos":[697.90741,-174.392181,58.0236969],"rotationMatrix":[0.90229845,0.431111932,0,-0.431111932,0.90229845,0,0,0,0.999999881],"scale":0.804140031,"type":"maritime_pine_bush"}
{"pos":[699.437378,-172.422104,58.0595627],"rotationMatrix":[-0.106118135,-0.994353473,0,0.994353473,-0.106118135,0,0,0,0.999999881],"scale":0.570622027,"type":"maritime_pine_bush"}
{"pos":[694.619812,-220.737823,62.8821564],"rotationMatrix":[0.073413454,-0.997301519,0,0.997301519,0.073413454,0,0,0,0.999999881],"scale":0.959444702,"type":"maritime_pine_bush"}
{"pos":[706.244202,-240.438934,64.0393066],"rotationMatrix":[-0.142230347,0.989833534,0,-0.989833534,-0.142230347,0,0,0,0.999999881],"scale":0.516536593,"type":"maritime_pine_bush"}
{"pos":[711.398071,-224.629562,64.0393066],"rotationMatrix":[-0.896403372,0.443239003,0,-0.443239003,-0.896403372,0,0,0,0.999999881],"scale":0.845357835,"type":"maritime_pine_bush"}
