{"pos":[-14.6115999,-7.39779997,47.2369995],"rotationMatrix":[0.534194469,-0.845418632,0,0.845418632,0.534194469,0,0,0,1],"scale":0.833700001,"type":"oak_beech_wallblocker_long"}
{"pos":[-6.40010023,-19.4664993,48.9536018],"rotationMatrix":[0.521494865,-0.844170094,0.124298617,0.850763321,0.525577426,6.26593828e-05,-0.0653833002,0.105712697,0.992245078],"scale":1.11339998,"type":"oak_beech_wallblocker_long"}
{"pos":[-57.5679016,-109.301003,47.3223991],"rotationMatrix":[0.780878007,-0.624663174,0,0.624663174,0.780878007,0,0,0,1],"scale":1.12510002,"type":"oak_beech_wallblocker_long"}
{"pos":[-45.4081993,-119.327003,47.4001999],"rotationMatrix":[0.8046875,-0.593687475,0,0.593687475,0.8046875,0,0,0,1],"scale":0.998600006,"type":"oak_beech_wallblocker_long"}
{"pos":[-37.6250992,-94.9552994,48.8300018],"rotationMatrix":[0.16614306,-0.986113012,0,0.986113012,0.16614306,0,0,0,1],"scale":0.997699976,"type":"oak_beech_wallblocker_long"}
{"pos":[-51.0537987,-105.660004,48.0751991],"rotationMatrix":[-0.580286384,0.814232409,0,-0.814232409,-0.580286384,0,0,0,1],"scale":1.13849998,"type":"oak_beech_wallblocker_long"}
{"pos":[-61.9628983,-124.071999,45.3283997],"rotationMatrix":[-0.795133471,0.606335998,0,-0.606335998,-0.795133471,0,0,0,1],"scale":0.9745,"type":"oak_beech_wallblocker_long"}
{"pos":[-85.6684036,-39.5853004,47.7500992],"rotationMatrix":[-0.297660351,0.954678535,0,-0.954678535,-0.297660351,0,0,0,1],"scale":1.03869998,"type":"oak_beech_wallblocker_long"}
{"pos":[-88.0054016,-82.1696014,46.6486015],"rotationMatrix":[0.877388477,-0.4797993,0,0.4797993,0.877388477,0,0,0,1],"scale":1.17379999,"type":"oak_beech_wallblocker_long"}
{"pos":[-68.4741974,-99.9564972,47.5419006],"rotationMatrix":[0.681757569,-0.731582582,0,0.731582582,0.681757569,0,0,0,1],"scale":0.836799979,"type":"oak_beech_wallblocker_long"}
{"pos":[-113.18,-85.9645004,42.0069008],"rotationMatrix":[0.765935183,-0.642942727,0,0.642942727,0.765935183,0,0,0,1],"scale":0.914099991,"type":"oak_beech_wallblocker_long"}
{"pos":[-102.410004,-95.8901978,41.2921982],"rotationMatrix":[0.659522474,-0.751674712,0,0.751674712,0.659522474,0,0,0,1],"scale":0.995500028,"type":"oak_beech_wallblocker_long"}
{"pos":[-92.435997,-106.098,42.2265015],"rotationMatrix":[0.660347223,-0.750928581,0,0.750928581,0.660347223,0,0,0,1],"scale":0.892199993,"type":"oak_beech_wallblocker_long"}
{"pos":[-81.7656021,-116.502998,41.4883003],"rotationMatrix":[0.621549964,-0.783347964,0,0.783347964,0.621549964,0,0,0,1],"scale":1.12160003,"type":"oak_beech_wallblocker_long"}
{"pos":[-118.640999,-93.5954971,39.3624992],"rotationMatrix":[-0.761564493,0.647940397,0,-0.647940397,-0.761564493,0,0,0,1],"scale":0.811600029,"type":"oak_beech_wallblocker_long"}
{"pos":[-107.588997,-104.217003,38.4995003],"rotationMatrix":[-0.734266996,0.67884481,0,-0.67884481,-0.734266996,0,0,0,1],"scale":1.10220003,"type":"oak_beech_wallblocker_long"}
{"pos":[-96.6400986,-115.203003,38.4034996],"rotationMatrix":[-0.674084067,0.738690257,0,-0.738690257,-0.674084067,0,0,0,1],"scale":0.955299973,"type":"oak_beech_wallblocker_long"}
{"pos":[-74.3841019,-113.338997,45.2403984],"rotationMatrix":[-0.72014153,0.693880677,0,-0.693880677,-0.72014153,0,0,0,1],"scale":1.17649996,"type":"oak_beech_wallblocker_long"}
{"pos":[-86.6953964,-102.476997,45.5033989],"rotationMatrix":[-0.720883608,0.693102777,0,-0.693102777,-0.720883608,0,0,0,1],"scale":1.00170004,"type":"oak_beech_wallblocker_long"}
{"pos":[-98.091301,-93.4732971,44.1733017],"rotationMatrix":[-0.819087386,0.573745906,0,-0.573745906,-0.819087386,0,0,0,1],"scale":0.957300007,"type":"oak_beech_wallblocker_long"}
{"pos":[-55.4337006,-149.483002,38.2108002],"rotationMatrix":[0.663143635,-0.748487532,0,0.748487532,0.663143635,0,0,0,1],"scale":0.9005,"type":"oak_beech_wallblocker_long"}
{"pos":[-47.3086014,-159.873001,37.6775017],"rotationMatrix":[0.624328852,-0.781160176,0,0.781160176,0.624328852,0,0,0,1],"scale":0.871800005,"type":"oak_beech_wallblocker_long"}
{"pos":[-38.5621986,-170.524002,36.8679008],"rotationMatrix":[0.668864787,-0.743406296,0,0.743406296,0.668864787,0,0,0,1],"scale":0.959599972,"type":"oak_beech_wallblocker_long"}
{"pos":[-29.8584995,-180.427994,36.4416008],"rotationMatrix":[0.647367954,-0.762202442,0,0.762202442,0.647367954,0,0,0,1],"scale":0.806800008,"type":"oak_beech_wallblocker_long"}
{"pos":[-48.1012001,-178.003998,33.8040009],"rotationMatrix":[-0.690225005,0.723489106,0,-0.723489106,-0.690225005,0,0,0,1],"scale":1.05990005,"type":"oak_beech_wallblocker_long"}
{"pos":[-6.61329985,-168.919998,43.4790001],"rotationMatrix":[-0.538257957,0.842796981,0,-0.842796981,-0.538257957,0,0,0,1],"scale":1.16799998,"type":"oak_beech_wallblocker_long"}
{"pos":[-14.8451996,-156.962006,44.2359009],"rotationMatrix":[-0.569991946,0.821676373,0,-0.821676373,-0.569991946,0,0,0,1],"scale":0.862800002,"type":"oak_beech_wallblocker_long"}
{"pos":[-23.0506992,-147.059998,44.5824013],"rotationMatrix":[-0.729799986,0.683922052,0,-0.683922052,-0.729799986,0,0,0,1],"scale":0.867600024,"type":"oak_beech_wallblocker_long"}
{"pos":[-34.8003998,-140.358994,44.3706017],"rotationMatrix":[-0.92080009,0.389844,0,-0.389844,-0.92080009,0,0,0,1],"scale":0.943099976,"type":"oak_beech_wallblocker_long"}
{"pos":[-49.1808014,-133.593994,45.2627983],"rotationMatrix":[-0.783027172,0.621850073,0,-0.621850073,-0.783027172,0,0,0,1],"scale":1.12090003,"type":"oak_beech_wallblocker_long"}
{"pos":[-20.1952,-189.897995,36.1305008],"rotationMatrix":[0.678718746,-0.734425902,0,0.734425902,0.678718746,0,0,0,1],"scale":1.06340003,"type":"oak_beech_wallblocker_long"}
{"pos":[-9.39570045,-200.654007,36.2659988],"rotationMatrix":[0.623635113,-0.781707644,0,0.781707644,0.623635113,0,0,0,1],"scale":1.00440001,"type":"oak_beech_wallblocker_long"}
{"pos":[-28.4780006,-198.362,33.4347],"rotationMatrix":[-0.596327186,0.802630603,0,-0.802630603,-0.596327186,0,0,0,1],"scale":0.960699975,"type":"oak_beech_wallblocker_long"}
{"pos":[-17.9050999,-210.610992,32.8389015],"rotationMatrix":[-0.683612585,0.729963005,0,-0.729963005,-0.683612585,0,0,0,1],"scale":0.939999998,"type":"oak_beech_wallblocker_long"}
{"pos":[-10.2117004,-222.309998,33.6516991],"rotationMatrix":[-0.427374005,0.904104948,0,-0.904104948,-0.427374005,0,0,0,1],"scale":0.946099997,"type":"oak_beech_wallblocker_long"}
{"pos":[-0.694299996,-234.013,35.2056999],"rotationMatrix":[-0.804619908,0.593497515,0,-0.593497515,-0.804619908,0,0,0,1],"scale":1.02339995,"type":"oak_beech_wallblocker_long"}
{"pos":[-37.5014,-187.895004,33.7829018],"rotationMatrix":[-0.72014153,0.693695247,0,-0.693695247,-0.72014153,0,0,0,1],"scale":0.884899974,"type":"oak_beech_wallblocker_long"}
{"pos":[-59.9546013,-240.434998,33.4529991],"rotationMatrix":[-0.670791864,0.741619587,0,-0.741619587,-0.670791864,0,0,0,1],"scale":1.13129997,"type":"oak_beech_wallblocker_long"}
{"pos":[-54.6786003,-220.141998,33.3524017],"rotationMatrix":[0.679359674,-0.733773053,0,0.733773053,0.679359674,0,0,0,1],"scale":1.03989995,"type":"oak_beech_wallblocker_long"}
{"pos":[-43.9081993,-231.091995,32.4998016],"rotationMatrix":[0.686209559,-0.727398098,0,0.727398098,0.686209559,0,0,0,1],"scale":1.05420005,"type":"oak_beech_wallblocker_long"}
{"pos":[-32.7085991,-240.363998,32.8470993],"rotationMatrix":[0.615786195,-0.78788811,0,0.78788811,0.615786195,0,0,0,1],"scale":0.985800028,"type":"oak_beech_wallblocker_long"}
{"pos":[-73.7519989,-128.522995,39.2765007],"rotationMatrix":[0.614557981,-0.78888303,0,0.78888303,0.614557981,0,0,0,1],"scale":0.825200021,"type":"oak_beech_wallblocker_long"}
{"pos":[-64.8481979,-138.623001,37.9777985],"rotationMatrix":[0.682236075,-0.731112123,0,0.731112123,0.682236075,0,0,0,1],"scale":1.04820001,"type":"oak_beech_wallblocker_long"}
{"pos":[-87.8039017,-127.285004,36.7979012],"rotationMatrix":[-0.577443361,0.816341519,0,-0.816341519,-0.577443361,0,0,0,1],"scale":0.931500018,"type":"oak_beech_wallblocker_long"}
{"pos":[-78.8287964,-139.589996,35.3876991],"rotationMatrix":[-0.618920088,0.785258114,0,-0.785258114,-0.618920088,0,0,0,1],"scale":1.00479996,"type":"oak_beech_wallblocker_long"}
{"pos":[-69.6675034,-152.998993,33.6722984],"rotationMatrix":[-0.609576702,0.792856991,0,-0.792856991,-0.609576702,0,0,0,1],"scale":1.17420006,"type":"oak_beech_wallblocker_long"}
{"pos":[-116.051003,-182.307999,31.0499001],"rotationMatrix":[-0.0365120173,0.999365211,0,-0.999365211,-0.0365120173,0,0,0,1],"scale":1.07219994,"type":"oak_beech_wallblocker_long"}
{"pos":[-114.875,-153.356995,30.4386997],"rotationMatrix":[0.686526358,-0.727109969,0,0.727109969,0.686526358,0,0,0,1],"scale":1.06589997,"type":"oak_beech_wallblocker_long"}
{"pos":[-103.139,-165.421005,30.5596008],"rotationMatrix":[0.662322402,-0.749235034,0,0.749235034,0.662322402,0,0,0,1],"scale":1.15059996,"type":"oak_beech_wallblocker_long"}
{"pos":[-91.5574036,-177.554001,31.1044006],"rotationMatrix":[0.670165539,-0.742188394,0,0.742188394,0.670165539,0,0,0,1],"scale":1.14470005,"type":"oak_beech_wallblocker_long"}
{"pos":[-115.761002,-196.313995,31.2136993],"rotationMatrix":[0.146659613,0.989206016,0,-0.989206016,0.146659613,0,0,0,1],"scale":0.805000007,"type":"oak_beech_wallblocker_long"}
{"pos":[-118.748001,-209.475998,33.5064011],"rotationMatrix":[0.255444586,0.961446762,-0.102116816,-0.966501117,0.25677824,-8.92803073e-05,0.0261385813,0.0987148806,0.994772613],"scale":1.07840002,"type":"oak_beech_wallblocker_long"}
{"pos":[-122.292999,-223.951996,36.3208008],"rotationMatrix":[0.278040588,0.9574489,-0.0782236606,-0.960391104,0.278895497,2.3022294e-06,0.0218236595,0.0751176998,0.996936142],"scale":0.869599998,"type":"oak_beech_wallblocker_long"}
{"pos":[-106.466003,-194.845001,30.9064007],"rotationMatrix":[-0.0483518839,-0.998830378,0,0.998830378,-0.0483518839,0,0,0,1],"scale":1.1473,"type":"oak_beech_wallblocker_long"}
{"pos":[-100.307999,-192.537994,30.593399],"rotationMatrix":[-0.620360017,0.784347117,0,-0.784347117,-0.620360017,0,0,0,1],"scale":0.955900013,"type":"oak_beech_wallblocker_long"}
{"pos":[-90.5431976,-205.686996,31.2383003],"rotationMatrix":[-0.577443361,0.816519141,0,-0.816519141,-0.577443361,0,0,0,1],"scale":1.17589998,"type":"oak_beech_wallblocker_long"}
{"pos":[-108.517998,-211.326004,32.5726013],"rotationMatrix":[-0.166208506,-0.983036995,0.0777130723,0.986018896,-0.166712642,-3.57627869e-07,0.0129550807,0.0766256377,0.99697578],"scale":1.02550006,"type":"oak_beech_wallblocker_long"}
{"pos":[-111.983002,-226.589005,36.080101],"rotationMatrix":[-0.269583583,-0.947155178,0.173815563,0.961798966,-0.273738384,7.22408295e-05,0.0475124419,0.167195767,0.984778166],"scale":1.16419995,"type":"oak_beech_wallblocker_long"}
{"pos":[-112.091003,-241.820007,38.3218994],"rotationMatrix":[0.340359032,-0.940358818,0,0.940358818,0.340359032,0,0,0,1],"scale":0.998000026,"type":"oak_beech_wallblocker_long"}
{"pos":[-79.834198,-217.602005,32.9614983],"rotationMatrix":[-0.686549664,0.726926267,0,-0.726926267,-0.686549664,0,0,0,1],"scale":0.908500016,"type":"oak_beech_wallblocker_long"}
{"pos":[-70.1184006,-227.623993,33.0205994],"rotationMatrix":[-0.619999886,0.784439981,0,-0.784439981,-0.619999886,0,0,0,1],"scale":0.972899973,"type":"oak_beech_wallblocker_long"}
{"pos":[-69.9037628,-201.115189,32.321701],"rotationMatrix":[0.648542702,-0.761183321,0,0.761183321,0.648542702,0,0,0,1],"scale":0.87650001,"type":"oak_beech_wallblocker_long"}
{"pos":[-64.8808975,-210.688995,33.6403999],"rotationMatrix":[0.670652688,-0.741802394,0,0.741802394,0.670652688,0,0,0,1],"scale":0.816500008,"type":"oak_beech_wallblocker_long"}
{"pos":[-183.647293,-40.6257668,33.8974991],"rotationMatrix":[-0.817180395,0.576495349,0,-0.576495349,-0.817180395,0,0,0,1],"scale":1.15499997,"type":"oak_beech_wallblocker_long"}
{"pos":[-157.319,-60.7272987,36.3827019],"rotationMatrix":[-0.811085224,0.584663093,0,-0.584663093,-0.811085224,0,0,0,1],"scale":1.14189994,"type":"oak_beech_wallblocker_long"}
{"pos":[-138.311005,-72.9919968,38.1865005],"rotationMatrix":[-0.833612442,0.552477539,0,-0.552477539,-0.833612442,0,0,0,1],"scale":0.90109998,"type":"oak_beech_wallblocker_long"}
{"pos":[-128.358994,-82.3731003,40.7010002],"rotationMatrix":[-0.592041612,0.805835009,0,-0.805835009,-0.592041612,0,0,0,1],"scale":1.02919996,"type":"oak_beech_wallblocker_long"}
{"pos":[-148.067001,-68.5615997,37.4413986],"rotationMatrix":[-0.945575356,0.325873494,0,-0.325873494,-0.945575356,0,0,0,1],"scale":1.11099994,"type":"oak_beech_wallblocker_long"}
{"pos":[-178.311005,-90.5185013,31.1301994],"rotationMatrix":[0.691730499,-0.722148478,0,0.722148478,0.691730499,0,0,0,1],"scale":0.850199997,"type":"oak_beech_wallblocker_long"}
{"pos":[-168.460999,-100.181,30.8181992],"rotationMatrix":[0.707999229,-0.706197202,0,0.706197202,0.707999229,0,0,0,1],"scale":1.0151,"type":"oak_beech_wallblocker_long"}
{"pos":[-157.695007,-111.306999,31.8246002],"rotationMatrix":[0.627442837,-0.778692722,0,0.778692722,0.627442837,0,0,0,1],"scale":1.11889994,"type":"oak_beech_wallblocker_long"}
{"pos":[-146.869995,-121.920998,30.4451008],"rotationMatrix":[0.687950015,-0.725772977,0,0.725772977,0.687950015,0,0,0,1],"scale":0.912299991,"type":"oak_beech_wallblocker_long"}
{"pos":[-221.985992,-9.21409988,33.7505989],"rotationMatrix":[-0.813369632,0.581984639,0,-0.581984639,-0.813369632,0,0,0,1],"scale":0.805999994,"type":"oak_beech_wallblocker_long"}
{"pos":[-210.007004,-19.0776005,33.4952011],"rotationMatrix":[-0.789831877,0.613197148,0,-0.613197148,-0.789831877,0,0,0,1],"scale":1.1473,"type":"oak_beech_wallblocker_long"}
{"pos":[-195.880997,-30.0970993,33.2734985],"rotationMatrix":[-0.803100586,0.595906258,0,-0.595906258,-0.803100586,0,0,0,1],"scale":1.13660002,"type":"oak_beech_wallblocker_long"}
{"pos":[-241.919006,-24.5753994,31.5112],"rotationMatrix":[0.703704,-0.710525393,0,0.710525393,0.703704,0,0,0,1],"scale":0.965900004,"type":"oak_beech_wallblocker_long"}
{"pos":[-230.759003,-35.0917015,32.1179008],"rotationMatrix":[0.759181976,-0.650902629,0,0.650902629,0.759181976,0,0,0,1],"scale":1.01349998,"type":"oak_beech_wallblocker_long"}
{"pos":[-220.087006,-47.1540985,31.8924007],"rotationMatrix":[0.658696771,-0.752420366,0,0.752420366,0.658696771,0,0,0,1],"scale":1.09800005,"type":"oak_beech_wallblocker_long"}
{"pos":[-209.059998,-58.6796989,31.5139008],"rotationMatrix":[0.684146523,-0.729387939,0,0.729387939,0.684146523,0,0,0,1],"scale":0.933600008,"type":"oak_beech_wallblocker_long"}
{"pos":[-219.057999,-74.5942993,32.3922997],"rotationMatrix":[-0.72014153,0.694066107,0,-0.694066107,-0.72014153,0,0,0,1],"scale":0.864000022,"type":"oak_beech_wallblocker_long"}
{"pos":[-208.899002,-84.2536011,32.4970016],"rotationMatrix":[-0.701643467,0.71246177,0,-0.71246177,-0.701643467,0,0,0,1],"scale":0.993799984,"type":"oak_beech_wallblocker_long"}
{"pos":[-197.815994,-94.9860992,32.5583],"rotationMatrix":[-0.71606338,0.698244929,0,-0.698244929,-0.71606338,0,0,0,1],"scale":0.994199991,"type":"oak_beech_wallblocker_long"}
{"pos":[-200.889496,-65.836525,30.941],"rotationMatrix":[0.710135043,-0.704066575,0,0.704066575,0.710135043,0,0,0,1],"scale":1.11960006,"type":"oak_beech_wallblocker_long"}
{"pos":[-134.595993,-158.382004,31.0939007],"rotationMatrix":[-0.676280499,0.736611307,0,-0.736611307,-0.676280499,0,0,0,1],"scale":0.971700013,"type":"oak_beech_wallblocker_long"}
{"pos":[-126.624001,-235.453003,37.8591995],"rotationMatrix":[0.318588614,0.947928786,0,-0.947928786,0.318588614,0,0,0,1],"scale":0.927600026,"type":"oak_beech_wallblocker_long"}
{"pos":[-137.253998,-131.570007,31.2894001],"rotationMatrix":[0.753878713,-0.65697825,0,0.65697825,0.753878713,0,0,0,1],"scale":0.85680002,"type":"oak_beech_wallblocker_long"}
{"pos":[-126.507004,-141.792999,30.7017002],"rotationMatrix":[0.676631212,-0.736325502,0,0.736325502,0.676631212,0,0,0,1],"scale":1.08840001,"type":"oak_beech_wallblocker_long"}
{"pos":[-100.981003,-250.257996,37.5973015],"rotationMatrix":[0.9328022,-0.360404462,0,0.360404462,0.9328022,0,0,0,1],"scale":1.08990002,"type":"oak_beech_wallblocker_long"}
{"pos":[-88.1837997,-256.277008,37.9552994],"rotationMatrix":[0.854308009,-0.519773424,0,0.519773424,0.854308009,0,0,0,1],"scale":0.8028,"type":"oak_beech_wallblocker_long"}
{"pos":[-75.6175003,-259.761993,37.5777016],"rotationMatrix":[0.999834359,-0.0182000007,0,0.0182000007,0.999834359,0,0,0,1],"scale":0.909200013,"type":"oak_beech_wallblocker_long"}
{"pos":[-264.161011,-0.375699997,31.1884003],"rotationMatrix":[0.616136789,-0.787616193,0,0.787616193,0.616136789,0,0,0,1],"scale":1.06340003,"type":"oak_beech_wallblocker_long"}
{"pos":[-253.026001,-12.7182999,31.1506004],"rotationMatrix":[0.663143635,-0.748487532,0,0.748487532,0.663143635,0,0,0,1],"scale":1.13940001,"type":"oak_beech_wallblocker_long"}
{"pos":[-488.329987,-143.444,36.2237015],"rotationMatrix":[-0.835144758,0.550026119,0,-0.550026119,-0.835144758,0,0,0,1],"scale":0.928499997,"type":"oak_beech_wallblocker_long"}
{"pos":[-480.959991,-153.720993,34.8148003],"rotationMatrix":[-0.239052892,0.970966578,0,-0.970966578,-0.239052892,0,0,0,1],"scale":1.00779998,"type":"oak_beech_wallblocker_long"}
{"pos":[-486.656006,-161.731003,34.5094986],"rotationMatrix":[0.998235822,0.0593762398,0,-0.0593762398,0.998235822,0,0,0,1],"scale":1.07229996,"type":"oak_beech_wallblocker_long"}
{"pos":[-498.972992,-134.841003,36.0087013],"rotationMatrix":[-0.712730408,0.701268137,0,-0.701268137,-0.712730408,0,0,0,1],"scale":0.998199999,"type":"oak_beech_wallblocker_long"}
{"pos":[-499.334015,-265.028015,29.6830997],"rotationMatrix":[-0.913855314,0.406074017,-8.75368714e-05,-0.398591608,-0.896975398,0.191278279,0.0775940567,0.17483291,0.981535971],"scale":1.1652,"type":"oak_beech_wallblocker_long"}
{"pos":[-484.621002,-272.548004,30.5431004],"rotationMatrix":[-0.873660684,0.486272931,0,-0.486272931,-0.873660684,0,0,0,1],"scale":1.00580001,"type":"oak_beech_wallblocker_long"}
{"pos":[-90.1736984,-619.56897,47.6664009],"rotationMatrix":[0.0622307062,-0.985892475,-0.15516296,0.997980893,0.0629787445,9.27224755e-05,0.00967527926,-0.154861033,0.987888455],"scale":0.841099977,"type":"oak_beech_wallblocker_long"}
{"pos":[-97.7067032,-612.382996,50.4390984],"rotationMatrix":[0.945020735,-0.327023923,0,0.327023923,0.945020735,0,0,0,1],"scale":0.931599975,"type":"oak_beech_wallblocker_long"}
{"pos":[-111.196999,-609.710022,50.8409004],"rotationMatrix":[0.998053133,0.0623687953,0,-0.0623687953,0.998053133,0,0,0,1],"scale":0.94660002,"type":"oak_beech_wallblocker_long"}
{"pos":[-124.516998,-613.148987,48.1043015],"rotationMatrix":[0.830637991,0.556799412,0,-0.556799412,0.830637991,0,0,0,1],"scale":1.15900004,"type":"oak_beech_wallblocker_long"}
{"pos":[-0.989099979,-597.645996,46.6529007],"rotationMatrix":[-0.666407704,0.74575758,0,-0.74575758,-0.666407704,0,0,0,1],"scale":0.944299996,"type":"oak_beech_wallblocker_long"}
{"pos":[-15.6957998,-592.119019,48.7528992],"rotationMatrix":[-0.983259916,0.0840725005,0.1626129,-0.0852134973,-0.996519804,-4.31002118e-05,0.162017897,-0.0138981007,0.986690998],"scale":1.15439999,"type":"oak_beech_wallblocker_long"}
{"pos":[-78.0111008,-586.422974,56.3111],"rotationMatrix":[0.934695005,-0.355436921,0,0.355436921,0.934695005,0,0,0,1],"scale":1.00909996,"type":"oak_beech_wallblocker_long"}
{"pos":[-51.6293983,-622.140015,48.6869011],"rotationMatrix":[-0.889903545,0.456088781,4.73111868e-07,-0.439116001,-0.856786013,-0.270261198,-0.123264477,-0.24051401,0.962786496],"scale":1.18809998,"type":"oak_beech_wallblocker_long"}
{"pos":[-58.6451988,-611.713013,52.5164986],"rotationMatrix":[0.0407848954,0.97881031,0.200683326,-0.99913609,0.0416404605,-4.19318676e-05,-0.008398287,-0.200507522,0.979656219],"scale":0.868600011,"type":"oak_beech_wallblocker_long"}
{"pos":[-64.5337982,-601.648987,54.0075989],"rotationMatrix":[-0.877921939,0.478685975,0,-0.478685975,-0.877921939,0,0,0,1],"scale":1.07809997,"type":"oak_beech_wallblocker_long"}
{"pos":[-80.1902008,-598.312012,53.8306007],"rotationMatrix":[-0.993205786,0.117000766,0,-0.117000766,-0.993205786,0,0,0,1],"scale":1.1717,"type":"oak_beech_wallblocker_long"}
{"pos":[-95.2372971,-597.481995,54.8600006],"rotationMatrix":[-0.994803429,-0.103065848,0,0.103065848,-0.994803429,0,0,0,1],"scale":0.881799996,"type":"oak_beech_wallblocker_long"}
{"pos":[-109.623001,-598.776978,56.7015991],"rotationMatrix":[-0.986423016,-0.165236279,0,0.165236279,-0.986423016,0,0,0,1],"scale":1.097,"type":"oak_beech_wallblocker_long"}
{"pos":[-121.764,-605.562988,53.9398994],"rotationMatrix":[-0.556722164,-0.778492332,-0.289871424,0.813412786,-0.581700325,1.56387687e-05,-0.168628216,-0.235775232,0.957065821],"scale":1.09949994,"type":"oak_beech_wallblocker_long"}
{"pos":[-90.6001968,-584.487,56.719101],"rotationMatrix":[0.986088872,0.16621621,0,-0.16621621,0.986088872,0,0,0,1],"scale":0.94630003,"type":"oak_beech_wallblocker_long"}
{"pos":[-105.531998,-585.713989,56.4351997],"rotationMatrix":[0.999543965,0.0301969796,0,-0.0301969796,0.999543965,0,0,0,1],"scale":1.08889997,"type":"oak_beech_wallblocker_long"}
{"pos":[-120.088997,-588.747986,55.6068993],"rotationMatrix":[0.856673419,0.515857875,0,-0.515857875,0.856673419,0,0,0,1],"scale":1.00119996,"type":"oak_beech_wallblocker_long"}
{"pos":[-21.9916992,-600.346008,49.0517006],"rotationMatrix":[0.782068014,-0.623162746,0,0.623162746,0.782068014,0,0,0,1],"scale":1.07009995,"type":"oak_beech_wallblocker_long"}
{"pos":[-9.81910038,-610.028992,47.5157013],"rotationMatrix":[0.776516378,-0.630100429,0,0.630100429,0.776516378,0,0,0,1],"scale":1.03269994,"type":"oak_beech_wallblocker_long"}
{"pos":[-118.787003,-574.728027,59.4981995],"rotationMatrix":[-0.857435346,-0.514230311,0,0.514230311,-0.857435346,0,0,0,1],"scale":0.843500018,"type":"oak_beech_wallblocker_long"}
{"pos":[-107.483002,-574.797974,59.405899],"rotationMatrix":[-0.91296792,0.408021599,0,-0.408021599,-0.91296792,0,0,0,1],"scale":1.08309996,"type":"oak_beech_wallblocker_long"}
{"pos":[-92.7127991,-577.301025,57.8805008],"rotationMatrix":[-0.984828949,-0.173538044,0,0.173538044,-0.984828949,0,0,0,1],"scale":1.15579998,"type":"oak_beech_wallblocker_long"}
{"pos":[-75.691803,-575.953003,55.7416],"rotationMatrix":[-0.988416791,-0.151758611,0,0.151758611,-0.988416791,0,0,0,1],"scale":1.1056,"type":"oak_beech_wallblocker_long"}
{"pos":[-62.2170982,-578.924011,54.2890015],"rotationMatrix":[-0.793618083,0.60835284,0,-0.60835284,-0.793618083,0,0,0,1],"scale":1.0539,"type":"oak_beech_wallblocker_long"}
{"pos":[-18.1541004,-643.447998,41.4398003],"rotationMatrix":[-0.968524814,-0.248818696,0,0.248818696,-0.968524814,0,0,0,1],"scale":1.15489995,"type":"oak_beech_wallblocker_long"}
{"pos":[-23.7525005,-652.268982,40.1092987],"rotationMatrix":[0.316473842,-0.930677652,-0.183255747,0.946714759,0.321917951,4.03150916e-05,0.0589466356,-0.173516482,0.983063996],"scale":1.13,"type":"oak_beech_wallblocker_long"}
{"pos":[-32.7798996,-642.63501,43.2443008],"rotationMatrix":[0.9223032,-0.386473686,0,0.386473686,0.9223032,0,0,0,1],"scale":0.985700011,"type":"oak_beech_wallblocker_long"}
{"pos":[-47.2659988,-639.947021,43.2145004],"rotationMatrix":[0.999481559,0.0321967788,0,-0.0321967788,0.999481559,0,0,0,1],"scale":1.19910002,"type":"oak_beech_wallblocker_long"}
{"pos":[-61.9225006,-635.702026,43.7350998],"rotationMatrix":[0.885853589,-0.463943809,0,0.463943809,0.885853589,0,0,0,1],"scale":1.05350006,"type":"oak_beech_wallblocker_long"}
{"pos":[-2.04450011,-639.241028,46.0223007],"rotationMatrix":[-0.964958012,0.262718379,0,-0.262718379,-0.964958012,0,0,0,1],"scale":1.02950001,"type":"oak_beech_wallblocker_long"}
{"pos":[-39.6848984,-632.78302,45.5556984],"rotationMatrix":[-0.621800542,0.783074796,0,-0.783074796,-0.621800542,0,0,0,1],"scale":1.01409996,"type":"oak_beech_wallblocker_long"}
{"pos":[-58.0307007,-711.875977,25.5478992],"rotationMatrix":[0.530519485,0.847681224,0,-0.847681224,0.530519485,0,0,0,1],"scale":1.09790003,"type":"oak_beech_wallblocker_long"}
{"pos":[-52.3554001,-699.955994,26.0487003],"rotationMatrix":[0.200393379,0.979685605,0,-0.979685605,0.200393379,0,0,0,1],"scale":0.814400017,"type":"oak_beech_wallblocker_long"}
{"pos":[-89.7241974,-680.724976,28.2719994],"rotationMatrix":[0.240595222,-0.970638156,0,0.970638156,0.240595222,0,0,0,1],"scale":0.817900002,"type":"oak_beech_wallblocker_long"}
{"pos":[-98.7368011,-680.163025,29.1182003],"rotationMatrix":[0.964141607,0.2653898,0,-0.2653898,0.964141607,0,0,0,1],"scale":1.02559996,"type":"oak_beech_wallblocker_long"}
{"pos":[-112.425003,-685.153015,28.9845009],"rotationMatrix":[0.885471046,0.464672744,0,-0.464672744,0.885471046,0,0,0,1],"scale":1.19599998,"type":"oak_beech_wallblocker_long"}
{"pos":[-75.2807999,-633.892029,43.3886986],"rotationMatrix":[0.958470404,0.285202712,0,-0.285202712,0.958470404,0,0,0,1],"scale":0.858900011,"type":"oak_beech_wallblocker_long"}
{"pos":[-85.547699,-631.72998,43.8373985],"rotationMatrix":[0.603771925,-0.797174096,0,0.797174096,0.603771925,0,0,0,1],"scale":0.916700006,"type":"oak_beech_wallblocker_long"}
{"pos":[-120.429001,-694.728027,27.8153992],"rotationMatrix":[0.927724004,0.373280376,0,-0.373280376,0.927724004,0,0,0,1],"scale":1.16199994,"type":"oak_beech_wallblocker_long"}
{"pos":[-78.7058029,-705.301025,27.0344009],"rotationMatrix":[0.873092771,-0.487577617,0,0.487577617,0.873092771,0,0,0,1],"scale":1.023,"type":"oak_beech_wallblocker_long"}
{"pos":[-86.3464966,-693.971985,28.3649998],"rotationMatrix":[0.141950071,-0.989835918,0,0.989835918,0.141950071,0,0,0,1],"scale":1.00870001,"type":"oak_beech_wallblocker_long"}
{"pos":[-66.6856003,-712.031006,26.1490002],"rotationMatrix":[0.493176818,-0.869875252,0,0.869875252,0.493176818,0,0,0,1],"scale":1.16600001,"type":"oak_beech_wallblocker_long"}
{"pos":[-133.209,-594.981018,55.1425018],"rotationMatrix":[0.968499482,0.24901709,0,-0.24901709,0.968499482,0,0,0,1],"scale":1.07239997,"type":"oak_beech_wallblocker_long"}
{"pos":[-149.248993,-596.208984,56.4281006],"rotationMatrix":[0.999935031,-0.0114000002,0,0.0114000002,0.999935031,0,0,0,1],"scale":1.15020001,"type":"oak_beech_wallblocker_long"}
{"pos":[-163.501007,-594.796997,57.2883987],"rotationMatrix":[0.908322394,-0.41826579,0,0.41826579,0.908322394,0,0,0,1],"scale":0.83859998,"type":"oak_beech_wallblocker_long"}
{"pos":[-177.154007,-591.392029,60.1389008],"rotationMatrix":[0.985875487,-0.13659966,-0.0969146192,0.137238532,0.990538836,-7.3260162e-05,0.0960077792,-0.0132270604,0.995293081],"scale":1.07229996,"type":"oak_beech_wallblocker_long"}
{"pos":[-246.858994,-611.867004,59.0382004],"rotationMatrix":[0.0866269469,0.975455701,0.202509612,-0.996093214,0.0884675384,-3.64482403e-05,-0.0179539397,-0.201712176,0.979280591],"scale":0.925999999,"type":"oak_beech_wallblocker_long"}
{"pos":[-244.417999,-622.776001,54.3390999],"rotationMatrix":[-0.562796593,0.7748456,0.287602901,-0.809033632,-0.587625027,-1.51917338e-05,0.169014096,-0.232700795,0.957747519],"scale":1.09819996,"type":"oak_beech_wallblocker_long"}
{"pos":[-193.768997,-601.679993,60.594101],"rotationMatrix":[-0.995161414,0.098788321,-2.63592228e-05,-0.0975637138,-0.98286736,-0.156709448,-0.01550656,-0.155940369,0.98764509],"scale":0.87440002,"type":"oak_beech_wallblocker_long"}
{"pos":[-193.095001,-590.651978,62.6833992],"rotationMatrix":[0.968699992,0.248223424,0,-0.248223424,0.968699992,0,0,0,1],"scale":1.16760004,"type":"oak_beech_wallblocker_long"}
{"pos":[-207.302994,-592.987,64.3888016],"rotationMatrix":[0.997835159,0.0657671019,0,-0.0657671019,0.997835159,0,0,0,1],"scale":0.903900027,"type":"oak_beech_wallblocker_long"}
{"pos":[-219.470001,-592.189026,64.6743011],"rotationMatrix":[0.991653681,0.128928676,0,-0.128928676,0.991653681,0,0,0,1],"scale":0.938799977,"type":"oak_beech_wallblocker_long"}
{"pos":[-233.011002,-593.489014,63.6972008],"rotationMatrix":[0.965474367,0.249659017,0.074343279,-0.25035274,0.968153417,1.20392069e-05,-0.0719725937,-0.0186243989,0.997232616],"scale":1.04620004,"type":"oak_beech_wallblocker_long"}
{"pos":[-248.492996,-593.994995,61.0471992],"rotationMatrix":[0.982081473,-0.164907202,0.0912213027,0.165598795,0.98619312,-1.28010288e-05,-0.0899596959,0.0151188001,0.995830595],"scale":1.18190002,"type":"oak_beech_wallblocker_long"}
{"pos":[-241.072006,-561.598022,63.4929008],"rotationMatrix":[-0.964271545,-0.234552875,-0.123453043,0.23637031,-0.97170186,-7.81603158e-05,-0.119936563,-0.0292554405,0.992350578],"scale":1.11559999,"type":"oak_beech_wallblocker_long"}
{"pos":[-225.686996,-558.48999,65.7553024],"rotationMatrix":[-0.978458285,-0.205882207,0,0.205882207,-0.978458285,0,0,0,1],"scale":0.977900028,"type":"oak_beech_wallblocker_long"}
{"pos":[-212.567993,-559.794006,65.8679962],"rotationMatrix":[-0.956242085,0.292546213,0,-0.292546213,-0.956242085,0,0,0,1],"scale":0.819199979,"type":"oak_beech_wallblocker_long"}
{"pos":[-201.651001,-562.987,66.543602],"rotationMatrix":[-0.905932784,0.423280329,0,-0.423280329,-0.905932784,0,0,0,1],"scale":0.930599988,"type":"oak_beech_wallblocker_long"}
{"pos":[-189.641006,-570.26001,66.1389999],"rotationMatrix":[-0.895404577,0.445084184,0,-0.445084184,-0.895404577,0,0,0,1],"scale":0.982800007,"type":"oak_beech_wallblocker_long"}
{"pos":[-176.134995,-577.179993,62.5126991],"rotationMatrix":[-0.948337913,0.317616582,0,-0.317616582,-0.948337913,0,0,0,1],"scale":1.03910005,"type":"oak_beech_wallblocker_long"}
{"pos":[-162.498993,-579.476013,61.4751015],"rotationMatrix":[-0.987619281,-0.156114548,0,0.156114548,-0.987619281,0,0,0,1],"scale":0.801299989,"type":"oak_beech_wallblocker_long"}
{"pos":[-148.526001,-580.257996,61.3228989],"rotationMatrix":[-0.997200966,0.0741480589,0,-0.0741480589,-0.997200966,0,0,0,1],"scale":1.15339994,"type":"oak_beech_wallblocker_long"}
{"pos":[-132.962006,-579.752991,59.7747993],"rotationMatrix":[-0.959086657,-0.268462449,0.0889495239,0.269538492,-0.962901831,8.79596919e-05,0.0856335685,0.0240607206,0.996035933],"scale":0.935199976,"type":"oak_beech_wallblocker_long"}
{"pos":[-170.852005,-731.158997,29.8707008],"rotationMatrix":[0.9780339,0.208447203,0,-0.208447203,0.9780339,0,0,0,1],"scale":1.19130003,"type":"oak_beech_wallblocker_long"}
{"pos":[-186.253998,-748.846985,30.9785004],"rotationMatrix":[-0.942814708,-0.333527058,0,0.333527058,-0.942814708,0,0,0,1],"scale":0.92839998,"type":"oak_beech_wallblocker_long"}
{"pos":[-172.641006,-745.012024,30.1674004],"rotationMatrix":[-0.981244206,-0.193088204,0,0.193088204,-0.981244206,0,0,0,1],"scale":0.9727,"type":"oak_beech_wallblocker_long"}
{"pos":[-157.535004,-742.258972,29.1173],"rotationMatrix":[-0.983633518,-0.180656254,0,0.180656254,-0.983633518,0,0,0,1],"scale":0.981000006,"type":"oak_beech_wallblocker_long"}
{"pos":[-153.483002,-726.507996,29.3026009],"rotationMatrix":[0.966303945,0.25739342,0,-0.25739342,0.966303945,0,0,0,1],"scale":1.01129997,"type":"oak_beech_wallblocker_long"}
{"pos":[-137.862,-724.328979,28.6380005],"rotationMatrix":[0.986975014,0.160867378,0,-0.160867378,0.986975014,0,0,0,1],"scale":0.969399989,"type":"oak_beech_wallblocker_long"}
{"pos":[-141.190002,-739.528015,28.1033001],"rotationMatrix":[-0.986423016,-0.164040357,0,0.164040357,-0.986423016,0,0,0,1],"scale":1.1243,"type":"oak_beech_wallblocker_long"}
{"pos":[-125.237,-739.083984,25.6240997],"rotationMatrix":[-0.998000383,0.065967001,0,-0.065967001,-0.998000383,0,0,0,1],"scale":1.05019999,"type":"oak_beech_wallblocker_long"}
{"pos":[-136.298996,-714.950989,28.7374992],"rotationMatrix":[-0.500656247,0.850760758,0.159835845,-0.861841023,-0.507176518,-1.71363354e-06,0.0810636804,-0.137754038,0.987143576],"scale":1.02569997,"type":"oak_beech_wallblocker_long"}
{"pos":[-134.212006,-702.911987,29.1672993],"rotationMatrix":[0.72486639,0.68890965,0,-0.68890965,0.72486639,0,0,0,1],"scale":1.01259995,"type":"oak_beech_wallblocker_long"}
{"pos":[-237.746994,-636.086975,47.9234009],"rotationMatrix":[-0.409520507,0.912200689,0,-0.912200689,-0.409520507,0,0,0,1],"scale":1.01479995,"type":"oak_beech_wallblocker_long"}
{"pos":[-241.990005,-647.367004,46.2024002],"rotationMatrix":[0.842975914,0.537927985,0,-0.537927985,0.842975914,0,0,0,1],"scale":1.04879999,"type":"oak_beech_wallblocker_long"}
{"pos":[-235.882996,-749.590027,35.6049995],"rotationMatrix":[0.87188077,0.489697903,0,-0.489697903,0.87188077,0,0,0,1],"scale":0.974300027,"type":"oak_beech_wallblocker_long"}
{"pos":[-218.781006,-744.150024,34.3087997],"rotationMatrix":[0.975623667,0.219453111,0,-0.219453111,0.975623667,0,0,0,1],"scale":1.13409996,"type":"oak_beech_wallblocker_long"}
{"pos":[-201.947998,-739.203979,32.9751015],"rotationMatrix":[0.961801529,0.27374655,0,-0.27374655,0.961801529,0,0,0,1],"scale":1.0948,"type":"oak_beech_wallblocker_long"}
{"pos":[-187.761002,-734.916016,31.5944004],"rotationMatrix":[0.973962367,0.226716697,0,-0.226716697,0.973962367,0,0,0,1],"scale":0.883700013,"type":"oak_beech_wallblocker_long"}
{"pos":[-127.734528,-757.071045,18.3129997],"rotationMatrix":[0.994382024,0.105851598,0,-0.105851598,0.994382024,0,0,0,1],"scale":1.1753,"type":"oak_beech_wallblocker_long"}
{"pos":[-184.993958,-777.636475,16.5249996],"rotationMatrix":[0.892473102,0.451135069,0,-0.451135069,0.892473102,0,0,0,1],"scale":1.14160001,"type":"oak_beech_wallblocker_long"}
{"pos":[-170.506012,-769.561218,15.7336998],"rotationMatrix":[0.875199914,0.483762652,0,-0.483762652,0.875199914,0,0,0,1],"scale":1.12310004,"type":"oak_beech_wallblocker_long"}
{"pos":[-154.9823,-763.414734,16.4993992],"rotationMatrix":[0.965046346,0.262073278,0,-0.262073278,0.965046346,0,0,0,1],"scale":1.08599997,"type":"oak_beech_wallblocker_long"}
{"pos":[-139.754959,-760.383362,16.1462994],"rotationMatrix":[0.993248761,0.116002463,0,-0.116002463,0.993248761,0,0,0,1],"scale":0.972000003,"type":"oak_beech_wallblocker_long"}
{"pos":[-212.901001,-757.942017,33.5024986],"rotationMatrix":[-0.944786549,-0.327582419,0,0.327582419,-0.944786549,0,0,0,1],"scale":0.892400026,"type":"oak_beech_wallblocker_long"}
{"pos":[-199.764008,-753.232971,32.5052986],"rotationMatrix":[-0.938086629,-0.345918149,0,0.345918149,-0.938086629,0,0,0,1],"scale":0.872600019,"type":"oak_beech_wallblocker_long"}
{"pos":[-249.134995,-753.929016,36.6884995],"rotationMatrix":[0.993592858,0.113018878,0,-0.113018878,0.993592858,0,0,0,1],"scale":0.9005,"type":"oak_beech_wallblocker_long"}
{"pos":[-239.815002,-766.609985,35.5537987],"rotationMatrix":[-0.962576628,-0.271622509,0,0.271622509,-0.962576628,0,0,0,1],"scale":0.826499999,"type":"oak_beech_wallblocker_long"}
{"pos":[-226.608994,-762.789001,34.520401],"rotationMatrix":[-0.938480496,-0.345362604,0,0.345362604,-0.938480496,0,0,0,1],"scale":0.932099998,"type":"oak_beech_wallblocker_long"}
{"pos":[-221.959,-804.072021,16.2054996],"rotationMatrix":[0.630200028,0.776408017,0,-0.776408017,0.630200028,0,0,0,1],"scale":0.97299999,"type":"oak_beech_wallblocker_long"}
{"pos":[-210.100998,-795.5,16.8575001],"rotationMatrix":[0.829588771,0.558346331,0,-0.558346331,0.829588771,0,0,0,1],"scale":1.06990004,"type":"oak_beech_wallblocker_long"}
{"pos":[-199.236084,-785.86322,16.0366001],"rotationMatrix":[0.872991979,0.487720817,0,-0.487720817,0.872991979,0,0,0,1],"scale":0.95660001,"type":"oak_beech_wallblocker_long"}
{"pos":[-254.628998,-605.370972,60.1945992],"rotationMatrix":[-0.96138823,0.274709195,0,-0.274709195,-0.96138823,0,0,0,1],"scale":0.939400017,"type":"oak_beech_wallblocker_long"}
{"pos":[-267.628998,-597.812988,60.6548996],"rotationMatrix":[-0.803480268,0.595399141,0,-0.595399141,-0.803480268,0,0,0,1],"scale":0.952799976,"type":"oak_beech_wallblocker_long"}
{"pos":[-276.950012,-588.939026,57.6715012],"rotationMatrix":[-0.604763746,0.763956547,-0.225121826,-0.784070969,-0.620710731,-8.29547644e-05,-0.139793366,0.176458642,0.974331021],"scale":0.896000028,"type":"oak_beech_wallblocker_long"}
{"pos":[-286.787994,-579.640991,55.5965996],"rotationMatrix":[-0.7578125,0.652312517,0,-0.652312517,-0.7578125,0,0,0,1],"scale":1.02119994,"type":"oak_beech_wallblocker_long"}
{"pos":[-301.540009,-576.778992,52.8706017],"rotationMatrix":[-0.990810513,-0.135487661,0,0.135487661,-0.990810513,0,0,0,1],"scale":1.18219995,"type":"oak_beech_wallblocker_long"}
{"pos":[-317.088013,-580.565979,52.2321014],"rotationMatrix":[-0.990411639,-0.139464483,0,0.139464483,-0.990411639,0,0,0,1],"scale":1.06980002,"type":"oak_beech_wallblocker_long"}
{"pos":[-332.174988,-578.890991,51.0231018],"rotationMatrix":[-0.901199579,0.391084611,-0.187094882,-0.39811343,-0.917397976,-4.24310565e-06,-0.17163153,0.0744789541,0.982342362],"scale":1.10609996,"type":"oak_beech_wallblocker_long"}
{"pos":[-342.075012,-566.682007,48.8581009],"rotationMatrix":[-0.518644929,0.853483796,-0.0513847545,-0.854612708,-0.519330859,2.81259418e-07,-0.0266837161,0.0439132378,0.998678982],"scale":1.16859996,"type":"oak_beech_wallblocker_long"}
{"pos":[-341.933014,-583.27301,49.9188004],"rotationMatrix":[-0.505806565,-0.862493813,0,0.862493813,-0.505806565,0,0,0,1],"scale":0.913600028,"type":"oak_beech_wallblocker_long"}
{"pos":[-345.56601,-596.554993,51.4998016],"rotationMatrix":[-0.00933623314,-0.999959052,0,0.999959052,-0.00933623314,0,0,0,1],"scale":1.13800001,"type":"oak_beech_wallblocker_long"}
{"pos":[-344.174011,-612.132019,53.6613998],"rotationMatrix":[0.350428045,-0.936573565,0,0.936573565,0.350428045,0,0,0,1],"scale":0.947899997,"type":"oak_beech_wallblocker_long"}
{"pos":[-340.088989,-621.288025,54.6898003],"rotationMatrix":[0.109955132,-0.993979037,0,0.993979037,0.109955132,0,0,0,1],"scale":1.07480001,"type":"oak_beech_wallblocker_long"}
{"pos":[-262.270996,-587.671021,58.8151016],"rotationMatrix":[0.741375685,-0.671085536,0,0.671085536,0.741375685,0,0,0,1],"scale":0.932399988,"type":"oak_beech_wallblocker_long"}
{"pos":[-261.311005,-578.676025,58.4278984],"rotationMatrix":[-0.833229661,-0.552802801,0,0.552802801,-0.833229661,0,0,0,1],"scale":0.846199989,"type":"oak_beech_wallblocker_long"}
{"pos":[-252.274002,-570.380005,60.0755997],"rotationMatrix":[-0.393114209,-0.919395387,0,0.919395387,-0.393114209,0,0,0,1],"scale":0.996699989,"type":"oak_beech_wallblocker_long"}
{"pos":[-310.475006,-646.955994,55.2848015],"rotationMatrix":[0.97701633,-0.213156477,0,0.213156477,0.97701633,0,0,0,1],"scale":0.886699975,"type":"oak_beech_wallblocker_long"}
{"pos":[-299.873993,-652.231018,55.7477989],"rotationMatrix":[0.719499469,-0.694472849,0,0.694472849,0.719499469,0,0,0,1],"scale":1.00800002,"type":"oak_beech_wallblocker_long"}
{"pos":[-287.795013,-656.309998,53.3292007],"rotationMatrix":[0.999366343,-0.0355928801,0,0.0355928801,0.999366343,0,0,0,1],"scale":0.842800021,"type":"oak_beech_wallblocker_long"}
{"pos":[-273.949005,-656.297974,49.9449005],"rotationMatrix":[0.980373859,0.116873518,-0.158776447,-0.118368119,0.992970228,4.29591164e-05,0.157665357,0.0187508389,0.987315297],"scale":1.06860006,"type":"oak_beech_wallblocker_long"}
{"pos":[-257.286987,-653.80603,47.4137993],"rotationMatrix":[0.98780632,0.135579124,-0.0765172765,-0.135976419,0.990711272,1.89593993e-05,0.0758090392,0.0103867203,0.997067988],"scale":1.17970002,"type":"oak_beech_wallblocker_long"}
{"pos":[-258.761993,-749.01001,39.0187988],"rotationMatrix":[0.42626524,-0.904628396,0,0.904628396,0.42626524,0,0,0,1],"scale":0.808799982,"type":"oak_beech_wallblocker_long"}
{"pos":[-275.944,-737.757019,41.1208992],"rotationMatrix":[-0.62756896,0.778331876,0,-0.778331876,-0.62756896,0,0,0,1],"scale":0.943599999,"type":"oak_beech_wallblocker_long"}
{"pos":[-263.062012,-736.336975,40.8161011],"rotationMatrix":[0.441586852,-0.897223175,0,0.897223175,0.441586852,0,0,0,1],"scale":0.873700023,"type":"oak_beech_wallblocker_long"}
{"pos":[-272.809998,-725.148987,43.0084991],"rotationMatrix":[0.738780081,-0.673938751,0,0.673938751,0.738780081,0,0,0,1],"scale":1.1882,"type":"oak_beech_wallblocker_long"}
{"pos":[-286.684998,-715.026001,45.5129013],"rotationMatrix":[0.872790337,-0.48810789,0,0.48810789,0.872790337,0,0,0,1],"scale":1.08800006,"type":"oak_beech_wallblocker_long"}
{"pos":[-287.558014,-728.023987,43.2527008],"rotationMatrix":[-0.872886539,0.487914324,0,-0.487914324,-0.872886539,0,0,0,1],"scale":1.16229999,"type":"oak_beech_wallblocker_long"}
