{"pos":[0.74370712,-7.8408908e+20,0.77116704],"rotationMatrix":[6.47399891e-43,0.715102911,6.47399891e-43,1.07483418e-38,4.90454463e-44,1.07483418e-38,0,0,0.999999762],"scale":0.839553833,"type":"oak_beech_wallblocker_long"}
{"pos":[727.23822,-106.465599,50.0297508],"rotationMatrix":[-0.666338086,0.745649517,0,-0.745649517,-0.666338086,0,0,0,0.999999881],"scale":1.12565458,"type":"oak_beech_wallblocker_long"}
{"pos":[717.016724,-103.567009,49.5455284],"rotationMatrix":[-0.825546741,-0.564333022,0,0.564333022,-0.825546741,0,0,0,0.999999642],"scale":1.12565458,"type":"oak_beech_wallblocker_long"}
{"pos":[704.049988,-108.075584,49.9293785],"rotationMatrix":[-0.99300015,0.118107356,0,-0.118107356,-0.99300015,0,0,0,0.999999404],"scale":1.12565458,"type":"oak_beech_wallblocker_long"}
{"pos":[745.786377,-108.928673,49.6997757],"rotationMatrix":[-0.986293316,-0.165000051,0,0.165000051,-0.986293316,0,0,0,0.999999762],"scale":1.33886254,"type":"oak_beech_wallblocker_long"}
{"pos":[764.448853,-101.671349,54.7881584],"rotationMatrix":[-0.817827463,-0.575462162,0,0.575462162,-0.817827463,0,0,0,0.999999285],"scale":1.12565458,"type":"oak_beech_wallblocker_long"}
{"pos":[780.297974,-93.4002838,55.3745651],"rotationMatrix":[-0.92128861,-0.388877273,0,0.388877273,-0.92128861,0,0,0,0.999999166],"scale":1.12565458,"type":"oak_beech_wallblocker_long"}
{"pos":[754.928528,-28.5789337,52.933918],"rotationMatrix":[-0.133755893,-0.991013229,0,0.991013229,-0.133755893,0,0,0,0.999998927],"scale":1.12565458,"type":"oak_beech_wallblocker_long"}
{"pos":[760.672363,-15.8685036,52.9201889],"rotationMatrix":[-0.723889947,-0.689913571,0,0.689913571,-0.723889947,0,0,0,0.999998569],"scale":1.12565458,"type":"oak_beech_wallblocker_long"}
{"pos":[752.530579,-15.5041704,52.639843],"rotationMatrix":[-0.136581957,-0.990627408,0,0.990627408,-0.136581957,0,0,0,0.99999845],"scale":0.882893443,"type":"oak_beech_wallblocker_long"}
{"pos":[766.08374,-116.692238,60.9258537],"rotationMatrix":[0.0314649194,-0.999504447,0,0.999504447,0.0314649194,0,0,0,0.999999642],"scale":0.746723831,"type":"oak_beech_wallblocker_long"}
{"pos":[766.08374,-128.200989,60.9258537],"rotationMatrix":[0.0314649194,-0.999504447,0,0.999504447,0.0314649194,0,0,0,0.999999642],"scale":0.746723831,"type":"oak_beech_wallblocker_long"}
{"pos":[767.41333,-117.743706,60.9258499],"rotationMatrix":[-0.00469578616,0.999988437,0,-0.999988437,-0.00469578616,0,0,0,0.999999523],"scale":0.746723831,"type":"oak_beech_wallblocker_long"}
{"pos":[767.105225,-129.248444,60.9258499],"rotationMatrix":[-0.00469578616,0.999988437,0,-0.999988437,-0.00469578616,0,0,0,0.999999523],"scale":0.746723831,"type":"oak_beech_wallblocker_long"}
{"pos":[759.52533,-9.12695217,52.9201889],"rotationMatrix":[-0.942404449,-0.334471166,0,0.334471166,-0.942404449,0,0,0,0.99999845],"scale":0.759150743,"type":"oak_beech_wallblocker_long"}
{"pos":[804.53833,-12.2242041,49.6997757],"rotationMatrix":[-0.0646261275,-0.997909248,0,0.997909248,-0.0646261275,0,0,0,0.999999642],"scale":1.33886254,"type":"oak_beech_wallblocker_long"}
{"pos":[806.816895,-14.0011759,50.9183235],"rotationMatrix":[0.0198843144,0.999801874,0,-0.999801874,0.0198843144,0,0,0,0.999999523],"scale":1.33886254,"type":"oak_beech_wallblocker_long"}
{"pos":[807.80481,-34.2910767,50.9183235],"rotationMatrix":[-0.137286857,0.990530789,0,-0.990530789,-0.137286857,0,0,0,0.999999404],"scale":1.33886254,"type":"oak_beech_wallblocker_long"}
{"pos":[807.80481,-34.2910767,50.9183235],"rotationMatrix":[-0.137286857,0.990530789,0,-0.990530789,-0.137286857,0,0,0,0.999999404],"scale":1.33886254,"type":"oak_beech_wallblocker_long"}
{"pos":[807.80481,-34.2910767,50.9183235],"rotationMatrix":[-0.137286857,0.990530789,0,-0.990530789,-0.137286857,0,0,0,0.999999404],"scale":1.33886254,"type":"oak_beech_wallblocker_long"}
{"pos":[807.80481,-34.2910767,50.9183235],"rotationMatrix":[-0.137286857,0.990530789,0,-0.990530789,-0.137286857,0,0,0,0.999999404],"scale":1.33886254,"type":"oak_beech_wallblocker_long"}
{"pos":[807.80481,-34.2910767,50.9183235],"rotationMatrix":[-0.137286857,0.990530789,0,-0.990530789,-0.137286857,0,0,0,0.999999404],"scale":1.33886254,"type":"oak_beech_wallblocker_long"}
{"pos":[807.80481,-34.2910767,50.9183235],"rotationMatrix":[-0.137286857,0.990530789,0,-0.990530789,-0.137286857,0,0,0,0.999999404],"scale":1.33886254,"type":"oak_beech_wallblocker_long"}
{"pos":[805.275635,-32.8937607,49.6997757],"rotationMatrix":[0.092802532,-0.995684147,0,0.995684147,0.092802532,0,0,0,0.999999523],"scale":1.33886254,"type":"oak_beech_wallblocker_long"}
{"pos":[814.746277,-49.4514656,50.9183235],"rotationMatrix":[-0.423931718,0.905693412,0,-0.905693412,-0.423931718,0,0,0,0.999999285],"scale":1.33886254,"type":"oak_beech_wallblocker_long"}
{"pos":[814.746277,-49.4514656,50.9183235],"rotationMatrix":[-0.423931718,0.905693412,0,-0.905693412,-0.423931718,0,0,0,0.999999285],"scale":1.33886254,"type":"oak_beech_wallblocker_long"}
{"pos":[814.746277,-49.4514656,50.9183235],"rotationMatrix":[-0.423931718,0.905693412,0,-0.905693412,-0.423931718,0,0,0,0.999999285],"scale":1.33886254,"type":"oak_beech_wallblocker_long"}
{"pos":[814.746277,-49.4514656,50.9183235],"rotationMatrix":[-0.423931718,0.905693412,0,-0.905693412,-0.423931718,0,0,0,0.999999285],"scale":1.33886254,"type":"oak_beech_wallblocker_long"}
{"pos":[814.746277,-49.4514656,50.9183235],"rotationMatrix":[-0.423931718,0.905693412,0,-0.905693412,-0.423931718,0,0,0,0.999999285],"scale":1.33886254,"type":"oak_beech_wallblocker_long"}
{"pos":[814.746277,-49.4514656,50.9183235],"rotationMatrix":[-0.423931718,0.905693412,0,-0.905693412,-0.423931718,0,0,0,0.999999285],"scale":1.33886254,"type":"oak_beech_wallblocker_long"}
{"pos":[811.917053,-48.864151,49.6997757],"rotationMatrix":[0.382958263,-0.923765123,0,0.923765123,0.382958263,0,0,0,0.999999404],"scale":1.33886254,"type":"oak_beech_wallblocker_long"}
{"pos":[822.456421,-68.5588379,52.6612206],"rotationMatrix":[-0.363905549,0.931434929,0,-0.931434929,-0.363905549,0,0,0,0.999999166],"scale":1.33886254,"type":"oak_beech_wallblocker_long"}
{"pos":[822.456421,-68.5588379,52.6612206],"rotationMatrix":[-0.363905549,0.931434929,0,-0.931434929,-0.363905549,0,0,0,0.999999166],"scale":1.33886254,"type":"oak_beech_wallblocker_long"}
{"pos":[822.456421,-68.5588379,52.6612206],"rotationMatrix":[-0.363905549,0.931434929,0,-0.931434929,-0.363905549,0,0,0,0.999999166],"scale":1.33886254,"type":"oak_beech_wallblocker_long"}
{"pos":[822.456421,-68.5588379,52.6612206],"rotationMatrix":[-0.363905549,0.931434929,0,-0.931434929,-0.363905549,0,0,0,0.999999166],"scale":1.33886254,"type":"oak_beech_wallblocker_long"}
{"pos":[822.456421,-68.5588379,52.6612206],"rotationMatrix":[-0.363905549,0.931434929,0,-0.931434929,-0.363905549,0,0,0,0.999999166],"scale":1.33886254,"type":"oak_beech_wallblocker_long"}
{"pos":[822.456421,-68.5588379,52.6612206],"rotationMatrix":[-0.363905549,0.931434929,0,-0.931434929,-0.363905549,0,0,0,0.999999166],"scale":1.33886254,"type":"oak_beech_wallblocker_long"}
{"pos":[819.67157,-67.7880859,51.4426727],"rotationMatrix":[0.321839809,-0.946793437,0,0.946793437,0.321839809,0,0,0,0.999999285],"scale":1.33886254,"type":"oak_beech_wallblocker_long"}
{"pos":[825.012329,-82.1417999,55.1100731],"rotationMatrix":[0.184956923,-0.982745826,0,0.982745826,0.184956923,0,0,0,0.999999166],"scale":1.33886254,"type":"oak_beech_wallblocker_long"}
{"pos":[827.660522,-83.2979736,56.3286171],"rotationMatrix":[-0.228769556,0.973479569,0,-0.973479569,-0.228769556,0,0,0,0.999999046],"scale":1.33886254,"type":"oak_beech_wallblocker_long"}
{"pos":[832.173523,-103.115082,57.2439537],"rotationMatrix":[0.256216466,-0.966618419,0,0.966618419,0.256216466,0,0,0,0.999998927],"scale":1.33886254,"type":"oak_beech_wallblocker_long"}
{"pos":[834.899109,-104.074814,58.4624977],"rotationMatrix":[-0.299235612,0.954178035,0,-0.954178035,-0.299235612,0,0,0,0.999998808],"scale":1.33886254,"type":"oak_beech_wallblocker_long"}
{"pos":[834.179016,-118.960716,57.2439537],"rotationMatrix":[-0.289858282,-0.957068443,0,0.957068443,-0.289858282,0,0,0,0.999998808],"scale":1.33886254,"type":"oak_beech_wallblocker_long"}
{"pos":[835.993835,-121.209328,58.4624977],"rotationMatrix":[0.246719033,0.969085693,0,-0.969085693,0.246719033,0,0,0,0.999998689],"scale":1.33886254,"type":"oak_beech_wallblocker_long"}
{"pos":[826.575378,-130.322083,57.2439537],"rotationMatrix":[-0.775163889,-0.631758332,0,0.631758332,-0.775163889,0,0,0,0.999998689],"scale":1.33886254,"type":"oak_beech_wallblocker_long"}
{"pos":[826.824036,-133.200989,58.4624977],"rotationMatrix":[0.746102214,0.665829241,0,-0.665829241,0.746102214,0,0,0,0.999998569],"scale":1.33886254,"type":"oak_beech_wallblocker_long"}
{"pos":[811.706604,-142.34375,57.2439461],"rotationMatrix":[-0.835107386,-0.550084651,0,0.550084651,-0.835107386,0,0,0,0.999998569],"scale":1.33886254,"type":"oak_beech_wallblocker_long"}
{"pos":[811.66272,-145.233047,58.4624901],"rotationMatrix":[0.809642196,0.586921155,0,-0.586921155,0.809642196,0,0,0,0.99999845],"scale":1.33886254,"type":"oak_beech_wallblocker_long"}
{"pos":[795.714966,-153.580338,57.2439461],"rotationMatrix":[-0.835107386,-0.550084651,0,0.550084651,-0.835107386,0,0,0,0.999998569],"scale":1.33886254,"type":"oak_beech_wallblocker_long"}
{"pos":[795.671082,-156.469635,58.4624901],"rotationMatrix":[0.809642196,0.586921155,0,-0.586921155,0.809642196,0,0,0,0.99999845],"scale":1.33886254,"type":"oak_beech_wallblocker_long"}
{"pos":[822.15509,35.3663635,55.8061409],"rotationMatrix":[0.520210147,-0.854037881,0,0.854037881,0.520210147,0,0,0,0.999999523],"scale":1.33886254,"type":"oak_beech_wallblocker_long"}
{"pos":[825.040955,35.2202911,57.0246849],"rotationMatrix":[-0.557924271,0.829891324,0,-0.829891324,-0.557924271,0,0,0,0.999999404],"scale":1.33886254,"type":"oak_beech_wallblocker_long"}
{"pos":[809.064697,51.4583397,53.3121948],"rotationMatrix":[-0.203426123,-0.979089856,0,0.979089856,-0.203426123,0,0,0,0.999999404],"scale":1.33886254,"type":"oak_beech_wallblocker_long"}
{"pos":[811.072632,49.3804131,54.5307388],"rotationMatrix":[0.159387648,0.987215519,0,-0.987215519,0.159387648,0,0,0,0.999999285],"scale":1.33886254,"type":"oak_beech_wallblocker_long"}
{"pos":[780.315735,-167.587341,58.4624901],"rotationMatrix":[0.755019665,0.655699611,0,-0.655699611,0.755019665,0,0,0,0.999998331],"scale":1.33886254,"type":"oak_beech_wallblocker_long"}
{"pos":[780.105957,-164.705338,57.2439461],"rotationMatrix":[-0.783618867,-0.621239603,0,0.621239603,-0.783618867,0,0,0,0.99999845],"scale":1.33886254,"type":"oak_beech_wallblocker_long"}
{"pos":[767.301208,-180.784851,58.4624901],"rotationMatrix":[0.678788006,0.734331846,0,-0.734331846,0.678788006,0,0,0,0.999998212],"scale":1.33886254,"type":"oak_beech_wallblocker_long"}
{"pos":[766.777527,-177.943069,57.2439461],"rotationMatrix":[-0.710984111,-0.703206003,0,0.703206003,-0.710984111,0,0,0,0.999998331],"scale":1.33886254,"type":"oak_beech_wallblocker_long"}
{"pos":[754.133179,-194.702911,58.4624901],"rotationMatrix":[0.738116682,0.674670219,0,-0.674670219,0.738116682,0,0,0,0.999998093],"scale":1.33886254,"type":"oak_beech_wallblocker_long"}
{"pos":[753.850281,-191.827164,57.2439461],"rotationMatrix":[-0.767582238,-0.640947938,0,0.640947938,-0.767582238,0,0,0,0.999998212],"scale":1.33886254,"type":"oak_beech_wallblocker_long"}
{"pos":[765.456421,-201.071121,63.9337578],"rotationMatrix":[0.703056037,0.711131573,0,-0.711131573,0.703056037,0,0,0,0.999997973],"scale":1.33886254,"type":"oak_beech_wallblocker_long"}
{"pos":[765.028442,-198.213364,62.7152138],"rotationMatrix":[-0.734189153,-0.678942382,0,0.678942382,-0.734189153,0,0,0,0.999998093],"scale":1.33886254,"type":"oak_beech_wallblocker_long"}
{"pos":[778.165833,-185.416031,63.9337578],"rotationMatrix":[0.703056037,0.711131573,0,-0.711131573,0.703056037,0,0,0,0.999997973],"scale":1.33886254,"type":"oak_beech_wallblocker_long"}
{"pos":[777.737854,-182.558273,62.7152138],"rotationMatrix":[-0.734189153,-0.678942382,0,0.678942382,-0.734189153,0,0,0,0.999998093],"scale":1.33886254,"type":"oak_beech_wallblocker_long"}
{"pos":[792.692078,-171.015289,63.9337578],"rotationMatrix":[0.763466835,0.645843685,0,-0.645843685,0.763466835,0,0,0,0.999997854],"scale":1.33886254,"type":"oak_beech_wallblocker_long"}
{"pos":[792.519775,-168.130798,62.7152138],"rotationMatrix":[-0.79161638,-0.61101532,0,0.61101532,-0.79161638,0,0,0,0.999997973],"scale":1.33886254,"type":"oak_beech_wallblocker_long"}
{"pos":[809.877502,-157.405029,63.9337578],"rotationMatrix":[0.800535858,0.599281192,0,-0.599281192,0.800535858,0,0,0,0.999997735],"scale":1.33886254,"type":"oak_beech_wallblocker_long"}
{"pos":[809.877075,-154.515396,62.7152138],"rotationMatrix":[-0.826563597,-0.562839925,0,0.562839925,-0.826563597,0,0,0,0.999997854],"scale":1.33886254,"type":"oak_beech_wallblocker_long"}
{"pos":[825.329468,-145.186417,63.9337578],"rotationMatrix":[0.800535858,0.599281192,0,-0.599281192,0.800535858,0,0,0,0.999997735],"scale":1.33886254,"type":"oak_beech_wallblocker_long"}
{"pos":[829.881958,-137.952026,61.5138969],"rotationMatrix":[0.907025218,0.421070874,0,-0.421070874,0.907025218,0,0,0,0.999997616],"scale":1.33886254,"type":"oak_beech_wallblocker_long"}
{"pos":[830.47821,-135.124573,60.2953529],"rotationMatrix":[-0.924967587,-0.380040646,0,0.380040646,-0.924967587,0,0,0,0.999997735],"scale":1.33886254,"type":"oak_beech_wallblocker_long"}
{"pos":[803.626831,-153.452438,60.2953529],"rotationMatrix":[-0.846488714,-0.532402635,0,0.532402635,-0.846488714,0,0,0,0.999997616],"scale":1.33886254,"type":"oak_beech_wallblocker_long"}
{"pos":[785.002258,-170.32518,61.5138969],"rotationMatrix":[0.762283504,0.647239447,0,-0.647239447,0.762283504,0,0,0,0.999997377],"scale":1.33886254,"type":"oak_beech_wallblocker_long"}
{"pos":[772.798889,-178.184769,60.2953491],"rotationMatrix":[-0.670893431,-0.741550565,0,0.741550565,-0.670893431,0,0,0,0.999997377],"scale":1.33886254,"type":"oak_beech_wallblocker_long"}
{"pos":[757.952637,-194.770386,60.2953568],"rotationMatrix":[-0.670893431,-0.741550565,0,0.741550565,-0.670893431,0,0,0,0.999997377],"scale":1.33886254,"type":"oak_beech_wallblocker_long"}
{"pos":[854.684021,-90.8648224,67.0022278],"rotationMatrix":[0.321839809,-0.946793437,0,0.946793437,0.321839809,0,0,0,0.999999285],"scale":1.33886254,"type":"oak_beech_wallblocker_long"}
{"pos":[862.469788,-86.2745819,67.0022278],"rotationMatrix":[-0.952712536,0.303870678,0,-0.303870678,-0.952712536,0,0,0,0.999999166],"scale":1.33886254,"type":"oak_beech_wallblocker_long"}
{"pos":[863.934875,-96.6131363,67.9192657],"rotationMatrix":[0.579778552,0.814773142,0,-0.814773142,0.579778552,0,0,0,0.999999046],"scale":1.33886254,"type":"oak_beech_wallblocker_long"}
