{"pos":[-72.9738007,-293.296997,39.6677017],"rotationMatrix":[0.671301663,-0.741152287,0,0.741152287,0.671301663,0,0,0,1],"scale":1.01890004,"type":"rock_01_a_large_c"}
{"pos":[-73.5395966,-291.506012,39.6515999],"rotationMatrix":[0.98872,-0.149779439,0,0.149779439,0.98872,0,0,0,1],"scale":1.39049995,"type":"rock_01_a_large_c"}
{"pos":[-44.5023003,-400.118988,55.6272011],"rotationMatrix":[-0.395118117,-0.918720007,0,0.918720007,-0.395118117,0,0,0,1],"scale":1.3628,"type":"rock_01_a_large_c"}
{"pos":[-499.359009,-357.89801,34.9150009],"rotationMatrix":[-0.837827802,-0.546210289,0,0.546210289,-0.837827802,0,0,0,1],"scale":1.33000004,"type":"rock_01_a_large_c"}
{"pos":[-55.5976982,-715.671021,26.4188995],"rotationMatrix":[-0.300239325,0.953852832,0,-0.953852832,-0.300239325,0,0,0,1],"scale":1.40269995,"type":"rock_01_a_large_c"}
{"pos":[-54.3003006,-721.888,26.9552994],"rotationMatrix":[-0.744712114,0.66724962,0,-0.66724962,-0.744712114,0,0,0,1],"scale":1.46370006,"type":"rock_01_a_large_c"}
{"pos":[-70.6910019,-652.401001,36.9194984],"rotationMatrix":[-0.985625863,0.167793766,0,-0.167793766,-0.985625863,0,0,0,1],"scale":1.17260003,"type":"rock_01_a_large_c"}
{"pos":[-62.6483994,-718.718018,26.9141006],"rotationMatrix":[0.636024833,-0.771634102,0,0.771634102,0.636024833,0,0,0,1],"scale":1.30449998,"type":"rock_01_a_large_c"}
{"pos":[-177.311996,-636.138,42.0521011],"rotationMatrix":[0.531294346,0.847175002,0,-0.847175002,0.531294346,0,0,0,1],"scale":1.00139999,"type":"rock_01_a_large_c"}
{"pos":[-231.123993,-645.749023,45.2854996],"rotationMatrix":[0.720846057,0.693102777,0,-0.693102777,0.720846057,0,0,0,1],"scale":1.29530001,"type":"rock_01_a_large_c"}
{"pos":[-7.90600014,-809.101013,14.8645],"rotationMatrix":[0.973134398,0.230246946,0,-0.230246946,0.973134398,0,0,0,1],"scale":1.40970004,"type":"rock_01_a_large_c"}
{"pos":[-6.07130003,-814.83197,14.2003002],"rotationMatrix":[0.334834278,0.942212403,0,-0.942212403,0.334834278,0,0,0,1],"scale":1.00709999,"type":"rock_01_a_large_c"}
{"pos":[-255.436005,-663.33197,47.4151993],"rotationMatrix":[-0.132211447,0.991211712,0,-0.991211712,-0.132211447,0,0,0,1],"scale":1.02559996,"type":"rock_01_a_large_c"}
{"pos":[-269.053009,-749.859985,38.9975014],"rotationMatrix":[-0.994803429,-0.100269482,0,0.100269482,-0.994803429,0,0,0,1],"scale":1.24030006,"type":"rock_01_a_large_c"}
{"pos":[-269.170013,-745.031982,39.9785995],"rotationMatrix":[0.972528338,0.232782647,0,-0.232782647,0.972528338,0,0,0,1],"scale":1.44379997,"type":"rock_01_a_large_c"}
{"pos":[-264.880005,-737.698975,41.1427994],"rotationMatrix":[-0.495758057,-0.868432105,0,0.868432105,-0.495758057,0,0,0,1],"scale":1.0122,"type":"rock_01_a_large_c"}
{"pos":[-281.817993,-730.624023,42.9566994],"rotationMatrix":[0.286943138,-0.957987309,0,0.957987309,0.286943138,0,0,0,1],"scale":1.31939995,"type":"rock_01_a_large_c"}
{"pos":[-282.123993,-729.526001,43.3214989],"rotationMatrix":[0.251890898,0.967795789,0,-0.967795789,0.251890898,0,0,0,1],"scale":1.33039999,"type":"rock_01_a_large_c"}
{"pos":[-282.549011,-719.911011,44.4570999],"rotationMatrix":[0.98141408,-0.191893846,0,0.191893846,0.98141408,0,0,0,1],"scale":1.42470002,"type":"rock_01_a_large_c"}
{"pos":[-346.786987,-660.200012,57.5660019],"rotationMatrix":[-0.00706422329,-0.999968231,0,0.999968231,-0.00706422329,0,0,0,1],"scale":1.17589998,"type":"rock_01_a_large_c"}
{"pos":[-346.307007,-649.103027,56.6170998],"rotationMatrix":[0.707387507,-0.706783473,0,0.706783473,0.707387507,0,0,0,1],"scale":1.2464,"type":"rock_01_a_large_c"}
{"pos":[-351.869995,-654.512024,56.9604988],"rotationMatrix":[-0.847810864,0.530197918,0,-0.530197918,-0.847810864,0,0,0,1],"scale":1.01849997,"type":"rock_01_a_large_c"}
{"pos":[-313.971985,-716.961975,49.4407005],"rotationMatrix":[-0.652561903,-0.757742345,0,0.757742345,-0.652561903,0,0,0,1],"scale":1.38960004,"type":"rock_01_a_large_c"}
{"pos":[-364.806,-691.697998,57.0541],"rotationMatrix":[0.861135483,0.508396924,0,-0.508396924,0.861135483,0,0,0,1],"scale":1.4095,"type":"rock_01_a_large_c"}
{"pos":[-357.838013,-704.893982,55.8889008],"rotationMatrix":[-0.983633518,0.179461166,0,-0.179461166,-0.983633518,0,0,0,1],"scale":1.09510005,"type":"rock_01_a_large_c"}
{"pos":[-268.980988,-758.244019,38.7994995],"rotationMatrix":[0.652888894,0.757462084,0,-0.757462084,0.652888894,0,0,0,1],"scale":1.23629999,"type":"rock_01_a_large_c"}
{"pos":[-772.463013,-396.01001,21.2189007],"rotationMatrix":[-0.189190388,0.981918693,0,-0.981918693,-0.189190388,0,0,0,1],"scale":1.44770002,"type":"rock_01_a_large_c"}
{"pos":[-776.210999,-380.964996,20.6014004],"rotationMatrix":[0.307806253,0.95139873,0,-0.95139873,0.307806253,0,0,0,1],"scale":1.06289995,"type":"rock_01_a_large_c"}
{"pos":[-820.924988,-385.627014,23.2297001],"rotationMatrix":[-0.435495615,0.900234699,0,-0.900234699,-0.435495615,0,0,0,1],"scale":1.21809995,"type":"rock_01_a_large_c"}
{"pos":[-86.2198029,494.031006,36.2358017],"rotationMatrix":[0.792631984,0.609674752,0,-0.609674752,0.792631984,0,0,0,1],"scale":1.33490002,"type":"rock_01_a_large_c"}
{"pos":[-149.487,270.817993,30.8376999],"rotationMatrix":[0.63891995,-0.769238949,0,0.769238949,0.63891995,0,0,0,1],"scale":1.14970005,"type":"rock_01_a_large_c"}
{"pos":[-200.001999,251.233002,29.8850002],"rotationMatrix":[0.81722939,0.576304734,0,-0.576304734,0.81722939,0,0,0,1],"scale":1.47179997,"type":"rock_01_a_large_c"}
{"pos":[-70.4129028,91.1461029,41.9263992],"rotationMatrix":[-0.0928332806,-0.995702386,0,0.995702386,-0.0928332806,0,0,0,1],"scale":1.07249999,"type":"rock_01_a_large_c"}
{"pos":[-81.3930969,86.042099,41.8260994],"rotationMatrix":[-0.0428569317,0.999097586,0,-0.999097586,-0.0428569317,0,0,0,1],"scale":1.10300004,"type":"rock_01_a_large_c"}
{"pos":[-216.748001,245.595993,30.2766991],"rotationMatrix":[0.196848571,0.980460644,0,-0.980460644,0.196848571,0,0,0,1],"scale":1.26839995,"type":"rock_01_a_large_c"}
{"pos":[-213.352997,244.067001,30.4025002],"rotationMatrix":[-0.253261089,0.967493534,0,-0.967493534,-0.253261089,0,0,0,1],"scale":1.32389998,"type":"rock_01_a_large_c"}
{"pos":[-183.089996,86.4069977,46.1669006],"rotationMatrix":[0.784569502,0.62003547,0,-0.62003547,0.784569502,0,0,0,1],"scale":1.49969995,"type":"rock_01_a_large_c"}
{"pos":[-187.136002,78.6159973,46.3428001],"rotationMatrix":[0.368087173,0.929825783,0,-0.929825783,0.368087173,0,0,0,1],"scale":1.07990003,"type":"rock_01_a_large_c"}
{"pos":[-157.511002,42.1445007,48.0135002],"rotationMatrix":[-0.750694633,-0.660533547,0,0.660533547,-0.750694633,0,0,0,1],"scale":1.48899996,"type":"rock_01_a_large_c"}
{"pos":[-156.449005,34.2681999,48.0360985],"rotationMatrix":[-1,0.00359999994,0,-0.00359999994,-1,0,0,0,1],"scale":1.45239997,"type":"rock_01_a_large_c"}
{"pos":[-143.403,38.8012009,45.4043007],"rotationMatrix":[0.999930382,-0.0118000004,0,0.0118000004,0.999930382,0,0,0,1],"scale":1.30209994,"type":"rock_01_a_large_c"}
{"pos":[-148.337997,40.8853989,46.1049004],"rotationMatrix":[0.912972093,0.408021599,0,-0.408021599,0.912972093,0,0,0,1],"scale":1.49730003,"type":"rock_01_a_large_c"}
{"pos":[-154.729996,43.1875,47.8865013],"rotationMatrix":[0.371006668,-0.928572655,0,0.928572655,0.371006668,0,0,0,1],"scale":1.20679998,"type":"rock_01_a_large_c"}
{"pos":[-155.283997,49.9589005,45.9780006],"rotationMatrix":[0.892722905,-0.450600982,0,0.450600982,0.892722905,0,0,0,1],"scale":1.13800001,"type":"rock_01_a_large_c"}
{"pos":[-166.190002,26.9860992,49.0108986],"rotationMatrix":[-0.71865797,-0.695249975,0,0.695249975,-0.71865797,0,0,0,1],"scale":1.1839,"type":"rock_01_a_large_c"}
{"pos":[-165.817993,24.8848,49.0758018],"rotationMatrix":[-0.0164527893,-0.999770939,0,0.999770939,-0.0164527893,0,0,0,1],"scale":1.47520006,"type":"rock_01_a_large_c"}
{"pos":[-241.341003,101.091003,52.7308998],"rotationMatrix":[0.72054708,0.693399012,0,-0.693399012,0.72054708,0,0,0,1],"scale":1.15450001,"type":"rock_01_a_large_c"}
{"pos":[-212.988007,66.5239029,54.1218987],"rotationMatrix":[-0.434140563,0.900825858,0,-0.900825858,-0.434140563,0,0,0,1],"scale":1.41170001,"type":"rock_01_a_large_c"}
{"pos":[-207.690994,66.0035019,53.5219002],"rotationMatrix":[0.962735474,0.270433813,0,-0.270433813,0.962735474,0,0,0,1],"scale":1.11090004,"type":"rock_01_a_large_c"}
{"pos":[-191.809006,71.680397,47.7056007],"rotationMatrix":[-0.503724813,0.863805056,0,-0.863805056,-0.503724813,0,0,0,1],"scale":1.16390002,"type":"rock_01_a_large_c"}
{"pos":[-210.809998,62.6105995,54.463501],"rotationMatrix":[-0.679577947,-0.733669817,0,0.733669817,-0.679577947,0,0,0,1],"scale":1.28900003,"type":"rock_01_a_large_c"}
{"pos":[-215.050003,98.5991974,47.5124016],"rotationMatrix":[-0.955846429,0.29350552,0,-0.29350552,-0.955846429,0,0,0,1],"scale":1.23160005,"type":"rock_01_a_large_c"}
{"pos":[-220.347,98.0439987,48.581501],"rotationMatrix":[-0.934544563,-0.356026977,0,0.356026977,-0.934544563,0,0,0,1],"scale":1.14820004,"type":"rock_01_a_large_c"}
{"pos":[-237.643997,91.0746994,55.7302017],"rotationMatrix":[0.945351839,0.326037705,0,-0.326037705,0.945351839,0,0,0,1],"scale":1.25999999,"type":"rock_01_a_large_c"}
{"pos":[-188.860992,55.3992004,52.1636009],"rotationMatrix":[0.400925457,-0.9160707,0,0.9160707,0.400925457,0,0,0,1],"scale":1.26069999,"type":"rock_01_a_large_c"}
{"pos":[-294.838989,131.272995,58.4814987],"rotationMatrix":[-0.29347527,0.955872059,0,-0.955872059,-0.29347527,0,0,0,1],"scale":1.4993,"type":"rock_01_a_large_c"}
{"pos":[-372.096008,180.302002,58.1674004],"rotationMatrix":[0.190499067,0.981656611,0,-0.981656611,0.190499067,0,0,0,1],"scale":1.06029999,"type":"rock_01_a_large_c"}
{"pos":[-374.092987,186.483994,59.5284996],"rotationMatrix":[0.991288006,0.131709605,0,-0.131709605,0.991288006,0,0,0,1],"scale":1.23810005,"type":"rock_01_a_large_c"}
{"pos":[-253.039001,113.936996,53.2566986],"rotationMatrix":[0.653222084,0.757181764,0,-0.757181764,0.653222084,0,0,0,1],"scale":1.01180005,"type":"rock_01_a_large_c"}
{"pos":[-262.703003,109.691002,56.1052017],"rotationMatrix":[0.440106392,0.897988498,0,-0.897988498,0.440106392,0,0,0,1],"scale":1.47510004,"type":"rock_01_a_large_c"}
{"pos":[-263.815002,105.325996,56.2008018],"rotationMatrix":[-0.912576914,0.409153372,0,-0.409153372,-0.912576914,0,0,0,1],"scale":1.14999998,"type":"rock_01_a_large_c"}
{"pos":[-492.830994,240.104996,26.3423996],"rotationMatrix":[-0.41656661,0.909118593,6.19888306e-05,-0.808144271,-0.370331407,0.45801869,0.416412681,0.190739602,0.888943672],"scale":1.4641,"type":"rock_01_a_large_c"}
{"pos":[-486.308014,224.438004,27.0433998],"rotationMatrix":[-0.971700907,-0.236111626,0,0.236111626,-0.971700907,0,0,0,1],"scale":1.07239997,"type":"rock_01_a_large_c"}
{"pos":[-611.291016,875.705994,36.5881996],"rotationMatrix":[0.872184336,-0.489167958,0,0.489167958,0.872184336,0,0,0,1],"scale":1.29900002,"type":"rock_01_a_large_c"}
{"pos":[-614.114014,869.817017,35.0560989],"rotationMatrix":[0.99866873,0.0515845232,0,-0.0515845232,0.99866873,0,0,0,1],"scale":1.29859996,"type":"rock_01_a_large_c"}
{"pos":[-645.744019,939.984009,36.7192001],"rotationMatrix":[0.728415489,0.685115218,0,-0.685115218,0.728415489,0,0,0,1],"scale":1.31060004,"type":"rock_01_a_large_c"}
{"pos":[-798.651978,868.877991,33.9118996],"rotationMatrix":[-0.0253120661,-0.999679208,0,0.999679208,-0.0253120661,0,0,0,1],"scale":1.01320004,"type":"rock_01_a_large_c"}
{"pos":[-799.218994,868.148987,33.6654015],"rotationMatrix":[0.679199457,0.733956277,0,-0.733956277,0.679199457,0,0,0,1],"scale":1.03269994,"type":"rock_01_a_large_c"}
{"pos":[-800.812988,866.947998,33.6626015],"rotationMatrix":[-0.594897985,0.803878605,0,-0.803878605,-0.594897985,0,0,0,1],"scale":1.1688,"type":"rock_01_a_large_c"}
{"pos":[-801.736023,865.221008,33.360199],"rotationMatrix":[-0.922760487,-0.385140389,0,0.385140389,-0.922760487,0,0,0,1],"scale":1.26139998,"type":"rock_01_a_large_c"}
{"pos":[-808.171021,871.939026,34.3240013],"rotationMatrix":[0.726051986,-0.687645793,0,0.687645793,0.726051986,0,0,0,1],"scale":1.47479999,"type":"rock_01_a_large_c"}
{"pos":[-808.945007,871.294983,33.9737015],"rotationMatrix":[-0.714581609,0.699795187,0,-0.699795187,-0.714581609,0,0,0,1],"scale":1.39579999,"type":"rock_01_a_large_c"}
{"pos":[-915.518982,921.421997,26.7161007],"rotationMatrix":[0.495590329,-0.868504703,0,0.868504703,0.495590329,0,0,0,1],"scale":1.08899999,"type":"rock_01_a_large_c"}
{"pos":[-934.085022,852.210022,23.4097004],"rotationMatrix":[-0.978856206,-0.204311386,0,0.204311386,-0.978856206,0,0,0,1],"scale":1.15079999,"type":"rock_01_a_large_c"}
{"pos":[-937,852.679993,23.3915005],"rotationMatrix":[-0.907495141,-0.419937998,0,0.419937998,-0.907495141,0,0,0,1],"scale":1.08879995,"type":"rock_01_a_large_c"}
{"pos":[-935.557007,853.979004,23.1945992],"rotationMatrix":[-0.0658000708,-0.997910023,0,0.997910023,-0.0658000708,0,0,0,1],"scale":1.38839996,"type":"rock_01_a_large_c"}
{"pos":[-929.46698,850.046021,24.5846996],"rotationMatrix":[-0.674084067,0.738690257,0,-0.738690257,-0.674084067,0,0,0,1],"scale":1.4267,"type":"rock_01_a_large_c"}
{"pos":[-942.47998,832.338989,26.6194],"rotationMatrix":[0.784044087,0.620725393,0,-0.620725393,0.784044087,0,0,0,1],"scale":1.02260005,"type":"rock_01_a_large_c"}
{"pos":[-783.559998,624.450989,26.4696999],"rotationMatrix":[-0.780384421,-0.625540495,0,0.625540495,-0.780384421,0,0,0,1],"scale":1.34860003,"type":"rock_01_a_large_c"}
{"pos":[-772.448975,617.997009,26.3290997],"rotationMatrix":[0.142997622,0.989755213,0,-0.989755213,0.142997622,0,0,0,1],"scale":1.39059997,"type":"rock_01_a_large_c"}
{"pos":[-801.281982,583.882019,27.9661007],"rotationMatrix":[-0.929826498,0.368362486,0,-0.368362486,-0.929826498,0,0,0,1],"scale":1.25890005,"type":"rock_01_a_large_c"}
{"pos":[-513.862976,205.862,26.8619995],"rotationMatrix":[0.186932445,-0.982414067,0,0.982414067,0.186932445,0,0,0,1],"scale":1.11530006,"type":"rock_01_a_large_c"}
{"pos":[-510.514008,205.141998,27.1215992],"rotationMatrix":[0.996092737,-0.0883115977,0,0.0883115977,0.996092737,0,0,0,1],"scale":1.17009997,"type":"rock_01_a_large_c"}
{"pos":[-924.984009,295.436005,30.0259991],"rotationMatrix":[0.956487477,0.291784495,0,-0.291784495,0.956487477,0,0,0,1],"scale":1.14170003,"type":"rock_01_a_large_c"}
{"pos":[-925.640015,291.902008,30.3822002],"rotationMatrix":[-0.989214659,-0.147600412,0,0.147600412,-0.989214659,0,0,0,1],"scale":1.24339998,"type":"rock_01_a_large_c"}
{"pos":[-926.284973,285.658997,31.3162994],"rotationMatrix":[-0.966541052,-0.256031096,0,0.256031096,-0.966541052,0,0,0,1],"scale":1.41400003,"type":"rock_01_a_large_c"}
{"pos":[-927.414001,223.671997,40.3415985],"rotationMatrix":[-0.278720379,-0.960319579,0,0.960319579,-0.278720379,0,0,0,1],"scale":1.47319996,"type":"rock_01_a_large_c"}
{"pos":[-925.760986,225.667007,39.9672012],"rotationMatrix":[0.794687688,-0.607029855,0,0.607029855,0.794687688,0,0,0,1],"scale":1.15620005,"type":"rock_01_a_large_c"}
{"pos":[-918.861023,226.014999,37.7276001],"rotationMatrix":[0.352250338,-0.935941935,0,0.935941935,0.352250338,0,0,0,1],"scale":1.02199996,"type":"rock_01_a_large_c"}
{"pos":[-912.161987,216.453003,34.9339981],"rotationMatrix":[0.560640633,0.828005433,0,-0.828005433,0.560640633,0,0,0,1],"scale":1.04680002,"type":"rock_01_a_large_c"}
{"pos":[-914.528015,197.078003,38.8694992],"rotationMatrix":[0.891432285,-0.0238651205,-0.452536553,0.0212588813,0.999715209,-0.0108446404,0.452666491,4.73600812e-05,0.891685724],"scale":1.05120003,"type":"rock_01_a_large_c"}
{"pos":[-912.538025,197.632996,37.6870003],"rotationMatrix":[0.637346387,-0.666309953,-0.387087435,0.56951797,0.745682478,-0.345858574,0.519090414,-1.39027834e-05,0.854723096],"scale":1.21949995,"type":"rock_01_a_large_c"}
{"pos":[-911.669006,204.910995,37.0840988],"rotationMatrix":[-0.41254425,0.910993576,0,-0.910993576,-0.41254425,0,0,0,1],"scale":1.32270002,"type":"rock_01_a_large_c"}
{"pos":[897.776001,-124.720001,42.7860985],"rotationMatrix":[0.105145574,-0.994386792,0,0.994386792,0.105145574,0,0,0,1],"scale":1.20490003,"type":"rock_01_a_large_c"}
{"pos":[895.794983,-123.829002,43.0211983],"rotationMatrix":[0.832147837,-0.554543734,0,0.554543734,0.832147837,0,0,0,1],"scale":1.27079999,"type":"rock_01_a_large_c"}
{"pos":[896.434021,-124.403,42.9108009],"rotationMatrix":[-1,0.00219999999,0,-0.00219999999,-1,0,0,0,1],"scale":1.02509999,"type":"rock_01_a_large_c"}
{"pos":[897.320984,-123.789001,42.7635994],"rotationMatrix":[-0.352683425,-0.935726643,0,0.935726643,-0.352683425,0,0,0,1],"scale":1.07659996,"type":"rock_01_a_large_c"}
{"pos":[913.148987,-128.787003,42.1273994],"rotationMatrix":[-0.193821549,0.981047451,0,-0.981047451,-0.193821549,0,0,0,1],"scale":1.41460001,"type":"rock_01_a_large_c"}
{"pos":[919.059021,-128.998993,40.5005989],"rotationMatrix":[0.357928813,-0.933756828,0,0.933756828,0.357928813,0,0,0,1],"scale":1.1832,"type":"rock_01_a_large_c"}
{"pos":[920.349976,-128.119003,40.2621994],"rotationMatrix":[0.410084784,0.912082136,0,-0.912082136,0.410084784,0,0,0,1],"scale":1.46930003,"type":"rock_01_a_large_c"}
{"pos":[927.460999,-130.182999,38.6108017],"rotationMatrix":[-0.470955372,0.882127285,0,-0.882127285,-0.470955372,0,0,0,1],"scale":1.11489999,"type":"rock_01_a_large_c"}
{"pos":[930.567017,-127.024002,38.1789017],"rotationMatrix":[-0.608859181,0.793218374,0,-0.793218374,-0.608859181,0,0,0,1],"scale":1.44509995,"type":"rock_01_a_large_c"}
{"pos":[901.424011,-145.207001,41.8867989],"rotationMatrix":[0.627270222,0.778786778,0,-0.778786778,0.627270222,0,0,0,1],"scale":1.1322,"type":"rock_01_a_large_c"}
{"pos":[896.380981,-147.792007,41.989399],"rotationMatrix":[-0.998800278,-0.0515845232,0,0.0515845232,-0.998800278,0,0,0,1],"scale":1.17550004,"type":"rock_01_a_large_c"}
{"pos":[893.265076,-127.501633,42.8865013],"rotationMatrix":[0.947122455,0.32087484,0,-0.32087484,0.947122455,0,0,0,1],"scale":1.38489997,"type":"rock_01_a_large_c"}
{"pos":[898.617981,-126.426003,42.8364983],"rotationMatrix":[0.312973619,0.949833632,0,-0.949833632,0.312973619,0,0,0,1],"scale":1.02250004,"type":"rock_01_a_large_c"}
{"pos":[884.447021,-126.622002,43.2442474],"rotationMatrix":[0.382172704,0.92407316,0,-0.92407316,0.382172704,0,0,0,1],"scale":1.39180005,"type":"rock_01_a_large_c"}
{"pos":[880.651978,-126.052002,42.734539],"rotationMatrix":[0.830521584,0.556990743,0,-0.556990743,0.830521584,0,0,0,1],"scale":1.17879999,"type":"rock_01_a_large_c"}
{"pos":[895.71698,-443.346008,43.6172981],"rotationMatrix":[0.999619126,0.0275972392,0,-0.0275972392,0.999619126,0,0,0,1],"scale":1.24979997,"type":"rock_01_a_large_c"}
{"pos":[877.414001,-454.524994,43.3468018],"rotationMatrix":[-0.975674391,0.21925433,0,-0.21925433,-0.975674391,0,0,0,1],"scale":1.28410006,"type":"rock_01_a_large_c"}
{"pos":[695.223999,-79.1740036,52.5171127],"rotationMatrix":[0.549699485,0.835309803,0,-0.835309803,0.549699485,0,0,0,1],"scale":1.05669999,"type":"rock_01_a_large_c"}
{"pos":[694.708984,-75.7003021,52.4553986],"rotationMatrix":[0.955299497,0.295651197,0,-0.295651197,0.955299497,0,0,0,1],"scale":1.32179999,"type":"rock_01_a_large_c"}
{"pos":[650.994019,-48.7901993,51.9546776],"rotationMatrix":[0.291711986,-0.95644474,0,0.95644474,0.291711986,0,0,0,1],"scale":1.09819996,"type":"rock_01_a_large_c"}
{"pos":[639.56897,-58.5982018,51.180172],"rotationMatrix":[0.0406104326,-0.999144793,0,0.999144793,0.0406104326,0,0,0,1],"scale":1.38390005,"type":"rock_01_a_large_c"}
{"pos":[638.807007,-58.1904984,51.1768456],"rotationMatrix":[-0.540012479,0.841522515,0,-0.841522515,-0.540012479,0,0,0,1],"scale":1.01999998,"type":"rock_01_a_large_c"}
{"pos":[642.117004,-57.8694,51.186161],"rotationMatrix":[-0.0798619986,0.996829689,0,-0.996829689,-0.0798619986,0,0,0,1],"scale":1.33249998,"type":"rock_01_a_large_c"}
{"pos":[641.017029,-58.3344994,51.1817055],"rotationMatrix":[0.0286607742,-0.999633372,0,0.999633372,0.0286607742,0,0,0,1],"scale":1.29180002,"type":"rock_01_a_large_c"}
{"pos":[640.862,-55.5284004,51.177475],"rotationMatrix":[-0.473701119,0.88071841,0,-0.88071841,-0.473701119,0,0,0,1],"scale":1.46619999,"type":"rock_01_a_large_c"}
{"pos":[638.231018,-56.2118988,51.1690025],"rotationMatrix":[-0.992806435,0.11858616,0,-0.11858616,-0.992806435,0,0,0,1],"scale":1.36140001,"type":"rock_01_a_large_c"}
{"pos":[640.374023,-53.3128014,51.1735039],"rotationMatrix":[-0.986423016,-0.163841039,0,0.163841039,-0.986423016,0,0,0,1],"scale":1.03670001,"type":"rock_01_a_large_c"}
{"pos":[639.161011,-51.0539017,51.1527748],"rotationMatrix":[-0.305728078,0.952147245,0,-0.952147245,-0.305728078,0,0,0,1],"scale":1.32079995,"type":"rock_01_a_large_c"}
{"pos":[637.995972,-53.5093994,51.1569633],"rotationMatrix":[0.975843966,-0.218459219,0,0.218459219,0.975843966,0,0,0,1],"scale":1.01129997,"type":"rock_01_a_large_c"}
{"pos":[682.012024,-69.5411987,52.4315834],"rotationMatrix":[-0.850118399,-0.526489317,0,0.526489317,-0.850118399,0,0,0,1],"scale":1.41279995,"type":"rock_01_a_large_c"}
{"pos":[682.656006,-68.9657974,52.4294739],"rotationMatrix":[0.729593396,0.683922052,0,-0.683922052,0.729593396,0,0,0,1],"scale":1.25,"type":"rock_01_a_large_c"}
{"pos":[683.716003,-70.1411972,52.441143],"rotationMatrix":[-0.606707454,0.794838846,0,-0.794838846,-0.606707454,0,0,0,1],"scale":1.18869996,"type":"rock_01_a_large_c"}
{"pos":[684.728027,-72.5418015,52.4603577],"rotationMatrix":[0.438200057,0.898879945,0,-0.898879945,0.438200057,0,0,0,1],"scale":1.47309995,"type":"rock_01_a_large_c"}
{"pos":[652.299988,-68.6060028,51.2575989],"rotationMatrix":[-0.116615772,-0.993178248,0,0.993178248,-0.116615772,0,0,0,1],"scale":1.08800006,"type":"rock_01_a_large_c"}
{"pos":[673.403015,-95.7630997,51.4328117],"rotationMatrix":[-0.944391966,-0.328337997,0,0.328337997,-0.944391966,0,0,0,1],"scale":1.22210002,"type":"rock_01_a_large_c"}
{"pos":[677.534973,-78.8198013,52.1558266],"rotationMatrix":[0.645349622,-0.763875365,0,0.763875365,0.645349622,0,0,0,1],"scale":1.28260005,"type":"rock_01_a_large_c"}
{"pos":[677.101013,-83.0765991,52.0723],"rotationMatrix":[0.738056779,-0.674726367,0,0.674726367,0.738056779,0,0,0,1],"scale":1.25810003,"type":"rock_01_a_large_c"}
{"pos":[721.397583,-208.773987,53.1268005],"rotationMatrix":[0.896942019,-0.442150593,0,0.442150593,0.896942019,0,0,0,1],"scale":1.21959996,"type":"rock_01_a_large_c"}
{"pos":[721.171631,-220.409515,53.1008987],"rotationMatrix":[0.995517969,0.094531253,0,-0.094531253,0.995517969,0,0,0,1],"scale":0.897000015,"type":"rock_01_a_large_c"}
{"pos":[721.322021,-207.054993,52.8101006],"rotationMatrix":[0.940271497,0.220822319,0.259069771,-0.212883607,0.975311935,-0.0586776808,-0.265631706,1.63987279e-05,0.964071512],"scale":1.49510002,"type":"rock_01_a_large_c"}
{"pos":[467.046997,-91.0739975,13.1833248],"rotationMatrix":[0.922460794,0.386081517,0,-0.386081517,0.922460794,0,0,0,1],"scale":1.2744,"type":"rock_01_a_large_c"}
{"pos":[460.928009,-80.3873978,15.1255207],"rotationMatrix":[0.795223951,0.554111779,-0.246074736,-0.529326856,0.832429349,0.163868666,0.295644581,-4.78029251e-05,0.955295026],"scale":1.28709996,"type":"rock_01_a_large_c"}
{"pos":[336.356995,-829.624023,43.1772003],"rotationMatrix":[-0.285445809,-0.958352149,0,0.958352149,-0.285445809,0,0,0,1],"scale":1.37329996,"type":"rock_01_a_large_c"}
{"pos":[72.9320984,-699.469971,36.1034012],"rotationMatrix":[0.907033265,-0.421066791,0,0.421066791,0.907033265,0,0,0,1],"scale":1.14479995,"type":"rock_01_a_large_c"}
{"pos":[74.8142014,-691.781982,36.4696007],"rotationMatrix":[-0.999200225,-0.04239152,0,0.04239152,-0.999200225,0,0,0,1],"scale":1.42550004,"type":"rock_01_a_large_c"}
{"pos":[824.077026,962.61499,98.5916977],"rotationMatrix":[-0.992407203,-0.123764396,0,0.123764396,-0.992407203,0,0,0,1],"scale":1.09189999,"type":"rock_01_a_large_c"}
{"pos":[824.896973,961.700989,98.4260025],"rotationMatrix":[-0.726825237,-0.686864614,0,0.686864614,-0.726825237,0,0,0,1],"scale":1.27470005,"type":"rock_01_a_large_c"}
{"pos":[835.344971,951.059021,95.1530991],"rotationMatrix":[0.978534102,-0.206081122,0,0.206081122,0.978534102,0,0,0,1],"scale":1.44480002,"type":"rock_01_a_large_c"}
{"pos":[813.085022,962.151001,100.521004],"rotationMatrix":[-0.642759442,-0.766185999,0,0.766185999,-0.642759442,0,0,0,1],"scale":1.15649998,"type":"rock_01_a_large_c"}
{"pos":[812.570007,907.599976,87.1800003],"rotationMatrix":[-0.991209626,-0.132906958,0,0.132906958,-0.991209626,0,0,0,1],"scale":1.38429999,"type":"rock_01_a_large_c"}
{"pos":[816.971985,883.835999,85.7014999],"rotationMatrix":[-0.681044579,-0.732339859,0,0.732339859,-0.681044579,0,0,0,1],"scale":1.46889997,"type":"rock_01_a_large_c"}
{"pos":[813.198975,887.482971,85.6057968],"rotationMatrix":[0.905126333,0.425145626,0,-0.425145626,0.905126333,0,0,0,1],"scale":1.3427,"type":"rock_01_a_large_c"}
{"pos":[830.518982,927.341003,91.5836029],"rotationMatrix":[-0.278720379,-0.960319579,0,0.960319579,-0.278720379,0,0,0,1],"scale":1.26859999,"type":"rock_01_a_large_c"}
{"pos":[791.075012,959.659973,101.629997],"rotationMatrix":[0.984827161,0.173538044,0,-0.173538044,0.984827161,0,0,0,1],"scale":1.0819,"type":"rock_01_a_large_c"}
{"pos":[798.96698,958.362,100.897209],"rotationMatrix":[-0.788318634,0.615018189,0,-0.615018189,-0.788318634,0,0,0,1],"scale":1.29610002,"type":"rock_01_a_large_c"}
{"pos":[755.445984,944.271973,91.904953],"rotationMatrix":[0.640278339,-0.768129945,0,0.768129945,0.640278339,0,0,0,1],"scale":1.07720006,"type":"rock_01_a_large_c"}
{"pos":[757.945007,941.825012,91.4321823],"rotationMatrix":[-0.982438684,-0.187571034,0,0.187571034,-0.982438684,0,0,0,1],"scale":1.28110003,"type":"rock_01_a_large_c"}
{"pos":[764.656006,944.594971,92.0066986],"rotationMatrix":[-0.999599934,0.0239975993,0,-0.0239975993,-0.999599934,0,0,0,1],"scale":1.45449996,"type":"rock_01_a_large_c"}
{"pos":[765.482971,944.815979,92.3725128],"rotationMatrix":[-0.54809618,0.836337924,0,-0.836337924,-0.54809618,0,0,0,1],"scale":1.06830001,"type":"rock_01_a_large_c"}
{"pos":[765.375977,943.450989,92.3354645],"rotationMatrix":[-0.542470455,-0.839910448,0,0.839910448,-0.542470455,0,0,0,1],"scale":1.13590002,"type":"rock_01_a_large_c"}
{"pos":[764.721008,942.552979,91.6061707],"rotationMatrix":[0.341745734,0.929203093,-0.14091213,-0.859029949,0.369653404,0.354239881,0.381237626,-2.96384096e-05,0.924481094],"scale":1.43449998,"type":"rock_01_a_large_c"}
{"pos":[762.58905,942.344055,91.2694473],"rotationMatrix":[0.796605587,-0.604506791,0,0.604506791,0.796605587,0,0,0,1],"scale":2.10030007,"type":"rock_01_a_large_c"}
{"pos":[782.119995,957.937012,100.640999],"rotationMatrix":[-0.817561746,-0.575983882,0,0.575983882,-0.817561746,0,0,0,1],"scale":1.27250004,"type":"rock_01_a_large_c"}
{"pos":[788.067993,959.232971,101.744003],"rotationMatrix":[-0.426698446,0.904228806,0,-0.904228806,-0.426698446,0,0,0,1],"scale":1.40139997,"type":"rock_01_a_large_c"}
{"pos":[809.572021,962.226013,100.903999],"rotationMatrix":[0.320921361,0.947120547,0,-0.947120547,0.320921361,0,0,0,1],"scale":1.14520001,"type":"rock_01_a_large_c"}
{"pos":[806.833984,908.83197,86.7190018],"rotationMatrix":[0.738924623,0.673824489,0,-0.673824489,0.738924623,0,0,0,1],"scale":1.47119999,"type":"rock_01_a_large_c"}
{"pos":[804.833984,908.505981,85.7510986],"rotationMatrix":[0.0582590699,0.998283803,0,-0.998283803,0.0582590699,0,0,0,1],"scale":1.23239994,"type":"rock_01_a_large_c"}
{"pos":[805.362976,909.588989,86.0065994],"rotationMatrix":[0.141163766,-0.990027249,0,0.990027249,0.141163766,0,0,0,1],"scale":1.02820003,"type":"rock_01_a_large_c"}
{"pos":[807.057007,912.703979,86.3760986],"rotationMatrix":[-0.552321911,0.83360219,0,-0.83360219,-0.552321911,0,0,0,1],"scale":1.18410003,"type":"rock_01_a_large_c"}
{"pos":[806.474976,888.486023,85.8258972],"rotationMatrix":[0.987644076,-0.156712681,0,0.156712681,0.987644076,0,0,0,1],"scale":1.03600001,"type":"rock_01_a_large_c"}
{"pos":[806.060974,887.611023,85.7446976],"rotationMatrix":[-0.947548509,0.319723219,0,-0.319723219,-0.947548509,0,0,0,1],"scale":1.21920002,"type":"rock_01_a_large_c"}
{"pos":[816.663025,824.325012,74.8432999],"rotationMatrix":[-0.224925518,0.974336982,0,-0.974336982,-0.224925518,0,0,0,1],"scale":1.47940004,"type":"rock_01_a_large_c"}
{"pos":[816.653992,818.745972,74.0485001],"rotationMatrix":[-0.418601632,-0.908060014,0,0.908060014,-0.418601632,0,0,0,1],"scale":1.09169996,"type":"rock_01_a_large_c"}
{"pos":[816.268982,820.950012,74.4440002],"rotationMatrix":[0.99535352,0.096284315,0,-0.096284315,0.99535352,0,0,0,1],"scale":1.0582,"type":"rock_01_a_large_c"}
{"pos":[815.221008,822.122986,75.1621017],"rotationMatrix":[0.845320761,0.534230113,0,-0.534230113,0.845320761,0,0,0,1],"scale":1.4188,"type":"rock_01_a_large_c"}
{"pos":[816.221008,827.33197,75.0939026],"rotationMatrix":[-0.983235359,0.182629734,0,-0.182629734,-0.983235359,0,0,0,1],"scale":1.30700004,"type":"rock_01_a_large_c"}
{"pos":[820.10199,832.414978,75.3956985],"rotationMatrix":[0.61068511,0.791865766,0,-0.791865766,0.61068511,0,0,0,1],"scale":1.09070003,"type":"rock_01_a_large_c"}
{"pos":[816.090027,831.916016,75.6164017],"rotationMatrix":[0.441586852,0.897223175,0,-0.897223175,0.441586852,0,0,0,1],"scale":1.27400005,"type":"rock_01_a_large_c"}
{"pos":[813.133972,829.192993,76.3658981],"rotationMatrix":[-0.979254007,-0.203337118,0,0.203337118,-0.979254007,0,0,0,1],"scale":1.32690001,"type":"rock_01_a_large_c"}
{"pos":[817.273987,806.778992,73.2332993],"rotationMatrix":[-0.479543924,-0.87747401,0,0.87747401,-0.479543924,0,0,0,1],"scale":1.08720005,"type":"rock_01_a_large_c"}
{"pos":[822.835022,798.763977,72.5432968],"rotationMatrix":[-0.984430432,0.175114378,0,-0.175114378,-0.984430432,0,0,0,1],"scale":1.04830003,"type":"rock_01_a_large_c"}
{"pos":[824.846985,797.23999,71.8223038],"rotationMatrix":[-0.355645776,-0.934610188,0,0.934610188,-0.355645776,0,0,0,1],"scale":1.49249995,"type":"rock_01_a_large_c"}
{"pos":[806.231018,817.359985,75.7449036],"rotationMatrix":[-0.911794543,-0.410633981,0,0.410633981,-0.911794543,0,0,0,1],"scale":1.49820006,"type":"rock_01_a_large_c"}
{"pos":[823.676025,727.955017,58.8852997],"rotationMatrix":[-0.0393936634,-0.999167442,0,0.999167442,-0.0393936634,0,0,0,1],"scale":1.4569,"type":"rock_01_a_large_c"}
{"pos":[821.494995,721.963013,58.2066994],"rotationMatrix":[0.254579544,-0.967031956,0,0.967031956,0.254579544,0,0,0,1],"scale":1.42910004,"type":"rock_01_a_large_c"}
{"pos":[821.004028,724.155029,58.4160995],"rotationMatrix":[0.95007199,-0.312018424,0,0.312018424,0.95007199,0,0,0,1],"scale":1.20319998,"type":"rock_01_a_large_c"}
{"pos":[821.278992,730.663025,59.0525017],"rotationMatrix":[-0.615323424,0.788159847,0,-0.788159847,-0.615323424,0,0,0,1],"scale":1.14199996,"type":"rock_01_a_large_c"}
{"pos":[818.68103,717.939026,57.8911018],"rotationMatrix":[-0.719028831,0.695139587,0,-0.695139587,-0.719028831,0,0,0,1],"scale":1.27110004,"type":"rock_01_a_large_c"}
{"pos":[822.322021,716.974976,57.9337997],"rotationMatrix":[0.88642621,-0.462873906,0,0.462873906,0.88642621,0,0,0,1],"scale":1.12170005,"type":"rock_01_a_large_c"}
{"pos":[820.757996,740.567017,60.1156998],"rotationMatrix":[-0.343488216,0.939261615,0,-0.939261615,-0.343488216,0,0,0,1],"scale":1.44389999,"type":"rock_01_a_large_c"}
{"pos":[821.125,741.859985,60.2028008],"rotationMatrix":[0.545132756,0.838294804,0,-0.838294804,0.545132756,0,0,0,1],"scale":1.07620001,"type":"rock_01_a_large_c"}
{"pos":[751.921021,652.148987,69.4175034],"rotationMatrix":[0.898569942,0.438824713,0,-0.438824713,0.898569942,0,0,0,1],"scale":1.37609994,"type":"rock_01_a_large_c"}
{"pos":[753,651.224976,70.1617966],"rotationMatrix":[0.998065591,-0.0621688962,0,0.0621688962,0.998065591,0,0,0,1],"scale":1.39030004,"type":"rock_01_a_large_c"}
{"pos":[753.643005,647.132019,70.174202],"rotationMatrix":[-0.999599934,0.0297970194,0,-0.0297970194,-0.999599934,0,0,0,1],"scale":1.02400005,"type":"rock_01_a_large_c"}
{"pos":[751.820007,650.080017,69.1672974],"rotationMatrix":[-0.964161992,0.264993399,0,-0.264993399,-0.964161992,0,0,0,1],"scale":1.49049997,"type":"rock_01_a_large_c"}
{"pos":[751.40802,650.890015,69.2033005],"rotationMatrix":[-0.273607969,0.961909175,0,-0.961909175,-0.273607969,0,0,0,1],"scale":1.40030003,"type":"rock_01_a_large_c"}
{"pos":[754.263,649.562012,70.705101],"rotationMatrix":[-0.832080722,0.554735124,0,-0.554735124,-0.832080722,0,0,0,1],"scale":1.02670002,"type":"rock_01_a_large_c"}
{"pos":[751.177979,648.867004,68.8927002],"rotationMatrix":[0.440741122,0.897690892,0,-0.897690892,0.440741122,0,0,0,1],"scale":1.12880003,"type":"rock_01_a_large_c"}
{"pos":[752.005981,653.408997,69.6272964],"rotationMatrix":[0.993570209,-0.113218553,0,0.113218553,0.993570209,0,0,0,1],"scale":1.44159997,"type":"rock_01_a_large_c"}
{"pos":[752.557007,637.224976,68.9016037],"rotationMatrix":[0.236893475,-0.971518576,0,0.971518576,0.236893475,0,0,0,1],"scale":1.44920003,"type":"rock_01_a_large_c"}
{"pos":[752.638977,635.405029,68.6383972],"rotationMatrix":[-0.159155488,-0.987253904,0,0.987253904,-0.159155488,0,0,0,1],"scale":1.10090005,"type":"rock_01_a_large_c"}
{"pos":[837.432007,611.776978,50.9446983],"rotationMatrix":[-0.105584502,-0.994505584,0,0.994505584,-0.105584502,0,0,0,1],"scale":1.49450004,"type":"rock_01_a_large_c"}
{"pos":[835.163025,612.026001,51.3294983],"rotationMatrix":[0.0633503795,0.993889511,0.0899112299,-0.986697495,0.075872004,-0.143478915,-0.149426669,-0.0796360373,0.98555994],"scale":1.06579995,"type":"rock_01_a_large_c"}
{"pos":[831.723022,586.578979,54.6148987],"rotationMatrix":[-0.349395871,0.936888814,0,-0.936888814,-0.349395871,0,0,0,1],"scale":1.44120002,"type":"rock_01_a_large_c"}
{"pos":[830.742981,586.072021,54.7643013],"rotationMatrix":[-0.0127491951,0.999940336,0,-0.999940336,-0.0127491951,0,0,0,1],"scale":1.28530002,"type":"rock_01_a_large_c"}
{"pos":[832.580017,580.900024,55.0816002],"rotationMatrix":[0.971391678,0.23747775,0,-0.23747775,0.971391678,0,0,0,1],"scale":1.29519999,"type":"rock_01_a_large_c"}
{"pos":[830.025024,576.590027,55.5877991],"rotationMatrix":[-0.324540854,-0.945798337,0,0.945798337,-0.324540854,0,0,0,1],"scale":1.11930001,"type":"rock_01_a_large_c"}
{"pos":[832.528015,573.685974,55.9045982],"rotationMatrix":[0.230951905,0.972936928,0,-0.972936928,0.230951905,0,0,0,1],"scale":1.02139997,"type":"rock_01_a_large_c"}
{"pos":[839.284973,560.302979,54.6156006],"rotationMatrix":[0.513704777,-0.85799396,0,0.85799396,0.513704777,0,0,0,1],"scale":1.25610006,"type":"rock_01_a_large_c"}
{"pos":[840.249023,559.651001,54.3338013],"rotationMatrix":[0.923324704,-0.384002984,0,0.384002984,0.923324704,0,0,0,1],"scale":1.36000001,"type":"rock_01_a_large_c"}
{"pos":[840.638,561.23999,54.6092987],"rotationMatrix":[0.963980734,0.265984416,0,-0.265984416,0.963980734,0,0,0,1],"scale":1.00639999,"type":"rock_01_a_large_c"}
{"pos":[841.997986,559.65802,54.4508018],"rotationMatrix":[0.999549985,0.0299969986,0,-0.0299969986,0.999549985,0,0,0,1],"scale":1.27129996,"type":"rock_01_a_large_c"}
{"pos":[845.45697,544.088989,53.8880997],"rotationMatrix":[0.870967984,-0.491337597,0,0.491337597,0.870967984,0,0,0,1],"scale":1.09870005,"type":"rock_01_a_large_c"}
{"pos":[845.432983,542.820007,53.9216995],"rotationMatrix":[-0.982438684,-0.186774552,0,0.186774552,-0.982438684,0,0,0,1],"scale":1.02629995,"type":"rock_01_a_large_c"}
{"pos":[848.546021,536.171021,54.7142982],"rotationMatrix":[0.580105543,0.814587951,0,-0.814587951,0.580105543,0,0,0,1],"scale":1.3714,"type":"rock_01_a_large_c"}
{"pos":[846,535.106995,54.137001],"rotationMatrix":[-0.997600794,0.0677593201,0,-0.0677593201,-0.997600794,0,0,0,1],"scale":1.39320004,"type":"rock_01_a_large_c"}
{"pos":[847.854004,536.513977,54.3698006],"rotationMatrix":[0.138278008,-0.990376353,0,0.990376353,0.138278008,0,0,0,1],"scale":1.16330004,"type":"rock_01_a_large_c"}
{"pos":[751.390015,621.008972,67.7027969],"rotationMatrix":[-0.925899386,-0.377604216,0,0.377604216,-0.925899386,0,0,0,1],"scale":1.21570003,"type":"rock_01_a_large_c"}
{"pos":[753.010986,622.560974,67.594902],"rotationMatrix":[-0.986423016,-0.164638311,0,0.164638311,-0.986423016,0,0,0,1],"scale":1.11909997,"type":"rock_01_a_large_c"}
{"pos":[753.874023,620.59198,68.0515976],"rotationMatrix":[-0.938874364,0.34382233,0,-0.34382233,-0.938874364,0,0,0,1],"scale":1.07430005,"type":"rock_01_a_large_c"}
{"pos":[754.369019,619.88501,68.1610031],"rotationMatrix":[-0.53125,-0.847175002,0,0.847175002,-0.53125,0,0,0,1],"scale":1.30760002,"type":"rock_01_a_large_c"}
{"pos":[757.012024,620.270996,68.5579987],"rotationMatrix":[0.217499435,0.976030231,0,-0.976030231,0.217499435,0,0,0,1],"scale":1.34800005,"type":"rock_01_a_large_c"}
{"pos":[758.424011,621.91803,68.9298019],"rotationMatrix":[0.974326193,-0.225149766,0,0.225149766,0.974326193,0,0,0,1],"scale":1.02919996,"type":"rock_01_a_large_c"}
{"pos":[758.192993,619.676025,68.7361984],"rotationMatrix":[-0.785294175,0.619221926,0,-0.619221926,-0.785294175,0,0,0,1],"scale":1.19509995,"type":"rock_01_a_large_c"}
{"pos":[717.234009,948.101013,90.4896011],"rotationMatrix":[0.528385282,-0.849023044,0,0.849023044,0.528385282,0,0,0,1],"scale":1.41530001,"type":"rock_01_a_large_c"}
{"pos":[677.791016,945.434998,79.0404968],"rotationMatrix":[0.20140475,-0.979444981,0,0.979444981,0.20140475,0,0,0,1],"scale":1.1882,"type":"rock_01_a_large_c"}
{"pos":[675.932007,945.379028,79.1294022],"rotationMatrix":[-0.924329638,-0.381962448,0,0.381962448,-0.924329638,0,0,0,1],"scale":1.449,"type":"rock_01_a_large_c"}
{"pos":[680.830994,939.784973,79.5495987],"rotationMatrix":[0.332525373,-0.943153024,0,0.943153024,0.332525373,0,0,0,1],"scale":1.25849998,"type":"rock_01_a_large_c"}
{"pos":[737.812988,698.135986,67.9091034],"rotationMatrix":[-0.417591214,-0.908578515,0,0.908578515,-0.417591214,0,0,0,1],"scale":1.14250004,"type":"rock_01_a_large_c"}
{"pos":[734.778992,699.426025,67.6418991],"rotationMatrix":[0.0852366686,-0.996325135,0,0.996325135,0.0852366686,0,0,0,1],"scale":1.45019996,"type":"rock_01_a_large_c"}
{"pos":[734.31897,661.268982,68.3181992],"rotationMatrix":[-0.479200006,0.877716005,0,-0.877716005,-0.479200006,0,0,0,1],"scale":1.28980005,"type":"rock_01_a_large_c"}
{"pos":[681.979004,733.385986,61.9827003],"rotationMatrix":[-0.838978291,0.54407984,0,-0.54407984,-0.838978291,0,0,0,1],"scale":1.42939997,"type":"rock_01_a_large_c"}
{"pos":[681.171021,735.754028,61.8423004],"rotationMatrix":[0.273987472,0.961710513,0,-0.961710513,0.273987472,0,0,0,1],"scale":1.08159995,"type":"rock_01_a_large_c"}
{"pos":[642.679016,655.36499,53.1390991],"rotationMatrix":[-0.535102487,-0.844735622,0,0.844735622,-0.535102487,0,0,0,1],"scale":1.44980001,"type":"rock_01_a_large_c"}
{"pos":[728.612,604.79303,63.8436012],"rotationMatrix":[0.871981978,-0.489554971,0,0.489554971,0.871981978,0,0,0,1],"scale":1.30270004,"type":"rock_01_a_large_c"}
{"pos":[724.039001,595.153992,63.2132988],"rotationMatrix":[0.997379124,0.0723493248,0,-0.0723493248,0.997379124,0,0,0,1],"scale":1.06089997,"type":"rock_01_a_large_c"}
{"pos":[701.617004,517.468994,62.5863991],"rotationMatrix":[0.318588614,-0.947928786,0,0.947928786,0.318588614,0,0,0,1],"scale":1.37479997,"type":"rock_01_a_large_c"}
{"pos":[714.877991,525.825989,62.8700981],"rotationMatrix":[0.0909087062,0.995793402,0,-0.995793402,0.0909087062,0,0,0,1],"scale":1.27450001,"type":"rock_01_a_large_c"}
{"pos":[733.991028,569.666992,63.0175018],"rotationMatrix":[0.999394476,-0.0347930416,0,0.0347930416,0.999394476,0,0,0,1],"scale":1.41009998,"type":"rock_01_a_large_c"}
{"pos":[939.15802,470.247009,59.2630997],"rotationMatrix":[-0.494720459,0.868995428,0,-0.868995428,-0.494720459,0,0,0,1],"scale":1.25139999,"type":"rock_01_a_large_c"}
{"pos":[937.963013,471.977997,59.7112999],"rotationMatrix":[0.0174783468,0.999763727,0,-0.999763727,0.0174783468,0,0,0,1],"scale":1.08510005,"type":"rock_01_a_large_c"}
{"pos":[941.911987,464.842987,59.6467018],"rotationMatrix":[0.963225305,0.268704981,0,-0.268704981,0.963225305,0,0,0,1],"scale":1.10549998,"type":"rock_01_a_large_c"}
{"pos":[938.690002,464.566986,60.5141983],"rotationMatrix":[0.992484629,0.122367054,0,-0.122367054,0.992484629,0,0,0,1],"scale":1.36909997,"type":"rock_01_a_large_c"}
