{"pos":[680.537964,33.6060638,48.0856743],"rotationMatrix":[-0.282225907,-0.959347904,0,0.959347904,-0.282225907,0,0,0,0.999999881],"scale":2.24833202,"type":"rock_01_a_small_b"}
{"pos":[674.832214,52.3438644,47.8566551],"rotationMatrix":[-0.0528350137,-0.998603165,0,0.998603165,-0.0528350137,0,0,0,0.999999881],"scale":1.53459084,"type":"rock_01_a_small_b"}
{"pos":[672.99054,53.7844696,48.6345024],"rotationMatrix":[0.876306534,-0.481753767,0,0.481753767,0.876306534,0,0,0,0.999999881],"scale":1.35207856,"type":"rock_01_a_small_b"}
{"pos":[697.692444,54.7255287,54.2368317],"rotationMatrix":[0.110335216,-0.993894339,0,0.993894339,0.110335216,0,0,0,0.999999881],"scale":1.85931563,"type":"rock_01_a_small_b"}
{"pos":[698.202759,55.5028038,54.6531181],"rotationMatrix":[-0.998341203,-0.0575714186,0,0.0575714186,-0.998341203,0,0,0,0.999999881],"scale":1.14146745,"type":"rock_01_a_small_b"}
{"pos":[697.148926,40.6222305,52.0037727],"rotationMatrix":[-0.43977645,-0.898107171,0,0.898107171,-0.43977645,0,0,0,0.999999881],"scale":1.16057861,"type":"rock_01_a_small_b"}
{"pos":[694.38092,42.7460518,50.196064],"rotationMatrix":[-0.119636193,-0.9928177,0,0.9928177,-0.119636193,0,0,0,0.999999881],"scale":2.03993225,"type":"rock_01_a_small_b"}
{"pos":[694.251709,46.499279,48.7465439],"rotationMatrix":[-0.758454978,-0.651725411,0,0.651725411,-0.758454978,0,0,0,0.999999881],"scale":2.24406719,"type":"rock_01_a_small_b"}
