{"pos":[-49.7532043,0.85392046,250.143112],"rotationMatrix":[0.153228477,0.988190711,0,-0.988190711,0.153228477,-0,-0,0,0.999999881],"scale":1.02438951,"type":"rock_01_a_small_b"}
{"pos":[-48.9547729,1.11179686,250.101425],"rotationMatrix":[0.74356401,-0.668664515,0,0.668664515,0.74356401,0,-0,0,0.999999881],"scale":2.18738437,"type":"rock_01_a_small_b"}
{"pos":[-27.5208416,4.29751635,250.070419],"rotationMatrix":[-0.754004419,-0.656869352,0,0.656869352,-0.754004419,0,-0,0,0.999999881],"scale":2.11491585,"type":"rock_01_a_small_b"}
{"pos":[-33.8286858,5.66888809,250.510178],"rotationMatrix":[-0.0821244419,0.996621966,-0,-0.996621966,-0.0821244419,0,-0,0,0.999999881],"scale":2.01758528,"type":"rock_01_a_small_b"}
