{"pos":[-30.3924961,7.87219334,250.643112],"rotationMatrix":[-0.756660879,-0.653807521,0,0.653807521,-0.756660879,0,-0,0,0.999999881],"scale":1.25434184,"type":"rock_01_a_large_b"}
{"pos":[-48.8587875,6.36999607,249.996948],"rotationMatrix":[0.0366111733,0.999329507,0,-0.999329507,0.0366111733,-0,-0,0,0.999999881],"scale":1.46174359,"type":"rock_01_a_large_b"}
{"pos":[-46.1548996,2.68774462,250.074081],"rotationMatrix":[-0.0852838084,0.996356606,-0,-0.996356606,-0.0852838084,0,-0,0,0.999999881],"scale":1.24952984,"type":"rock_01_a_large_b"}
{"pos":[-45.4810028,5.80399704,250.334259],"rotationMatrix":[0.318490475,-0.947925985,0,0.947925985,0.318490475,0,-0,0,0.999999881],"scale":1.41656423,"type":"rock_01_a_large_b"}
{"pos":[-35.228138,6.35435963,250.360825],"rotationMatrix":[0.844803274,-0.535076737,0,0.535076737,0.844803274,0,-0,0,0.999999881],"scale":1.15820801,"type":"rock_01_a_large_b"}
{"pos":[-36.7422066,5.42640066,250.26918],"rotationMatrix":[-0.499374807,-0.866385996,0,0.866385996,-0.499374807,0,-0,0,0.999999881],"scale":1.18630004,"type":"rock_01_a_large_b"}
