{"pos":[690.608093,-31.1647892,48.3528633],"rotationMatrix":[-0.99266845,-0.120868452,0,0.120868452,-0.99266845,0,0,0,0.999999881],"scale":1.25123024,"type":"rock_01_a_large_b"}
{"pos":[691.49231,-30.2553291,48.8071327],"rotationMatrix":[0.772700131,0.634771228,0,-0.634771228,0.772700131,0,0,0,0.999999881],"scale":1.30432034,"type":"rock_01_a_large_b"}
{"pos":[690.342834,-28.8085766,48.139843],"rotationMatrix":[0.958598971,-0.284759253,0,0.284759253,0.958598971,0,0,0,0.999999881],"scale":1.42831397,"type":"rock_01_a_large_b"}
{"pos":[689.897705,-30.5546856,48.0867348],"rotationMatrix":[-0.737845182,-0.674969971,0,0.674969971,-0.737845182,0,0,0,0.999999881],"scale":1.37425256,"type":"rock_01_a_large_b"}
{"pos":[696.278259,0.433644295,49.4645462],"rotationMatrix":[0.0154219074,0.999881029,0,-0.999881029,0.0154219074,0,0,0,0.999999881],"scale":1.44738007,"type":"rock_01_a_large_b"}
{"pos":[695.734741,1.04470849,49.2842789],"rotationMatrix":[-0.957985342,0.286817104,0,-0.286817104,-0.957985342,0,0,0,0.999999881],"scale":1.01615107,"type":"rock_01_a_large_b"}
{"pos":[697.180542,1.5170114,49.8175125],"rotationMatrix":[0.084892638,-0.996389925,0,0.996389925,0.084892638,0,0,0,0.999999881],"scale":1.27734065,"type":"rock_01_a_large_b"}
{"pos":[696.469788,-0.524611235,49.5099373],"rotationMatrix":[0.125337675,-0.992114067,0,0.992114067,0.125337675,0,0,0,0.999999881],"scale":1.21401429,"type":"rock_01_a_large_b"}
{"pos":[696.764343,-1.46317756,49.7526894],"rotationMatrix":[0.462736577,-0.886495709,0,0.886495709,0.462736577,0,0,0,0.999999881],"scale":1.07495451,"type":"rock_01_a_large_b"}
{"pos":[692.991333,-51.2835693,50.091404],"rotationMatrix":[0.444686413,-0.895686209,0,0.895686209,0.444686413,0,0,0,0.999999881],"scale":1.0429436,"type":"rock_01_a_large_b"}
{"pos":[691.305542,-51.875927,49.4482498],"rotationMatrix":[-0.49870044,-0.86677438,0,0.86677438,-0.49870044,0,0,0,0.999999881],"scale":1.43668008,"type":"rock_01_a_large_b"}
{"pos":[694.440063,-48.0262871,50.0617104],"rotationMatrix":[0.0624461621,0.998048246,0,-0.998048246,0.0624461621,0,0,0,0.999999881],"scale":1.4752208,"type":"rock_01_a_large_b"}
{"pos":[692.570129,-48.2895126,49.4163589],"rotationMatrix":[0.99764359,-0.0686080456,0,0.0686080456,0.99764359,0,0,0,0.999999881],"scale":1.36052275,"type":"rock_01_a_large_b"}
{"pos":[691.867065,-48.3640366,49.2313728],"rotationMatrix":[-0.853099346,0.521748424,0,-0.521748424,-0.853099346,0,0,0,0.999999881],"scale":1.24586463,"type":"rock_01_a_large_b"}
{"pos":[694.803223,-44.5097427,49.999176],"rotationMatrix":[-0.837746024,0.546059966,0,-0.546059966,-0.837746024,0,0,0,0.999999881],"scale":1.43046331,"type":"rock_01_a_large_b"}
{"pos":[693.434143,-42.5091972,49.7797432],"rotationMatrix":[-0.774938226,-0.632036746,0,0.632036746,-0.774938226,0,0,0,0.999999881],"scale":1.32799101,"type":"rock_01_a_large_b"}
{"pos":[694.991699,-41.288105,50.2352028],"rotationMatrix":[-0.57371515,0.819054663,0,-0.819054663,-0.57371515,0,0,0,0.999999881],"scale":1.49778938,"type":"rock_01_a_large_b"}
{"pos":[691.831726,-46.5541229,49.0917702],"rotationMatrix":[-0.178199723,0.983994186,0,-0.983994186,-0.178199723,0,0,0,0.999999881],"scale":1.33398521,"type":"rock_01_a_large_b"}
{"pos":[690.953125,-55.4901428,49.6420059],"rotationMatrix":[-0.828613043,-0.559821546,0,0.559821546,-0.828613043,0,0,0,0.999999881],"scale":1.26775718,"type":"rock_01_a_large_b"}
{"pos":[694.086121,-55.5079651,51.5234909],"rotationMatrix":[0.892033577,0.451969087,0,-0.451969087,0.892033577,0,0,0,0.999999881],"scale":1.10527802,"type":"rock_01_a_large_b"}
{"pos":[693.438538,-64.1855927,50.4137993],"rotationMatrix":[-0.884748399,0.466068685,0,-0.466068685,-0.884748399,0,0,0,0.999999881],"scale":1.10574687,"type":"rock_01_a_large_b"}
{"pos":[693.685974,-61.8588829,50.4041672],"rotationMatrix":[0.849577427,-0.527463615,0,0.527463615,0.849577427,0,0,0,0.999999881],"scale":1.4193114,"type":"rock_01_a_large_b"}
{"pos":[690.692627,-63.6911545,49.1435356],"rotationMatrix":[0.691852152,0.722039163,0,-0.722039163,0.691852152,0,0,0,0.999999881],"scale":1.39700341,"type":"rock_01_a_large_b"}
{"pos":[690.587402,-60.7130547,49.3047142],"rotationMatrix":[-0.501140237,-0.865365922,0,0.865365922,-0.501140237,0,0,0,0.999999881],"scale":1.06522727,"type":"rock_01_a_large_b"}
{"pos":[690.762268,-64.9733047,49.1458054],"rotationMatrix":[-0.102175511,-0.994766295,0,0.994766295,-0.102175511,0,0,0,0.999999881],"scale":1.4982121,"type":"rock_01_a_large_b"}
{"pos":[690.853333,-62.9027443,49.3784523],"rotationMatrix":[0.925814033,0.377979219,0,-0.377979219,0.925814033,0,0,0,0.999999881],"scale":1.3412894,"type":"rock_01_a_large_b"}
{"pos":[690.660645,-61.9967918,49.3543816],"rotationMatrix":[0.0812503174,-0.996693671,0,0.996693671,0.0812503174,0,0,0,0.999999881],"scale":1.04168856,"type":"rock_01_a_large_b"}
{"pos":[689.092712,-62.0036926,48.6800079],"rotationMatrix":[0.504323125,0.863515019,0,-0.863515019,0.504323125,0,0,0,0.999999881],"scale":1.00488651,"type":"rock_01_a_large_b"}
{"pos":[690.121399,-69.3107834,49.0187492],"rotationMatrix":[0.532656431,0.846331596,0,-0.846331596,0.532656431,0,0,0,0.999999881],"scale":1.47813332,"type":"rock_01_a_large_b"}
{"pos":[688.771912,-64.9357529,48.412468],"rotationMatrix":[0.489119262,-0.872216821,0,0.872216821,0.489119262,0,0,0,0.999999881],"scale":1.49277973,"type":"rock_01_a_large_b"}
{"pos":[690.034973,-64.8077316,49.1139069],"rotationMatrix":[-0.500282943,-0.865861773,0,0.865861773,-0.500282943,0,0,0,0.999999881],"scale":1.09746408,"type":"rock_01_a_large_b"}
{"pos":[688.552185,-68.3770828,48.4829254],"rotationMatrix":[0.835439086,0.549583018,0,-0.549583018,0.835439086,0,0,0,0.999999881],"scale":1.28191066,"type":"rock_01_a_large_b"}
{"pos":[692.193481,-75.7303238,50.2828712],"rotationMatrix":[-0.928840935,0.37047866,0,-0.37047866,-0.928840935,0,0,0,0.999999881],"scale":1.3446728,"type":"rock_01_a_large_b"}
{"pos":[688.011353,-74.5429916,48.2561569],"rotationMatrix":[-0.971073508,0.238780588,0,-0.238780588,-0.971073508,0,0,0,0.999999881],"scale":1.12345231,"type":"rock_01_a_large_b"}
{"pos":[687.918335,-77.7064362,48.1226387],"rotationMatrix":[-0.381746858,-0.924266875,0,0.924266875,-0.381746858,0,0,0,0.999999881],"scale":1.484339,"type":"rock_01_a_large_b"}
{"pos":[688.376343,-72.3722305,48.3541527],"rotationMatrix":[0.305641949,-0.952146471,0,0.952146471,0.305641949,0,0,0,0.999999881],"scale":1.13693571,"type":"rock_01_a_large_b"}
{"pos":[688.931641,-75.2310715,48.7046432],"rotationMatrix":[0.721102715,-0.692828,0,0.692828,0.721102715,0,0,0,0.999999881],"scale":1.1881845,"type":"rock_01_a_large_b"}
{"pos":[691.877808,-76.6395645,50.1419907],"rotationMatrix":[0.118239805,-0.992984951,0,0.992984951,0.118239805,0,0,0,0.999999881],"scale":1.40588999,"type":"rock_01_a_large_b"}
{"pos":[690.475403,-73.3470459,49.4907265],"rotationMatrix":[0.964903414,-0.262604743,0,0.262604743,0.964903414,0,0,0,0.999999881],"scale":1.47397113,"type":"rock_01_a_large_b"}
{"pos":[690.843628,-75.7714844,49.7394295],"rotationMatrix":[-0.650223315,0.759742916,0,-0.759742916,-0.650223315,0,0,0,0.999999881],"scale":1.1835351,"type":"rock_01_a_large_b"}
{"pos":[686.936401,-75.1786957,47.7971382],"rotationMatrix":[-0.38000685,-0.924983561,0,0.924983561,-0.38000685,0,0,0,0.999999881],"scale":1.09016013,"type":"rock_01_a_large_b"}
{"pos":[690.204285,-80.5958786,49.3321152],"rotationMatrix":[0.759286225,0.650756776,0,-0.650756776,0.759286225,0,0,0,0.999999881],"scale":1.31884718,"type":"rock_01_a_large_b"}
{"pos":[690.243652,-79.5589218,49.4425278],"rotationMatrix":[-0.375586569,-0.926787198,0,0.926787198,-0.375586569,0,0,0,0.999999881],"scale":1.01246011,"type":"rock_01_a_large_b"}
{"pos":[688.820557,-81.3121262,48.7173042],"rotationMatrix":[0.983156562,0.182765022,0,-0.182765022,0.983156562,0,0,0,0.999999881],"scale":1.09355378,"type":"rock_01_a_large_b"}
{"pos":[687.318359,-81.161293,47.8373489],"rotationMatrix":[-0.984965384,0.172751218,0,-0.172751218,-0.984965384,0,0,0,0.999999881],"scale":1.33297873,"type":"rock_01_a_large_b"}
{"pos":[689.595154,-84.328186,49.175312],"rotationMatrix":[-0.674837708,-0.73796612,0,0.73796612,-0.674837708,0,0,0,0.999999881],"scale":1.44718218,"type":"rock_01_a_large_b"}
{"pos":[686.744202,-84.0746307,47.5868073],"rotationMatrix":[0.887752593,0.46032089,0,-0.46032089,0.887752593,0,0,0,0.999999881],"scale":1.4922365,"type":"rock_01_a_large_b"}
{"pos":[688.510193,-79.8582764,48.6143036],"rotationMatrix":[0.422097892,-0.906550109,0,0.906550109,0.422097892,0,0,0,0.999999881],"scale":1.10538018,"type":"rock_01_a_large_b"}
{"pos":[691.019531,-84.8123322,50.094677],"rotationMatrix":[-0.83616668,0.548475266,0,-0.548475266,-0.83616668,0,0,0,0.999999881],"scale":1.48046279,"type":"rock_01_a_large_b"}
{"pos":[690.231323,-87.978569,49.5914917],"rotationMatrix":[0.97106868,0.238800243,0,-0.238800243,0.97106868,0,0,0,0.999999881],"scale":1.07771778,"type":"rock_01_a_large_b"}
{"pos":[690.850098,-86.7773514,49.9115181],"rotationMatrix":[0.832980514,-0.553302109,0,0.553302109,0.832980514,0,0,0,0.999999881],"scale":1.45956755,"type":"rock_01_a_large_b"}
{"pos":[687.026306,-86.8950119,47.8630676],"rotationMatrix":[0.931120932,-0.364710242,0,0.364710242,0.931120932,0,0,0,0.999999881],"scale":1.1828177,"type":"rock_01_a_large_b"}
{"pos":[689.512756,-86.7999344,49.2949104],"rotationMatrix":[0.745724738,-0.666253984,0,0.666253984,0.745724738,0,0,0,0.999999881],"scale":1.14757836,"type":"rock_01_a_large_b"}
{"pos":[686.572144,-87.5505142,47.5706062],"rotationMatrix":[-0.237646207,-0.971351802,0,0.971351802,-0.237646207,0,0,0,0.999999881],"scale":1.39199066,"type":"rock_01_a_large_b"}
{"pos":[689.609741,-89.3106918,48.9647179],"rotationMatrix":[0.894471467,0.447124898,0,-0.447124898,0.894471467,0,0,0,0.999999881],"scale":1.18804622,"type":"rock_01_a_large_b"}
{"pos":[689.458801,-91.8396759,48.7211723],"rotationMatrix":[-0.0969133973,0.995292723,0,-0.995292723,-0.0969133973,0,0,0,0.999999881],"scale":1.263273,"type":"rock_01_a_large_b"}
{"pos":[688.721863,-87.462822,48.8254509],"rotationMatrix":[-0.229484633,-0.973312199,0,0.973312199,-0.229484633,0,0,0,0.999999881],"scale":1.37523234,"type":"rock_01_a_large_b"}
{"pos":[689.094849,-88.6710739,49.0007095],"rotationMatrix":[0.334424943,0.94242239,0,-0.94242239,0.334424943,0,0,0,0.999999881],"scale":1.02653873,"type":"rock_01_a_large_b"}
{"pos":[689.862854,-87.3014374,49.544651],"rotationMatrix":[-0.18504715,0.982729495,0,-0.982729495,-0.18504715,0,0,0,0.999999881],"scale":1.02012634,"type":"rock_01_a_large_b"}
{"pos":[692.305664,-88.7236938,50.3150864],"rotationMatrix":[-0.756022036,-0.654545963,0,0.654545963,-0.756022036,0,0,0,0.999999881],"scale":1.03603697,"type":"rock_01_a_large_b"}
{"pos":[689.541504,-94.6887207,48.6579208],"rotationMatrix":[-0.576543272,0.817066371,0,-0.817066371,-0.576543272,0,0,0,0.999999881],"scale":1.06327713,"type":"rock_01_a_large_b"}
{"pos":[692.277405,-95.5723953,49.2914047],"rotationMatrix":[-0.95260185,-0.304219842,0,0.304219842,-0.95260185,0,0,0,0.999999881],"scale":1.49428701,"type":"rock_01_a_large_b"}
{"pos":[692.374634,-93.7411575,49.4795761],"rotationMatrix":[-0.46292147,-0.886399269,0,0.886399269,-0.46292147,0,0,0,0.999999881],"scale":1.46904802,"type":"rock_01_a_large_b"}
{"pos":[691.807434,-92.959816,49.4850655],"rotationMatrix":[-0.40556851,-0.914064586,0,0.914064586,-0.40556851,0,0,0,0.999999881],"scale":1.0990839,"type":"rock_01_a_large_b"}
{"pos":[691.056091,-96.507309,49.1079254],"rotationMatrix":[-0.985094607,-0.17201291,0,0.17201291,-0.985094607,0,0,0,0.999999881],"scale":1.1650089,"type":"rock_01_a_large_b"}
{"pos":[687.990906,-102.592773,48.2617722],"rotationMatrix":[-0.537491739,-0.843268871,0,0.843268871,-0.537491739,0,0,0,0.999999881],"scale":1.28302979,"type":"rock_01_a_large_b"}
{"pos":[690.813599,-104.125275,49.3857193],"rotationMatrix":[0.00199571275,-0.999997914,0,0.999997914,0.00199571275,0,0,0,0.999999881],"scale":1.10283732,"type":"rock_01_a_large_b"}
{"pos":[688.284546,-106.24575,48.8291931],"rotationMatrix":[0.863182843,0.504891336,0,-0.504891336,0.863182843,0,0,0,0.999999881],"scale":1.0226711,"type":"rock_01_a_large_b"}
{"pos":[689.338867,-103.831169,48.9525185],"rotationMatrix":[0.324860394,0.945761979,0,-0.945761979,0.324860394,0,0,0,0.999999881],"scale":1.03788149,"type":"rock_01_a_large_b"}
{"pos":[688.977295,-102.884125,48.5294876],"rotationMatrix":[0.5674631,-0.823398709,0,0.823398709,0.5674631,0,0,0,0.999999881],"scale":1.48821318,"type":"rock_01_a_large_b"}
{"pos":[690.899841,-32.677021,48.6651917],"rotationMatrix":[0.928690434,0.370855719,0,-0.370855719,0.928690434,0,0,0,0.999999881],"scale":1.33424115,"type":"rock_01_a_large_b"}
{"pos":[690.806396,-41.9157486,48.7201385],"rotationMatrix":[-0.633615792,-0.773647845,0,0.773647845,-0.633615792,0,0,0,0.999999881],"scale":1.15371537,"type":"rock_01_a_large_b"}
{"pos":[689.540894,-49.7236862,48.4472885],"rotationMatrix":[0.909570396,0.415549785,0,-0.415549785,0.909570396,0,0,0,0.999999881],"scale":1.11219835,"type":"rock_01_a_large_b"}
{"pos":[689.962524,-49.1242752,48.6000175],"rotationMatrix":[-0.885398686,0.464832127,0,-0.464832127,-0.885398686,0,0,0,0.999999881],"scale":1.17288399,"type":"rock_01_a_large_b"}
{"pos":[684.774597,-56.0622253,46.5565262],"rotationMatrix":[0.997364521,-0.0725522712,0,0.0725522712,0.997364521,0,0,0,0.999999881],"scale":1.32035613,"type":"rock_01_a_large_b"}
{"pos":[686.788391,-56.7499237,47.2039833],"rotationMatrix":[-0.00546435127,0.99998492,0,-0.99998492,-0.00546435127,0,0,0,0.999999881],"scale":1.33303666,"type":"rock_01_a_large_b"}
{"pos":[685.309509,-53.9214821,46.7177773],"rotationMatrix":[0.995870531,-0.0907836035,0,0.0907836035,0.995870531,0,0,0,0.999999881],"scale":1.10170364,"type":"rock_01_a_large_b"}
{"pos":[690.045959,-56.321228,48.953495],"rotationMatrix":[0.50549823,0.862827659,0,-0.862827659,0.50549823,0,0,0,0.999999881],"scale":1.24405384,"type":"rock_01_a_large_b"}
{"pos":[686.453857,-58.4253998,47.2819023],"rotationMatrix":[-0.401323855,0.915936112,0,-0.915936112,-0.401323855,0,0,0,0.999999881],"scale":1.02155805,"type":"rock_01_a_large_b"}
{"pos":[689.333374,-58.614315,48.6560173],"rotationMatrix":[0.895269156,0.445525616,0,-0.445525616,0.895269156,0,0,0,0.999999881],"scale":1.0358367,"type":"rock_01_a_large_b"}
{"pos":[686.948242,-59.3038788,47.4631996],"rotationMatrix":[0.164541245,0.986370146,0,-0.986370146,0.164541245,0,0,0,0.999999881],"scale":1.13993502,"type":"rock_01_a_large_b"}
{"pos":[688.541992,-57.4224625,48.10746],"rotationMatrix":[0.373010784,0.92782706,0,-0.92782706,0.373010784,0,0,0,0.999999881],"scale":1.41558075,"type":"rock_01_a_large_b"}
{"pos":[684.390381,-59.7285233,46.6761818],"rotationMatrix":[-0.646573901,0.762851119,0,-0.762851119,-0.646573901,0,0,0,0.999999881],"scale":1.01723158,"type":"rock_01_a_large_b"}
{"pos":[687.255371,-72.8900223,47.9437065],"rotationMatrix":[0.249095604,-0.968478799,0,0.968478799,0.249095604,0,0,0,0.999999881],"scale":1.00320005,"type":"rock_01_a_large_b"}
{"pos":[684.203186,-70.7707138,46.6506004],"rotationMatrix":[0.752960682,0.658065498,0,-0.658065498,0.752960682,0,0,0,0.999999881],"scale":1.2752521,"type":"rock_01_a_large_b"}
{"pos":[686.292175,-78.0225525,47.4713554],"rotationMatrix":[0.574096203,0.818787873,0,-0.818787873,0.574096203,0,0,0,0.999999881],"scale":1.18646193,"type":"rock_01_a_large_b"}
{"pos":[685.535889,-75.1090469,47.1853104],"rotationMatrix":[-0.920229912,-0.391378015,0,0.391378015,-0.920229912,0,0,0,0.999999881],"scale":1.36164331,"type":"rock_01_a_large_b"}
{"pos":[684.922119,-77.2796936,46.9761581],"rotationMatrix":[-0.413210928,-0.910635293,0,0.910635293,-0.413210928,0,0,0,0.999999881],"scale":1.45166039,"type":"rock_01_a_large_b"}
{"pos":[684.042114,-77.4192047,46.6126709],"rotationMatrix":[0.0846327692,0.996412158,0,-0.996412158,0.0846327692,0,0,0,0.999999881],"scale":1.36683023,"type":"rock_01_a_large_b"}
{"pos":[688.035889,-82.7480469,48.3096504],"rotationMatrix":[-0.327776343,-0.944755256,0,0.944755256,-0.327776343,0,0,0,0.999999881],"scale":1.31151557,"type":"rock_01_a_large_b"}
{"pos":[685.731689,-89.5677032,47.3068771],"rotationMatrix":[-0.893956304,-0.448154092,0,0.448154092,-0.893956304,0,0,0,0.999999881],"scale":1.23959231,"type":"rock_01_a_large_b"}
{"pos":[686.483887,-89.2806244,47.7033577],"rotationMatrix":[0.0624023564,-0.998050988,0,0.998050988,0.0624023564,0,0,0,0.999999881],"scale":1.24817181,"type":"rock_01_a_large_b"}
{"pos":[686.862793,-99.9907379,47.7942848],"rotationMatrix":[-0.441354305,-0.897332788,0,0.897332788,-0.441354305,0,0,0,0.999999881],"scale":1.23885524,"type":"rock_01_a_large_b"}
{"pos":[683.586426,-98.0464478,46.930912],"rotationMatrix":[-0.849556863,0.527496815,0,-0.527496815,-0.849556863,0,0,0,0.999999881],"scale":1.15862763,"type":"rock_01_a_large_b"}
{"pos":[683.047729,-97.5923843,46.6796799],"rotationMatrix":[-0.00714662299,-0.99997437,0,0.99997437,-0.00714662299,0,0,0,0.999999881],"scale":1.12637544,"type":"rock_01_a_large_b"}
{"pos":[690.114502,-25.4035969,47.9519463],"rotationMatrix":[-0.80665344,-0.591024578,0,0.591024578,-0.80665344,0,0,0,0.999999881],"scale":1.34557116,"type":"rock_01_a_large_b"}
{"pos":[691.994141,-24.8392715,48.7830582],"rotationMatrix":[0.256778628,0.966470242,0,-0.966470242,0.256778628,0,0,0,0.999999881],"scale":1.24372363,"type":"rock_01_a_large_b"}
{"pos":[689.910034,-24.3864021,47.7038269],"rotationMatrix":[0.967767537,-0.251844972,0,0.251844972,0.967767537,0,0,0,0.999999881],"scale":1.1875701,"type":"rock_01_a_large_b"}
{"pos":[688.980835,-22.9963799,47.3728523],"rotationMatrix":[-0.999758422,-0.021974612,0,0.021974612,-0.999758422,0,0,0,0.999999881],"scale":1.18871546,"type":"rock_01_a_large_b"}
{"pos":[695.04303,-18.4604416,50.0388336],"rotationMatrix":[0.999825597,-0.0186737068,0,0.0186737068,0.999825597,0,0,0,0.999999881],"scale":1.39181077,"type":"rock_01_a_large_b"}
{"pos":[690.34967,-18.0346985,47.5853424],"rotationMatrix":[-0.225828841,-0.97416693,0,0.97416693,-0.225828841,0,0,0,0.999999881],"scale":1.18354678,"type":"rock_01_a_large_b"}
{"pos":[692.596802,-20.3780174,48.880806],"rotationMatrix":[-0.642039299,0.766671479,0,-0.766671479,-0.642039299,0,0,0,0.999999881],"scale":1.42363739,"type":"rock_01_a_large_b"}
{"pos":[694.414734,-18.8671474,49.7161484],"rotationMatrix":[-0.471472621,0.881880522,0,-0.881880522,-0.471472621,0,0,0,0.999999881],"scale":1.11548674,"type":"rock_01_a_large_b"}
{"pos":[691.62384,-16.8297615,48.0427742],"rotationMatrix":[0.744688153,0.667412579,0,-0.667412579,0.744688153,0,0,0,0.999999881],"scale":1.31940699,"type":"rock_01_a_large_b"}
{"pos":[693.343994,-18.967308,49.0864105],"rotationMatrix":[0.840499938,-0.541811526,0,0.541811526,0.840499938,0,0,0,0.999999881],"scale":1.4035387,"type":"rock_01_a_large_b"}
{"pos":[693.429932,-14.288744,48.7436104],"rotationMatrix":[0.52643615,0.85021466,0,-0.85021466,0.52643615,0,0,0,0.999999881],"scale":1.19387066,"type":"rock_01_a_large_b"}
{"pos":[693.202087,-15.7024374,48.8792915],"rotationMatrix":[0.915783405,0.401672363,0,-0.401672363,0.915783405,0,0,0,0.999999881],"scale":1.18537045,"type":"rock_01_a_large_b"}
{"pos":[694.017761,-16.840168,49.1690598],"rotationMatrix":[-0.520840764,0.853653669,0,-0.853653669,-0.520840764,0,0,0,0.999999881],"scale":1.43338704,"type":"rock_01_a_large_b"}
{"pos":[694.520813,-16.0243511,49.5067902],"rotationMatrix":[-0.557750523,0.830008447,0,-0.830008447,-0.557750523,0,0,0,0.999999881],"scale":1.43164408,"type":"rock_01_a_large_b"}
{"pos":[692.713135,-13.9399471,48.4956055],"rotationMatrix":[0.97544843,0.220227882,0,-0.220227882,0.97544843,0,0,0,0.999999881],"scale":1.02226198,"type":"rock_01_a_large_b"}
{"pos":[690.606079,-8.26305008,47.2903442],"rotationMatrix":[-0.0863746032,-0.99626261,0,0.99626261,-0.0863746032,0,0,0,0.999999881],"scale":1.05275261,"type":"rock_01_a_large_b"}
{"pos":[693.930542,-5.72561407,48.6257858],"rotationMatrix":[0.482547283,0.87586993,0,-0.87586993,0.482547283,0,0,0,0.999999881],"scale":1.1357553,"type":"rock_01_a_large_b"}
{"pos":[691.637329,-4.24145365,47.4914284],"rotationMatrix":[0.988886774,0.14867042,0,-0.14867042,0.988886774,0,0,0,0.999999881],"scale":1.39904022,"type":"rock_01_a_large_b"}
{"pos":[695.017029,-3.23520756,49.0179405],"rotationMatrix":[-0.405937403,0.913900733,0,-0.913900733,-0.405937403,0,0,0,0.999999881],"scale":1.1459657,"type":"rock_01_a_large_b"}
{"pos":[695.767517,-2.26423836,49.4299011],"rotationMatrix":[-0.623154581,0.782098472,0,-0.782098472,-0.623154581,0,0,0,0.999999881],"scale":1.05717993,"type":"rock_01_a_large_b"}
{"pos":[692.973328,-1.98546028,48.067791],"rotationMatrix":[-0.97954458,-0.201227233,0,0.201227233,-0.97954458,0,0,0,0.999999881],"scale":1.05113626,"type":"rock_01_a_large_b"}
{"pos":[696.279053,-2.88712978,49.5472031],"rotationMatrix":[0.0839542449,-0.996469557,0,0.996469557,0.0839542449,0,0,0,0.999999881],"scale":1.30613089,"type":"rock_01_a_large_b"}
{"pos":[694.434692,1.30102062,48.7062073],"rotationMatrix":[-0.745493174,-0.666513085,0,0.666513085,-0.745493174,0,0,0,0.999999881],"scale":1.13981819,"type":"rock_01_a_large_b"}
{"pos":[694.886353,1.84169912,48.959549],"rotationMatrix":[-0.994716585,0.102658376,0,-0.102658376,-0.994716585,0,0,0,0.999999881],"scale":1.29381132,"type":"rock_01_a_large_b"}
{"pos":[694.385986,4.39385796,48.7539558],"rotationMatrix":[0.792098284,0.610393524,0,-0.610393524,0.792098284,0,0,0,0.999999881],"scale":1.29264903,"type":"rock_01_a_large_b"}
{"pos":[693.268188,2.98738074,48.1104813],"rotationMatrix":[0.407611758,0.913155377,0,-0.913155377,0.407611758,0,0,0,0.999999881],"scale":1.42855823,"type":"rock_01_a_large_b"}
{"pos":[692.502869,6.63683414,47.836338],"rotationMatrix":[-0.411957979,0.911202729,0,-0.911202729,-0.411957979,0,0,0,0.999999881],"scale":1.30029678,"type":"rock_01_a_large_b"}
{"pos":[696.36322,8.88126945,49.5581779],"rotationMatrix":[-0.561237156,0.827654839,0,-0.827654839,-0.561237156,0,0,0,0.999999881],"scale":1.40997338,"type":"rock_01_a_large_b"}
{"pos":[696.585632,10.5900478,49.8377266],"rotationMatrix":[0.010567857,-0.999944091,0,0.999944091,0.010567857,0,0,0,0.999999881],"scale":1.10434127,"type":"rock_01_a_large_b"}
{"pos":[694.670776,12.3582277,48.6229362],"rotationMatrix":[0.338161141,-0.94108814,0,0.94108814,0.338161141,0,0,0,0.999999881],"scale":1.14722872,"type":"rock_01_a_large_b"}
{"pos":[692.718201,10.8973742,47.7353745],"rotationMatrix":[0.520952225,0.853585839,0,-0.853585839,0.520952225,0,0,0,0.999999881],"scale":1.23301995,"type":"rock_01_a_large_b"}
{"pos":[696.064514,12.4944019,49.3563423],"rotationMatrix":[0.0730113685,-0.997330964,0,0.997330964,0.0730113685,0,0,0,0.999999881],"scale":1.32422423,"type":"rock_01_a_large_b"}
{"pos":[695.493103,13.7171602,48.9967384],"rotationMatrix":[0.999754608,-0.0221491009,0,0.0221491009,0.999754608,0,0,0,0.999999881],"scale":1.24322045,"type":"rock_01_a_large_b"}
{"pos":[691.618469,14.1040525,47.2521896],"rotationMatrix":[0.971442103,0.237276539,0,-0.237276539,0.971442103,0,0,0,0.999999881],"scale":1.27548766,"type":"rock_01_a_large_b"}
{"pos":[692.878662,14.1929693,47.6543884],"rotationMatrix":[0.442623258,0.896707714,0,-0.896707714,0.442623258,0,0,0,0.999999881],"scale":1.39521027,"type":"rock_01_a_large_b"}
{"pos":[694.101074,14.5769958,48.3296394],"rotationMatrix":[-0.341793597,0.93977493,0,-0.93977493,-0.341793597,0,0,0,0.999999881],"scale":1.09899211,"type":"rock_01_a_large_b"}
{"pos":[693.923523,18.9056129,48.0042152],"rotationMatrix":[0.129668429,-0.9915573,0,0.9915573,0.129668429,0,0,0,0.999999881],"scale":1.26063442,"type":"rock_01_a_large_b"}
{"pos":[696.785461,9.62777042,49.9722557],"rotationMatrix":[-0.442324907,-0.896854758,0,0.896854758,-0.442324907,0,0,0,0.999999881],"scale":1.26515973,"type":"rock_01_a_large_b"}
{"pos":[697.948914,9.49460125,50.6088905],"rotationMatrix":[0.339238346,-0.940700352,0,0.940700352,0.339238346,0,0,0,0.999999881],"scale":1.06269324,"type":"rock_01_a_large_b"}
{"pos":[696.403564,22.9815769,49.3688545],"rotationMatrix":[-0.817388475,-0.57608664,0,0.57608664,-0.817388475,0,0,0,0.999999881],"scale":1.13852906,"type":"rock_01_a_large_b"}
{"pos":[693.286804,24.0536308,47.7872124],"rotationMatrix":[0.988518178,-0.151101515,0,0.151101515,0.988518178,0,0,0,0.999999881],"scale":1.23268723,"type":"rock_01_a_large_b"}
{"pos":[694.126282,27.1035538,48.253727],"rotationMatrix":[0.03055734,0.999532938,0,-0.999532938,0.03055734,0,0,0,0.999999881],"scale":1.38222921,"type":"rock_01_a_large_b"}
{"pos":[692.134033,32.2966309,47.4976921],"rotationMatrix":[-0.993690193,-0.112158701,0,0.112158701,-0.993690193,0,0,0,0.999999881],"scale":1.49485898,"type":"rock_01_a_large_b"}
{"pos":[699.139893,2.42862535,50.5766792],"rotationMatrix":[0.541550219,0.84066838,0,-0.84066838,0.541550219,0,0,0,0.999999881],"scale":1.27459693,"type":"rock_01_a_large_b"}
{"pos":[699.744751,1.22722626,50.7099228],"rotationMatrix":[-0.902822852,-0.430012614,0,0.430012614,-0.902822852,0,0,0,0.999999881],"scale":1.20195937,"type":"rock_01_a_large_b"}
{"pos":[695.110291,-17.4190369,49.994278],"rotationMatrix":[-0.00263100932,0.999996483,0,-0.999996483,-0.00263100932,0,0,0,0.999999881],"scale":1.07330012,"type":"rock_01_a_large_b"}
{"pos":[675.033325,-4.68856001,47.7095108],"rotationMatrix":[0.569590211,0.821928799,0,-0.821928799,0.569590211,0,0,0,0.999999881],"scale":1.25843906,"type":"rock_01_a_large_b"}
{"pos":[673.823608,-2.39479876,48.1096039],"rotationMatrix":[0.113103248,0.993583202,0,-0.993583202,0.113103248,0,0,0,0.999999881],"scale":1.43447316,"type":"rock_01_a_large_b"}
{"pos":[675.430481,-1.66396427,47.8966713],"rotationMatrix":[0.703389466,-0.710804522,0,0.710804522,0.703389466,0,0,0,0.999999881],"scale":1.20698595,"type":"rock_01_a_large_b"}
{"pos":[670.654907,-3.08613014,48.651844],"rotationMatrix":[0.684995651,0.728547156,0,-0.728547156,0.684995651,0,0,0,0.999999881],"scale":1.25714827,"type":"rock_01_a_large_b"}
{"pos":[673.141541,-8.76622677,47.7965088],"rotationMatrix":[0.744547486,0.667569518,0,-0.667569518,0.744547486,0,0,0,0.999999881],"scale":1.19754624,"type":"rock_01_a_large_b"}
{"pos":[671.335571,-7.13857746,48.1820869],"rotationMatrix":[0.786701798,0.617333174,0,-0.617333174,0.786701798,0,0,0,0.999999881],"scale":1.3795507,"type":"rock_01_a_large_b"}
{"pos":[670.18573,-29.0156975,49.1820831],"rotationMatrix":[0.47244066,-0.881362319,0,0.881362319,0.47244066,0,0,0,0.999999881],"scale":1.10975683,"type":"rock_01_a_large_b"}
{"pos":[670.085632,-27.7434902,48.9835587],"rotationMatrix":[-0.372089177,-0.928196847,0,0.928196847,-0.372089177,0,0,0,0.999999881],"scale":1.13161039,"type":"rock_01_a_large_b"}
{"pos":[671.077698,-28.383503,48.6971931],"rotationMatrix":[0.710701764,-0.703493297,0,0.703493297,0.710701764,0,0,0,0.999999881],"scale":1.46179998,"type":"rock_01_a_large_b"}
{"pos":[671.826721,-28.2346916,48.6334267],"rotationMatrix":[-0.727519393,-0.686087132,0,0.686087132,-0.727519393,0,0,0,0.999999881],"scale":1.38720083,"type":"rock_01_a_large_b"}
{"pos":[671.357117,-30.3751545,48.8706474],"rotationMatrix":[0.973252594,-0.229737416,0,0.229737416,0.973252594,0,0,0,0.999999881],"scale":1.3500309,"type":"rock_01_a_large_b"}
{"pos":[670.188232,-26.5419502,48.8342056],"rotationMatrix":[-0.823390007,0.567475557,0,-0.567475557,-0.823390007,0,0,0,0.999999881],"scale":1.44425964,"type":"rock_01_a_large_b"}
{"pos":[669.59613,-38.0166855,50.2928696],"rotationMatrix":[-0.938967526,-0.344005555,0,0.344005555,-0.938967526,0,0,0,0.999999881],"scale":1.08290458,"type":"rock_01_a_large_b"}
{"pos":[671.326111,-37.6114044,49.6624146],"rotationMatrix":[0.726324737,0.687351704,0,-0.687351704,0.726324737,0,0,0,0.999999881],"scale":1.40177536,"type":"rock_01_a_large_b"}
{"pos":[668.12146,-37.7774925,50.6646347],"rotationMatrix":[-0.999831259,-0.0183695052,0,0.0183695052,-0.999831259,0,0,0,0.999999881],"scale":1.06098151,"type":"rock_01_a_large_b"}
{"pos":[671.062683,-40.0707474,49.8372879],"rotationMatrix":[-0.987389743,0.15830712,0,-0.15830712,-0.987389743,0,0,0,0.999999881],"scale":1.36694777,"type":"rock_01_a_large_b"}
{"pos":[670.273682,-40.227726,50.2324371],"rotationMatrix":[0.783459187,0.621443212,0,-0.621443212,0.783459187,0,0,0,0.999999881],"scale":1.19392061,"type":"rock_01_a_large_b"}
{"pos":[669.2547,-36.9058113,50.1720657],"rotationMatrix":[0.448741823,-0.89366132,0,0.89366132,0.448741823,0,0,0,0.999999881],"scale":1.43501925,"type":"rock_01_a_large_b"}
{"pos":[671.256226,-39.0654182,49.8304901],"rotationMatrix":[-0.327625841,0.94480747,0,-0.94480747,-0.327625841,0,0,0,0.999999881],"scale":1.24035168,"type":"rock_01_a_large_b"}
{"pos":[669.4599,-38.7903023,50.4163475],"rotationMatrix":[0.311550289,-0.950229585,0,0.950229585,0.311550289,0,0,0,0.999999881],"scale":1.0341444,"type":"rock_01_a_large_b"}
{"pos":[670.184448,-51.4686737,50.4863968],"rotationMatrix":[0.997381985,-0.0723118261,0,0.0723118261,0.997381985,0,0,0,0.999999881],"scale":1.10050893,"type":"rock_01_a_large_b"}
{"pos":[666.986633,-51.4096413,51.4834595],"rotationMatrix":[0.675687015,0.737188578,0,-0.737188578,0.675687015,0,0,0,0.999999881],"scale":1.23473513,"type":"rock_01_a_large_b"}
{"pos":[667.110779,-58.7615051,50.8037262],"rotationMatrix":[0.628569722,0.777753234,0,-0.777753234,0.628569722,0,0,0,0.999999881],"scale":1.32764864,"type":"rock_01_a_large_b"}
{"pos":[666.78479,-57.3308525,51.1270294],"rotationMatrix":[-0.998579264,0.0532849915,0,-0.0532849915,-0.998579264,0,0,0,0.999999881],"scale":1.1659472,"type":"rock_01_a_large_b"}
{"pos":[666.056946,-61.067009,51.0595322],"rotationMatrix":[-0.797210336,-0.603701651,0,0.603701651,-0.797210336,0,0,0,0.999999881],"scale":1.09858525,"type":"rock_01_a_large_b"}
{"pos":[669.341003,-60.6379623,49.6284218],"rotationMatrix":[-0.749298871,0.662231684,0,-0.662231684,-0.749298871,0,0,0,0.999999881],"scale":1.33886468,"type":"rock_01_a_large_b"}
{"pos":[671.128235,-59.966362,48.7624207],"rotationMatrix":[0.999121726,-0.0418989584,0,0.0418989584,0.999121726,0,0,0,0.999999881],"scale":1.05261374,"type":"rock_01_a_large_b"}
{"pos":[667.15802,-65.7968826,50.4648323],"rotationMatrix":[-0.362318337,0.932054281,0,-0.932054281,-0.362318337,0,0,0,0.999999881],"scale":1.40153813,"type":"rock_01_a_large_b"}
{"pos":[669.608521,-68.9096222,48.6513786],"rotationMatrix":[-0.744393766,-0.667740703,0,0.667740703,-0.744393766,0,0,0,0.999999881],"scale":1.47095752,"type":"rock_01_a_large_b"}
{"pos":[666.145569,-65.8777847,50.8455887],"rotationMatrix":[-0.977693737,-0.210035637,0,0.210035637,-0.977693737,0,0,0,0.999999881],"scale":1.25438261,"type":"rock_01_a_large_b"}
{"pos":[666.654236,-70.2364044,50.7365112],"rotationMatrix":[-0.739070892,0.673627377,0,-0.673627377,-0.739070892,0,0,0,0.999999881],"scale":1.41846275,"type":"rock_01_a_large_b"}
{"pos":[666.366516,-69.2243347,50.8853149],"rotationMatrix":[0.9949283,0.100586072,0,-0.100586072,0.9949283,0,0,0,0.999999881],"scale":1.17468059,"type":"rock_01_a_large_b"}
{"pos":[663.809387,-66.2985611,51.4948349],"rotationMatrix":[-0.532952726,-0.846144974,0,0.846144974,-0.532952726,0,0,0,0.999999881],"scale":1.3833015,"type":"rock_01_a_large_b"}
{"pos":[663.906921,-75.1137009,51.5167274],"rotationMatrix":[-0.665610969,-0.74629885,0,0.74629885,-0.665610969,0,0,0,0.999999881],"scale":1.23856521,"type":"rock_01_a_large_b"}
{"pos":[666.8396,-72.2784958,50.4066505],"rotationMatrix":[0.956497431,0.291740566,0,-0.291740566,0.956497431,0,0,0,0.999999881],"scale":1.22153854,"type":"rock_01_a_large_b"}
{"pos":[665.952148,-77.6650009,50.4401588],"rotationMatrix":[-0.668214321,-0.743968785,0,0.743968785,-0.668214321,0,0,0,0.999999881],"scale":1.4573375,"type":"rock_01_a_large_b"}
{"pos":[662.886475,-76.3154831,51.4742393],"rotationMatrix":[0.580673814,0.814136326,0,-0.814136326,0.580673814,0,0,0,0.999999881],"scale":1.44159567,"type":"rock_01_a_large_b"}
{"pos":[665.679077,-75.744873,50.8899803],"rotationMatrix":[0.826649189,-0.562717438,0,0.562717438,0.826649189,0,0,0,0.999999881],"scale":1.12208176,"type":"rock_01_a_large_b"}
{"pos":[664.161011,-80.2714996,51.3854294],"rotationMatrix":[-0.977734447,0.209845588,0,-0.209845588,-0.977734447,0,0,0,0.999999881],"scale":1.17853951,"type":"rock_01_a_large_b"}
{"pos":[665.89679,-83.1115494,50.700119],"rotationMatrix":[-0.388864815,-0.921294749,0,0.921294749,-0.388864815,0,0,0,0.999999881],"scale":1.08978736,"type":"rock_01_a_large_b"}
{"pos":[663.932922,-77.7503433,51.5398674],"rotationMatrix":[-0.791066587,-0.611729801,0,0.611729801,-0.791066587,0,0,0,0.999999881],"scale":1.03225672,"type":"rock_01_a_large_b"}
{"pos":[664.930237,-81.212738,51.1542358],"rotationMatrix":[-0.764916241,0.644129455,0,-0.644129455,-0.764916241,0,0,0,0.999999881],"scale":1.08572602,"type":"rock_01_a_large_b"}
{"pos":[662.462769,-89.2506104,51.4579048],"rotationMatrix":[-0.71991986,-0.694057226,0,0.694057226,-0.71991986,0,0,0,0.999999881],"scale":1.40496874,"type":"rock_01_a_large_b"}
{"pos":[660.820068,-89.6020813,51.4931145],"rotationMatrix":[-0.354667693,0.934992254,0,-0.934992254,-0.354667693,0,0,0,0.999999881],"scale":1.44528723,"type":"rock_01_a_large_b"}
{"pos":[661.662231,-90.1477509,51.5447159],"rotationMatrix":[-0.989214361,0.146474838,0,-0.146474838,-0.989214361,0,0,0,0.999999881],"scale":1.15671873,"type":"rock_01_a_large_b"}
{"pos":[662.540466,-92.623291,51.378231],"rotationMatrix":[-0.0637469143,-0.997965991,0,0.997965991,-0.0637469143,0,0,0,0.999999881],"scale":1.34327078,"type":"rock_01_a_large_b"}
{"pos":[662.20459,-88.5474777,51.5740852],"rotationMatrix":[-0.994523346,-0.104513548,0,0.104513548,-0.994523346,0,0,0,0.999999881],"scale":1.07876527,"type":"rock_01_a_large_b"}
{"pos":[665.626343,-91.3594742,49.7803688],"rotationMatrix":[0.454348922,0.890823841,0,-0.890823841,0.454348922,0,0,0,0.999999881],"scale":1.43668568,"type":"rock_01_a_large_b"}
{"pos":[662.534607,-100.863594,50.6335793],"rotationMatrix":[0.912868679,-0.408253074,0,0.408253074,0.912868679,0,0,0,0.999999881],"scale":1.3903687,"type":"rock_01_a_large_b"}
{"pos":[659.32312,-114.013062,51.1562538],"rotationMatrix":[0.988215387,-0.153068751,0,0.153068751,0.988215387,0,0,0,0.999999881],"scale":1.34665871,"type":"rock_01_a_large_b"}
{"pos":[661.426819,-114.570618,50.2950974],"rotationMatrix":[0.86321187,-0.504841685,0,0.504841685,0.86321187,0,0,0,0.999999881],"scale":1.29850984,"type":"rock_01_a_large_b"}
{"pos":[661.944519,-114.102142,49.9533691],"rotationMatrix":[-0.662685335,0.748897672,0,-0.748897672,-0.662685335,0,0,0,0.999999881],"scale":1.19505167,"type":"rock_01_a_large_b"}
{"pos":[660.638733,-109.290131,51.0084686],"rotationMatrix":[0.725035429,0.688711584,0,-0.688711584,0.725035429,0,0,0,0.999999881],"scale":1.1059494,"type":"rock_01_a_large_b"}
{"pos":[660.441223,-110.547165,51.0861816],"rotationMatrix":[-0.327022523,0.945016444,0,-0.945016444,-0.327022523,0,0,0,0.999999881],"scale":1.13423729,"type":"rock_01_a_large_b"}
{"pos":[661.792847,-108.836052,50.4519157],"rotationMatrix":[0.985902727,-0.167319238,0,0.167319238,0.985902727,0,0,0,0.999999881],"scale":1.06634665,"type":"rock_01_a_large_b"}
{"pos":[659.138428,-110.953072,51.4078979],"rotationMatrix":[-0.110409066,0.993886173,0,-0.993886173,-0.110409066,0,0,0,0.999999881],"scale":1.22476339,"type":"rock_01_a_large_b"}
{"pos":[659.074036,-119.94519,51.0499268],"rotationMatrix":[-0.00698402571,-0.999975502,0,0.999975502,-0.00698402571,0,0,0,0.999999881],"scale":1.06196523,"type":"rock_01_a_large_b"}
{"pos":[659.61145,-117.700157,50.9103775],"rotationMatrix":[-0.233709082,0.97230643,0,-0.97230643,-0.233709082,0,0,0,0.999999881],"scale":1.44007075,"type":"rock_01_a_large_b"}
{"pos":[658.451111,-117.107109,51.3256645],"rotationMatrix":[-0.63691169,0.770936489,0,-0.770936489,-0.63691169,0,0,0,0.999999881],"scale":1.13478899,"type":"rock_01_a_large_b"}
{"pos":[662.642883,-121.068214,48.709507],"rotationMatrix":[-0.278893501,-0.960321963,0,0.960321963,-0.278893501,0,0,0,0.999999881],"scale":1.40908813,"type":"rock_01_a_large_b"}
{"pos":[660.153259,-131.075043,49.7402344],"rotationMatrix":[-0.949875653,-0.312628031,0,0.312628031,-0.949875653,0,0,0,0.999999881],"scale":1.02527499,"type":"rock_01_a_large_b"}
{"pos":[661.424927,-129.104614,48.6904259],"rotationMatrix":[-0.72932142,0.68417114,0,-0.68417114,-0.72932142,0,0,0,0.999999881],"scale":1.45758772,"type":"rock_01_a_large_b"}
{"pos":[656.092529,-129.087936,50.4994164],"rotationMatrix":[0.21852693,0.975830913,0,-0.975830913,0.21852693,0,0,0,0.999999881],"scale":1.40351009,"type":"rock_01_a_large_b"}
{"pos":[658.862549,-131.041412,50.813343],"rotationMatrix":[0.854301095,-0.519778311,0,0.519778311,0.854301095,0,0,0,0.999999881],"scale":1.12542486,"type":"rock_01_a_large_b"}
{"pos":[663.171448,-100.11338,50.5376892],"rotationMatrix":[-0.972355068,0.233506739,0,-0.233506739,-0.972355068,0,0,0,0.999999881],"scale":1.31323767,"type":"rock_01_a_large_b"}
{"pos":[665.774841,-102.143845,48.6243629],"rotationMatrix":[-0.820624053,-0.571468413,0,0.571468413,-0.820624053,0,0,0,0.999999881],"scale":1.2239635,"type":"rock_01_a_large_b"}
{"pos":[660.656006,-103.811005,51.1970062],"rotationMatrix":[-0.904743075,0.42595768,0,-0.42595768,-0.904743075,0,0,0,0.999999881],"scale":1.3385613,"type":"rock_01_a_large_b"}
{"pos":[665.861694,-105.390503,48.1766548],"rotationMatrix":[-0.933668435,0.358138591,0,-0.358138591,-0.933668435,0,0,0,0.999999881],"scale":1.33076906,"type":"rock_01_a_large_b"}
{"pos":[661.357361,-104.506729,50.9296761],"rotationMatrix":[-0.977331221,-0.211715981,0,0.211715981,-0.977331221,0,0,0,0.999999881],"scale":1.22143292,"type":"rock_01_a_large_b"}
{"pos":[667.591736,-81.4776459,49.3254356],"rotationMatrix":[-0.50873971,-0.86092037,0,0.86092037,-0.50873971,0,0,0,0.999999881],"scale":1.00855637,"type":"rock_01_a_large_b"}
{"pos":[666.309021,-86.8530273,49.8199425],"rotationMatrix":[0.896801174,-0.442433625,0,0.442433625,0.896801174,0,0,0,0.999999881],"scale":1.13847649,"type":"rock_01_a_large_b"}
{"pos":[664.914673,-85.8809891,50.7399712],"rotationMatrix":[0.99934411,-0.0362091996,0,0.0362091996,0.99934411,0,0,0,0.999999881],"scale":1.49264812,"type":"rock_01_a_large_b"}
{"pos":[667.877258,-85.0236206,48.8298378],"rotationMatrix":[0.259130478,0.965842307,0,-0.965842307,0.259130478,0,0,0,0.999999881],"scale":1.22538924,"type":"rock_01_a_large_b"}
{"pos":[667.345642,-87.5365753,48.8867531],"rotationMatrix":[-0.128519833,-0.991706789,0,0.991706789,-0.128519833,0,0,0,0.999999881],"scale":1.35932088,"type":"rock_01_a_large_b"}
{"pos":[667.024231,-85.0295639,49.3988304],"rotationMatrix":[-0.528253734,-0.849086404,0,0.849086404,-0.528253734,0,0,0,0.999999881],"scale":1.39532757,"type":"rock_01_a_large_b"}
{"pos":[669.374878,-86.3769531,47.5796089],"rotationMatrix":[-0.00163632946,0.999998629,0,-0.999998629,-0.00163632946,0,0,0,0.999999881],"scale":1.04481435,"type":"rock_01_a_large_b"}
{"pos":[663.610779,-83.0592346,51.3680115],"rotationMatrix":[-0.654154658,0.75636071,0,-0.75636071,-0.654154658,0,0,0,0.999999881],"scale":1.44105875,"type":"rock_01_a_large_b"}
{"pos":[669.411438,-70.3031082,48.938446],"rotationMatrix":[-0.74473244,0.667362869,0,-0.667362869,-0.74473244,0,0,0,0.999999881],"scale":1.05944395,"type":"rock_01_a_large_b"}
{"pos":[669.069336,-66.1197739,49.4163551],"rotationMatrix":[0.533439934,0.84583801,0,-0.84583801,0.533439934,0,0,0,0.999999881],"scale":1.18755889,"type":"rock_01_a_large_b"}
{"pos":[670.538391,-71.1737747,47.956749],"rotationMatrix":[-0.63616991,0.771548748,0,-0.771548748,-0.63616991,0,0,0,0.999999881],"scale":1.14759576,"type":"rock_01_a_large_b"}
{"pos":[669.127258,-71.8114319,48.7301788],"rotationMatrix":[0.99993825,0.0111046564,0,-0.0111046564,0.99993825,0,0,0,0.999999881],"scale":1.31033516,"type":"rock_01_a_large_b"}
{"pos":[667.460815,-60.3661232,50.5318184],"rotationMatrix":[-0.983108103,-0.183025539,0,0.183025539,-0.983108103,0,0,0,0.999999881],"scale":1.26090312,"type":"rock_01_a_large_b"}
{"pos":[672.041992,-57.3781128,48.3942146],"rotationMatrix":[-0.999965131,0.0083353417,0,-0.0083353417,-0.999965131,0,0,0,0.999999881],"scale":1.34171009,"type":"rock_01_a_large_b"}
