{"pos":[-28.7714043,8.27696609,249.909912],"rotationMatrix":[0.880998313,-0.47311911,0,0.47311911,0.880998313,0,-0,0,0.999999881],"scale":1.35710216,"type":"rock_01_a_large_a"}
{"pos":[-32.2894516,6.76623774,250.388535],"rotationMatrix":[0.34558174,-0.938388586,0,0.938388586,0.34558174,0,-0,0,0.999999881],"scale":1.23463345,"type":"rock_01_a_large_a"}
{"pos":[-42.8933067,4.62649441,250.289291],"rotationMatrix":[-0.944184721,-0.329416126,0,0.329416126,-0.944184721,0,-0,0,0.999999881],"scale":1.0794785,"type":"rock_01_a_large_a"}
{"pos":[-47.6171532,6.51216793,249.958817],"rotationMatrix":[-0.78606832,-0.618139625,0,0.618139625,-0.78606832,0,-0,0,0.999999881],"scale":1.09444976,"type":"rock_01_a_large_a"}
{"pos":[-39.4043884,4.42118263,250.14093],"rotationMatrix":[0.470953077,-0.88215822,0,0.88215822,0.470953077,0,-0,0,0.999999881],"scale":1.04053903,"type":"rock_01_a_large_a"}
{"pos":[-34.4117393,6.96202755,250.040131],"rotationMatrix":[-0.95235604,-0.304988295,0,0.304988295,-0.95235604,0,-0,0,0.999999881],"scale":1.42130458,"type":"rock_01_a_large_a"}
{"pos":[-29.4797668,6.72161245,249.981705],"rotationMatrix":[0.712428689,0.701744497,0,-0.701744497,0.712428689,-0,-0,0,0.999999881],"scale":1.4668901,"type":"rock_01_a_large_a"}
