{"pos":[-49.0068016,-0.326742291,250.070908],"rotationMatrix":[0.431810826,-0.901964009,0,0.901964009,0.431810826,0,-0,0,0.999999881],"scale":1.54678464,"type":"rock_01_a_small_c"}
{"pos":[-28.4535751,2.8214941,250.16626],"rotationMatrix":[-0.80523324,0.592958093,-0,-0.592958093,-0.80523324,0,-0,0,0.999999881],"scale":1.52884007,"type":"rock_01_a_small_c"}
{"pos":[-44.9015007,3.8402524,250.654495],"rotationMatrix":[-0.98054105,-0.19631429,0,0.19631429,-0.98054105,0,-0,0,0.999999881],"scale":1.4637444,"type":"rock_01_a_small_c"}
