{"pos":[697.632446,0.759655714,49.8192787],"rotationMatrix":[0.296918452,-0.954902709,0,0.954902709,0.296918452,0,0,0,0.999999881],"scale":1.21222258,"type":"rock_01_a_large_a"}
{"pos":[691.522217,-50.6964455,49.2190132],"rotationMatrix":[-0.459107667,0.888380468,0,-0.888380468,-0.459107667,0,0,0,0.999999881],"scale":1.22824788,"type":"rock_01_a_large_a"}
{"pos":[693.856201,-51.2960358,50.1851692],"rotationMatrix":[0.781436741,0.623984396,0,-0.623984396,0.781436741,0,0,0,0.999999881],"scale":1.01593709,"type":"rock_01_a_large_a"}
{"pos":[692.051453,-49.8559532,49.2308235],"rotationMatrix":[-0.856749833,-0.515732229,0,0.515732229,-0.856749833,0,0,0,0.999999881],"scale":1.39662826,"type":"rock_01_a_large_a"}
{"pos":[693.278809,-44.5199203,49.5409889],"rotationMatrix":[0.995672166,0.0929336473,0,-0.0929336473,0.995672166,0,0,0,0.999999881],"scale":1.03517807,"type":"rock_01_a_large_a"}
{"pos":[694.565125,-46.1219826,49.9430351],"rotationMatrix":[-0.415746719,-0.909480393,0,0.909480393,-0.415746719,0,0,0,0.999999881],"scale":1.04222834,"type":"rock_01_a_large_a"}
{"pos":[692.050476,-45.7073441,49.0582504],"rotationMatrix":[0.866982162,0.498339146,0,-0.498339146,0.866982162,0,0,0,0.999999881],"scale":1.17149138,"type":"rock_01_a_large_a"}
{"pos":[694.855835,-40.4328575,50.178257],"rotationMatrix":[-0.287967354,-0.957640111,0,0.957640111,-0.287967354,0,0,0,0.999999881],"scale":1.4395045,"type":"rock_01_a_large_a"}
{"pos":[690.898376,-45.7610359,48.6738739],"rotationMatrix":[-0.996594012,-0.0824628845,0,0.0824628845,-0.996594012,0,0,0,0.999999881],"scale":1.21566093,"type":"rock_01_a_large_a"}
{"pos":[691.43103,-45.2745705,48.8600311],"rotationMatrix":[0.622806132,0.78237617,0,-0.78237617,0.622806132,0,0,0,0.999999881],"scale":1.0733223,"type":"rock_01_a_large_a"}
{"pos":[690.441467,-54.551609,49.0062904],"rotationMatrix":[-0.312483698,-0.949923038,0,0.949923038,-0.312483698,0,0,0,0.999999881],"scale":1.21623468,"type":"rock_01_a_large_a"}
{"pos":[690.988037,-57.0187187,49.3734627],"rotationMatrix":[-0.877459943,-0.479649961,0,0.479649961,-0.877459943,0,0,0,0.999999881],"scale":1.374488,"type":"rock_01_a_large_a"}
{"pos":[692.988647,-62.8322945,50.0569458],"rotationMatrix":[-0.780967712,0.624571264,0,-0.624571264,-0.780967712,0,0,0,0.999999881],"scale":1.25011647,"type":"rock_01_a_large_a"}
{"pos":[692.731567,-60.2451668,50.0289764],"rotationMatrix":[0.7305094,0.682902634,0,-0.682902634,0.7305094,0,0,0,0.999999881],"scale":1.43755996,"type":"rock_01_a_large_a"}
{"pos":[690.002747,-63.0684433,48.700676],"rotationMatrix":[0.216436699,0.976296604,0,-0.976296604,0.216436699,0,0,0,0.999999881],"scale":1.41933393,"type":"rock_01_a_large_a"}
{"pos":[691.904419,-65.0124664,49.6340256],"rotationMatrix":[-0.973246396,0.229763553,0,-0.229763553,-0.973246396,0,0,0,0.999999881],"scale":1.17298317,"type":"rock_01_a_large_a"}
{"pos":[689.819397,-60.6702385,48.6538696],"rotationMatrix":[-0.0524802394,0.998621821,0,-0.998621821,-0.0524802394,0,0,0,0.999999881],"scale":1.2374239,"type":"rock_01_a_large_a"}
{"pos":[691.222656,-60.1762352,49.377224],"rotationMatrix":[-0.0839482248,0.996470034,0,-0.996470034,-0.0839482248,0,0,0,0.999999881],"scale":1.24610353,"type":"rock_01_a_large_a"}
{"pos":[688.757202,-61.0305939,48.1335945],"rotationMatrix":[-0.79667747,-0.604404688,0,0.604404688,-0.79667747,0,0,0,0.999999881],"scale":1.22641873,"type":"rock_01_a_large_a"}
{"pos":[689.038208,-70.8402481,48.6137619],"rotationMatrix":[-0.900488794,0.434878886,0,-0.434878886,-0.900488794,0,0,0,0.999999881],"scale":1.01319933,"type":"rock_01_a_large_a"}
{"pos":[692.234558,-69.7894516,50.1062927],"rotationMatrix":[-0.539811432,0.841785789,0,-0.841785789,-0.539811432,0,0,0,0.999999881],"scale":1.17874801,"type":"rock_01_a_large_a"}
{"pos":[691.252686,-68.2333755,49.6343842],"rotationMatrix":[-0.646756887,0.762695968,0,-0.762695968,-0.646756887,0,0,0,0.999999881],"scale":1.09252322,"type":"rock_01_a_large_a"}
{"pos":[690.181396,-68.4205704,49.1304436],"rotationMatrix":[-0.549322903,-0.835610151,0,0.835610151,-0.549322903,0,0,0,0.999999881],"scale":1.12501264,"type":"rock_01_a_large_a"}
{"pos":[691.43335,-70.3328171,49.5684662],"rotationMatrix":[0.945071518,0.326863438,0,-0.326863438,0.945071518,0,0,0,0.999999881],"scale":1.48993361,"type":"rock_01_a_large_a"}
{"pos":[690.986694,-77.3390045,49.4877892],"rotationMatrix":[-0.304651499,-0.952463806,0,0.952463806,-0.304651499,0,0,0,0.999999881],"scale":1.38125718,"type":"rock_01_a_large_a"}
{"pos":[687.759705,-73.4676056,47.9777794],"rotationMatrix":[0.251232266,0.9679268,0,-0.9679268,0.251232266,0,0,0,0.999999881],"scale":1.05357373,"type":"rock_01_a_large_a"}
{"pos":[688.140808,-76.7622528,48.0394821],"rotationMatrix":[-0.218567789,-0.975821674,0,0.975821674,-0.218567789,0,0,0,0.999999881],"scale":1.47270346,"type":"rock_01_a_large_a"}
{"pos":[688.913879,-73.3331757,48.426384],"rotationMatrix":[-0.0754842535,-0.997146904,0,0.997146904,-0.0754842535,0,0,0,0.999999881],"scale":1.26137269,"type":"rock_01_a_large_a"}
{"pos":[691.602661,-75.0750885,49.8618355],"rotationMatrix":[-0.971900165,0.235393375,0,-0.235393375,-0.971900165,0,0,0,0.999999881],"scale":1.19895875,"type":"rock_01_a_large_a"}
{"pos":[689.923584,-76.8300247,49.140873],"rotationMatrix":[-0.606857836,0.794810176,0,-0.794810176,-0.606857836,0,0,0,0.999999881],"scale":1.03476226,"type":"rock_01_a_large_a"}
{"pos":[688.294495,-78.9299011,48.2083511],"rotationMatrix":[-0.602404654,0.798190653,0,-0.798190653,-0.602404654,0,0,0,0.999999881],"scale":1.36095917,"type":"rock_01_a_large_a"}
{"pos":[688.236023,-83.7685471,48.0292091],"rotationMatrix":[-0.502566874,-0.864538133,0,0.864538133,-0.502566874,0,0,0,0.999999881],"scale":1.41661048,"type":"rock_01_a_large_a"}
{"pos":[691.134888,-82.716362,49.7503815],"rotationMatrix":[-0.750207901,-0.661201835,0,0.661201835,-0.750207901,0,0,0,0.999999881],"scale":1.22177768,"type":"rock_01_a_large_a"}
{"pos":[691.233887,-80.1223755,49.5605659],"rotationMatrix":[-0.570281088,-0.821449459,0,0.821449459,-0.570281088,0,0,0,0.999999881],"scale":1.4383235,"type":"rock_01_a_large_a"}
{"pos":[688.8974,-85.3016434,48.5529251],"rotationMatrix":[0.245797336,-0.969321191,0,0.969321191,0.245797336,0,0,0,0.999999881],"scale":1.37804782,"type":"rock_01_a_large_a"}
{"pos":[688.152832,-89.4977417,48.0158386],"rotationMatrix":[0.567889988,0.823104441,0,-0.823104441,0.567889988,0,0,0,0.999999881],"scale":1.47562742,"type":"rock_01_a_large_a"}
{"pos":[691.405151,-87.5328751,49.9404297],"rotationMatrix":[0.162341073,0.986734688,0,-0.986734688,0.162341073,0,0,0,0.999999881],"scale":1.37030458,"type":"rock_01_a_large_a"}
{"pos":[687.352295,-90.6626816,47.7187004],"rotationMatrix":[-0.974765241,0.223232076,0,-0.223232076,-0.974765241,0,0,0,0.999999881],"scale":1.36177444,"type":"rock_01_a_large_a"}
{"pos":[690.875854,-89.7898407,49.3664589],"rotationMatrix":[-0.452161759,0.891935766,0,-0.891935766,-0.452161759,0,0,0,0.999999881],"scale":1.06068027,"type":"rock_01_a_large_a"}
{"pos":[688.369568,-92.8218079,48.1009598],"rotationMatrix":[-0.412279934,0.911057115,0,-0.911057115,-0.412279934,0,0,0,0.999999881],"scale":1.29968607,"type":"rock_01_a_large_a"}
{"pos":[690.478638,-93.6559219,48.8891449],"rotationMatrix":[-0.546355367,-0.837553442,0,0.837553442,-0.546355367,0,0,0,0.999999881],"scale":1.04110789,"type":"rock_01_a_large_a"}
{"pos":[692.577087,-92.8556976,49.536068],"rotationMatrix":[0.264689326,-0.964333594,0,0.964333594,0.264689326,0,0,0,0.999999881],"scale":1.35137618,"type":"rock_01_a_large_a"}
{"pos":[690.350037,-94.7248459,48.6756516],"rotationMatrix":[0.691205978,0.7226578,0,-0.7226578,0.691205978,0,0,0,0.999999881],"scale":1.46083188,"type":"rock_01_a_large_a"}
{"pos":[691.741638,-94.4559402,49.0930481],"rotationMatrix":[0.997707069,-0.0676785707,0,0.0676785707,0.997707069,0,0,0,0.999999881],"scale":1.49691772,"type":"rock_01_a_large_a"}
{"pos":[689.135376,-97.9241943,48.3933563],"rotationMatrix":[0.509573519,-0.860426962,0,0.860426962,0.509573519,0,0,0,0.999999881],"scale":1.12812185,"type":"rock_01_a_large_a"}
{"pos":[691.726135,-97.1088333,49.1417618],"rotationMatrix":[-0.842770219,0.538273394,0,-0.538273394,-0.842770219,0,0,0,0.999999881],"scale":1.14546609,"type":"rock_01_a_large_a"}
{"pos":[692.669128,-94.5252228,49.5256844],"rotationMatrix":[0.98884052,-0.148977593,0,0.148977593,0.98884052,0,0,0,0.999999881],"scale":1.12671256,"type":"rock_01_a_large_a"}
{"pos":[693.168823,-96.6401825,49.4098206],"rotationMatrix":[-0.544135332,-0.838997304,0,0.838997304,-0.544135332,0,0,0,0.999999881],"scale":1.31814051,"type":"rock_01_a_large_a"}
{"pos":[690.741821,-98.4425812,48.9059258],"rotationMatrix":[0.569506347,-0.821986735,0,0.821986735,0.569506347,0,0,0,0.999999881],"scale":1.31918335,"type":"rock_01_a_large_a"}
{"pos":[691.688721,-101.525124,49.2583733],"rotationMatrix":[-0.543160379,0.839628756,0,-0.839628756,-0.543160379,0,0,0,0.999999881],"scale":1.30791831,"type":"rock_01_a_large_a"}
{"pos":[691.732727,-99.6880112,49.2317924],"rotationMatrix":[0.943646193,0.330955833,0,-0.330955833,0.943646193,0,0,0,0.999999881],"scale":1.11220181,"type":"rock_01_a_large_a"}
{"pos":[688.625061,-99.8858566,48.1522751],"rotationMatrix":[-0.857741237,-0.514081657,0,0.514081657,-0.857741237,0,0,0,0.999999881],"scale":1.44679415,"type":"rock_01_a_large_a"}
{"pos":[691.32074,-31.6821594,48.7073174],"rotationMatrix":[-0.487795591,0.872957766,0,-0.872957766,-0.487795591,0,0,0,0.999999881],"scale":1.03654969,"type":"rock_01_a_large_a"}
{"pos":[688.704773,-42.3420639,47.7206879],"rotationMatrix":[0.633431017,-0.773799062,0,0.773799062,0.633431017,0,0,0,0.999999881],"scale":1.17108321,"type":"rock_01_a_large_a"}
{"pos":[690.046082,-40.6724167,48.2512054],"rotationMatrix":[0.240693972,0.970601022,0,-0.970601022,0.240693972,0,0,0,0.999999881],"scale":1.34948468,"type":"rock_01_a_large_a"}
{"pos":[685.403442,-48.2213669,46.5690308],"rotationMatrix":[0.174683198,0.984624684,0,-0.984624684,0.174683198,0,0,0,0.999999881],"scale":1.40540528,"type":"rock_01_a_large_a"}
{"pos":[686.557556,-49.3384323,46.8767319],"rotationMatrix":[-0.844067514,0.536236584,0,-0.536236584,-0.844067514,0,0,0,0.999999881],"scale":1.39202738,"type":"rock_01_a_large_a"}
{"pos":[689.437073,-53.6094437,48.2157631],"rotationMatrix":[0.630028367,0.776572108,0,-0.776572108,0.630028367,0,0,0,0.999999881],"scale":1.3029232,"type":"rock_01_a_large_a"}
{"pos":[688.583557,-53.2034225,47.7000122],"rotationMatrix":[-0.571011782,-0.820941746,0,0.820941746,-0.571011782,0,0,0,0.999999881],"scale":1.49801373,"type":"rock_01_a_large_a"}
{"pos":[686.062866,-59.8616753,47.0034943],"rotationMatrix":[-0.0288530737,-0.999583542,0,0.999583542,-0.0288530737,0,0,0,0.999999881],"scale":1.3026154,"type":"rock_01_a_large_a"}
{"pos":[685.691162,-60.926796,46.8628998],"rotationMatrix":[0.758412361,-0.651774824,0,0.651774824,0.758412361,0,0,0,0.999999881],"scale":1.35453105,"type":"rock_01_a_large_a"}
{"pos":[685.984741,-59.1932755,46.9605598],"rotationMatrix":[0.449885637,0.893086195,0,-0.893086195,0.449885637,0,0,0,0.999999881],"scale":1.18430924,"type":"rock_01_a_large_a"}
{"pos":[686.069092,-62.8558464,47.0663071],"rotationMatrix":[-0.0629340857,0.99801755,0,-0.99801755,-0.0629340857,0,0,0,0.999999881],"scale":1.18056703,"type":"rock_01_a_large_a"}
{"pos":[685.669556,-64.1280441,46.8713074],"rotationMatrix":[0.451940894,0.892047942,0,-0.892047942,0.451940894,0,0,0,0.999999881],"scale":1.17456865,"type":"rock_01_a_large_a"}
{"pos":[686.861145,-64.8491516,47.4741554],"rotationMatrix":[-0.026674768,-0.999644101,0,0.999644101,-0.026674768,0,0,0,0.999999881],"scale":1.00808978,"type":"rock_01_a_large_a"}
{"pos":[685.13385,-62.0585403,46.6997643],"rotationMatrix":[-0.844195366,-0.536035597,0,0.536035597,-0.844195366,0,0,0,0.999999881],"scale":1.20112348,"type":"rock_01_a_large_a"}
{"pos":[684.758667,-71.352272,46.6086922],"rotationMatrix":[0.692467809,0.72144872,0,-0.72144872,0.692467809,0,0,0,0.999999881],"scale":1.26607215,"type":"rock_01_a_large_a"}
{"pos":[686.899353,-79.8000641,47.3744583],"rotationMatrix":[0.344010681,-0.938965619,0,0.938965619,0.344010681,0,0,0,0.999999881],"scale":1.45977402,"type":"rock_01_a_large_a"}
{"pos":[685.555786,-76.5163116,47.0610008],"rotationMatrix":[-0.33434552,0.942450464,0,-0.942450464,-0.33434552,0,0,0,0.999999881],"scale":1.37308872,"type":"rock_01_a_large_a"}
{"pos":[684.346008,-82.2548904,46.3666649],"rotationMatrix":[0.128908828,-0.991656363,0,0.991656363,0.128908828,0,0,0,0.999999881],"scale":1.33363318,"type":"rock_01_a_large_a"}
{"pos":[686.158447,-83.3109665,47.0734863],"rotationMatrix":[-0.931119144,-0.364715189,0,0.364715189,-0.931119144,0,0,0,0.999999881],"scale":1.31580853,"type":"rock_01_a_large_a"}
{"pos":[687.875732,-90.4873047,48.1076546],"rotationMatrix":[-0.156417847,0.987690866,0,-0.987690866,-0.156417847,0,0,0,0.999999881],"scale":1.224226,"type":"rock_01_a_large_a"}
{"pos":[684.592529,-89.7844849,46.6603546],"rotationMatrix":[-0.990323842,-0.138774619,0,0.138774619,-0.990323842,0,0,0,0.999999881],"scale":1.32679522,"type":"rock_01_a_large_a"}
{"pos":[683.512329,-89.1717453,46.339962],"rotationMatrix":[-0.671612263,0.740902722,0,-0.740902722,-0.671612263,0,0,0,0.999999881],"scale":1.42067432,"type":"rock_01_a_large_a"}
{"pos":[687.787537,-98.1377716,47.8465004],"rotationMatrix":[0.99725014,-0.0741080493,0,0.0741080493,0.99725014,0,0,0,0.999999881],"scale":1.37903011,"type":"rock_01_a_large_a"}
{"pos":[685.337891,-97.1461563,47.295372],"rotationMatrix":[-0.400539309,0.916279435,0,-0.916279435,-0.400539309,0,0,0,0.999999881],"scale":1.06113994,"type":"rock_01_a_large_a"}
{"pos":[684.276672,-95.5811081,46.7696075],"rotationMatrix":[-0.976631165,0.214921981,0,-0.214921981,-0.976631165,0,0,0,0.999999881],"scale":1.34074044,"type":"rock_01_a_large_a"}
{"pos":[684.146973,-97.2934723,46.845974],"rotationMatrix":[0.616127789,0.787646174,0,-0.787646174,0.616127789,0,0,0,0.999999881],"scale":1.05964684,"type":"rock_01_a_large_a"}
{"pos":[691.586304,-20.8015289,48.2350197],"rotationMatrix":[-0.476197898,-0.879338026,0,0.879338026,-0.476197898,0,0,0,0.999999881],"scale":1.21673238,"type":"rock_01_a_large_a"}
{"pos":[688.340271,-25.5187073,46.9694557],"rotationMatrix":[0.258070588,-0.966125965,0,0.966125965,0.258070588,0,0,0,0.999999881],"scale":1.37775016,"type":"rock_01_a_large_a"}
{"pos":[687.768494,-23.6125183,46.7148094],"rotationMatrix":[0.659201026,0.751966774,0,-0.751966774,0.659201026,0,0,0,0.999999881],"scale":1.42868018,"type":"rock_01_a_large_a"}
{"pos":[691.149597,-22.8898373,48.0414543],"rotationMatrix":[-0.927032173,0.374981493,0,-0.374981493,-0.927032173,0,0,0,0.999999881],"scale":1.40826035,"type":"rock_01_a_large_a"}
{"pos":[691.91394,-22.926384,48.5042458],"rotationMatrix":[0.567116559,-0.823637486,0,0.823637486,0.567116559,0,0,0,0.999999881],"scale":1.19984031,"type":"rock_01_a_large_a"}
{"pos":[689.760986,-21.5148811,47.3401833],"rotationMatrix":[0.143204823,0.989692986,0,-0.989692986,0.143204823,0,0,0,0.999999881],"scale":1.44860256,"type":"rock_01_a_large_a"}
{"pos":[689.230103,-22.1664772,47.3155098],"rotationMatrix":[0.833756685,0.55213201,0,-0.55213201,0.833756685,0,0,0,0.999999881],"scale":1.23115563,"type":"rock_01_a_large_a"}
{"pos":[694.076721,-17.677002,49.2067032],"rotationMatrix":[-0.684686482,-0.72883749,0,0.72883749,-0.684686482,0,0,0,0.999999881],"scale":1.43556857,"type":"rock_01_a_large_a"}
{"pos":[690.553467,-19.0351143,47.7102852],"rotationMatrix":[-0.102396786,-0.994743526,0,0.994743526,-0.102396786,0,0,0,0.999999881],"scale":1.0203898,"type":"rock_01_a_large_a"}
{"pos":[692.569031,-19.2265015,48.490551],"rotationMatrix":[0.53686136,-0.843670309,0,0.843670309,0.53686136,0,0,0,0.999999881],"scale":1.35046613,"type":"rock_01_a_large_a"}
{"pos":[694.40387,-20.843523,49.8493881],"rotationMatrix":[-0.930730641,-0.365705311,0,0.365705311,-0.930730641,0,0,0,0.999999881],"scale":1.16844583,"type":"rock_01_a_large_a"}
{"pos":[691.49292,-14.2355604,47.6616364],"rotationMatrix":[0.131695136,0.991290271,0,-0.991290271,0.131695136,0,0,0,0.999999881],"scale":1.34866989,"type":"rock_01_a_large_a"}
{"pos":[690.325134,-15.3708248,47.2028809],"rotationMatrix":[-0.990269721,-0.139160648,0,0.139160648,-0.990269721,0,0,0,0.999999881],"scale":1.31976604,"type":"rock_01_a_large_a"}
{"pos":[692.343994,-7.42538214,47.7338829],"rotationMatrix":[0.323548198,0.946211636,0,-0.946211636,0.323548198,0,0,0,0.999999881],"scale":1.27313471,"type":"rock_01_a_large_a"}
{"pos":[690.28656,-8.85955906,46.9533463],"rotationMatrix":[0.799809992,0.600253224,0,-0.600253224,0.799809992,0,0,0,0.999999881],"scale":1.13127303,"type":"rock_01_a_large_a"}
{"pos":[691.182739,-7.21487236,47.1898155],"rotationMatrix":[0.99488765,-0.100986376,0,0.100986376,0.99488765,0,0,0,0.999999881],"scale":1.47533882,"type":"rock_01_a_large_a"}
{"pos":[694.69165,-6.26491737,48.7289772],"rotationMatrix":[-0.993689001,-0.112169832,0,0.112169832,-0.993689001,0,0,0,0.999999881],"scale":1.23771548,"type":"rock_01_a_large_a"}
{"pos":[691.372009,-4.90124607,47.2856064],"rotationMatrix":[-0.901054382,0.433706075,0,-0.433706075,-0.901054382,0,0,0,0.999999881],"scale":1.10914099,"type":"rock_01_a_large_a"}
{"pos":[696.264221,-5.54726887,49.417984],"rotationMatrix":[0.472719729,0.881212831,0,-0.881212831,0.472719729,0,0,0,0.999999881],"scale":1.16813803,"type":"rock_01_a_large_a"}
{"pos":[695.319885,-1.18421817,49.0353737],"rotationMatrix":[-0.910906434,-0.412612975,0,0.412612975,-0.910906434,0,0,0,0.999999881],"scale":1.15797067,"type":"rock_01_a_large_a"}
{"pos":[692.512024,-3.14081979,47.5154457],"rotationMatrix":[-0.958954275,0.283560723,0,-0.283560723,-0.958954275,0,0,0,0.999999881],"scale":1.44004965,"type":"rock_01_a_large_a"}
{"pos":[692.894531,-0.570219994,47.8929176],"rotationMatrix":[-0.93594867,0.352136284,0,-0.352136284,-0.93594867,0,0,0,0.999999881],"scale":1.14099848,"type":"rock_01_a_large_a"}
{"pos":[694.706604,-0.661578178,48.5739861],"rotationMatrix":[0.390822232,0.920466185,0,-0.920466185,0.390822232,0,0,0,0.999999881],"scale":1.35186505,"type":"rock_01_a_large_a"}
{"pos":[694.710449,-2.27984548,48.7475777],"rotationMatrix":[-0.931182027,0.364554167,0,-0.364554167,-0.931182027,0,0,0,0.999999881],"scale":1.07168007,"type":"rock_01_a_large_a"}
{"pos":[692.281494,4.03794861,47.6283913],"rotationMatrix":[-0.322731078,0.946490586,0,-0.946490586,-0.322731078,0,0,0,0.999999881],"scale":1.06603384,"type":"rock_01_a_large_a"}
{"pos":[696.536682,8.00934792,49.4646645],"rotationMatrix":[-0.102738276,0.9947083,0,-0.9947083,-0.102738276,0,0,0,0.999999881],"scale":1.4163084,"type":"rock_01_a_large_a"}
{"pos":[694.210022,6.62411308,48.4410286],"rotationMatrix":[0.955309391,0.295607656,0,-0.295607656,0.955309391,0,0,0,0.999999881],"scale":1.14469337,"type":"rock_01_a_large_a"}
{"pos":[696.170898,5.15512466,49.335743],"rotationMatrix":[0.0108718472,0.999940753,0,-0.999940753,0.0108718472,0,0,0,0.999999881],"scale":1.18699658,"type":"rock_01_a_large_a"}
{"pos":[692.249023,10.0897751,47.4009399],"rotationMatrix":[0.85924089,-0.51157099,0,0.51157099,0.85924089,0,0,0,0.999999881],"scale":1.32529092,"type":"rock_01_a_large_a"}
{"pos":[694.647156,11.0923252,48.6372185],"rotationMatrix":[0.474978805,0.879997253,0,-0.879997253,0.474978805,0,0,0,0.999999881],"scale":1.1193012,"type":"rock_01_a_large_a"}
{"pos":[693.643677,15.2094555,47.8007431],"rotationMatrix":[0.893608689,0.448846787,0,-0.448846787,0.893608689,0,0,0,0.999999881],"scale":1.26514983,"type":"rock_01_a_large_a"}
{"pos":[694.341187,13.1687412,48.2611885],"rotationMatrix":[-0.816607833,0.577192783,0,-0.577192783,-0.816607833,0,0,0,0.999999881],"scale":1.11643839,"type":"rock_01_a_large_a"}
{"pos":[694.266663,17.1808357,48.1746025],"rotationMatrix":[-0.663188338,0.748452306,0,-0.748452306,-0.663188338,0,0,0,0.999999881],"scale":1.21533251,"type":"rock_01_a_large_a"}
{"pos":[693.683838,16.5153027,47.9447746],"rotationMatrix":[0.99748987,-0.0708075538,0,0.0708075538,0.99748987,0,0,0,0.999999881],"scale":1.20253634,"type":"rock_01_a_large_a"}
{"pos":[693.612244,13.5341797,47.8158798],"rotationMatrix":[-0.19961521,0.979874194,0,-0.979874194,-0.19961521,0,0,0,0.999999881],"scale":1.40428162,"type":"rock_01_a_large_a"}
{"pos":[694.582214,16.1967468,48.2946892],"rotationMatrix":[-0.67414248,0.738601267,0,-0.738601267,-0.67414248,0,0,0,0.999999881],"scale":1.32442474,"type":"rock_01_a_large_a"}
{"pos":[694.664917,20.1762047,48.4096336],"rotationMatrix":[0.891299307,-0.453415245,0,0.453415245,0.891299307,0,0,0,0.999999881],"scale":1.03228498,"type":"rock_01_a_large_a"}
{"pos":[694.000671,20.5774155,48.037693],"rotationMatrix":[0.22854127,-0.973534048,0,0.973534048,0.22854127,0,0,0,0.999999881],"scale":1.08033454,"type":"rock_01_a_large_a"}
{"pos":[691.879517,20.3041229,46.9759216],"rotationMatrix":[0.228041276,-0.973651409,0,0.973651409,0.228041276,0,0,0,0.999999881],"scale":1.44092417,"type":"rock_01_a_large_a"}
{"pos":[695.492126,18.2422218,48.6833611],"rotationMatrix":[-0.666707397,0.745319486,0,-0.745319486,-0.666707397,0,0,0,0.999999881],"scale":1.20897985,"type":"rock_01_a_large_a"}
{"pos":[695.60199,19.5587616,48.7446632],"rotationMatrix":[0.176160738,-0.984361351,0,0.984361351,0.176160738,0,0,0,0.999999881],"scale":1.13868546,"type":"rock_01_a_large_a"}
{"pos":[695.930481,21.0447083,48.8908501],"rotationMatrix":[-0.475672007,-0.879622579,0,0.879622579,-0.475672007,0,0,0,0.999999881],"scale":1.40474629,"type":"rock_01_a_large_a"}
{"pos":[694.285339,21.8286819,48.1123314],"rotationMatrix":[0.99332279,0.115367264,0,-0.115367264,0.99332279,0,0,0,0.999999881],"scale":1.20977402,"type":"rock_01_a_large_a"}
{"pos":[692.312317,21.2059784,47.1646614],"rotationMatrix":[-0.808662355,-0.58827287,0,0.58827287,-0.808662355,0,0,0,0.999999881],"scale":1.42470646,"type":"rock_01_a_large_a"}
{"pos":[695.306274,20.3947296,48.6659889],"rotationMatrix":[-0.364700705,-0.931124747,0,0.931124747,-0.364700705,0,0,0,0.999999881],"scale":1.11231625,"type":"rock_01_a_large_a"}
{"pos":[694.030273,19.6980152,47.8734589],"rotationMatrix":[-0.0909069106,-0.995859325,0,0.995859325,-0.0909069106,0,0,0,0.999999881],"scale":1.26345778,"type":"rock_01_a_large_a"}
{"pos":[698.146118,11.6250887,50.3819923],"rotationMatrix":[0.984894753,0.173153922,0,-0.173153922,0.984894753,0,0,0,0.999999881],"scale":1.32585049,"type":"rock_01_a_large_a"}
{"pos":[698.969482,11.0822191,50.9961052],"rotationMatrix":[0.999976754,-0.0068053198,0,0.0068053198,0.999976754,0,0,0,0.999999881],"scale":1.02210569,"type":"rock_01_a_large_a"}
{"pos":[696.286072,22.2497978,49.0616341],"rotationMatrix":[-0.50393492,0.863741457,0,-0.863741457,-0.50393492,0,0,0,0.999999881],"scale":1.20942831,"type":"rock_01_a_large_a"}
{"pos":[698.275269,22.5394802,50.0182266],"rotationMatrix":[0.258389115,-0.96604079,0,0.96604079,0.258389115,0,0,0,0.999999881],"scale":1.2422483,"type":"rock_01_a_large_a"}
{"pos":[693.03894,25.1316357,47.6593475],"rotationMatrix":[-0.823117733,-0.567870557,0,0.567870557,-0.823117733,0,0,0,0.999999881],"scale":1.01054132,"type":"rock_01_a_large_a"}
{"pos":[694.817749,26.1330528,48.3749161],"rotationMatrix":[-0.714324117,0.699814737,0,-0.699814737,-0.714324117,0,0,0,0.999999881],"scale":1.15546572,"type":"rock_01_a_large_a"}
{"pos":[692.666382,26.8434544,47.3226852],"rotationMatrix":[0.991580844,-0.129488468,0,0.129488468,0.991580844,0,0,0,0.999999881],"scale":1.30013275,"type":"rock_01_a_large_a"}
{"pos":[692.565308,27.9047832,47.1991501],"rotationMatrix":[0.869644582,-0.493678093,0,0.493678093,0.869644582,0,0,0,0.999999881],"scale":1.41047943,"type":"rock_01_a_large_a"}
{"pos":[694.009521,28.0095177,48.0723877],"rotationMatrix":[-0.99989289,0.0146284522,0,-0.0146284522,-0.99989289,0,0,0,0.999999881],"scale":1.12574148,"type":"rock_01_a_large_a"}
{"pos":[692.981689,32.4033356,47.8685913],"rotationMatrix":[-0.897084773,-0.441858321,0,0.441858321,-0.897084773,0,0,0,0.999999881],"scale":1.12129438,"type":"rock_01_a_large_a"}
{"pos":[698.917786,0.800957561,50.4025192],"rotationMatrix":[-0.883498907,0.468433142,0,-0.468433142,-0.883498907,0,0,0,0.999999881],"scale":1.03695977,"type":"rock_01_a_large_a"}
{"pos":[696.258057,-16.8430939,50.3864517],"rotationMatrix":[-0.173326999,-0.984864235,0,0.984864235,-0.173326999,0,0,0,0.999999881],"scale":1.41036475,"type":"rock_01_a_large_a"}
{"pos":[696.646362,-16.1929092,50.4372063],"rotationMatrix":[0.144284025,0.989536226,0,-0.989536226,0.144284025,0,0,0,0.999999881],"scale":1.48533964,"type":"rock_01_a_large_a"}
{"pos":[675.677795,-3.96345806,47.4888306],"rotationMatrix":[0.286337495,0.95812881,0,-0.95812881,0.286337495,0,0,0,0.999999881],"scale":1.32150507,"type":"rock_01_a_large_a"}
{"pos":[673.729797,-1.08521032,48.1231117],"rotationMatrix":[-0.925334156,0.379152566,0,-0.379152566,-0.925334156,0,0,0,0.999999881],"scale":1.46773314,"type":"rock_01_a_large_a"}
{"pos":[671.684204,-2.25461674,48.4236565],"rotationMatrix":[-0.955408633,-0.295286804,0,0.295286804,-0.955408633,0,0,0,0.999999881],"scale":1.33850241,"type":"rock_01_a_large_a"}
{"pos":[673.472839,-5.98528481,47.7031593],"rotationMatrix":[0.906373978,0.422476232,0,-0.422476232,0.906373978,0,0,0,0.999999881],"scale":1.19342113,"type":"rock_01_a_large_a"}
{"pos":[672.220947,-4.77490044,48.1591682],"rotationMatrix":[0.208249301,0.978075683,0,-0.978075683,0.208249301,0,0,0,0.999999881],"scale":1.10067534,"type":"rock_01_a_large_a"}
{"pos":[670.891602,-8.63389969,48.0930634],"rotationMatrix":[0.639988184,0.768384755,0,-0.768384755,0.639988184,0,0,0,0.999999881],"scale":1.122401,"type":"rock_01_a_large_a"}
{"pos":[671.915833,-7.63998699,47.8811226],"rotationMatrix":[0.892384708,-0.45127517,0,0.45127517,0.892384708,0,0,0,0.999999881],"scale":1.13044858,"type":"rock_01_a_large_a"}
{"pos":[669.630798,-20.9132652,48.3603249],"rotationMatrix":[-0.410309076,-0.911946476,0,0.911946476,-0.410309076,0,0,0,0.999999881],"scale":1.22361588,"type":"rock_01_a_large_a"}
{"pos":[672.608215,-33.9367981,48.7705269],"rotationMatrix":[-0.512720764,-0.858555257,0,0.858555257,-0.512720764,0,0,0,0.999999881],"scale":1.30714965,"type":"rock_01_a_large_a"}
{"pos":[670.675171,-32.9854355,49.2855721],"rotationMatrix":[0.975875556,-0.218327031,0,0.218327031,0.975875556,0,0,0,0.999999881],"scale":1.25252771,"type":"rock_01_a_large_a"}
{"pos":[670.189941,-33.8205719,49.3214684],"rotationMatrix":[0.969302356,0.245871425,0,-0.245871425,0.969302356,0,0,0,0.999999881],"scale":1.49032819,"type":"rock_01_a_large_a"}
{"pos":[668.882935,-29.1930447,49.3697739],"rotationMatrix":[0.956542075,0.291594148,0,-0.291594148,0.956542075,0,0,0,0.999999881],"scale":1.20253587,"type":"rock_01_a_large_a"}
{"pos":[669.696777,-41.2629509,50.1726875],"rotationMatrix":[0.858878672,-0.512178898,0,0.512178898,0.858878672,0,0,0,0.999999881],"scale":1.49145079,"type":"rock_01_a_large_a"}
{"pos":[670.482056,-38.4406204,49.9233093],"rotationMatrix":[-0.512254,-0.858833849,0,0.858833849,-0.512254,0,0,0,0.999999881],"scale":1.11454868,"type":"rock_01_a_large_a"}
{"pos":[672.709656,-40.9172974,49.0325127],"rotationMatrix":[-0.770684421,0.637216747,0,-0.637216747,-0.770684421,0,0,0,0.999999881],"scale":1.36238289,"type":"rock_01_a_large_a"}
{"pos":[672.105286,-42.3077927,49.1400604],"rotationMatrix":[0.914181888,0.405304104,0,-0.405304104,0.914181888,0,0,0,0.999999881],"scale":1.46449912,"type":"rock_01_a_large_a"}
{"pos":[669.427795,-39.4833298,50.3278618],"rotationMatrix":[-0.447510421,0.894278586,0,-0.894278586,-0.447510421,0,0,0,0.999999881],"scale":1.06011665,"type":"rock_01_a_large_a"}
{"pos":[668.162415,-40.5459518,50.7899895],"rotationMatrix":[-0.237712413,0.971335471,0,-0.971335471,-0.237712413,0,0,0,0.999999881],"scale":1.02286875,"type":"rock_01_a_large_a"}
{"pos":[671.535706,-48.7415199,49.5423889],"rotationMatrix":[-0.349997401,-0.936750591,0,0.936750591,-0.349997401,0,0,0,0.999999881],"scale":1.34289587,"type":"rock_01_a_large_a"}
{"pos":[670.47998,-47.1849365,50.1082764],"rotationMatrix":[-0.701415241,0.71275264,0,-0.71275264,-0.701415241,0,0,0,0.999999881],"scale":1.11744857,"type":"rock_01_a_large_a"}
{"pos":[669.44928,-52.2093163,50.6041908],"rotationMatrix":[0.450048298,-0.893004119,0,0.893004119,0.450048298,0,0,0,0.999999881],"scale":1.04803634,"type":"rock_01_a_large_a"}
{"pos":[671.733459,-50.5323257,49.2689323],"rotationMatrix":[0.777752221,0.628570914,0,-0.628570914,0.777752221,0,0,0,0.999999881],"scale":1.36905563,"type":"rock_01_a_large_a"}
{"pos":[668.138428,-47.6663513,50.9947929],"rotationMatrix":[0.998551607,-0.0538016781,0,0.0538016781,0.998551607,0,0,0,0.999999881],"scale":1.38488078,"type":"rock_01_a_large_a"}
{"pos":[670.370911,-46.1302681,50.1782837],"rotationMatrix":[-0.998626113,0.0523997881,0,-0.0523997881,-0.998626113,0,0,0,0.999999881],"scale":1.15257454,"type":"rock_01_a_large_a"}
{"pos":[667.306152,-50.3192291,51.2545471],"rotationMatrix":[0.987030208,-0.160534218,0,0.160534218,0.987030208,0,0,0,0.999999881],"scale":1.28272581,"type":"rock_01_a_large_a"}
{"pos":[672.892273,-48.1273613,48.6868134],"rotationMatrix":[-0.0112086246,-0.999937117,0,0.999937117,-0.0112086246,0,0,0,0.999999881],"scale":1.0984962,"type":"rock_01_a_large_a"}
{"pos":[669.343262,-49.6592026,50.5099335],"rotationMatrix":[0.724240184,0.689547777,0,-0.689547777,0.724240184,0,0,0,0.999999881],"scale":1.42041683,"type":"rock_01_a_large_a"}
{"pos":[669.697632,-59.0896111,49.4137115],"rotationMatrix":[0.174640939,0.984632134,0,-0.984632134,0.174640939,0,0,0,0.999999881],"scale":1.26532209,"type":"rock_01_a_large_a"}
{"pos":[668.289917,-58.2773552,50.2014198],"rotationMatrix":[0.99760747,-0.0691318065,0,0.0691318065,0.99760747,0,0,0,0.999999881],"scale":1.14934242,"type":"rock_01_a_large_a"}
{"pos":[665.244324,-61.2115173,51.0154839],"rotationMatrix":[0.189293608,-0.981920421,0,0.981920421,0.189293608,0,0,0,0.999999881],"scale":1.30534601,"type":"rock_01_a_large_a"}
{"pos":[665.054932,-59.3686333,51.186512],"rotationMatrix":[0.553675711,-0.83273226,0,0.83273226,0.553675711,0,0,0,0.999999881],"scale":1.21692395,"type":"rock_01_a_large_a"}
{"pos":[668.590454,-60.9227295,49.9491577],"rotationMatrix":[0.640737534,0.767759979,0,-0.767759979,0.640737534,0,0,0,0.999999881],"scale":1.08938384,"type":"rock_01_a_large_a"}
{"pos":[667.127991,-63.7612038,50.3836136],"rotationMatrix":[-0.44757998,-0.894243777,0,0.894243777,-0.44757998,0,0,0,0.999999881],"scale":1.10718656,"type":"rock_01_a_large_a"}
{"pos":[669.026245,-69.460762,48.8158188],"rotationMatrix":[-0.905469239,0.424411744,0,-0.424411744,-0.905469239,0,0,0,0.999999881],"scale":1.44581449,"type":"rock_01_a_large_a"}
{"pos":[668.578308,-65.3756638,49.6265068],"rotationMatrix":[-0.948327243,0.317293704,0,-0.317293704,-0.948327243,0,0,0,0.999999881],"scale":1.31730831,"type":"rock_01_a_large_a"}
{"pos":[665.337402,-68.6580811,51.2693634],"rotationMatrix":[0.88586694,0.463939339,0,-0.463939339,0.88586694,0,0,0,0.999999881],"scale":1.00232446,"type":"rock_01_a_large_a"}
{"pos":[668.611389,-69.9326172,49.2793694],"rotationMatrix":[-0.999392748,0.0348421969,0,-0.0348421969,-0.999392748,0,0,0,0.999999881],"scale":1.0344162,"type":"rock_01_a_large_a"}
{"pos":[668.725159,-68.0657806,49.3745499],"rotationMatrix":[0.875655472,0.482936174,0,-0.482936174,0.875655472,0,0,0,0.999999881],"scale":1.01909435,"type":"rock_01_a_large_a"}
{"pos":[664.003784,-68.467308,51.2926903],"rotationMatrix":[-0.990434647,0.137982115,0,-0.137982115,-0.990434647,0,0,0,0.999999881],"scale":1.41808987,"type":"rock_01_a_large_a"}
{"pos":[670.30127,-66.7407913,48.4916],"rotationMatrix":[0.180832341,-0.983513892,0,0.983513892,0.180832341,0,0,0,0.999999881],"scale":1.00311232,"type":"rock_01_a_large_a"}
{"pos":[669.111755,-76.3092499,47.8314247],"rotationMatrix":[0.896993399,0.4420439,0,-0.4420439,0.896993399,0,0,0,0.999999881],"scale":1.47918558,"type":"rock_01_a_large_a"}
{"pos":[667.733948,-77.6646652,49.0236015],"rotationMatrix":[0.204303384,-0.978907526,0,0.978907526,0.204303384,0,0,0,0.999999881],"scale":1.27932048,"type":"rock_01_a_large_a"}
{"pos":[663.907837,-73.8795853,51.2043381],"rotationMatrix":[0.659670949,0.751554489,0,-0.751554489,0.659670949,0,0,0,0.999999881],"scale":1.44290686,"type":"rock_01_a_large_a"}
{"pos":[666.737488,-73.6523056,50.2610321],"rotationMatrix":[-0.936887205,0.349631548,0,-0.349631548,-0.936887205,0,0,0,0.999999881],"scale":1.14992154,"type":"rock_01_a_large_a"}
{"pos":[667.733887,-78.55513,48.7852249],"rotationMatrix":[0.512598693,0.858628333,0,-0.858628333,0.512598693,0,0,0,0.999999881],"scale":1.29903936,"type":"rock_01_a_large_a"}
{"pos":[662.440491,-80.1189804,51.3517799],"rotationMatrix":[0.939414084,-0.342784256,0,0.342784256,0.939414084,0,0,0,0.999999881],"scale":1.39218211,"type":"rock_01_a_large_a"}
{"pos":[666.152344,-78.9704056,50.2871056],"rotationMatrix":[-0.579872727,-0.8147071,0,0.8147071,-0.579872727,0,0,0,0.999999881],"scale":1.22066665,"type":"rock_01_a_large_a"}
{"pos":[667.226624,-76.7134552,49.4352951],"rotationMatrix":[-0.188128486,-0.982144356,0,0.982144356,-0.188128486,0,0,0,0.999999881],"scale":1.39760852,"type":"rock_01_a_large_a"}
{"pos":[663.732544,-78.9370804,51.3876839],"rotationMatrix":[-0.872043252,-0.489428669,0,0.489428669,-0.872043252,0,0,0,0.999999881],"scale":1.0535084,"type":"rock_01_a_large_a"}
{"pos":[666.023071,-82.0436401,50.0466614],"rotationMatrix":[0.163229331,0.986588061,0,-0.986588061,0.163229331,0,0,0,0.999999881],"scale":1.48842525,"type":"rock_01_a_large_a"}
{"pos":[663.183838,-81.6300583,51.3712463],"rotationMatrix":[-0.996587574,0.0825417042,0,-0.0825417042,-0.996587574,0,0,0,0.999999881],"scale":1.43098402,"type":"rock_01_a_large_a"}
{"pos":[666.781311,-77.3230286,49.7727432],"rotationMatrix":[0.977049947,0.213010088,0,-0.213010088,0.977049947,0,0,0,0.999999881],"scale":1.44556427,"type":"rock_01_a_large_a"}
{"pos":[666.861877,-82.2129745,49.5200806],"rotationMatrix":[0.824125826,0.566406786,0,-0.566406786,0.824125826,0,0,0,0.999999881],"scale":1.36046231,"type":"rock_01_a_large_a"}
{"pos":[661.579468,-88.3485947,51.5122375],"rotationMatrix":[-0.788317621,-0.61526829,0,0.61526829,-0.788317621,0,0,0,0.999999881],"scale":1.23267484,"type":"rock_01_a_large_a"}
{"pos":[666.112,-90.6485825,49.2769394],"rotationMatrix":[-0.757139564,-0.653253138,0,0.653253138,-0.757139564,0,0,0,0.999999881],"scale":1.40966272,"type":"rock_01_a_large_a"}
{"pos":[664.641418,-89.3831177,50.7209778],"rotationMatrix":[0.0588203035,0.998268485,0,-0.998268485,0.0588203035,0,0,0,0.999999881],"scale":1.04528093,"type":"rock_01_a_large_a"}
{"pos":[664.834961,-99.5323257,49.3892555],"rotationMatrix":[-0.446469694,-0.894798636,0,0.894798636,-0.446469694,0,0,0,0.999999881],"scale":1.01311111,"type":"rock_01_a_large_a"}
{"pos":[659.099854,-100.148293,51.3411026],"rotationMatrix":[-0.209016085,0.977912128,0,-0.977912128,-0.209016085,0,0,0,0.999999881],"scale":1.37370682,"type":"rock_01_a_large_a"}
{"pos":[659.486084,-98.0559311,51.4488068],"rotationMatrix":[0.713129699,-0.701031864,0,0.701031864,0.713129699,0,0,0,0.999999881],"scale":1.18958223,"type":"rock_01_a_large_a"}
{"pos":[664.857361,-101.230217,48.852726],"rotationMatrix":[0.513046682,-0.858360589,0,0.858360589,0.513046682,0,0,0,0.999999881],"scale":1.41324782,"type":"rock_01_a_large_a"}
{"pos":[661.629028,-103.077065,50.8072472],"rotationMatrix":[-0.309287637,0.950968385,0,-0.950968385,-0.309287637,0,0,0,0.999999881],"scale":1.30948782,"type":"rock_01_a_large_a"}
{"pos":[660.791748,-98.1784821,51.3008461],"rotationMatrix":[0.625888407,0.779912651,0,-0.779912651,0.625888407,0,0,0,0.999999881],"scale":1.48462451,"type":"rock_01_a_large_a"}
{"pos":[663.439148,-102.548302,49.6978035],"rotationMatrix":[0.998443425,0.0557722598,0,-0.0557722598,0.998443425,0,0,0,0.999999881],"scale":1.27808928,"type":"rock_01_a_large_a"}
{"pos":[662.533875,-99.2140656,50.6899071],"rotationMatrix":[0.6634987,-0.748177409,0,0.748177409,0.6634987,0,0,0,0.999999881],"scale":1.3923192,"type":"rock_01_a_large_a"}
{"pos":[660.957642,-103.020966,51.0616531],"rotationMatrix":[0.885132015,0.465339899,0,-0.465339899,0.885132015,0,0,0,0.999999881],"scale":1.13826239,"type":"rock_01_a_large_a"}
{"pos":[658.143066,-109.440506,51.3850174],"rotationMatrix":[0.998632669,0.0522745289,0,-0.0522745289,0.998632669,0,0,0,0.999999881],"scale":1.33173978,"type":"rock_01_a_large_a"}
{"pos":[663.162415,-113.598862,48.9378357],"rotationMatrix":[-0.0105267875,-0.999944508,0,0.999944508,-0.0105267875,0,0,0,0.999999881],"scale":1.29562163,"type":"rock_01_a_large_a"}
{"pos":[663.340027,-110.083214,48.9754753],"rotationMatrix":[-0.317652255,0.9482072,0,-0.9482072,-0.317652255,0,0,0,0.999999881],"scale":1.42813313,"type":"rock_01_a_large_a"}
{"pos":[662.017944,-112.832603,49.7717514],"rotationMatrix":[0.892385781,-0.451273203,0,0.451273203,0.892385781,0,0,0,0.999999881],"scale":1.30182195,"type":"rock_01_a_large_a"}
{"pos":[659.829468,-109.398773,51.1792221],"rotationMatrix":[0.143906534,0.989591181,0,-0.989591181,0.143906534,0,0,0,0.999999881],"scale":1.09549797,"type":"rock_01_a_large_a"}
{"pos":[660.460022,-122.246231,50.0335808],"rotationMatrix":[0.860304296,0.509780824,0,-0.509780824,0.860304296,0,0,0,0.999999881],"scale":1.45983815,"type":"rock_01_a_large_a"}
{"pos":[657.989746,-133.457687,49.5537643],"rotationMatrix":[-0.96112448,0.27611509,0,-0.27611509,-0.96112448,0,0,0,0.999999881],"scale":1.15348864,"type":"rock_01_a_large_a"}
{"pos":[660.813049,-129.895493,49.0185432],"rotationMatrix":[-0.963411391,0.268026739,0,-0.268026739,-0.963411391,0,0,0,0.999999881],"scale":1.02290368,"type":"rock_01_a_large_a"}
{"pos":[657.015808,-131.243393,50.7497864],"rotationMatrix":[-0.999688923,-0.0249399617,0,0.0249399617,-0.999688923,0,0,0,0.999999881],"scale":1.3066175,"type":"rock_01_a_large_a"}
{"pos":[657.103027,-133.260498,49.9349365],"rotationMatrix":[0.996930063,-0.0782960281,0,0.0782960281,0.996930063,0,0,0,0.999999881],"scale":1.11939514,"type":"rock_01_a_large_a"}
{"pos":[660.402893,-127.889488,49.7385139],"rotationMatrix":[0.654834509,0.755772293,0,-0.755772293,0.654834509,0,0,0,0.999999881],"scale":1.09026825,"type":"rock_01_a_large_a"}
{"pos":[666.177612,-101.007187,48.2779655],"rotationMatrix":[0.806976497,0.590583563,0,-0.590583563,0.806976497,0,0,0,0.999999881],"scale":1.17450047,"type":"rock_01_a_large_a"}
{"pos":[665.927124,-104.138374,48.0229607],"rotationMatrix":[0.934637249,0.355602443,0,-0.355602443,0.934637249,0,0,0,0.999999881],"scale":1.23579264,"type":"rock_01_a_large_a"}
{"pos":[661.722656,-103.896698,50.5967598],"rotationMatrix":[0.710624754,-0.703571022,0,0.703571022,0.710624754,0,0,0,0.999999881],"scale":1.3028574,"type":"rock_01_a_large_a"}
{"pos":[663.779236,-104.539993,49.3157997],"rotationMatrix":[0.0904762819,0.995898545,0,-0.995898545,0.0904762819,0,0,0,0.999999881],"scale":1.27501249,"type":"rock_01_a_large_a"}
{"pos":[662.018494,-101.518272,50.7335014],"rotationMatrix":[0.919167578,0.393866688,0,-0.393866688,0.919167578,0,0,0,0.999999881],"scale":1.28667974,"type":"rock_01_a_large_a"}
{"pos":[668.395691,-86.4403,47.8935661],"rotationMatrix":[0.601781309,-0.798660815,0,0.798660815,0.601781309,0,0,0,0.999999881],"scale":1.4880439,"type":"rock_01_a_large_a"}
{"pos":[666.84082,-80.666275,49.5586815],"rotationMatrix":[-0.972664058,0.232216641,0,-0.232216641,-0.972664058,0,0,0,0.999999881],"scale":1.49453568,"type":"rock_01_a_large_a"}
{"pos":[669.628296,-82.8642502,47.1735306],"rotationMatrix":[-0.630046189,-0.776557624,0,0.776557624,-0.630046189,0,0,0,0.999999881],"scale":1.4903872,"type":"rock_01_a_large_a"}
{"pos":[666.377075,-84.1053848,49.9262009],"rotationMatrix":[-0.999482095,-0.0321772881,0,0.0321772881,-0.999482095,0,0,0,0.999999881],"scale":1.0164212,"type":"rock_01_a_large_a"}
{"pos":[669.346252,-66.8413544,48.8948479],"rotationMatrix":[-0.352651715,-0.935754597,0,0.935754597,-0.352651715,0,0,0,0.999999881],"scale":1.38848388,"type":"rock_01_a_large_a"}
{"pos":[669.56842,-70.9510269,48.2481766],"rotationMatrix":[0.282787472,0.95918256,0,-0.95918256,0.282787472,0,0,0,0.999999881],"scale":1.31257296,"type":"rock_01_a_large_a"}
