{"pos":[-28.0697002,8.79258347,250.560684],"rotationMatrix":[0.33342579,0.942776382,0,-0.942776382,0.33342579,-0,-0,0,0.999999881],"scale":1.22663724,"type":"rock_01_a_large_c"}
{"pos":[-36.024086,5.12043762,250.201126],"rotationMatrix":[-0.668534994,0.743680418,-0,-0.743680418,-0.668534994,0,-0,0,0.999999881],"scale":1.32675076,"type":"rock_01_a_large_c"}
{"pos":[-48.1552391,7.85241127,250.429199],"rotationMatrix":[-0.951460421,-0.307771206,0,0.307771206,-0.951460421,0,-0,0,0.999999881],"scale":1.46145558,"type":"rock_01_a_large_c"}
{"pos":[-46.69524,2.227314,250.077423],"rotationMatrix":[0.0899173096,-0.995949149,0,0.995949149,0.0899173096,0,-0,0,0.999999881],"scale":1.11400771,"type":"rock_01_a_large_c"}
{"pos":[-44.8589897,4.99182987,250.458405],"rotationMatrix":[0.488721818,0.872439682,0,-0.872439682,0.488721818,-0,-0,0,0.999999881],"scale":1.13985288,"type":"rock_01_a_large_c"}
{"pos":[-40.0576973,4.20981359,250.252518],"rotationMatrix":[-0.85603112,0.516924143,-0,-0.516924143,-0.85603112,0,-0,0,0.999999881],"scale":1.21111202,"type":"rock_01_a_large_c"}
