{"pos":[690.329468,-29.7393379,48.2915115],"rotationMatrix":[0.657488942,0.753464162,0,-0.753464162,0.657488942,-0,-0,0,0.999999881],"scale":1.09809494,"type":"rock_01_a_large_c"}
{"pos":[691.781494,-52.5229645,50.0129395],"rotationMatrix":[-0.911827683,0.410573035,-0,-0.410573035,-0.911827683,0,-0,0,0.999999881],"scale":1.34845638,"type":"rock_01_a_large_c"}
{"pos":[692.140503,-51.1195526,49.6830978],"rotationMatrix":[-0.99917686,-0.0405630916,0,0.0405630916,-0.99917686,0,-0,0,0.999999881],"scale":1.21567333,"type":"rock_01_a_large_c"}
{"pos":[693.675354,-49.0464668,49.9962845],"rotationMatrix":[0.125741199,-0.992062986,0,0.992062986,0.125741199,0,-0,0,0.999999881],"scale":1.14509058,"type":"rock_01_a_large_c"}
{"pos":[693.715698,-45.8849602,49.7537231],"rotationMatrix":[-0.384060085,0.923307955,-0,-0.923307955,-0.384060085,0,-0,0,0.999999881],"scale":1.14939165,"type":"rock_01_a_large_c"}
{"pos":[693.798462,-46.6843987,49.7254944],"rotationMatrix":[-0.824338913,-0.566096544,0,0.566096544,-0.824338913,0,-0,0,0.999999881],"scale":1.48852944,"type":"rock_01_a_large_c"}
{"pos":[692.453064,-44.0162621,49.3289146],"rotationMatrix":[0.124984287,-0.992158592,0,0.992158592,0.124984287,0,-0,0,0.999999881],"scale":1.42616773,"type":"rock_01_a_large_c"}
{"pos":[691.451538,-44.3646278,48.9516449],"rotationMatrix":[0.912262499,0.40960601,0,-0.40960601,0.912262499,-0,-0,0,0.999999881],"scale":1.20514417,"type":"rock_01_a_large_c"}
{"pos":[692.850464,-45.0514679,49.5305748],"rotationMatrix":[0.0678743497,0.997693777,0,-0.997693777,0.0678743497,-0,-0,0,0.999999881],"scale":1.25873256,"type":"rock_01_a_large_c"}
{"pos":[693.08728,-54.1077271,50.8251762],"rotationMatrix":[0.353903264,-0.935281932,0,0.935281932,0.353903264,0,-0,0,0.999999881],"scale":1.2835083,"type":"rock_01_a_large_c"}
{"pos":[691.351562,-54.6668243,50.0094681],"rotationMatrix":[-0.996869504,-0.0790634453,0,0.0790634453,-0.996869504,0,-0,0,0.999999881],"scale":1.08085656,"type":"rock_01_a_large_c"}
{"pos":[693.855164,-62.6249886,50.4383926],"rotationMatrix":[-0.872237146,0.489083171,-0,-0.489083171,-0.872237146,0,-0,0,0.999999881],"scale":1.36734211,"type":"rock_01_a_large_c"}
{"pos":[691.67157,-62.443882,49.6374626],"rotationMatrix":[0.0218609143,-0.999760926,0,0.999760926,0.0218609143,0,-0,0,0.999999881],"scale":1.21514463,"type":"rock_01_a_large_c"}
{"pos":[690.117554,-61.6607285,49.0294914],"rotationMatrix":[0.98296994,0.183766305,0,-0.183766305,0.98296994,-0,-0,0,0.999999881],"scale":1.47197759,"type":"rock_01_a_large_c"}
{"pos":[692.048279,-63.5742149,49.8466721],"rotationMatrix":[0.9652614,0.261285782,0,-0.261285782,0.9652614,-0,-0,0,0.999999881],"scale":1.38588762,"type":"rock_01_a_large_c"}
{"pos":[689.871277,-64.1546173,48.862545],"rotationMatrix":[0.576790154,0.816892326,0,-0.816892326,0.576790154,-0,-0,0,0.999999881],"scale":1.29784369,"type":"rock_01_a_large_c"}
{"pos":[691.834229,-60.9966812,49.8893852],"rotationMatrix":[0.276938409,0.960887671,0,-0.960887671,0.276938409,-0,-0,0,0.999999881],"scale":1.06992006,"type":"rock_01_a_large_c"}
{"pos":[691.028015,-66.4710236,49.3824577],"rotationMatrix":[-0.956218541,-0.292653382,0,0.292653382,-0.956218541,0,-0,0,0.999999881],"scale":1.38090551,"type":"rock_01_a_large_c"}
{"pos":[690.750061,-65.6500092,49.3637886],"rotationMatrix":[-0.315955788,-0.948773801,0,0.948773801,-0.315955788,0,-0,0,0.999999881],"scale":1.19519949,"type":"rock_01_a_large_c"}
{"pos":[692.287781,-65.7789612,49.951828],"rotationMatrix":[-0.0109449252,0.999940038,-0,-0.999940038,-0.0109449252,0,-0,0,0.999999881],"scale":1.43985546,"type":"rock_01_a_large_c"}
{"pos":[690.676697,-67.1528778,49.3175049],"rotationMatrix":[0.578104615,-0.815962493,0,0.815962493,0.578104615,0,-0,0,0.999999881],"scale":1.38467467,"type":"rock_01_a_large_c"}
{"pos":[687.625549,-67.6969833,47.9813995],"rotationMatrix":[0.603930652,-0.797036707,0,0.797036707,0.603930652,0,-0,0,0.999999881],"scale":1.24390101,"type":"rock_01_a_large_c"}
{"pos":[691.902649,-67.8825073,50.0436745],"rotationMatrix":[0.0234855823,0.99972409,0,-0.99972409,0.0234855823,-0,-0,0,0.999999881],"scale":1.03460467,"type":"rock_01_a_large_c"}
{"pos":[691.322449,-74.365387,49.7974205],"rotationMatrix":[-0.449857652,0.893100142,-0,-0.893100142,-0.449857652,0,-0,0,0.999999881],"scale":1.34571815,"type":"rock_01_a_large_c"}
{"pos":[689.576904,-77.8579483,49.0267334],"rotationMatrix":[-0.743825793,0.668373287,-0,-0.668373287,-0.743825793,0,-0,0,0.999999881],"scale":1.10325897,"type":"rock_01_a_large_c"}
{"pos":[688.871887,-77.6570053,48.6488228],"rotationMatrix":[-0.567793906,0.823170483,-0,-0.823170483,-0.567793906,0,-0,0,0.999999881],"scale":1.22055626,"type":"rock_01_a_large_c"}
{"pos":[691.959167,-77.3556824,50.2542686],"rotationMatrix":[0.800960004,0.598717809,0,-0.598717809,0.800960004,-0,-0,0,0.999999881],"scale":1.13862562,"type":"rock_01_a_large_c"}
{"pos":[689.133545,-82.4167709,48.9138794],"rotationMatrix":[-0.158021286,0.987435639,-0,-0.987435639,-0.158021286,0,-0,0,0.999999881],"scale":1.06797194,"type":"rock_01_a_large_c"}
{"pos":[687.463257,-81.8562546,48.043663],"rotationMatrix":[-0.289990276,-0.957029521,0,0.957029521,-0.289990276,0,-0,0,0.999999881],"scale":1.16018224,"type":"rock_01_a_large_c"}
{"pos":[689.701294,-81.1930084,49.2030144],"rotationMatrix":[-0.985372365,0.170414612,-0,-0.170414612,-0.985372365,0,-0,0,0.999999881],"scale":1.36865807,"type":"rock_01_a_large_c"}
{"pos":[687.729065,-80.3589401,48.0588684],"rotationMatrix":[0.0817179829,0.996655405,0,-0.996655405,0.0817179829,-0,-0,0,0.999999881],"scale":1.45848322,"type":"rock_01_a_large_c"}
{"pos":[690.976196,-80.8945847,49.7994804],"rotationMatrix":[0.996106982,0.0881511495,0,-0.0881511495,0.996106982,-0,-0,0,0.999999881],"scale":1.42619812,"type":"rock_01_a_large_c"}
{"pos":[690.628113,-81.6560822,49.4834328],"rotationMatrix":[0.72702837,-0.686607361,0,0.686607361,0.72702837,0,-0,0,0.999999881],"scale":1.46578586,"type":"rock_01_a_large_c"}
{"pos":[690.153198,-83.725975,49.6027069],"rotationMatrix":[0.998826504,0.0484299101,0,-0.0484299101,0.998826504,-0,-0,0,0.999999881],"scale":1.0273906,"type":"rock_01_a_large_c"}
{"pos":[689.564026,-79.9276428,49.1257401],"rotationMatrix":[0.338260353,0.941052556,0,-0.941052556,0.338260353,-0,-0,0,0.999999881],"scale":1.0600208,"type":"rock_01_a_large_c"}
{"pos":[691.65802,-85.7005463,50.5961533],"rotationMatrix":[-0.664197743,-0.747556746,0,0.747556746,-0.664197743,0,-0,0,0.999999881],"scale":1.26837158,"type":"rock_01_a_large_c"}
{"pos":[687.287537,-88.4676208,47.8005867],"rotationMatrix":[-0.988622844,-0.150414497,0,0.150414497,-0.988622844,0,-0,0,0.999999881],"scale":1.49017894,"type":"rock_01_a_large_c"}
{"pos":[690.820374,-92.0584793,49.2711029],"rotationMatrix":[-0.943776429,-0.330584437,0,0.330584437,-0.943776429,0,-0,0,0.999999881],"scale":1.05502272,"type":"rock_01_a_large_c"}
{"pos":[691.662598,-90.4772568,49.6998253],"rotationMatrix":[0.174670011,-0.984626949,0,0.984626949,0.174670011,0,-0,0,0.999999881],"scale":1.06356764,"type":"rock_01_a_large_c"}
{"pos":[687.250244,-89.783844,47.9393959],"rotationMatrix":[0.979510248,0.201394126,0,-0.201394126,0.979510248,-0,-0,0,0.999999881],"scale":1.22105742,"type":"rock_01_a_large_c"}
{"pos":[689.614563,-90.226265,49.0304451],"rotationMatrix":[0.893408597,-0.449244767,0,0.449244767,0.893408597,0,-0,0,0.999999881],"scale":1.17552435,"type":"rock_01_a_large_c"}
{"pos":[688.520691,-91.1772156,48.419239],"rotationMatrix":[0.901797235,0.432159305,0,-0.432159305,0.901797235,-0,-0,0,0.999999881],"scale":1.42661607,"type":"rock_01_a_large_c"}
{"pos":[690.869141,-94.1480713,49.1208801],"rotationMatrix":[-0.637529433,0.770425737,-0,-0.770425737,-0.637529433,0,-0,0,0.999999881],"scale":1.10336971,"type":"rock_01_a_large_c"}
{"pos":[693.112427,-95.4304199,49.6792831],"rotationMatrix":[-0.999840975,-0.0178274307,0,0.0178274307,-0.999840975,0,-0,0,0.999999881],"scale":1.47016621,"type":"rock_01_a_large_c"}
{"pos":[688.085693,-94.1544724,48.3140259],"rotationMatrix":[-0.923513293,0.38356629,-0,-0.38356629,-0.923513293,0,-0,0,0.999999881],"scale":1.01473248,"type":"rock_01_a_large_c"}
{"pos":[693.273682,-97.6257248,49.6155586],"rotationMatrix":[0.126707345,-0.991940081,0,0.991940081,0.126707345,0,-0,0,0.999999881],"scale":1.40012288,"type":"rock_01_a_large_c"}
{"pos":[688.617126,-96.9949341,48.4148788],"rotationMatrix":[0.686133802,-0.727475226,0,0.727475226,0.686133802,0,-0,0,0.999999881],"scale":1.24615216,"type":"rock_01_a_large_c"}
{"pos":[691.864258,-97.9540939,49.3812256],"rotationMatrix":[-0.49084422,0.871247232,-0,-0.871247232,-0.49084422,0,-0,0,0.999999881],"scale":1.12353206,"type":"rock_01_a_large_c"}
{"pos":[691.109253,-97.3645859,48.9873962],"rotationMatrix":[-0.672360182,0.740224063,-0,-0.740224063,-0.672360182,0,-0,0,0.999999881],"scale":1.3680011,"type":"rock_01_a_large_c"}
{"pos":[692.457703,-100.497139,49.4248734],"rotationMatrix":[0.993790448,0.111267298,0,-0.111267298,0.993790448,-0,-0,0,0.999999881],"scale":1.47093308,"type":"rock_01_a_large_c"}
{"pos":[688.303589,-103.459236,48.4211655],"rotationMatrix":[0.990705788,0.136021882,0,-0.136021882,0.990705788,-0,-0,0,0.999999881],"scale":1.25105095,"type":"rock_01_a_large_c"}
{"pos":[689.621399,-100.419533,48.6758423],"rotationMatrix":[0.821175158,0.570676267,0,-0.570676267,0.821175158,-0,-0,0,0.999999881],"scale":1.31602216,"type":"rock_01_a_large_c"}
{"pos":[691.805298,-103.758842,49.758606],"rotationMatrix":[0.802414954,-0.596766412,0,0.596766412,0.802414954,0,-0,0,0.999999881],"scale":1.11959493,"type":"rock_01_a_large_c"}
{"pos":[687.514099,-99.8209991,48.0222549],"rotationMatrix":[-0.673791945,0.738920987,-0,-0.738920987,-0.673791945,0,-0,0,0.999999881],"scale":1.48742461,"type":"rock_01_a_large_c"}
{"pos":[688.073303,-104.088821,48.442379],"rotationMatrix":[-0.514575779,0.857444763,-0,-0.857444763,-0.514575779,0,-0,0,0.999999881],"scale":1.08162761,"type":"rock_01_a_large_c"}
{"pos":[687.260193,-101.680832,47.874794],"rotationMatrix":[0.461446434,0.887168109,0,-0.887168109,0.461446434,-0,-0,0,0.999999881],"scale":1.44942546,"type":"rock_01_a_large_c"}
{"pos":[689.979248,-105.335182,49.2321739],"rotationMatrix":[0.436738551,-0.899588406,0,0.899588406,0.436738551,0,-0,0,0.999999881],"scale":1.32853293,"type":"rock_01_a_large_c"}
{"pos":[689.134277,-104.831726,48.7737236],"rotationMatrix":[-0.322519869,-0.946562588,0,0.946562588,-0.322519869,0,-0,0,0.999999881],"scale":1.47333288,"type":"rock_01_a_large_c"}
{"pos":[689.127747,-105.595406,48.9679222],"rotationMatrix":[0.630859315,0.775897205,0,-0.775897205,0.630859315,-0,-0,0,0.999999881],"scale":1.25921798,"type":"rock_01_a_large_c"}
{"pos":[687.552429,-104.515099,48.2704887],"rotationMatrix":[-0.971226335,0.238158211,-0,-0.238158211,-0.971226335,0,-0,0,0.999999881],"scale":1.067559,"type":"rock_01_a_large_c"}
{"pos":[692.640503,-32.6163406,49.4472122],"rotationMatrix":[0.340961844,-0.940077007,0,0.940077007,0.340961844,0,-0,0,0.999999881],"scale":1.2127049,"type":"rock_01_a_large_c"}
{"pos":[692.075439,-31.7821674,49.1270523],"rotationMatrix":[0.780104101,-0.625649452,0,0.625649452,0.780104101,0,-0,0,0.999999881],"scale":1.45934355,"type":"rock_01_a_large_c"}
{"pos":[690.055908,-32.5270882,48.3496208],"rotationMatrix":[-0.0180352107,0.999837279,-0,-0.999837279,-0.0180352107,0,-0,0,0.999999881],"scale":1.01568294,"type":"rock_01_a_large_c"}
{"pos":[692.782349,-31.2876549,49.5077019],"rotationMatrix":[-0.401892871,0.915686548,-0,-0.915686548,-0.401892871,0,-0,0,0.999999881],"scale":1.40879488,"type":"rock_01_a_large_c"}
{"pos":[690.811218,-38.8694534,49.1650009],"rotationMatrix":[0.307975829,0.951394141,0,-0.951394141,0.307975829,-0,-0,0,0.999999881],"scale":1.11566639,"type":"rock_01_a_large_c"}
{"pos":[687.681946,-42.1860504,47.5277901],"rotationMatrix":[-0.617483974,0.786583245,-0,-0.786583245,-0.617483974,0,-0,0,0.999999881],"scale":1.38983941,"type":"rock_01_a_large_c"}
{"pos":[689.260315,-41.3599586,48.1263275],"rotationMatrix":[0.0982595906,0.995160758,0,-0.995160758,0.0982595906,-0,-0,0,0.999999881],"scale":1.20172024,"type":"rock_01_a_large_c"}
{"pos":[692.288696,-41.2702904,49.3400116],"rotationMatrix":[0.907000065,-0.421130151,0,0.421130151,0.907000065,0,-0,0,0.999999881],"scale":1.21092033,"type":"rock_01_a_large_c"}
{"pos":[687.230225,-47.0509529,47.3183327],"rotationMatrix":[-0.742713451,0.669609129,-0,-0.669609129,-0.742713451,0,-0,0,0.999999881],"scale":1.29341459,"type":"rock_01_a_large_c"}
{"pos":[690.017639,-47.3679924,48.5558205],"rotationMatrix":[0.28217268,-0.95936352,0,0.95936352,0.28217268,0,-0,0,0.999999881],"scale":1.30918908,"type":"rock_01_a_large_c"}
{"pos":[687.054932,-47.8109779,47.3370972],"rotationMatrix":[0.940029442,0.341093093,0,-0.341093093,0.940029442,-0,-0,0,0.999999881],"scale":1.05771232,"type":"rock_01_a_large_c"}
{"pos":[688.785278,-47.6806183,48.052002],"rotationMatrix":[-0.911478102,0.411348343,-0,-0.411348343,-0.911478102,0,-0,0,0.999999881],"scale":1.03221524,"type":"rock_01_a_large_c"}
{"pos":[687.663879,-54.326725,47.5368576],"rotationMatrix":[0.578129172,-0.815945208,0,0.815945208,0.578129172,0,-0,0,0.999999881],"scale":1.10387897,"type":"rock_01_a_large_c"}
{"pos":[686.885071,-57.5240173,47.2274017],"rotationMatrix":[-0.1772082,0.984173238,-0,-0.984173238,-0.1772082,0,-0,0,0.999999881],"scale":1.46006894,"type":"rock_01_a_large_c"}
{"pos":[688.80365,-55.9692192,48.145401],"rotationMatrix":[-0.438818187,0.898575723,-0,-0.898575723,-0.438818187,0,-0,0,0.999999881],"scale":1.30691624,"type":"rock_01_a_large_c"}
{"pos":[687.204468,-53.2164383,47.4404945],"rotationMatrix":[-0.859700203,-0.510798931,0,0.510798931,-0.859700203,0,-0,0,0.999999881],"scale":1.0994246,"type":"rock_01_a_large_c"}
{"pos":[688.366882,-59.8930435,48.1652374],"rotationMatrix":[-0.2973755,0.954760492,-0,-0.954760492,-0.2973755,0,-0,0,0.999999881],"scale":1.31814885,"type":"rock_01_a_large_c"}
{"pos":[687.616577,-65.00177,48.0242386],"rotationMatrix":[-0.178629056,-0.983916342,0,0.983916342,-0.178629056,0,-0,0,0.999999881],"scale":1.15919471,"type":"rock_01_a_large_c"}
{"pos":[685.204102,-62.7133827,46.907856],"rotationMatrix":[0.711528301,0.702657402,0,-0.702657402,0.711528301,-0,-0,0,0.999999881],"scale":1.23244476,"type":"rock_01_a_large_c"}
{"pos":[684.794922,-64.5947952,46.7171059],"rotationMatrix":[0.30015713,-0.953889668,0,0.953889668,0.30015713,0,-0,0,0.999999881],"scale":1.35338211,"type":"rock_01_a_large_c"}
{"pos":[688.497559,-65.4817505,48.4714928],"rotationMatrix":[0.752344072,0.658770382,0,-0.658770382,0.752344072,-0,-0,0,0.999999881],"scale":1.02791095,"type":"rock_01_a_large_c"}
{"pos":[688.163879,-64.5780029,48.2072029],"rotationMatrix":[0.662767768,0.748825014,0,-0.748825014,0.662767768,-0,-0,0,0.999999881],"scale":1.16875434,"type":"rock_01_a_large_c"}
{"pos":[686.17511,-63.6447487,47.2483063],"rotationMatrix":[-0.965937078,-0.258777201,0,0.258777201,-0.965937078,0,-0,0,0.999999881],"scale":1.17518997,"type":"rock_01_a_large_c"}
{"pos":[686.569336,-61.8228302,47.3655777],"rotationMatrix":[-0.776694357,-0.629877448,0,0.629877448,-0.776694357,0,-0,0,0.999999881],"scale":1.36051869,"type":"rock_01_a_large_c"}
{"pos":[687.763977,-68.8369751,47.9608994],"rotationMatrix":[-0.143061474,0.989713728,-0,-0.989713728,-0.143061474,0,-0,0,0.999999881],"scale":1.38688397,"type":"rock_01_a_large_c"}
{"pos":[687.742798,-70.5523605,48.028038],"rotationMatrix":[-0.113623574,0.993523777,-0,-0.993523777,-0.113623574,0,-0,0,0.999999881],"scale":1.27154255,"type":"rock_01_a_large_c"}
{"pos":[685.294983,-69.3050995,46.8594475],"rotationMatrix":[0.410940915,0.911662042,0,-0.911662042,0.410940915,-0,-0,0,0.999999881],"scale":1.47607565,"type":"rock_01_a_large_c"}
{"pos":[685.941895,-68.8045197,47.2540932],"rotationMatrix":[-0.702474535,-0.711708724,0,0.711708724,-0.702474535,0,-0,0,0.999999881],"scale":1.23539329,"type":"rock_01_a_large_c"}
{"pos":[685.781494,-70.4614944,47.3132401],"rotationMatrix":[-0.636130929,0.771580875,-0,-0.771580875,-0.636130929,0,-0,0,0.999999881],"scale":1.06283665,"type":"rock_01_a_large_c"}
{"pos":[685.023926,-70.6055145,46.8814392],"rotationMatrix":[-0.900043547,0.435799688,-0,-0.435799688,-0.900043547,0,-0,0,0.999999881],"scale":1.37548172,"type":"rock_01_a_large_c"}
{"pos":[684.370789,-78.6153412,46.8684959],"rotationMatrix":[0.564930558,0.82513845,0,-0.82513845,0.564930558,-0,-0,0,0.999999881],"scale":1.09534979,"type":"rock_01_a_large_c"}
{"pos":[687.616577,-78.8691177,48.1160851],"rotationMatrix":[-0.251496822,0.967858016,-0,-0.967858016,-0.251496822,0,-0,0,0.999999881],"scale":1.23354363,"type":"rock_01_a_large_c"}
{"pos":[684.873352,-74.5165253,46.867733],"rotationMatrix":[0.928936064,-0.370239884,0,0.370239884,0.928936064,0,-0,0,0.999999881],"scale":1.37048948,"type":"rock_01_a_large_c"}
{"pos":[687.604431,-85.9010696,48.0652657],"rotationMatrix":[0.746061265,-0.665877163,0,0.665877163,0.746061265,0,-0,0,0.999999881],"scale":1.24188161,"type":"rock_01_a_large_c"}
{"pos":[685.07428,-82.0461731,46.9034462],"rotationMatrix":[0.217774421,-0.975999057,0,0.975999057,0.217774421,0,-0,0,0.999999881],"scale":1.30050921,"type":"rock_01_a_large_c"}
{"pos":[685.253357,-84.3716736,46.911335],"rotationMatrix":[0.687851906,0.725851059,0,-0.725851059,0.687851906,-0,-0,0,0.999999881],"scale":1.1301446,"type":"rock_01_a_large_c"}
{"pos":[684.321472,-91.4845123,46.9547653],"rotationMatrix":[-0.704779208,-0.709426701,0,0.709426701,-0.704779208,0,-0,0,0.999999881],"scale":1.13332129,"type":"rock_01_a_large_c"}
{"pos":[683.341553,-90.7893753,46.6448479],"rotationMatrix":[-0.721443117,0.69247359,-0,-0.69247359,-0.721443117,0,-0,0,0.999999881],"scale":1.30029857,"type":"rock_01_a_large_c"}
{"pos":[684.976746,-87.9665222,47.0417824],"rotationMatrix":[0.489822596,0.871822178,0,-0.871822178,0.489822596,-0,-0,0,0.999999881],"scale":1.03945982,"type":"rock_01_a_large_c"}
{"pos":[686.465698,-95.8226929,47.6011734],"rotationMatrix":[0.98000735,-0.198960647,0,0.198960647,0.98000735,0,-0,0,0.999999881],"scale":1.43310821,"type":"rock_01_a_large_c"}
{"pos":[689.166809,-24.1952209,47.4658585],"rotationMatrix":[0.867428064,0.497562557,0,-0.497562557,0.867428064,-0,-0,0,0.999999881],"scale":1.17771244,"type":"rock_01_a_large_c"}
{"pos":[691.359497,-19.7943821,48.215313],"rotationMatrix":[-0.829368532,-0.558701873,0,0.558701873,-0.829368532,0,-0,0,0.999999881],"scale":1.08888006,"type":"rock_01_a_large_c"}
{"pos":[689.543213,-17.9441547,47.3450394],"rotationMatrix":[0.993608177,-0.112882659,0,0.112882659,0.993608177,0,-0,0,0.999999881],"scale":1.05065298,"type":"rock_01_a_large_c"}
{"pos":[689.372131,-19.646822,47.1592522],"rotationMatrix":[-0.713170588,0.70099026,-0,-0.70099026,-0.713170588,0,-0,0,0.999999881],"scale":1.46331882,"type":"rock_01_a_large_c"}
{"pos":[691.643555,-21.9853725,48.4021378],"rotationMatrix":[-0.613247633,-0.789890707,0,0.789890707,-0.613247633,0,-0,0,0.999999881],"scale":1.18141222,"type":"rock_01_a_large_c"}
{"pos":[691.059448,-14.8828392,47.6079826],"rotationMatrix":[0.614273548,-0.789093077,0,0.789093077,0.614273548,0,-0,0,0.999999881],"scale":1.36665475,"type":"rock_01_a_large_c"}
{"pos":[690.23822,-17.3229237,47.6446991],"rotationMatrix":[-0.876377523,-0.481624663,0,0.481624663,-0.876377523,0,-0,0,0.999999881],"scale":1.04507327,"type":"rock_01_a_large_c"}
{"pos":[691.72113,-18.1352043,48.1721725],"rotationMatrix":[-0.477782875,0.878477812,-0,-0.878477812,-0.477782875,0,-0,0,0.999999881],"scale":1.18212438,"type":"rock_01_a_large_c"}
{"pos":[692.661194,-17.0178471,48.640831],"rotationMatrix":[-0.886240423,-0.463225394,0,0.463225394,-0.886240423,0,-0,0,0.999999881],"scale":1.16238737,"type":"rock_01_a_large_c"}
{"pos":[693.677063,-6.37154913,48.3453941],"rotationMatrix":[-0.991532981,0.129853949,-0,-0.129853949,-0.991532981,0,-0,0,0.999999881],"scale":1.39432192,"type":"rock_01_a_large_c"}
{"pos":[693.788269,-3.36707497,48.3342628],"rotationMatrix":[0.443593353,-0.896228075,0,0.896228075,0.443593353,0,-0,0,0.999999881],"scale":1.29213834,"type":"rock_01_a_large_c"}
{"pos":[692.40686,-6.52633715,47.8390846],"rotationMatrix":[0.898677707,-0.438609272,0,0.438609272,0.898677707,0,-0,0,0.999999881],"scale":1.14059412,"type":"rock_01_a_large_c"}
{"pos":[692.979797,-6.92861986,48.2002411],"rotationMatrix":[0.839157224,0.543888867,0,-0.543888867,0.839157224,-0,-0,0,0.999999881],"scale":1.13364649,"type":"rock_01_a_large_c"}
{"pos":[693.603088,-7.03604221,48.5007744],"rotationMatrix":[-0.152788505,-0.988258839,0,0.988258839,-0.152788505,0,-0,0,0.999999881],"scale":1.01414967,"type":"rock_01_a_large_c"}
{"pos":[693.174805,-5.6914649,48.1324387],"rotationMatrix":[-0.99949801,0.0316798948,-0,-0.0316798948,-0.99949801,0,-0,0,0.999999881],"scale":1.4775219,"type":"rock_01_a_large_c"}
{"pos":[693.486084,0.13675499,48.3360329],"rotationMatrix":[0.851794064,-0.523876548,0,0.523876548,0.851794064,0,-0,0,0.999999881],"scale":1.21054697,"type":"rock_01_a_large_c"}
{"pos":[693.695007,1.16590452,48.3740997],"rotationMatrix":[0.985899031,-0.167340472,0,0.167340472,0.985899031,0,-0,0,0.999999881],"scale":1.24893284,"type":"rock_01_a_large_c"}
{"pos":[695.736023,-3.60912848,49.2620049],"rotationMatrix":[0.22854127,-0.973534048,0,0.973534048,0.22854127,0,-0,0,0.999999881],"scale":1.32300782,"type":"rock_01_a_large_c"}
{"pos":[697.471558,-0.79700017,49.8140984],"rotationMatrix":[-0.846028447,-0.53313756,0,0.53313756,-0.846028447,0,-0,0,0.999999881],"scale":1.40283775,"type":"rock_01_a_large_c"}
{"pos":[695.516846,2.71704721,49.129425],"rotationMatrix":[-0.901353598,-0.433083892,0,0.433083892,-0.901353598,0,-0,0,0.999999881],"scale":1.37539625,"type":"rock_01_a_large_c"}
{"pos":[696.553894,2.10151052,49.5791817],"rotationMatrix":[0.766627192,-0.642092288,0,0.642092288,0.766627192,0,-0,0,0.999999881],"scale":1.15906429,"type":"rock_01_a_large_c"}
{"pos":[692.411987,1.42219925,47.8467789],"rotationMatrix":[0.996430695,-0.0844135657,0,0.0844135657,0.996430695,0,-0,0,0.999999881],"scale":1.05291629,"type":"rock_01_a_large_c"}
{"pos":[696.61438,4.66554546,49.6717415],"rotationMatrix":[0.25823459,0.966082215,0,-0.966082215,0.25823459,-0,-0,0,0.999999881],"scale":1.15356231,"type":"rock_01_a_large_c"}
{"pos":[694.053223,2.82936358,48.5361748],"rotationMatrix":[0.960665047,0.277709544,0,-0.277709544,0.960665047,-0,-0,0,0.999999881],"scale":1.43307018,"type":"rock_01_a_large_c"}
{"pos":[695.571045,1.73366499,49.2379341],"rotationMatrix":[0.890367627,0.455242127,0,-0.455242127,0.890367627,-0,-0,0,0.999999881],"scale":1.26159453,"type":"rock_01_a_large_c"}
{"pos":[695.659546,8.70346642,49.4219055],"rotationMatrix":[-0.928378999,0.371634573,-0,-0.371634573,-0.928378999,0,-0,0,0.999999881],"scale":1.03767467,"type":"rock_01_a_large_c"}
{"pos":[696.237732,6.20057583,49.6229782],"rotationMatrix":[-0.879566789,0.475775182,-0,-0.475775182,-0.879566789,0,-0,0,0.999999881],"scale":1.29845452,"type":"rock_01_a_large_c"}
{"pos":[693.264465,8.02074337,48.0554466],"rotationMatrix":[-0.624406874,-0.781099141,0,0.781099141,-0.624406874,0,-0,0,0.999999881],"scale":1.44286418,"type":"rock_01_a_large_c"}
{"pos":[694.950073,6.00371075,49.0696983],"rotationMatrix":[0.887104392,-0.461568683,0,0.461568683,0.887104392,0,-0,0,0.999999881],"scale":1.09437573,"type":"rock_01_a_large_c"}
{"pos":[693.450195,10.1281929,48.1732941],"rotationMatrix":[0.449443549,0.893308759,0,-0.893308759,0.449443549,-0,-0,0,0.999999881],"scale":1.07246113,"type":"rock_01_a_large_c"}
{"pos":[697.423767,7.84272623,50.0680313],"rotationMatrix":[0.455004007,-0.89048928,0,0.89048928,0.455004007,0,-0,0,0.999999881],"scale":1.46117568,"type":"rock_01_a_large_c"}
{"pos":[694.925598,9.46460819,48.9479942],"rotationMatrix":[0.951329887,0.308174193,0,-0.308174193,0.951329887,-0,-0,0,0.999999881],"scale":1.36943281,"type":"rock_01_a_large_c"}
{"pos":[693.910767,9.36600971,48.3669243],"rotationMatrix":[0.961764991,0.273875982,0,-0.273875982,0.961764991,-0,-0,0,0.999999881],"scale":1.20228958,"type":"rock_01_a_large_c"}
{"pos":[692.609253,9.18178558,47.7556648],"rotationMatrix":[-0.741324484,0.671146631,-0,-0.671146631,-0.741324484,0,-0,0,0.999999881],"scale":1.49652457,"type":"rock_01_a_large_c"}
{"pos":[692.427917,11.4845753,47.7278137],"rotationMatrix":[-0.840306401,0.542111397,-0,-0.542111397,-0.840306401,0,-0,0,0.999999881],"scale":1.03740382,"type":"rock_01_a_large_c"}
{"pos":[696.289185,13.4909964,49.4541435],"rotationMatrix":[0.815338373,-0.578984559,0,0.578984559,0.815338373,0,-0,0,0.999999881],"scale":1.30107522,"type":"rock_01_a_large_c"}
{"pos":[692.43573,13.2646446,47.474762],"rotationMatrix":[0.983552575,0.180621684,0,-0.180621684,0.983552575,-0,-0,0,0.999999881],"scale":1.30323291,"type":"rock_01_a_large_c"}
{"pos":[693.309082,12.309185,47.9403305],"rotationMatrix":[-0.788056135,-0.615603387,0,0.615603387,-0.788056135,0,-0,0,0.999999881],"scale":1.35793281,"type":"rock_01_a_large_c"}
{"pos":[694.845459,14.2665844,48.5844879],"rotationMatrix":[0.964032054,-0.265785575,0,0.265785575,0.964032054,0,-0,0,0.999999881],"scale":1.44593048,"type":"rock_01_a_large_c"}
{"pos":[691.844971,16.0642681,47.3362045],"rotationMatrix":[0.849018753,0.528362691,0,-0.528362691,0.849018753,-0,-0,0,0.999999881],"scale":1.08625507,"type":"rock_01_a_large_c"}
{"pos":[695.942688,15.9348507,49.1455421],"rotationMatrix":[0.852027893,0.52349633,0,-0.52349633,0.852027893,-0,-0,0,0.999999881],"scale":1.11890483,"type":"rock_01_a_large_c"}
{"pos":[692.384766,17.4250107,47.4500313],"rotationMatrix":[0.825563252,-0.564309478,0,0.564309478,0.825563252,0,-0,0,0.999999881],"scale":1.37960947,"type":"rock_01_a_large_c"}
{"pos":[692.124268,18.9075127,47.4243431],"rotationMatrix":[-0.472696751,-0.881225169,0,0.881225169,-0.472696751,0,-0,0,0.999999881],"scale":1.10236919,"type":"rock_01_a_large_c"}
{"pos":[695.332458,18.8820896,48.7318001],"rotationMatrix":[0.933874309,-0.357601136,0,0.357601136,0.933874309,0,-0,0,0.999999881],"scale":1.17415309,"type":"rock_01_a_large_c"}
{"pos":[695.511963,22.0741272,48.7579231],"rotationMatrix":[-0.137505099,-0.990500987,0,0.990500987,-0.137505099,0,-0,0,0.999999881],"scale":1.33682072,"type":"rock_01_a_large_c"}
{"pos":[694.123291,22.9352894,48.2047043],"rotationMatrix":[-0.549878597,0.835244358,-0,-0.835244358,-0.549878597,0,-0,0,0.999999881],"scale":1.00255656,"type":"rock_01_a_large_c"}
{"pos":[693.609741,22.2633648,47.9349709],"rotationMatrix":[0.566967666,0.823740005,0,-0.823740005,0.566967666,-0,-0,0,0.999999881],"scale":1.20484209,"type":"rock_01_a_large_c"}
{"pos":[694.805237,19.4323273,48.492157],"rotationMatrix":[0.0416665338,0.999131441,0,-0.999131441,0.0416665338,-0,-0,0,0.999999881],"scale":1.39490616,"type":"rock_01_a_large_c"}
{"pos":[697.082642,21.3860474,49.7592545],"rotationMatrix":[0.937752426,0.347304463,0,-0.347304463,0.937752426,-0,-0,0,0.999999881],"scale":1.18531704,"type":"rock_01_a_large_c"}
{"pos":[697.152588,20.4110966,49.5938301],"rotationMatrix":[0.420756966,0.907173455,0,-0.907173455,0.420756966,-0,-0,0,0.999999881],"scale":1.43555665,"type":"rock_01_a_large_c"}
{"pos":[697.909546,23.158783,50.021656],"rotationMatrix":[0.081000559,-0.996713936,0,0.996713936,0.081000559,0,-0,0,0.999999881],"scale":1.32890165,"type":"rock_01_a_large_c"}
{"pos":[694.332458,24.5297279,48.3316345],"rotationMatrix":[-0.693695009,0.720268726,-0,-0.720268726,-0.693695009,0,-0,0,0.999999881],"scale":1.43633652,"type":"rock_01_a_large_c"}
{"pos":[695.412659,23.3658638,48.7385941],"rotationMatrix":[0.980812728,-0.194951847,0,0.194951847,0.980812728,0,-0,0,0.999999881],"scale":1.34931111,"type":"rock_01_a_large_c"}
{"pos":[693.242737,28.5676842,47.963974],"rotationMatrix":[0.176509708,-0.984298766,0,0.984298766,0.176509708,0,-0,0,0.999999881],"scale":1.03160655,"type":"rock_01_a_large_c"}
{"pos":[692.612305,28.9236279,47.609211],"rotationMatrix":[0.818906546,0.573926866,0,-0.573926866,0.818906546,-0,-0,0,0.999999881],"scale":1.01112473,"type":"rock_01_a_large_c"}
{"pos":[694.461853,32.6751976,48.6413727],"rotationMatrix":[0.748239696,-0.663428426,0,0.663428426,0.748239696,0,-0,0,0.999999881],"scale":1.29914927,"type":"rock_01_a_large_c"}
{"pos":[698.667114,3.01071906,50.3838844],"rotationMatrix":[-0.226627931,0.973981321,-0,-0.973981321,-0.226627931,0,-0,0,0.999999881],"scale":1.32446289,"type":"rock_01_a_large_c"}
{"pos":[674.185181,-3.83885455,47.7733574],"rotationMatrix":[0.527598798,0.849493682,0,-0.849493682,0.527598798,-0,-0,0,0.999999881],"scale":1.41012597,"type":"rock_01_a_large_c"}
{"pos":[674.971069,-1.11092949,48.1414261],"rotationMatrix":[-0.715002835,-0.699121356,0,0.699121356,-0.715002835,0,-0,0,0.999999881],"scale":1.03607285,"type":"rock_01_a_large_c"}
{"pos":[672.13031,-3.72111797,48.3501778],"rotationMatrix":[0.77698046,-0.629524469,0,0.629524469,0.77698046,0,-0,0,0.999999881],"scale":1.27406108,"type":"rock_01_a_large_c"}
{"pos":[671.361145,-21.0104618,48.2328682],"rotationMatrix":[0.792108953,-0.610379577,0,0.610379577,0.792108953,0,-0,0,0.999999881],"scale":1.3473866,"type":"rock_01_a_large_c"}
{"pos":[669.987305,-22.5926819,48.5542946],"rotationMatrix":[0.857796311,-0.513989508,0,0.513989508,0.857796311,0,-0,0,0.999999881],"scale":1.24479604,"type":"rock_01_a_large_c"}
{"pos":[669.370178,-28.6680202,49.3523407],"rotationMatrix":[0.610917568,-0.791694045,0,0.791694045,0.610917568,0,-0,0,0.999999881],"scale":1.02883875,"type":"rock_01_a_large_c"}
{"pos":[668.842896,-26.8044853,49.1409836],"rotationMatrix":[-0.681826234,0.731513917,-0,-0.731513917,-0.681826234,0,-0,0,0.999999881],"scale":1.15683889,"type":"rock_01_a_large_c"}
{"pos":[672.748291,-29.4332523,48.5245934],"rotationMatrix":[0.875492513,-0.483231395,0,0.483231395,0.875492513,0,-0,0,0.999999881],"scale":1.19145846,"type":"rock_01_a_large_c"}
{"pos":[669.650085,-30.7531586,49.4455872],"rotationMatrix":[-0.284387589,-0.958709419,0,0.958709419,-0.284387589,0,-0,0,0.999999881],"scale":1.30663967,"type":"rock_01_a_large_c"}
{"pos":[671.223816,-26.0843182,48.5877151],"rotationMatrix":[0.993356764,0.115074545,0,-0.115074545,0.993356764,-0,-0,0,0.999999881],"scale":1.48188746,"type":"rock_01_a_large_c"}
{"pos":[668.156189,-39.5930824,50.843792],"rotationMatrix":[0.23143512,-0.972850263,0,0.972850263,0.23143512,0,-0,0,0.999999881],"scale":1.10574484,"type":"rock_01_a_large_c"}
{"pos":[668.61615,-39.0192108,50.6802979],"rotationMatrix":[-0.884388983,-0.466750562,0,0.466750562,-0.884388983,0,-0,0,0.999999881],"scale":1.06618166,"type":"rock_01_a_large_c"}
{"pos":[673.805176,-39.0732918,48.7531052],"rotationMatrix":[-0.555131674,0.831762254,-0,-0.831762254,-0.555131674,0,-0,0,0.999999881],"scale":1.01370406,"type":"rock_01_a_large_c"}
{"pos":[674.053284,-40.8592987,48.5158157],"rotationMatrix":[0.244606525,0.969622433,0,-0.969622433,0.244606525,-0,-0,0,0.999999881],"scale":1.49684966,"type":"rock_01_a_large_c"}
{"pos":[671.668701,-36.2545357,49.3571777],"rotationMatrix":[-0.942436397,0.334385335,-0,-0.334385335,-0.942436397,0,-0,0,0.999999881],"scale":1.48755431,"type":"rock_01_a_large_c"}
{"pos":[670.636658,-42.7622337,50.2061195],"rotationMatrix":[0.804286659,0.5942415,0,-0.5942415,0.804286659,-0,-0,0,0.999999881],"scale":1.05306947,"type":"rock_01_a_large_c"}
{"pos":[670.165588,-36.7163162,49.9415932],"rotationMatrix":[-0.75406456,-0.656800151,0,0.656800151,-0.75406456,0,-0,0,0.999999881],"scale":1.40966511,"type":"rock_01_a_large_c"}
{"pos":[668.872925,-41.3119965,50.7362671],"rotationMatrix":[0.93317312,-0.359427005,0,0.359427005,0.93317312,0,-0,0,0.999999881],"scale":1.25797379,"type":"rock_01_a_large_c"}
{"pos":[672.541931,-49.4780235,48.9937019],"rotationMatrix":[-0.228803232,0.973472536,-0,-0.973472536,-0.228803232,0,-0,0,0.999999881],"scale":1.40329695,"type":"rock_01_a_large_c"}
{"pos":[669.620117,-51.1852951,50.8387985],"rotationMatrix":[-0.949979782,-0.312311172,0,0.312311172,-0.949979782,0,-0,0,0.999999881],"scale":1.13536429,"type":"rock_01_a_large_c"}
{"pos":[668.814453,-46.7405396,50.8349991],"rotationMatrix":[0.993382692,-0.11485064,0,0.11485064,0.993382692,0,-0,0,0.999999881],"scale":1.38528585,"type":"rock_01_a_large_c"}
{"pos":[666.765198,-48.5785484,51.5286789],"rotationMatrix":[0.259282202,-0.965801537,0,0.965801537,0.259282202,0,-0,0,0.999999881],"scale":1.31623888,"type":"rock_01_a_large_c"}
{"pos":[671.555969,-51.4984589,49.6212425],"rotationMatrix":[0.538577676,0.842575908,0,-0.842575908,0.538577676,-0,-0,0,0.999999881],"scale":1.159235,"type":"rock_01_a_large_c"}
{"pos":[669.856384,-57.8957062,49.6368027],"rotationMatrix":[-0.358654737,-0.933470249,0,0.933470249,-0.358654737,0,-0,0,0.999999881],"scale":1.25044799,"type":"rock_01_a_large_c"}
{"pos":[670.385681,-58.682766,49.1504784],"rotationMatrix":[0.052439142,-0.998624027,0,0.998624027,0.052439142,0,-0,0,0.999999881],"scale":1.32866895,"type":"rock_01_a_large_c"}
{"pos":[666.742432,-61.7312012,50.6876335],"rotationMatrix":[0.852368951,0.522940814,0,-0.522940814,0.852368951,-0,-0,0,0.999999881],"scale":1.44659495,"type":"rock_01_a_large_c"}
{"pos":[668.777344,-63.1845512,49.8250465],"rotationMatrix":[0.983462155,0.181113645,0,-0.181113645,0.983462155,-0,-0,0,0.999999881],"scale":1.1410296,"type":"rock_01_a_large_c"}
{"pos":[667.72522,-57.3374825,50.6942902],"rotationMatrix":[0.747648895,-0.664094031,0,0.664094031,0.747648895,0,-0,0,0.999999881],"scale":1.43042636,"type":"rock_01_a_large_c"}
{"pos":[663.669373,-67.7296066,51.5351295],"rotationMatrix":[0.74912256,0.662431419,0,-0.662431419,0.74912256,-0,-0,0,0.999999881],"scale":1.24699914,"type":"rock_01_a_large_c"}
{"pos":[670.051819,-66.1895981,48.8040848],"rotationMatrix":[0.191917315,0.98141104,0,-0.98141104,0.191917315,-0,-0,0,0.999999881],"scale":1.09992087,"type":"rock_01_a_large_c"}
{"pos":[667.551758,-70.4318008,50.0843964],"rotationMatrix":[0.641771555,-0.766895771,0,0.766895771,0.641771555,0,-0,0,0.999999881],"scale":1.2777338,"type":"rock_01_a_large_c"}
{"pos":[664.68396,-68.1394501,51.3758774],"rotationMatrix":[-0.377210945,0.926127255,-0,-0.926127255,-0.377210945,0,-0,0,0.999999881],"scale":1.22418952,"type":"rock_01_a_large_c"}
{"pos":[665.512634,-72.5957184,51.1131973],"rotationMatrix":[0.256682724,-0.966495633,0,0.966495633,0.256682724,0,-0,0,0.999999881],"scale":1.47317791,"type":"rock_01_a_large_c"}
{"pos":[664.43158,-77.095459,51.3893471],"rotationMatrix":[-0.77554518,-0.631291866,0,0.631291866,-0.77554518,0,-0,0,0.999999881],"scale":1.01635194,"type":"rock_01_a_large_c"}
{"pos":[664.404419,-78.5144882,51.3223267],"rotationMatrix":[-0.97332269,-0.229440361,0,0.229440361,-0.97332269,0,-0,0,0.999999881],"scale":1.45790756,"type":"rock_01_a_large_c"}
{"pos":[665.041626,-78.9666901,50.9347458],"rotationMatrix":[0.177809685,0.984064877,0,-0.984064877,0.177809685,-0,-0,0,0.999999881],"scale":1.46057928,"type":"rock_01_a_large_c"}
{"pos":[667.039612,-78.3076553,49.917614],"rotationMatrix":[-0.190219834,-0.981741428,0,0.981741428,-0.190219834,0,-0,0,0.999999881],"scale":1.17138886,"type":"rock_01_a_large_c"}
{"pos":[664.253113,-79.2699432,51.2536354],"rotationMatrix":[0.21433568,-0.97675997,0,0.97675997,0.21433568,0,-0,0,0.999999881],"scale":1.41437387,"type":"rock_01_a_large_c"}
{"pos":[665.168945,-80.2504272,51.0580597],"rotationMatrix":[-0.783020794,-0.62199533,0,0.62199533,-0.783020794,0,-0,0,0.999999881],"scale":1.09235919,"type":"rock_01_a_large_c"}
{"pos":[668.474731,-78.5736008,48.3903999],"rotationMatrix":[-0.784790039,0.619761586,-0,-0.619761586,-0.784790039,0,-0,0,0.999999881],"scale":1.34229457,"type":"rock_01_a_large_c"}
{"pos":[665.676453,-88.3954773,50.1497383],"rotationMatrix":[0.954395711,0.298544407,0,-0.298544407,0.954395711,-0,-0,0,0.999999881],"scale":1.25198841,"type":"rock_01_a_large_c"}
{"pos":[662.041016,-86.8322601,51.57687],"rotationMatrix":[-0.271888733,-0.962328613,0,0.962328613,-0.271888733,0,-0,0,0.999999881],"scale":1.17084002,"type":"rock_01_a_large_c"}
{"pos":[664.066345,-88.3450623,51.2479973],"rotationMatrix":[0.925714254,-0.37822333,0,0.37822333,0.925714254,0,-0,0,0.999999881],"scale":1.00699806,"type":"rock_01_a_large_c"}
{"pos":[664.217957,-87.5239182,50.9643517],"rotationMatrix":[0.414717197,0.909950376,0,-0.909950376,0.414717197,-0,-0,0,0.999999881],"scale":1.39959288,"type":"rock_01_a_large_c"}
{"pos":[662.835815,-91.1341171,51.4956627],"rotationMatrix":[-0.45799619,-0.888953984,0,0.888953984,-0.45799619,0,-0,0,0.999999881],"scale":1.25516462,"type":"rock_01_a_large_c"}
{"pos":[662.526611,-87.6392212,51.5079956],"rotationMatrix":[0.677617848,-0.735414088,0,0.735414088,0.677617848,0,-0,0,0.999999881],"scale":1.28724813,"type":"rock_01_a_large_c"}
{"pos":[665.72583,-92.4275208,49.782795],"rotationMatrix":[0.43851167,0.89872551,0,-0.89872551,0.43851167,-0,-0,0,0.999999881],"scale":1.21950626,"type":"rock_01_a_large_c"}
{"pos":[659.642151,-99.2691498,51.5583763],"rotationMatrix":[0.557065129,0.830468833,0,-0.830468833,0.557065129,-0,-0,0,0.999999881],"scale":1.09983099,"type":"rock_01_a_large_c"}
{"pos":[663.109497,-98.661087,50.645607],"rotationMatrix":[-0.911529064,0.411235332,-0,-0.411235332,-0.911529064,0,-0,0,0.999999881],"scale":1.43444443,"type":"rock_01_a_large_c"}
{"pos":[661.089722,-101.995262,51.1955147],"rotationMatrix":[0.119121403,-0.99287957,0,0.99287957,0.119121403,0,-0,0,0.999999881],"scale":1.18515563,"type":"rock_01_a_large_c"}
{"pos":[662.111511,-99.9295502,51.0678787],"rotationMatrix":[0.205913961,-0.978570044,0,0.978570044,0.205913961,0,-0,0,0.999999881],"scale":1.12035882,"type":"rock_01_a_large_c"}
{"pos":[660.898438,-97.4050446,51.5438194],"rotationMatrix":[-0.184181124,-0.982892215,0,0.982892215,-0.184181124,0,-0,0,0.999999881],"scale":1.15738547,"type":"rock_01_a_large_c"}
{"pos":[663.281372,-101.543884,50.0005798],"rotationMatrix":[-0.872210324,-0.489131123,0,0.489131123,-0.872210324,0,-0,0,0.999999881],"scale":1.49583197,"type":"rock_01_a_large_c"}
{"pos":[659.842896,-114.416962,51.1303711],"rotationMatrix":[-0.969083965,0.246730581,-0,-0.246730581,-0.969083965,0,-0,0,0.999999881],"scale":1.07649362,"type":"rock_01_a_large_c"}
{"pos":[657.723083,-112.099693,51.5765839],"rotationMatrix":[-0.686843097,0.726805449,-0,-0.726805449,-0.686843097,0,-0,0,0.999999881],"scale":1.25070262,"type":"rock_01_a_large_c"}
{"pos":[657.184998,-111.535629,51.5927658],"rotationMatrix":[0.989591479,0.14390476,0,-0.14390476,0.989591479,-0,-0,0,0.999999881],"scale":1.32293463,"type":"rock_01_a_large_c"}
{"pos":[658.88147,-109.921089,51.288784],"rotationMatrix":[0.821238697,-0.570584595,0,0.570584595,0.821238697,0,-0,0,0.999999881],"scale":1.49978352,"type":"rock_01_a_large_c"}
{"pos":[658.615967,-113.732758,51.391655],"rotationMatrix":[0.300822049,-0.953680217,0,0.953680217,0.300822049,0,-0,0,0.999999881],"scale":1.36259341,"type":"rock_01_a_large_c"}
{"pos":[661.921143,-120.732529,49.06604],"rotationMatrix":[0.843700588,-0.536813974,0,0.536813974,0.843700588,0,-0,0,0.999999881],"scale":1.40435445,"type":"rock_01_a_large_c"}
{"pos":[660.41925,-121.077423,50.3171043],"rotationMatrix":[0.471738279,0.881738603,0,-0.881738603,0.471738279,-0,-0,0,0.999999881],"scale":1.20335436,"type":"rock_01_a_large_c"}
{"pos":[657.079163,-118.379539,51.411087],"rotationMatrix":[0.57780987,-0.816171288,0,0.816171288,0.57780987,0,-0,0,0.999999881],"scale":1.40018559,"type":"rock_01_a_large_c"}
{"pos":[661.061584,-119.722504,50.1795616],"rotationMatrix":[-0.016238777,-0.999868035,0,0.999868035,-0.016238777,0,-0,0,0.999999881],"scale":1.00497246,"type":"rock_01_a_large_c"}
{"pos":[657.313416,-122.263,51.4022751],"rotationMatrix":[-0.277887285,0.960613549,-0,-0.960613549,-0.277887285,0,-0,0,0.999999881],"scale":1.49650121,"type":"rock_01_a_large_c"}
{"pos":[659.146301,-116.880608,51.1360855],"rotationMatrix":[0.992060602,-0.125760347,0,0.125760347,0.992060602,0,-0,0,0.999999881],"scale":1.21145117,"type":"rock_01_a_large_c"}
{"pos":[659.139099,-118.493797,51.0034866],"rotationMatrix":[0.751068234,0.660224557,0,-0.660224557,0.751068234,-0,-0,0,0.999999881],"scale":1.36055768,"type":"rock_01_a_large_c"}
