{"pos":[-74.3855972,-294.786987,39.7142982],"rotationMatrix":[0.690158129,0.723672926,0,-0.723672926,0.690158129,0,0,0,1],"scale":1.09920001,"type":"rock_01_a_small_a"}
{"pos":[-121.037003,-278.959991,39.0806999],"rotationMatrix":[-0.353341579,0.935460746,0,-0.935460746,-0.353341579,0,0,0,1],"scale":1.15499997,"type":"rock_01_a_small_a"}
{"pos":[-159.259003,-266.748993,39.1217995],"rotationMatrix":[-0.477136612,-0.878650546,0,0.878650546,-0.477136612,0,0,0,1],"scale":1.39690006,"type":"rock_01_a_small_a"}
{"pos":[-163.682007,-267.328003,39.1449013],"rotationMatrix":[0.936275482,-0.351252288,0,0.351252288,0.936275482,0,0,0,1],"scale":1.31449997,"type":"rock_01_a_small_a"}
{"pos":[-224.207993,-409.806,39.8757019],"rotationMatrix":[0.400487483,-0.916296005,0,0.916296005,0.400487483,0,0,0,1],"scale":2.08870006,"type":"rock_01_a_small_a"}
{"pos":[-224.947998,-410.920013,39.7966995],"rotationMatrix":[0.699377418,-0.714763701,0,0.714763701,0.699377418,0,0,0,1],"scale":1.02100003,"type":"rock_01_a_small_a"}
{"pos":[-224.731995,-412.272003,39.7970009],"rotationMatrix":[-0.997600794,-0.0707575232,0,0.0707575232,-0.997600794,0,0,0,1],"scale":1.05700004,"type":"rock_01_a_small_a"}
{"pos":[-223.156006,-411.261993,39.8534012],"rotationMatrix":[-0.537556529,-0.843130887,0,0.843130887,-0.537556529,0,0,0,1],"scale":1.89530003,"type":"rock_01_a_small_a"}
{"pos":[-224.369995,-399.894012,40.3226013],"rotationMatrix":[0.815775514,-0.57834959,0,0.57834959,0.815775514,0,0,0,1],"scale":1.07620001,"type":"rock_01_a_small_a"}
{"pos":[-224.098999,-399.394989,40.3344002],"rotationMatrix":[-0.72014153,-0.693880677,0,0.693880677,-0.72014153,0,0,0,1],"scale":2.1624999,"type":"rock_01_a_small_a"}
{"pos":[-222.451004,-402.341003,40.2380981],"rotationMatrix":[0.849189699,-0.528110743,0,0.528110743,0.849189699,0,0,0,1],"scale":1.54030001,"type":"rock_01_a_small_a"}
{"pos":[-220.052994,-398.589996,40.4337006],"rotationMatrix":[-0.599902749,0.799951375,0,-0.799951375,-0.599902749,0,0,0,1],"scale":1.17079997,"type":"rock_01_a_small_a"}
{"pos":[-220.563995,-396.472992,40.3855019],"rotationMatrix":[-0.71606338,0.698059678,0,-0.698059678,-0.71606338,0,0,0,1],"scale":2.2277,"type":"rock_01_a_small_a"}
{"pos":[-215.001007,-410.549988,40.2503014],"rotationMatrix":[0.935703039,0.352790654,0,-0.352790654,0.935703039,0,0,0,1],"scale":1.55639994,"type":"rock_01_a_small_a"}
{"pos":[-215.690002,-411.509003,40.1673012],"rotationMatrix":[-0.681777954,0.731765985,0,-0.731765985,-0.681777954,0,0,0,1],"scale":1.50370002,"type":"rock_01_a_small_a"}
{"pos":[-216.686996,-414.143005,39.9761009],"rotationMatrix":[-0.348081946,0.937417805,0,-0.937417805,-0.348081946,0,0,0,1],"scale":1.4404,"type":"rock_01_a_small_a"}
{"pos":[-215.639999,-412.470001,40.0984993],"rotationMatrix":[0.833420098,0.552668989,0,-0.552668989,0.833420098,0,0,0,1],"scale":1.15120006,"type":"rock_01_a_small_a"}
{"pos":[-215.139008,-414.889008,40.0214996],"rotationMatrix":[0.0675683618,-0.997707367,0,0.997707367,0.0675683618,0,0,0,1],"scale":1.5474,"type":"rock_01_a_small_a"}
{"pos":[-216.802994,-413.164001,40.0211983],"rotationMatrix":[-0.941632152,0.336184353,0,-0.336184353,-0.941632152,0,0,0,1],"scale":2.49189997,"type":"rock_01_a_small_a"}
{"pos":[-216.714996,-408.373993,40.2364006],"rotationMatrix":[0.897304893,0.4414168,0,-0.4414168,0.897304893,0,0,0,1],"scale":1.38349998,"type":"rock_01_a_small_a"}
{"pos":[-215.923996,-408.847992,40.2286987],"rotationMatrix":[0.755279899,-0.655385256,0,0.655385256,0.755279899,0,0,0,1],"scale":2.1401,"type":"rock_01_a_small_a"}
{"pos":[-498.859985,-358.424011,35.0242004],"rotationMatrix":[-0.583488107,0.812031448,0,-0.812031448,-0.583488107,0,0,0,1],"scale":1.54620004,"type":"rock_01_a_small_a"}
{"pos":[-132.921997,-637.588989,40.4644012],"rotationMatrix":[-0.762315512,-0.647139788,0,0.647139788,-0.762315512,0,0,0,1],"scale":1.98909998,"type":"rock_01_a_small_a"}
{"pos":[-133.205994,-646.432983,40.4654999],"rotationMatrix":[0.25775069,-0.966191173,0,0.966191173,0.25775069,0,0,0,1],"scale":1.25059998,"type":"rock_01_a_small_a"}
{"pos":[-10.3552999,-808.763,13.9077997],"rotationMatrix":[-0.753689885,-0.657352805,0,0.657352805,-0.753689885,0,0,0,1],"scale":2.22889996,"type":"rock_01_a_small_a"}
{"pos":[-5.66090012,-809.588989,15.8147001],"rotationMatrix":[0.408780634,-0.912654757,0,0.912654757,0.408780634,0,0,0,1],"scale":1.89859998,"type":"rock_01_a_small_a"}
{"pos":[-270.790009,-745.080017,40.2442017],"rotationMatrix":[-0.623962402,-0.78143394,0,0.78143394,-0.623962402,0,0,0,1],"scale":1.46200001,"type":"rock_01_a_small_a"}
{"pos":[-312.194,-711.682007,49.6074982],"rotationMatrix":[-0.986024618,-0.166415498,0,0.166415498,-0.986024618,0,0,0,1],"scale":1.83459997,"type":"rock_01_a_small_a"}
{"pos":[-346.29599,-649.987,56.712101],"rotationMatrix":[0.927267015,0.374420375,0,-0.374420375,0.927267015,0,0,0,1],"scale":1.80780005,"type":"rock_01_a_small_a"}
{"pos":[-345.608002,-649.049011,56.6265984],"rotationMatrix":[0.0626456738,-0.99800992,0,0.99800992,0.0626456738,0,0,0,1],"scale":1.18990004,"type":"rock_01_a_small_a"}
{"pos":[-363.56601,-676.414978,57.8132019],"rotationMatrix":[0.99616313,-0.0875124037,0,0.0875124037,0.99616313,0,0,0,1],"scale":1.47940004,"type":"rock_01_a_small_a"}
{"pos":[-349.368011,-710.642029,54.9352989],"rotationMatrix":[-0.544578791,0.838550985,0,-0.838550985,-0.544578791,0,0,0,1],"scale":2.21889997,"type":"rock_01_a_small_a"}
{"pos":[-268.420013,-759.450012,39.3466988],"rotationMatrix":[0.648542702,-0.761183321,0,0.761183321,0.648542702,0,0,0,1],"scale":1.86530006,"type":"rock_01_a_small_a"}
{"pos":[-270.656006,-760.195984,39.6879005],"rotationMatrix":[0.063193202,0.997992098,0,-0.997992098,0.063193202,0,0,0,1],"scale":1.99249995,"type":"rock_01_a_small_a"}
{"pos":[-257.578003,-758.111023,37.7994995],"rotationMatrix":[-0.910230517,-0.413984269,0,0.413984269,-0.910230517,0,0,0,1],"scale":2.48620009,"type":"rock_01_a_small_a"}
{"pos":[-591.03302,-341.554993,33.9589005],"rotationMatrix":[-0.877921939,-0.4784922,0,0.4784922,-0.877921939,0,0,0,1],"scale":1.65740001,"type":"rock_01_a_small_a"}
{"pos":[-807.19397,-374.289001,19.4361992],"rotationMatrix":[0.790307105,0.612694383,0,-0.612694383,0.790307105,0,0,0,1],"scale":1.27349997,"type":"rock_01_a_small_a"}
{"pos":[-808.359009,-374.231995,19.7639999],"rotationMatrix":[-0.228684902,-0.973479569,0,0.973479569,-0.228684902,0,0,0,1],"scale":1.52339995,"type":"rock_01_a_small_a"}
{"pos":[-806.153015,-363.824005,19.4041996],"rotationMatrix":[0.388382077,-0.92151916,0,0.92151916,0.388382077,0,0,0,1],"scale":1.85539997,"type":"rock_01_a_small_a"}
{"pos":[-806.187988,-365.306,19.3645992],"rotationMatrix":[0.506379485,0.862345457,0,-0.862345457,0.506379485,0,0,0,1],"scale":1.40069997,"type":"rock_01_a_small_a"}
{"pos":[-809.348999,-372.026001,20.2035007],"rotationMatrix":[-0.982438684,0.186376318,0,-0.186376318,-0.982438684,0,0,0,1],"scale":1.45500004,"type":"rock_01_a_small_a"}
{"pos":[-777.531006,-392.524994,20.7061996],"rotationMatrix":[0.872386456,0.48883155,0,-0.48883155,0.872386456,0,0,0,1],"scale":2.41230011,"type":"rock_01_a_small_a"}
{"pos":[-773.286011,-393.772003,21.280899],"rotationMatrix":[-0.937299252,0.348997325,0,-0.348997325,-0.937299252,0,0,0,1],"scale":2.12030005,"type":"rock_01_a_small_a"}
{"pos":[-771.950012,-395.240997,21.3244991],"rotationMatrix":[-0.992806435,-0.120981842,0,0.120981842,-0.992806435,0,0,0,1],"scale":2.40899992,"type":"rock_01_a_small_a"}
{"pos":[-777.132996,-381.279999,20.5020008],"rotationMatrix":[-0.307344437,-0.951604545,0,0.951604545,-0.307344437,0,0,0,1],"scale":2.10899997,"type":"rock_01_a_small_a"}
{"pos":[-808.403015,-375.182007,19.8523998],"rotationMatrix":[-0.922760487,0.385336488,0,-0.385336488,-0.922760487,0,0,0,1],"scale":1.42130005,"type":"rock_01_a_small_a"}
{"pos":[-809.403015,-377.846985,20.2075996],"rotationMatrix":[0.271816909,0.962423027,0,-0.962423027,0.271816909,0,0,0,1],"scale":2.00769997,"type":"rock_01_a_small_a"}
{"pos":[-806.620972,-376.481995,19.2024994],"rotationMatrix":[0.998709679,-0.0507847592,0,0.0507847592,0.998709679,0,0,0,1],"scale":1.79990005,"type":"rock_01_a_small_a"}
{"pos":[-806.97998,-377.300995,19.3630009],"rotationMatrix":[0.961190999,0.275869727,0,-0.275869727,0.961190999,0,0,0,1],"scale":2.28069997,"type":"rock_01_a_small_a"}
{"pos":[-807.58197,-377.502991,19.5247002],"rotationMatrix":[-0.272969723,-0.961987317,0,0.961987317,-0.272969723,0,0,0,1],"scale":1.87049997,"type":"rock_01_a_small_a"}
{"pos":[-808.947021,-377.514008,20.0097008],"rotationMatrix":[0.0155148506,0.999920309,0,-0.999920309,0.0155148506,0,0,0,1],"scale":1.85099995,"type":"rock_01_a_small_a"}
{"pos":[-807.924988,-376.638,19.6177006],"rotationMatrix":[0.79635036,-0.604822159,0,0.604822159,0.79635036,0,0,0,1],"scale":1.54190004,"type":"rock_01_a_small_a"}
{"pos":[-808.234009,-376.408997,19.7201996],"rotationMatrix":[0.278318942,-0.960519314,0,0.960519314,0.278318942,0,0,0,1],"scale":1.28910005,"type":"rock_01_a_small_a"}
{"pos":[-810.843994,-386.596008,21.0983009],"rotationMatrix":[-0.811846495,-0.584024489,0,0.584024489,-0.811846495,0,0,0,1],"scale":1.7342,"type":"rock_01_a_small_a"}
{"pos":[-809.460022,-384.819,20.4643002],"rotationMatrix":[0.972668767,-0.232186764,0,0.232186764,0.972668767,0,0,0,1],"scale":1.44560003,"type":"rock_01_a_small_a"}
{"pos":[-810.747986,-384.306,20.9969997],"rotationMatrix":[-0.915315986,0.402596027,0,-0.402596027,-0.915315986,0,0,0,1],"scale":2.2039001,"type":"rock_01_a_small_a"}
{"pos":[-810.23999,-385.352997,20.8386002],"rotationMatrix":[-0.982438684,-0.185579836,0,0.185579836,-0.982438684,0,0,0,1],"scale":1.68330002,"type":"rock_01_a_small_a"}
{"pos":[-809.685974,-386.15799,20.5305996],"rotationMatrix":[-0.907495141,0.420523942,0,-0.420523942,-0.907495141,0,0,0,1],"scale":1.14330006,"type":"rock_01_a_small_a"}
{"pos":[-806.986023,-401.743011,18.8062],"rotationMatrix":[-0.959803939,0.281131595,0,-0.281131595,-0.959803939,0,0,0,1],"scale":1.53170002,"type":"rock_01_a_small_a"}
{"pos":[-807.642029,-393.790985,19.0837994],"rotationMatrix":[0.999175847,-0.0405918844,0,0.0405918844,0.999175847,0,0,0,1],"scale":2.19350004,"type":"rock_01_a_small_a"}
{"pos":[-807.638977,-390.987,19.1802998],"rotationMatrix":[-0.985227346,0.170765817,0,-0.170765817,-0.985227346,0,0,0,1],"scale":1.00629997,"type":"rock_01_a_small_a"}
{"pos":[-805.117004,-409.466003,18.0545006],"rotationMatrix":[0.785880327,-0.618407965,0,0.618407965,0.785880327,0,0,0,1],"scale":1.2385,"type":"rock_01_a_small_a"}
{"pos":[-819.41803,-375.248993,22.4190063],"rotationMatrix":[0.99310863,-0.117200419,0,0.117200419,0.99310863,0,0,0,1],"scale":2.30029988,"type":"rock_01_a_small_a"}
{"pos":[-822.698975,-383.466003,23.3076],"rotationMatrix":[0.999744594,0.0225977395,0,-0.0225977395,0.999744594,0,0,0,1],"scale":2.4375999,"type":"rock_01_a_small_a"}
{"pos":[-397.286987,916.726013,30.0837002],"rotationMatrix":[-0.207147241,0.978272438,0,-0.978272438,-0.207147241,0,0,0,1],"scale":2.13870001,"type":"rock_01_a_small_a"}
{"pos":[-311.875,550.088013,27.9293995],"rotationMatrix":[-0.976072073,-0.216692001,0,0.216692001,-0.976072073,0,0,0,1],"scale":1.9727,"type":"rock_01_a_small_a"}
{"pos":[-310.375,542.065002,28.0517998],"rotationMatrix":[0.219499767,-0.97565645,0,0.97565645,0.219499767,0,0,0,1],"scale":1.27639997,"type":"rock_01_a_small_a"}
{"pos":[-313.906006,550.841003,27.8330002],"rotationMatrix":[-0.950707674,-0.309513837,0,0.309513837,-0.950707674,0,0,0,1],"scale":1.34360003,"type":"rock_01_a_small_a"}
{"pos":[-314.993988,545.229004,27.9852009],"rotationMatrix":[0.368761539,-0.929554284,0,0.929554284,0.368761539,0,0,0,1],"scale":1.19130003,"type":"rock_01_a_small_a"}
{"pos":[-315.933014,544.030029,27.8365993],"rotationMatrix":[-0.538608789,-0.842542291,0,0.842542291,-0.538608789,0,0,0,1],"scale":1.50109994,"type":"rock_01_a_small_a"}
{"pos":[-80.2643967,485.364014,37.1242981],"rotationMatrix":[-0.249780416,-0.96836251,0,0.96836251,-0.249780416,0,0,0,1],"scale":1.35350001,"type":"rock_01_a_small_a"}
{"pos":[-95.3861008,479.016998,36.4980011],"rotationMatrix":[-0.527752042,-0.849528015,0,0.849528015,-0.527752042,0,0,0,1],"scale":2.49040008,"type":"rock_01_a_small_a"}
{"pos":[-68.524498,82.6151962,42.4646988],"rotationMatrix":[-0.986024618,0.167611301,0,-0.167611301,-0.986024618,0,0,0,1],"scale":2.29959989,"type":"rock_01_a_small_a"}
{"pos":[-67.7237015,82.9004974,42.4841995],"rotationMatrix":[-0.67701304,0.735856533,0,-0.735856533,-0.67701304,0,0,0,1],"scale":1.32620001,"type":"rock_01_a_small_a"}
{"pos":[-78.6267014,81.6652985,41.987999],"rotationMatrix":[-0.521814704,-0.853109419,0,0.853109419,-0.521814704,0,0,0,1],"scale":1.18789995,"type":"rock_01_a_small_a"}
{"pos":[-221.979996,243.246002,30.3859005],"rotationMatrix":[0.972575188,-0.232584015,0,0.232584015,0.972575188,0,0,0,1],"scale":1.17910004,"type":"rock_01_a_small_a"}
{"pos":[-170.858002,72.8094025,43.1940002],"rotationMatrix":[0.21298933,0.977082551,0,-0.977082551,0.21298933,0,0,0,1],"scale":2.22370005,"type":"rock_01_a_small_a"}
{"pos":[-186.052002,70.3227997,46.6120987],"rotationMatrix":[-0.799683928,0.600653529,0,-0.600653529,-0.799683928,0,0,0,1],"scale":1.89160001,"type":"rock_01_a_small_a"}
{"pos":[-169.313995,54.8213005,46.891201],"rotationMatrix":[-0.704227209,0.710048556,0,-0.710048556,-0.704227209,0,0,0,1],"scale":2.24489999,"type":"rock_01_a_small_a"}
{"pos":[-148.949997,49.3931007,45.4132996],"rotationMatrix":[0.557447672,-0.830161929,0,0.830161929,0.557447672,0,0,0,1],"scale":1.4016,"type":"rock_01_a_small_a"}
{"pos":[-153.223999,49.6460991,46.0363998],"rotationMatrix":[0.974956751,-0.222390071,0,0.222390071,0.974956751,0,0,0,1],"scale":1.72959995,"type":"rock_01_a_small_a"}
{"pos":[-196.604996,78.9941025,48.7457008],"rotationMatrix":[-0.978856206,-0.204908207,0,0.204908207,-0.978856206,0,0,0,1],"scale":1.58440006,"type":"rock_01_a_small_a"}
{"pos":[-233.972,84.2182999,56.2942009],"rotationMatrix":[-0.505459547,0.86274147,0,-0.86274147,-0.505459547,0,0,0,1],"scale":2.20679998,"type":"rock_01_a_small_a"}
{"pos":[-212.311996,66.6701965,53.9519005],"rotationMatrix":[0.996092737,0.0883115977,0,-0.0883115977,0.996092737,0,0,0,1],"scale":1.01310003,"type":"rock_01_a_small_a"}
{"pos":[-205.718994,66.2454987,53.1264992],"rotationMatrix":[-0.369512439,-0.929116964,0,0.929116964,-0.369512439,0,0,0,1],"scale":2.10730004,"type":"rock_01_a_small_a"}
{"pos":[-232.518997,90.3651962,55.0946999],"rotationMatrix":[-0.653653145,0.75671947,0,-0.75671947,-0.653653145,0,0,0,1],"scale":2.32360005,"type":"rock_01_a_small_a"}
{"pos":[-435.431,404.509003,19.0473995],"rotationMatrix":[0.126157939,0.992028832,0,-0.992028832,0.126157939,0,0,0,1],"scale":1.05050004,"type":"rock_01_a_small_a"}
{"pos":[-444.562988,422.480988,18.6805],"rotationMatrix":[-0.972495198,-0.2333785,0,0.2333785,-0.972495198,0,0,0,1],"scale":1.3865,"type":"rock_01_a_small_a"}
{"pos":[-310.139008,236.496002,29.2980995],"rotationMatrix":[0.296702027,-0.954967141,0,0.954967141,0.296702027,0,0,0,1],"scale":2.29060006,"type":"rock_01_a_small_a"}
{"pos":[-294.661011,129.981995,58.4995003],"rotationMatrix":[0.533615232,0.845751047,0,-0.845751047,0.533615232,0,0,0,1],"scale":1.48109996,"type":"rock_01_a_small_a"}
{"pos":[-373.001007,188.737,58.6934013],"rotationMatrix":[0.968999505,-0.247057796,0,0.247057796,0.968999505,0,0,0,1],"scale":2.32969999,"type":"rock_01_a_small_a"}
{"pos":[-255.098007,113.68,53.7108994],"rotationMatrix":[-0.956242085,-0.292546213,0,0.292546213,-0.956242085,0,0,0,1],"scale":1.04219997,"type":"rock_01_a_small_a"}
{"pos":[-260.93399,101.014,56.5005989],"rotationMatrix":[0.643325388,0.765629888,0,-0.765629888,0.643325388,0,0,0,1],"scale":1.93920004,"type":"rock_01_a_small_a"}
{"pos":[-494.194,239.227997,26.6809998],"rotationMatrix":[-0.27552402,-0.961194992,0,0.961194992,-0.27552402,0,0,0,1],"scale":2.17020011,"type":"rock_01_a_small_a"}
{"pos":[-482.722992,222.115005,27.3719997],"rotationMatrix":[0.772592306,-0.634880126,0,0.634880126,0.772592306,0,0,0,1],"scale":1.59109998,"type":"rock_01_a_small_a"}
{"pos":[-616.958984,870.557983,35.3437996],"rotationMatrix":[-0.20156002,0.979571402,0,-0.979571402,-0.20156002,0,0,0,1],"scale":1.92110002,"type":"rock_01_a_small_a"}
{"pos":[-609.482971,866.981995,35.4608994],"rotationMatrix":[0.0527615547,-0.998578191,0,0.998578191,0.0527615547,0,0,0,1],"scale":1.82500005,"type":"rock_01_a_small_a"}
{"pos":[-611.952026,872.995972,35.7408981],"rotationMatrix":[0.640617609,-0.767852485,0,0.767852485,0.640617609,0,0,0,1],"scale":2.28859997,"type":"rock_01_a_small_a"}
{"pos":[-605.122009,872.846008,36.4117012],"rotationMatrix":[-0.802720785,0.596223235,0,-0.596223235,-0.802720785,0,0,0,1],"scale":1.48329997,"type":"rock_01_a_small_a"}
{"pos":[-639.39502,939.906006,36.6091995],"rotationMatrix":[0.289329648,0.957217336,0,-0.957217336,0.289329648,0,0,0,1],"scale":2.35730004,"type":"rock_01_a_small_a"}
{"pos":[-651.218018,938.828003,36.9099007],"rotationMatrix":[0.906687975,-0.421804816,0,0.421804816,0.906687975,0,0,0,1],"scale":1.87880003,"type":"rock_01_a_small_a"}
{"pos":[-653.271973,939.252014,37.2668991],"rotationMatrix":[-0.29122448,0.956647098,0,-0.956647098,-0.29122448,0,0,0,1],"scale":1.49030006,"type":"rock_01_a_small_a"}
{"pos":[-812.39502,831.767029,34.4664001],"rotationMatrix":[-0.706812859,0.707446039,0,-0.707446039,-0.706812859,0,0,0,1],"scale":1.73860002,"type":"rock_01_a_small_a"}
{"pos":[-797.916992,869.35199,33.9314003],"rotationMatrix":[-0.979651928,0.199775919,0,-0.199775919,-0.979651928,0,0,0,1],"scale":1.42490005,"type":"rock_01_a_small_a"}
{"pos":[-802.447021,864.552979,33.3247986],"rotationMatrix":[-0.897741556,0.440682828,0,-0.440682828,-0.897741556,0,0,0,1],"scale":1.44299996,"type":"rock_01_a_small_a"}
{"pos":[-795.268005,863.54303,33.4238014],"rotationMatrix":[0.170785666,0.985295773,0,-0.985295773,0.170785666,0,0,0,1],"scale":1.29170001,"type":"rock_01_a_small_a"}
{"pos":[-881.385986,918.036987,26.7269993],"rotationMatrix":[-0.962180376,0.272783697,0,-0.272783697,-0.962180376,0,0,0,1],"scale":2.18059993,"type":"rock_01_a_small_a"}
{"pos":[-893.994995,913.802002,25.2698002],"rotationMatrix":[0.535351992,0.844656825,0,-0.844656825,0.535351992,0,0,0,1],"scale":2.47119999,"type":"rock_01_a_small_a"}
{"pos":[-894.85199,907.564026,24.6382008],"rotationMatrix":[0.520387828,-0.853938878,0,0.853938878,0.520387828,0,0,0,1],"scale":1.47609997,"type":"rock_01_a_small_a"}
{"pos":[-938.531982,841.14502,25.1359005],"rotationMatrix":[-1,-0.0046000001,0,0.0046000001,-1,0,0,0,1],"scale":1.71870005,"type":"rock_01_a_small_a"}
{"pos":[-943.294983,834.491028,26.1033001],"rotationMatrix":[-0.385779619,0.922632158,0,-0.922632158,-0.385779619,0,0,0,1],"scale":1.90460002,"type":"rock_01_a_small_a"}
{"pos":[-511.195007,205.462997,26.9850006],"rotationMatrix":[-0.671523333,0.741050482,0,-0.741050482,-0.671523333,0,0,0,1],"scale":2.39219999,"type":"rock_01_a_small_a"}
{"pos":[-539.119019,116.044998,27.6509991],"rotationMatrix":[0.634829402,0.772643864,0,-0.772643864,0.634829402,0,0,0,1],"scale":1.76660001,"type":"rock_01_a_small_a"}
{"pos":[-923.812012,296.824005,29.8929005],"rotationMatrix":[0.80543679,-0.592672348,0,0.592672348,0.80543679,0,0,0,1],"scale":1.52289999,"type":"rock_01_a_small_a"}
{"pos":[-925.10199,285.734985,31.3766003],"rotationMatrix":[0.508166373,-0.86127913,0,0.86127913,0.508166373,0,0,0,1],"scale":1.14610004,"type":"rock_01_a_small_a"}
{"pos":[-924.742004,225.619003,39.6734009],"rotationMatrix":[0.00058478117,-0.999980748,0,0.999980748,0.00058478117,0,0,0,1],"scale":2.11470008,"type":"rock_01_a_small_a"}
{"pos":[-919.489014,226.876007,38.0992012],"rotationMatrix":[0.92261821,0.385728717,0,-0.385728717,0.92261821,0,0,0,1],"scale":1.85870004,"type":"rock_01_a_small_a"}
{"pos":[-920.057007,224.522003,38.0023994],"rotationMatrix":[0.935271978,0.353935272,0,-0.353935272,0.935271978,0,0,0,1],"scale":1.45910001,"type":"rock_01_a_small_a"}
{"pos":[-911.216003,226.302002,35.3725014],"rotationMatrix":[0.699377418,-0.714763701,0,0.714763701,0.699377418,0,0,0,1],"scale":1.56070006,"type":"rock_01_a_small_a"}
{"pos":[-914.838989,223.477997,36.1669998],"rotationMatrix":[0.848860025,0.5286327,0,-0.5286327,0.848860025,0,0,0,1],"scale":2.20869994,"type":"rock_01_a_small_a"}
{"pos":[-911.890015,215.119003,35.3650017],"rotationMatrix":[-0.949127793,-0.314521939,0,0.314521939,-0.949127793,0,0,0,1],"scale":1.31570005,"type":"rock_01_a_small_a"}
{"pos":[-913.734009,197.375,38.7092018],"rotationMatrix":[-0.524956465,0.851195335,0,-0.851195335,-0.524956465,0,0,0,1],"scale":1.29120004,"type":"rock_01_a_small_a"}
{"pos":[-910.692017,197.992004,36.8016014],"rotationMatrix":[0.859867811,0.510500371,0,-0.510500371,0.859867811,0,0,0,1],"scale":2.18350005,"type":"rock_01_a_small_a"}
{"pos":[-913.156982,175.718994,37.0265007],"rotationMatrix":[-0.490919113,-0.871170521,0,0.871170521,-0.490919113,0,0,0,1],"scale":1.0826,"type":"rock_01_a_small_a"}
{"pos":[-914.504028,179.699997,37.3862],"rotationMatrix":[0.410223246,-0.897011399,-0.164678201,0.753217816,0.435038328,-0.493391037,0.51420939,0.0783729553,0.854080915],"scale":1.9375,"type":"rock_01_a_small_a"}
{"pos":[-913.625,173.647995,37.0413017],"rotationMatrix":[0.856243968,-0.104371339,-0.505916357,0.0495486557,0.991454244,-0.120678797,0.514188409,0.0782628059,0.854098201],"scale":1.3448,"type":"rock_01_a_small_a"}
{"pos":[914.004028,-124.547997,41.9196014],"rotationMatrix":[0.85656631,0.516050637,0,-0.516050637,0.85656631,0,0,0,1],"scale":1.43490005,"type":"rock_01_a_small_a"}
{"pos":[898.715027,-118.047997,43.0847015],"rotationMatrix":[0.885949135,-0.463797361,0,0.463797361,0.885949135,0,0,0,1],"scale":1.42820001,"type":"rock_01_a_small_a"}
{"pos":[894.619995,-120.334999,43.1806984],"rotationMatrix":[0.97684449,-0.213951841,0,0.213951841,0.97684449,0,0,0,1],"scale":1.11339998,"type":"rock_01_a_small_a"}
{"pos":[899.046997,-119.609001,42.9805984],"rotationMatrix":[-0.816418052,0.577136815,0,-0.577136815,-0.816418052,0,0,0,1],"scale":2.1624999,"type":"rock_01_a_small_a"}
{"pos":[894.820007,-124.167,42.9734993],"rotationMatrix":[-0.767199993,0.641268015,0,-0.641268015,-0.767199993,0,0,0,1],"scale":2.3512001,"type":"rock_01_a_small_a"}
{"pos":[897.732971,-123.366997,42.9093018],"rotationMatrix":[0.0306110978,-0.99946475,0,0.99946475,0.0306110978,0,0,0,1],"scale":1.79569995,"type":"rock_01_a_small_a"}
{"pos":[896.338013,-120.585999,43.105999],"rotationMatrix":[-0.91570735,0.401462734,0,-0.401462734,-0.91570735,0,0,0,1],"scale":1.83309996,"type":"rock_01_a_small_a"}
{"pos":[900.159973,-121.436996,42.7463989],"rotationMatrix":[-0.990012527,-0.141644999,0,0.141644999,-0.990012527,0,0,0,1],"scale":1.49919999,"type":"rock_01_a_small_a"}
{"pos":[886.223999,-123.911003,43.4561005],"rotationMatrix":[0.786011159,-0.618219018,0,0.618219018,0.786011159,0,0,0,1],"scale":2.47000003,"type":"rock_01_a_small_a"}
{"pos":[884.026978,-124.737,43.1190796],"rotationMatrix":[0.726643801,0.687050521,0,-0.687050521,0.726643801,0,0,0,1],"scale":2.44619989,"type":"rock_01_a_small_a"}
{"pos":[884.64801,-124.384003,43.6882019],"rotationMatrix":[0.977739513,-0.209818408,0,0.209818408,0.977739513,0,0,0,1],"scale":1.18289995,"type":"rock_01_a_small_a"}
{"pos":[915.452026,-128.287003,41.5116005],"rotationMatrix":[-0.833229661,0.552611291,0,-0.552611291,-0.833229661,0,0,0,1],"scale":1.38310003,"type":"rock_01_a_small_a"}
{"pos":[913.344971,-130.300995,42.0929985],"rotationMatrix":[0.643832028,0.765170395,0,-0.765170395,0.643832028,0,0,0,1],"scale":1.1286,"type":"rock_01_a_small_a"}
{"pos":[915.916992,-129.740005,41.4236984],"rotationMatrix":[-0.359930277,0.932952404,0,-0.932952404,-0.359930277,0,0,0,1],"scale":1.99849999,"type":"rock_01_a_small_a"}
{"pos":[930.728027,-137.216995,39.7667999],"rotationMatrix":[0.409867465,0.912141502,0,-0.912141502,0.409867465,0,0,0,1],"scale":1.37030005,"type":"rock_01_a_small_a"}
{"pos":[926.499023,-131.664001,39.0201988],"rotationMatrix":[-0.324540854,-0.945798337,0,0.945798337,-0.324540854,0,0,0,1],"scale":1.72179997,"type":"rock_01_a_small_a"}
{"pos":[931.531982,-138.447006,40.0079994],"rotationMatrix":[0.64753592,0.762020946,0,-0.762020946,0.64753592,0,0,0,1],"scale":2.39389992,"type":"rock_01_a_small_a"}
{"pos":[899.143005,-145.266998,42.1417999],"rotationMatrix":[-0.512060404,-0.858892083,0,0.858892083,-0.512060404,0,0,0,1],"scale":1.91299999,"type":"rock_01_a_small_a"}
{"pos":[899.067017,-145.934998,42.1458015],"rotationMatrix":[-0.302820802,-0.953023672,0,0.953023672,-0.302820802,0,0,0,1],"scale":1.07449996,"type":"rock_01_a_small_a"}
{"pos":[898.062988,-145.294006,42.1894989],"rotationMatrix":[-0.570700884,0.820975721,0,-0.820975721,-0.570700884,0,0,0,1],"scale":1.89479995,"type":"rock_01_a_small_a"}
{"pos":[900.43103,-149.289001,41.9314003],"rotationMatrix":[0.77888751,-0.627161503,0,0.627161503,0.77888751,0,0,0,1],"scale":2.43479991,"type":"rock_01_a_small_a"}
{"pos":[893.458008,-130.404007,42.8470993],"rotationMatrix":[-0.499219418,0.866492689,0,-0.866492689,-0.499219418,0,0,0,1],"scale":2.38689995,"type":"rock_01_a_small_a"}
{"pos":[894.570007,-126.060997,42.9732018],"rotationMatrix":[0.141425908,-0.989876151,0,0.989876151,0.141425908,0,0,0,1],"scale":1.60810006,"type":"rock_01_a_small_a"}
{"pos":[894.302002,-126.404999,42.9873009],"rotationMatrix":[0.188207209,-0.982153296,0,0.982153296,0.188207209,0,0,0,1],"scale":1.30060005,"type":"rock_01_a_small_a"}
{"pos":[885.607971,-126.350998,43.5315018],"rotationMatrix":[-0.660206318,0.751293004,0,-0.751293004,-0.660206318,0,0,0,1],"scale":1.44360006,"type":"rock_01_a_small_a"}
{"pos":[896.573975,-126.245003,42.8502998],"rotationMatrix":[-0.986024618,-0.165418997,0,0.165418997,-0.986024618,0,0,0,1],"scale":1.45910001,"type":"rock_01_a_small_a"}
{"pos":[898.622986,-125.240997,42.8340988],"rotationMatrix":[-0.592755556,0.805301785,0,-0.805301785,-0.592755556,0,0,0,1],"scale":1.6846,"type":"rock_01_a_small_a"}
{"pos":[896.901001,-129.326996,42.7392998],"rotationMatrix":[-0.740978122,-0.671386838,0,0.671386838,-0.740978122,0,0,0,1],"scale":1.78260005,"type":"rock_01_a_small_a"}
{"pos":[899.200989,-125.834999,42.7508011],"rotationMatrix":[0.626233459,-0.779609859,0,0.779609859,0.626233459,0,0,0,1],"scale":1.11580002,"type":"rock_01_a_small_a"}
{"pos":[896.088013,-125.522003,42.9552002],"rotationMatrix":[-0.084569931,-0.996349216,0,0.996349216,-0.084569931,0,0,0,1],"scale":1.22169995,"type":"rock_01_a_small_a"}
{"pos":[893.526001,-446.535004,43.5203018],"rotationMatrix":[0.40834558,0.912773013,0,-0.912773013,0.40834558,0,0,0,1],"scale":2.26169991,"type":"rock_01_a_small_a"}
{"pos":[896.450012,-441.19101,43.6646004],"rotationMatrix":[-0.901250124,0.433485001,0,-0.433485001,-0.901250124,0,0,0,1],"scale":1.94819999,"type":"rock_01_a_small_a"}
{"pos":[896.932007,-439.529999,43.7378006],"rotationMatrix":[0.997647047,0.0685588419,0,-0.0685588419,0.997647047,0,0,0,1],"scale":2.20959997,"type":"rock_01_a_small_a"}
{"pos":[894.176025,-488.585999,42.2206993],"rotationMatrix":[0.420035481,0.90748018,0,-0.90748018,0.420035481,0,0,0,1],"scale":1.38310003,"type":"rock_01_a_small_a"}
{"pos":[894.789001,-489.203003,42.1640015],"rotationMatrix":[-1,-0.0189999994,0,0.0189999994,-1,0,0,0,1],"scale":1.77149999,"type":"rock_01_a_small_a"}
{"pos":[893.73999,-491.078003,42.9760017],"rotationMatrix":[-0.325517654,0.945495725,0,-0.945495725,-0.325517654,0,0,0,1],"scale":1.71749997,"type":"rock_01_a_small_a"}
{"pos":[895.11499,-491.286011,42.8039017],"rotationMatrix":[-0.987220526,-0.159886718,0,0.159886718,-0.987220526,0,0,0,1],"scale":1.13160002,"type":"rock_01_a_small_a"}
{"pos":[876.036011,-457.148987,42.8806229],"rotationMatrix":[-0.992806435,-0.120183274,0,0.120183274,-0.992806435,0,0,0,1],"scale":1.41110003,"type":"rock_01_a_small_a"}
{"pos":[694.969971,-76.3197021,52.462883],"rotationMatrix":[-0.989214659,0.147600412,0,-0.147600412,-0.989214659,0,0,0,1],"scale":2.10899997,"type":"rock_01_a_small_a"}
{"pos":[661.109009,-55.9494019,52.2232285],"rotationMatrix":[0.995079696,0.0990809575,0,-0.0990809575,0.995079696,0,0,0,1],"scale":1.31819999,"type":"rock_01_a_small_a"}
{"pos":[662.823975,-56.2304001,52.268116],"rotationMatrix":[0.999661982,0.0259974003,0,-0.0259974003,0.999661982,0,0,0,1],"scale":2.04530001,"type":"rock_01_a_small_a"}
{"pos":[649.919006,-49.3837013,51.8214149],"rotationMatrix":[0.997674406,-0.068159081,0,0.068159081,0.997674406,0,0,0,1],"scale":2.09840012,"type":"rock_01_a_small_a"}
{"pos":[638.007019,-58.4421997,51.1777687],"rotationMatrix":[0.978658199,-0.205505013,0,0.205505013,0.978658199,0,0,0,1],"scale":1.77880001,"type":"rock_01_a_small_a"}
{"pos":[640.846985,-51.1170998,51.1743355],"rotationMatrix":[-0.198151946,0.980193555,0,-0.980193555,-0.198151946,0,0,0,1],"scale":2.48099995,"type":"rock_01_a_small_a"}
{"pos":[654.281006,-66.7070999,51.3251801],"rotationMatrix":[-0.663123131,-0.748669863,0,0.748669863,-0.663123131,0,0,0,1],"scale":1.93200004,"type":"rock_01_a_small_a"}
{"pos":[654.184998,-68.9345016,51.2937622],"rotationMatrix":[0.631746411,-0.775126219,0,0.775126219,0.631746411,0,0,0,1],"scale":1.72150004,"type":"rock_01_a_small_a"}
{"pos":[656.939026,-78.8796005,51.2453804],"rotationMatrix":[-0.201249957,0.979444981,0,-0.979444981,-0.201249957,0,0,0,1],"scale":2.3046,"type":"rock_01_a_small_a"}
{"pos":[680.997009,-92.6680984,51.8803177],"rotationMatrix":[-0.989613414,0.143825069,0,-0.143825069,-0.989613414,0,0,0,1],"scale":1.18229997,"type":"rock_01_a_small_a"}
{"pos":[675.796997,-79.3496017,52.0471191],"rotationMatrix":[-0.972892523,0.230422392,0,-0.230422392,-0.972892523,0,0,0,1],"scale":2.15210009,"type":"rock_01_a_small_a"}
{"pos":[461.584015,-84.4039993,15.2783003],"rotationMatrix":[0.988749981,0.149580002,0,-0.149580002,0.988749981,0,0,0,1],"scale":2.03069997,"type":"rock_01_a_small_a"}
{"pos":[469.67099,-92.5670013,13.6796999],"rotationMatrix":[0.659192324,-0.751956463,0,0.751956463,0.659192324,0,0,0,1],"scale":1.61129999,"type":"rock_01_a_small_a"}
{"pos":[468.751007,-92.0029984,13.5965004],"rotationMatrix":[-0.336285472,-0.941808224,0,0.941808224,-0.336285472,0,0,0,1],"scale":2.44230008,"type":"rock_01_a_small_a"}
{"pos":[460.936005,-74.8767014,15.8179998],"rotationMatrix":[0.683669388,0.729779541,0,-0.729779541,0.683669388,0,0,0,1],"scale":1.69410002,"type":"rock_01_a_small_a"}
{"pos":[458.421997,-77.013298,16.3598003],"rotationMatrix":[-0.604915261,-0.796187043,0,0.796187043,-0.604915261,0,0,0,1],"scale":1.46560001,"type":"rock_01_a_small_a"}
{"pos":[458.955994,-76.8070984,15.9700003],"rotationMatrix":[-0.1762712,0.984392822,0,-0.984392822,-0.1762712,0,0,0,1],"scale":1.92630005,"type":"rock_01_a_small_a"}
{"pos":[459.839996,-77.0691986,15.7096004],"rotationMatrix":[-0.498180389,0.867230952,0,-0.867230952,-0.498180389,0,0,0,1],"scale":2.27399993,"type":"rock_01_a_small_a"}
{"pos":[459.377014,-78.0371017,15.7208996],"rotationMatrix":[0.33851999,-0.940978587,0,0.940978587,0.33851999,0,0,0,1],"scale":2.17009997,"type":"rock_01_a_small_a"}
{"pos":[459.174988,-77.5947037,15.8114004],"rotationMatrix":[-0.976867199,-0.213156477,0,0.213156477,-0.976867199,0,0,0,1],"scale":1.43570006,"type":"rock_01_a_small_a"}
{"pos":[459.891998,-78.2550964,15.5102997],"rotationMatrix":[0.898569942,0.438824713,0,-0.438824713,0.898569942,0,0,0,1],"scale":1.62660003,"type":"rock_01_a_small_a"}
{"pos":[460.229004,-77.6619034,15.6091003],"rotationMatrix":[0.750216901,0.661211431,0,-0.661211431,0.750216901,0,0,0,1],"scale":1.3427,"type":"rock_01_a_small_a"}
{"pos":[459.303986,-75.8208008,15.9743004],"rotationMatrix":[0.584857285,-0.811150253,0,0.811150253,0.584857285,0,0,0,1],"scale":2.1638,"type":"rock_01_a_small_a"}
{"pos":[459.325989,-76.8803024,15.9029999],"rotationMatrix":[-0.979254007,0.201745436,0,-0.201745436,-0.979254007,0,0,0,1],"scale":1.50279999,"type":"rock_01_a_small_a"}
{"pos":[458.037994,-76.2480011,16.6359005],"rotationMatrix":[-0.959408045,0.282092988,0,-0.282092988,-0.959408045,0,0,0,1],"scale":1.16209996,"type":"rock_01_a_small_a"}
{"pos":[459.348999,-75.3023987,15.879694],"rotationMatrix":[0.981336892,0.19229196,0,-0.19229196,0.981336892,0,0,0,1],"scale":2.38849998,"type":"rock_01_a_small_a"}
{"pos":[459.013,-74.9792023,16.005127],"rotationMatrix":[-0.513451934,-0.85806936,0,0.85806936,-0.513451934,0,0,0,1],"scale":2.07859993,"type":"rock_01_a_small_a"}
{"pos":[458.942993,-75.3018036,16.0732002],"rotationMatrix":[-0.58526814,-0.810707152,0,0.810707152,-0.58526814,0,0,0,1],"scale":1.1573,"type":"rock_01_a_small_a"}
{"pos":[462.040985,-77.331398,15.6618004],"rotationMatrix":[0.501997948,0.864866793,0,-0.864866793,0.501997948,0,0,0,1],"scale":1.48860002,"type":"rock_01_a_small_a"}
{"pos":[461.946014,-76.5363007,15.8072004],"rotationMatrix":[-0.969318509,-0.245891929,0,0.245891929,-0.969318509,0,0,0,1],"scale":1.93499994,"type":"rock_01_a_small_a"}
{"pos":[463.07901,-77.6705017,15.573],"rotationMatrix":[0.553298473,0.833004773,0,-0.833004773,0.553298473,0,0,0,1],"scale":1.18060005,"type":"rock_01_a_small_a"}
{"pos":[340.954987,-822.994995,43.0451012],"rotationMatrix":[-0.790588975,-0.612191439,0,0.612191439,-0.790588975,0,0,0,1],"scale":2.08400011,"type":"rock_01_a_small_a"}
{"pos":[335.433014,-829.687988,43.2504997],"rotationMatrix":[-0.960200071,-0.27977398,0,0.27977398,-0.960200071,0,0,0,1],"scale":1.0654,"type":"rock_01_a_small_a"}
{"pos":[68.7593994,-700.140991,35.8488007],"rotationMatrix":[-0.982836962,0.184602767,0,-0.184602767,-0.982836962,0,0,0,1],"scale":1.41330004,"type":"rock_01_a_small_a"}
{"pos":[82.2179031,-698.671997,36.9187012],"rotationMatrix":[-0.986821771,0.160867378,0,-0.160867378,-0.986821771,0,0,0,1],"scale":1.02460003,"type":"rock_01_a_small_a"}
{"pos":[78.2899017,-691.297974,36.6390991],"rotationMatrix":[-0.151554942,-0.988412917,0,0.988412917,-0.151554942,0,0,0,1],"scale":1.74290001,"type":"rock_01_a_small_a"}
{"pos":[80.194397,-690.997986,36.8095016],"rotationMatrix":[0.0157955289,-0.999918103,0,0.999918103,0.0157955289,0,0,0,1],"scale":2.05279994,"type":"rock_01_a_small_a"}
{"pos":[824.919983,962.380981,98.7578964],"rotationMatrix":[-0.785294175,0.619410932,0,-0.619410932,-0.785294175,0,0,0,1],"scale":2.45569992,"type":"rock_01_a_small_a"}
{"pos":[834.606995,952.906006,95.1975021],"rotationMatrix":[-0.998800278,-0.0495851226,0,0.0495851226,-0.998800278,0,0,0,1],"scale":1.85909998,"type":"rock_01_a_small_a"}
{"pos":[812.619995,906.70697,87.2151031],"rotationMatrix":[-0.204662323,-0.978817284,0,0.978817284,-0.204662323,0,0,0,1],"scale":2.04419994,"type":"rock_01_a_small_a"}
{"pos":[815.580994,910.789978,87.9110031],"rotationMatrix":[0.0944111347,-0.995488346,0,0.995488346,0.0944111347,0,0,0,1],"scale":1.71969998,"type":"rock_01_a_small_a"}
{"pos":[831.598999,927.424011,91.7934036],"rotationMatrix":[0.552920341,0.833262682,0,-0.833262682,0.552920341,0,0,0,1],"scale":1.71599996,"type":"rock_01_a_small_a"}
{"pos":[792.304993,959.080017,101.75],"rotationMatrix":[0.607856333,0.794028938,0,-0.794028938,0.607856333,0,0,0,1],"scale":1.59179997,"type":"rock_01_a_small_a"}
{"pos":[800.15802,958.973022,100.867996],"rotationMatrix":[0.557635844,0.830079496,0,-0.830079496,0.557635844,0,0,0,1],"scale":1.17850006,"type":"rock_01_a_small_a"}
{"pos":[799.19397,957.362,101.00032],"rotationMatrix":[-0.186107993,0.982493579,0,-0.982493579,-0.186107993,0,0,0,1],"scale":2.06220007,"type":"rock_01_a_small_a"}
{"pos":[758.205994,942.692017,91.8628006],"rotationMatrix":[-0.932184935,0.361707211,0,-0.361707211,-0.932184935,0,0,0,1],"scale":1.30540001,"type":"rock_01_a_small_a"}
{"pos":[758.05603,941.096985,91.7624969],"rotationMatrix":[-0.243464589,0.969855011,0,-0.969855011,-0.243464589,0,0,0,1],"scale":1.23039997,"type":"rock_01_a_small_a"}
{"pos":[765.094971,945.375,92.4531021],"rotationMatrix":[-0.923937201,0.382119685,0,-0.382119685,-0.923937201,0,0,0,1],"scale":1.97599995,"type":"rock_01_a_small_a"}
{"pos":[804.744019,890.901978,85.9433975],"rotationMatrix":[0.956723154,0.290993214,0,-0.290993214,0.956723154,0,0,0,1],"scale":1.87839997,"type":"rock_01_a_small_a"}
{"pos":[815.010986,821.499023,75.3628998],"rotationMatrix":[-0.997200966,0.0745477825,0,-0.0745477825,-0.997200966,0,0,0,1],"scale":1.15760005,"type":"rock_01_a_small_a"}
{"pos":[820.012024,826.612,75.0871964],"rotationMatrix":[-0.788696885,-0.614515841,0,0.614515841,-0.788696885,0,0,0,1],"scale":1.09630001,"type":"rock_01_a_small_a"}
{"pos":[821.671021,826.609985,74.7133026],"rotationMatrix":[-0.684346557,-0.729204416,0,0.729204416,-0.684346557,0,0,0,1],"scale":2.21070004,"type":"rock_01_a_small_a"}
{"pos":[815.577026,832.927002,75.7154007],"rotationMatrix":[-0.867858052,-0.496536344,0,0.496536344,-0.867858052,0,0,0,1],"scale":1.49109995,"type":"rock_01_a_small_a"}
{"pos":[820.866028,861.61499,81.539299],"rotationMatrix":[0.489545882,0.871975243,0,-0.871975243,0.489545882,0,0,0,1],"scale":1.75209999,"type":"rock_01_a_small_a"}
{"pos":[813.367981,856.544006,80.088501],"rotationMatrix":[0.39411962,0.919057965,0,-0.919057965,0.39411962,0,0,0,1],"scale":1.43270004,"type":"rock_01_a_small_a"}
{"pos":[817.945984,803.965027,72.9944992],"rotationMatrix":[0.93755424,0.347851604,0,-0.347851604,0.93755424,0,0,0,1],"scale":2.01169991,"type":"rock_01_a_small_a"}
{"pos":[818.552002,805.197998,73.1118011],"rotationMatrix":[0.996336341,0.0855229646,0,-0.0855229646,0.996336341,0,0,0,1],"scale":1.74629998,"type":"rock_01_a_small_a"}
{"pos":[822.916016,795.565979,72.3908997],"rotationMatrix":[-0.490228534,0.871659338,0,-0.871659338,-0.490228534,0,0,0,1],"scale":2.4763999,"type":"rock_01_a_small_a"}
{"pos":[820.130981,783.414001,71.2389984],"rotationMatrix":[0.9993155,-0.0369926021,0,0.0369926021,0.9993155,0,0,0,1],"scale":1.95210004,"type":"rock_01_a_small_a"}
{"pos":[819.687012,782.322998,71.424202],"rotationMatrix":[-0.872499466,-0.488637984,0,0.488637984,-0.872499466,0,0,0,1],"scale":1.29219997,"type":"rock_01_a_small_a"}
{"pos":[811.289001,828.427979,77.1996994],"rotationMatrix":[-0.829401851,-0.558728874,0,0.558728874,-0.829401851,0,0,0,1],"scale":2.36929989,"type":"rock_01_a_small_a"}
{"pos":[809.79303,825.651001,76.998703],"rotationMatrix":[0.810025513,-0.586381316,0,0.586381316,0.810025513,0,0,0,1],"scale":1.90820003,"type":"rock_01_a_small_a"}
{"pos":[809.14502,827.887024,77.4998016],"rotationMatrix":[0.140639544,-0.990067244,0,0.990067244,0.140639544,0,0,0,1],"scale":2.35770011,"type":"rock_01_a_small_a"}
{"pos":[818.296997,725.596985,59.1153984],"rotationMatrix":[0.84230268,0.539023697,0,-0.539023697,0.84230268,0,0,0,1],"scale":2.15569997,"type":"rock_01_a_small_a"}
{"pos":[818.827026,723.286987,58.8045998],"rotationMatrix":[0.890019476,0.455914915,0,-0.455914915,0.890019476,0,0,0,1],"scale":2.34489989,"type":"rock_01_a_small_a"}
{"pos":[820.148987,727.929993,58.9371986],"rotationMatrix":[-0.198151946,-0.980193555,0,0.980193555,-0.198151946,0,0,0,1],"scale":2.24589992,"type":"rock_01_a_small_a"}
{"pos":[819.713989,731.103027,59.4216995],"rotationMatrix":[0.215496659,0.976526976,0,-0.976526976,0.215496659,0,0,0,1],"scale":2.09249997,"type":"rock_01_a_small_a"}
{"pos":[822.60498,730.01001,59.2444992],"rotationMatrix":[0.731941581,0.681385338,0,-0.681385338,0.731941581,0,0,0,1],"scale":1.26789999,"type":"rock_01_a_small_a"}
{"pos":[818.348999,729.460999,59.9023018],"rotationMatrix":[0.356568336,-0.93429184,0,0.93429184,0.356568336,0,0,0,1],"scale":1.93889999,"type":"rock_01_a_small_a"}
{"pos":[819.002014,731.01001,59.7709999],"rotationMatrix":[-0.443980098,0.896093607,0,-0.896093607,-0.443980098,0,0,0,1],"scale":1.75469995,"type":"rock_01_a_small_a"}
{"pos":[820.585999,718.497986,58.3507004],"rotationMatrix":[0.16252327,-0.986697972,0,0.986697972,0.16252327,0,0,0,1],"scale":1.13,"type":"rock_01_a_small_a"}
{"pos":[822.914978,716.888,58.2834015],"rotationMatrix":[-0.700168014,-0.713996768,0,0.713996768,-0.700168014,0,0,0,1],"scale":1.46300006,"type":"rock_01_a_small_a"}
{"pos":[751.099976,648.138,68.9817963],"rotationMatrix":[-0.237793803,0.971417129,0,-0.971417129,-0.237793803,0,0,0,1],"scale":2.26320004,"type":"rock_01_a_small_a"}
