{"pos":[-118.911003,-278.503998,39.0519981],"rotationMatrix":[0.88642621,-0.462873906,0,0.462873906,0.88642621,0,0,0,1],"scale":1.30579996,"type":"rock_01_a_large_a"}
{"pos":[-40.4606018,-411.971985,56.6693001],"rotationMatrix":[-0.738366485,-0.674425781,0,0.674425781,-0.738366485,0,0,0,1],"scale":1.00030005,"type":"rock_01_a_large_a"}
{"pos":[-137.537994,-434.509003,47.0667992],"rotationMatrix":[0.775550008,0.631274045,0,-0.631274045,0.775550008,0,0,0,1],"scale":1.13919997,"type":"rock_01_a_large_a"}
{"pos":[-48.0155983,-716.47699,26.8554001],"rotationMatrix":[0.999525666,-0.030796919,0,0.030796919,0.999525666,0,0,0,1],"scale":1.06519997,"type":"rock_01_a_large_a"}
{"pos":[-57.1727982,-722.450012,26.9183006],"rotationMatrix":[-0.982438684,0.186376318,0,-0.186376318,-0.982438684,0,0,0,1],"scale":1.13699996,"type":"rock_01_a_large_a"}
{"pos":[-55.2019997,-720.815979,26.7716007],"rotationMatrix":[0.946796775,-0.321828932,0,0.321828932,0.946796775,0,0,0,1],"scale":1.40639997,"type":"rock_01_a_large_a"}
{"pos":[-72.0597992,-651.72998,36.7117996],"rotationMatrix":[0.667071998,-0.745007992,0,0.745007992,0.667071998,0,0,0,1],"scale":1.37619996,"type":"rock_01_a_large_a"}
{"pos":[-132.380005,-638.327026,40.2859001],"rotationMatrix":[0.444752812,0.895624638,0,-0.895624638,0.444752812,0,0,0,1],"scale":1.12909997,"type":"rock_01_a_large_a"}
{"pos":[-233.751999,-647.630005,45.2254982],"rotationMatrix":[0.823106468,0.567855537,0,-0.567855537,0.823106468,0,0,0,1],"scale":1.33329999,"type":"rock_01_a_large_a"}
{"pos":[-237.794006,-646.39502,45.9780006],"rotationMatrix":[-0.114524603,0.993442237,0,-0.993442237,-0.114524603,0,0,0,1],"scale":1.23529994,"type":"rock_01_a_large_a"}
{"pos":[-237.800003,-647.205994,45.8484001],"rotationMatrix":[-0.956242085,0.292744011,0,-0.292744011,-0.956242085,0,0,0,1],"scale":1.42390001,"type":"rock_01_a_large_a"}
{"pos":[-230.865005,-644.682983,45.4019012],"rotationMatrix":[-0.789831877,-0.613386393,0,0.613386393,-0.789831877,0,0,0,1],"scale":1.09959996,"type":"rock_01_a_large_a"}
{"pos":[-245.612,-661.97699,46.1068001],"rotationMatrix":[0.992435515,0.122766301,0,-0.122766301,0.992435515,0,0,0,1],"scale":1.27499998,"type":"rock_01_a_large_a"}
{"pos":[-0.0557000004,-790.234009,16.9655991],"rotationMatrix":[-0.368850589,-0.929554284,0,0.929554284,-0.368850589,0,0,0,1],"scale":1.43499994,"type":"rock_01_a_large_a"}
{"pos":[-1.81009996,-792.366028,16.5254993],"rotationMatrix":[-0.997600794,-0.0687587261,0,0.0687587261,-0.997600794,0,0,0,1],"scale":1.4799,"type":"rock_01_a_large_a"}
{"pos":[-5.01160002,-813.278992,15.1258001],"rotationMatrix":[-0.709030628,-0.705317199,0,0.705317199,-0.709030628,0,0,0,1],"scale":1.09990001,"type":"rock_01_a_large_a"}
{"pos":[-270.316986,-744.866028,40.0556984],"rotationMatrix":[0.998769939,0.0495851226,0,-0.0495851226,0.998769939,0,0,0,1],"scale":1.00940001,"type":"rock_01_a_large_a"}
{"pos":[-264.296997,-741.005005,40.4822006],"rotationMatrix":[0.962462008,-0.271424383,0,0.271424383,0.962462008,0,0,0,1],"scale":1.1494,"type":"rock_01_a_large_a"}
{"pos":[-293.247009,-723.203979,45.462101],"rotationMatrix":[-0.991608858,-0.130724892,0,0.130724892,-0.991608858,0,0,0,1],"scale":1.35339999,"type":"rock_01_a_large_a"}
{"pos":[-344.617004,-658.223022,57.1837006],"rotationMatrix":[0.00256311893,-0.999979198,0,0.999979198,0.00256311893,0,0,0,1],"scale":1.2586,"type":"rock_01_a_large_a"}
{"pos":[-318.27301,-715.916992,50.4772987],"rotationMatrix":[-0.996002078,-0.0901098028,0,0.0901098028,-0.996002078,0,0,0,1],"scale":1.32939994,"type":"rock_01_a_large_a"}
{"pos":[-334.576996,-714.234009,52.6403008],"rotationMatrix":[-0.170755982,0.985295773,0,-0.985295773,-0.170755982,0,0,0,1],"scale":1.06949997,"type":"rock_01_a_large_a"}
{"pos":[-344.385986,-703.366028,55.4071999],"rotationMatrix":[-0.928255081,0.371943712,0,-0.371943712,-0.928255081,0,0,0,1],"scale":1.46819997,"type":"rock_01_a_large_a"}
{"pos":[-344.677002,-704.19397,55.3535004],"rotationMatrix":[0.560077965,0.82844162,0,-0.82844162,0.560077965,0,0,0,1],"scale":1.31649995,"type":"rock_01_a_large_a"}
{"pos":[-347.651001,-710.387024,54.8321991],"rotationMatrix":[-0.302497983,-0.953066945,0,0.953066945,-0.302497983,0,0,0,1],"scale":1.06700003,"type":"rock_01_a_large_a"}
{"pos":[-365.106995,-693.414978,57.1417007],"rotationMatrix":[0.0278243423,-0.999645352,0,0.999645352,0.0278243423,0,0,0,1],"scale":1.06739998,"type":"rock_01_a_large_a"}
{"pos":[-362.554993,-700.812988,56.0909004],"rotationMatrix":[-0.898521066,-0.438824713,0,0.438824713,-0.898521066,0,0,0,1],"scale":1.39269996,"type":"rock_01_a_large_a"}
{"pos":[-269.270996,-756.64801,38.7778015],"rotationMatrix":[-0.999200225,-0.0413917229,0,0.0413917229,-0.999200225,0,0,0,1],"scale":1.34080005,"type":"rock_01_a_large_a"}
{"pos":[-580.749023,-365.928009,33.9048004],"rotationMatrix":[-0.962180376,0.272783697,0,-0.272783697,-0.962180376,0,0,0,1],"scale":1.03989995,"type":"rock_01_a_large_a"}
{"pos":[-549.901001,-365.602997,33.735199],"rotationMatrix":[-0.23873806,-0.971000671,0,0.971000671,-0.23873806,0,0,0,1],"scale":1.40030003,"type":"rock_01_a_large_a"}
{"pos":[-553.575012,-363.253998,33.3889999],"rotationMatrix":[0.414854407,-0.909901917,0,0.909901917,0.414854407,0,0,0,1],"scale":1.24199998,"type":"rock_01_a_large_a"}
{"pos":[-819.541016,-372.101013,22.6953735],"rotationMatrix":[-0.595255256,-0.803611398,0,0.803611398,-0.595255256,0,0,0,1],"scale":1.35440004,"type":"rock_01_a_large_a"}
{"pos":[-765.255981,-386.121002,20.9923992],"rotationMatrix":[0.735153556,-0.677872956,0,0.677872956,0.735153556,0,0,0,1],"scale":1.46860003,"type":"rock_01_a_large_a"}
{"pos":[-776.057007,-378.725006,20.6508999],"rotationMatrix":[0.990833402,0.135088578,0,-0.135088578,0.990833402,0,0,0,1],"scale":1.16620004,"type":"rock_01_a_large_a"}
{"pos":[-821.112976,-384.345001,22.9836006],"rotationMatrix":[-0.905932784,0.423670769,0,-0.423670769,-0.905932784,0,0,0,1],"scale":1.11319995,"type":"rock_01_a_large_a"}
{"pos":[-822,-385.233002,23.2978992],"rotationMatrix":[0.0185994506,0.999893725,0,-0.999893725,0.0185994506,0,0,0,1],"scale":1.02900004,"type":"rock_01_a_large_a"}
{"pos":[-395.920013,916.461975,30.0575008],"rotationMatrix":[0.618411541,0.785890579,0,-0.785890579,0.618411541,0,0,0,1],"scale":1.35090005,"type":"rock_01_a_large_a"}
{"pos":[-406.973999,911.203003,30.1709003],"rotationMatrix":[0.942471683,-0.334281594,0,0.334281594,0.942471683,0,0,0,1],"scale":1.37940001,"type":"rock_01_a_large_a"}
{"pos":[-313.315002,551.487,27.6644001],"rotationMatrix":[0.757791996,0.652499974,0,-0.652499974,0.757791996,0,0,0,1],"scale":1.24489999,"type":"rock_01_a_large_a"}
{"pos":[-313.897003,548.463989,27.7329006],"rotationMatrix":[0.208466291,0.977998912,0,-0.977998912,0.208466291,0,0,0,1],"scale":1.46259999,"type":"rock_01_a_large_a"}
{"pos":[-56.6192017,483.667999,37.887001],"rotationMatrix":[-0.825578332,0.564068139,0,-0.564068139,-0.825578332,0,0,0,1],"scale":1.32669997,"type":"rock_01_a_large_a"}
{"pos":[-77.6516037,487.191986,37.132],"rotationMatrix":[0.0378381014,-0.999200165,0,0.999200165,0.0378381014,0,0,0,1],"scale":1.0977,"type":"rock_01_a_large_a"}
{"pos":[-78.5270004,485.412994,37.0675011],"rotationMatrix":[0.987738192,0.156114548,0,-0.156114548,0.987738192,0,0,0,1],"scale":1.36370003,"type":"rock_01_a_large_a"}
{"pos":[-78.9969025,487.244995,37.2159996],"rotationMatrix":[-0.942026377,0.335627258,0,-0.335627258,-0.942026377,0,0,0,1],"scale":1.33780003,"type":"rock_01_a_large_a"}
{"pos":[-91.6102982,499.878998,35.7055016],"rotationMatrix":[-0.19351244,0.981074929,0,-0.981074929,-0.19351244,0,0,0,1],"scale":1.09259999,"type":"rock_01_a_large_a"}
{"pos":[-96.052597,477.967987,36.4323997],"rotationMatrix":[0.682076633,0.731295526,0,-0.731295526,0.682076633,0,0,0,1],"scale":1.07099998,"type":"rock_01_a_large_a"}
{"pos":[-99.6953964,477.640991,36.101799],"rotationMatrix":[-0.0405473709,0.999144793,0,-0.999144793,-0.0405473709,0,0,0,1],"scale":1.27390003,"type":"rock_01_a_large_a"}
{"pos":[-176.998001,261.177002,30.1793995],"rotationMatrix":[-0.215240479,0.976557612,0,-0.976557612,-0.215240479,0,0,0,1],"scale":1.4619,"type":"rock_01_a_large_a"}
{"pos":[-167.600998,72.1545029,42.7593994],"rotationMatrix":[0.8001616,-0.599768162,0,0.599768162,0.8001616,0,0,0,1],"scale":1.37849998,"type":"rock_01_a_large_a"}
{"pos":[-165.162003,42.3011017,49.4936981],"rotationMatrix":[-0.568928957,-0.822283864,0,0.822283864,-0.568928957,0,0,0,1],"scale":1.14320004,"type":"rock_01_a_large_a"}
{"pos":[-154.039993,33.2170982,47.5782013],"rotationMatrix":[-0.66494751,-0.747073114,0,0.747073114,-0.66494751,0,0,0,1],"scale":1.43840003,"type":"rock_01_a_large_a"}
{"pos":[-147.789993,48.7173004,45.1985016],"rotationMatrix":[-0.813369632,0.581794202,0,-0.581794202,-0.813369632,0,0,0,1],"scale":1.06930006,"type":"rock_01_a_large_a"}
{"pos":[-156.173004,49.0289001,46.4133987],"rotationMatrix":[0.0230776072,0.999706566,0,-0.999706566,0.0230776072,0,0,0,1],"scale":1.00189996,"type":"rock_01_a_large_a"}
{"pos":[-148.539001,9.86429977,49.6531982],"rotationMatrix":[-0.595255256,-0.803432822,0,0.803432822,-0.595255256,0,0,0,1],"scale":1.06210005,"type":"rock_01_a_large_a"}
{"pos":[-147.029999,8.83580017,49.3134003],"rotationMatrix":[-0.829019427,0.559435487,0,-0.559435487,-0.829019427,0,0,0,1],"scale":1.27890003,"type":"rock_01_a_large_a"}
{"pos":[-195.929993,75.2927017,48.8945007],"rotationMatrix":[-0.318687916,0.947766364,0,-0.947766364,-0.318687916,0,0,0,1],"scale":1.40470004,"type":"rock_01_a_large_a"}
{"pos":[-201.804001,79.5935974,50.2380981],"rotationMatrix":[0.462730229,0.886500299,0,-0.886500299,0.462730229,0,0,0,1],"scale":1.3448,"type":"rock_01_a_large_a"}
{"pos":[-232.171005,81.8501968,56.2736015],"rotationMatrix":[0.9212749,0.388903677,0,-0.388903677,0.9212749,0,0,0,1],"scale":1.43830001,"type":"rock_01_a_large_a"}
{"pos":[-239.089996,95.3076019,54.4594994],"rotationMatrix":[-0.708291292,-0.705904007,0,0.705904007,-0.708291292,0,0,0,1],"scale":1.37150002,"type":"rock_01_a_large_a"}
{"pos":[-206.729004,68.1957016,53.1090012],"rotationMatrix":[-0.579219937,-0.81520164,0,0.81520164,-0.579219937,0,0,0,1],"scale":1.38759995,"type":"rock_01_a_large_a"}
{"pos":[-188.774994,72.8729019,46.8086014],"rotationMatrix":[0.847648025,-0.530582368,0,0.530582368,0.847648025,0,0,0,1],"scale":1.32609999,"type":"rock_01_a_large_a"}
{"pos":[-220.123993,92.2977982,49.9221992],"rotationMatrix":[0.36403358,0.931450009,0,-0.931450009,0.36403358,0,0,0,1],"scale":1.39489996,"type":"rock_01_a_large_a"}
{"pos":[-236.432007,91.9437027,55.4063988],"rotationMatrix":[-0.996401787,0.0857227817,0,-0.0857227817,-0.996401787,0,0,0,1],"scale":1.49699998,"type":"rock_01_a_large_a"}
{"pos":[-374.040985,176.005005,56.0589981],"rotationMatrix":[-0.80158174,-0.598122835,0,0.598122835,-0.80158174,0,0,0,1],"scale":1.00259995,"type":"rock_01_a_large_a"}
{"pos":[-372.253998,186.496002,58.7745018],"rotationMatrix":[0.494183183,-0.869413555,0,0.869413555,0.494183183,0,0,0,1],"scale":1.39069998,"type":"rock_01_a_large_a"}
{"pos":[-253.863998,112.750999,53.6293983],"rotationMatrix":[-0.837444663,-0.546536744,0,0.546536744,-0.837444663,0,0,0,1],"scale":1.11459994,"type":"rock_01_a_large_a"}
{"pos":[-258.792999,105.391998,55.6828003],"rotationMatrix":[0.290521264,-0.956891,0,0.956891,0.290521264,0,0,0,1],"scale":1.49609995,"type":"rock_01_a_large_a"}
{"pos":[-491.545013,238.865005,26.3948002],"rotationMatrix":[-0.996401787,0.0861224234,0,-0.0861224234,-0.996401787,0,0,0,1],"scale":1.12660003,"type":"rock_01_a_large_a"}
{"pos":[-602.892029,873.840027,36.6818008],"rotationMatrix":[0.735153556,0.677872956,0,-0.677872956,0.735153556,0,0,0,1],"scale":1.21000004,"type":"rock_01_a_large_a"}
{"pos":[-648.70697,938.320007,36.5602989],"rotationMatrix":[0.598233581,-0.801291943,0,0.801291943,0.598233581,0,0,0,1],"scale":1.24800003,"type":"rock_01_a_large_a"}
{"pos":[-626.809998,858.776978,33.2909012],"rotationMatrix":[-0.792103171,0.61055702,0,-0.61055702,-0.792103171,0,0,0,1],"scale":1.12899995,"type":"rock_01_a_large_a"}
{"pos":[-862.875977,927.320984,28.698],"rotationMatrix":[-0.44024384,-0.897818744,0,0.897818744,-0.44024384,0,0,0,1],"scale":1.22309995,"type":"rock_01_a_large_a"}
{"pos":[-799.784973,867.187012,33.5775986],"rotationMatrix":[0.959159195,-0.282856286,0,0.282856286,0.959159195,0,0,0,1],"scale":1.41960001,"type":"rock_01_a_large_a"}
{"pos":[-800.755981,864.69397,32.9453011],"rotationMatrix":[0.546657562,-0.837364674,0,0.837364674,0.546657562,0,0,0,1],"scale":1.1279,"type":"rock_01_a_large_a"}
{"pos":[-794.237976,863.932007,33.8334999],"rotationMatrix":[0.262616277,0.964840829,0,-0.964840829,0.262616277,0,0,0,1],"scale":1.35520005,"type":"rock_01_a_large_a"}
{"pos":[-810.422974,869.875977,33.1251984],"rotationMatrix":[-0.694640398,-0.719278693,0,0.719278693,-0.694640398,0,0,0,1],"scale":1.19889998,"type":"rock_01_a_large_a"}
{"pos":[-809.849976,871.257996,33.9768982],"rotationMatrix":[0.705702066,-0.708509207,0,0.708509207,0.705702066,0,0,0,1],"scale":1.21340001,"type":"rock_01_a_large_a"}
{"pos":[-818.791992,838.81897,33.9379997],"rotationMatrix":[0.593017578,-0.805213451,0,0.805213451,0.593017578,0,0,0,1],"scale":1.42850006,"type":"rock_01_a_large_a"}
{"pos":[-876.976013,941.867981,30.0091991],"rotationMatrix":[0.570706248,0.821152925,0,-0.821152925,0.570706248,0,0,0,1],"scale":1.32710004,"type":"rock_01_a_large_a"}
{"pos":[-925.507996,885.018982,22.4741001],"rotationMatrix":[-0.972495198,0.232782647,0,-0.232782647,-0.972495198,0,0,0,1],"scale":1.15750003,"type":"rock_01_a_large_a"}
{"pos":[-924.828979,875.515991,22.7525997],"rotationMatrix":[-0.783404946,-0.621349394,0,0.621349394,-0.783404946,0,0,0,1],"scale":1.48629999,"type":"rock_01_a_large_a"}
{"pos":[-887.557007,936.440002,28.4720993],"rotationMatrix":[-0.82290411,-0.56804651,0,0.56804651,-0.82290411,0,0,0,1],"scale":1.08780003,"type":"rock_01_a_large_a"}
{"pos":[-927.864014,874.987976,22.8698997],"rotationMatrix":[0.988629699,0.150377765,0,-0.150377765,0.988629699,0,0,0,1],"scale":1.09969997,"type":"rock_01_a_large_a"}
{"pos":[-774.088013,619.164978,26.2919006],"rotationMatrix":[0.824886382,0.565287352,0,-0.565287352,0.824886382,0,0,0,1],"scale":1.23510003,"type":"rock_01_a_large_a"}
{"pos":[-801.370972,586.768982,29.3477993],"rotationMatrix":[-0.788717151,-0.0167549998,0.614640892,-0.264993012,-0.892840624,-0.364364177,0.554835856,-0.450224191,0.699627519],"scale":1.01250005,"type":"rock_01_a_large_a"}
{"pos":[-747.119812,476.506317,23.7723522],"rotationMatrix":[-0.535480082,-0.844547927,0,0.844547868,-0.535480022,0,0,0,1],"scale":1.43570006,"type":"rock_01_a_large_a"}
{"pos":[-511.687988,204.983002,26.9815006],"rotationMatrix":[0.750358224,-0.661024332,0,0.661024332,0.750358224,0,0,0,1],"scale":1.4375,"type":"rock_01_a_large_a"}
{"pos":[-905.979004,216.139008,34.9444008],"rotationMatrix":[0.886521518,-0.462679654,0,0.462679654,0.886521518,0,0,0,1],"scale":1.44620001,"type":"rock_01_a_large_a"}
{"pos":[-910.794983,196.770996,36.5042],"rotationMatrix":[-0.734639287,-0.678545177,0,0.678545177,-0.734639287,0,0,0,1],"scale":1.06420004,"type":"rock_01_a_large_a"}
{"pos":[893.888977,-124.660004,42.9384995],"rotationMatrix":[-0.978060484,0.208248287,0,-0.208248287,-0.978060484,0,0,0,1],"scale":1.27380002,"type":"rock_01_a_large_a"}
{"pos":[899.229004,-124.855003,42.6595993],"rotationMatrix":[0.253602445,-0.967299044,0,0.967299044,0.253602445,0,0,0,1],"scale":1.14649999,"type":"rock_01_a_large_a"}
{"pos":[914.942017,-129.949997,41.6587982],"rotationMatrix":[-0.993205786,-0.115603141,0,0.115603141,-0.993205786,0,0,0,1],"scale":1.23539996,"type":"rock_01_a_large_a"}
{"pos":[920.830017,-129.669006,40.2308998],"rotationMatrix":[0.0383927822,0.999189436,0,-0.999189436,0.0383927822,0,0,0,1],"scale":1.00899994,"type":"rock_01_a_large_a"}
{"pos":[932.278015,-131.373001,39.0495987],"rotationMatrix":[0.823700786,0.567019641,0,-0.567019641,0.823700786,0,0,0,1],"scale":1.49769998,"type":"rock_01_a_large_a"}
{"pos":[927.903992,-135.600998,39.2789993],"rotationMatrix":[-0.640222788,-0.768311024,0,0.768311024,-0.640222788,0,0,0,1],"scale":1.10780001,"type":"rock_01_a_large_a"}
{"pos":[927.103027,-134.852997,39.3158989],"rotationMatrix":[0.288614035,0.957460582,0,-0.957460582,0.288614035,0,0,0,1],"scale":1.1753,"type":"rock_01_a_large_a"}
{"pos":[900.468018,-146.320999,42.0200996],"rotationMatrix":[-0.528101683,0.849100769,0,-0.849100769,-0.528101683,0,0,0,1],"scale":1.38320005,"type":"rock_01_a_large_a"}
{"pos":[897.078979,-148.494003,41.9518013],"rotationMatrix":[-0.0556044579,-0.998356283,0,0.998356283,-0.0556044579,0,0,0,1],"scale":1.42869997,"type":"rock_01_a_large_a"}
{"pos":[892.703979,-125.499001,42.8389015],"rotationMatrix":[0.710591674,-0.70358783,0,0.70358783,0.710591674,0,0,0,1],"scale":1.39460003,"type":"rock_01_a_large_a"}
{"pos":[898.153992,-127.231003,42.6581001],"rotationMatrix":[0.902847648,-0.429956317,0,0.429956317,0.902847648,0,0,0,1],"scale":1.00259995,"type":"rock_01_a_large_a"}
{"pos":[895.304016,-131.600998,42.6963005],"rotationMatrix":[0.988111198,0.153737396,0,-0.153737396,0.988111198,0,0,0,1],"scale":1.41159999,"type":"rock_01_a_large_a"}
{"pos":[895.007996,-446.584991,43.3402672],"rotationMatrix":[0.587768018,-0.80902797,0,0.80902797,0.587768018,0,0,0,1],"scale":1.39160001,"type":"rock_01_a_large_a"}
{"pos":[892.325989,-489.527008,42.8907013],"rotationMatrix":[-0.281600475,0.95963937,0,-0.95963937,-0.281600475,0,0,0,1],"scale":1.23979998,"type":"rock_01_a_large_a"}
{"pos":[877.969971,-455.645996,43.1772003],"rotationMatrix":[-0.609218001,0.792948008,0,-0.792948008,-0.609218001,0,0,0,1],"scale":1.4346,"type":"rock_01_a_large_a"}
{"pos":[877.994019,-456.731995,43.1287003],"rotationMatrix":[0.444120347,0.896029055,0,-0.896029055,0.444120347,0,0,0,1],"scale":1.34669995,"type":"rock_01_a_large_a"}
{"pos":[694.23999,-79.5077972,52.536911],"rotationMatrix":[0.195834339,-0.980699062,0,0.980699062,0.195834339,0,0,0,1],"scale":1.0266,"type":"rock_01_a_large_a"}
{"pos":[660.018005,-56.2095985,52.1637383],"rotationMatrix":[-0.954659939,-0.297370881,0,0.297370881,-0.954659939,0,0,0,1],"scale":1.0539,"type":"rock_01_a_large_a"}
{"pos":[654.825989,-49.649601,52.164238],"rotationMatrix":[-0.494720459,-0.869168222,0,0.869168222,-0.494720459,0,0,0,1],"scale":1.08819997,"type":"rock_01_a_large_a"}
{"pos":[652.771973,-48.2807007,52.097847],"rotationMatrix":[0.673729599,0.738975406,0,-0.738975406,0.673729599,0,0,0,1],"scale":1.42019999,"type":"rock_01_a_large_a"}
{"pos":[637.02301,-56.3726997,51.1690369],"rotationMatrix":[-0.705704451,-0.708509207,0,0.708509207,-0.705704451,0,0,0,1],"scale":1.12080002,"type":"rock_01_a_large_a"}
{"pos":[637.538025,-57.4179001,51.174015],"rotationMatrix":[0.672273934,-0.740298212,0,0.740298212,0.672273934,0,0,0,1],"scale":1.46739995,"type":"rock_01_a_large_a"}
{"pos":[682.559021,-72.0083008,52.439373],"rotationMatrix":[0.233430445,-0.972358465,0,0.972358465,0.233430445,0,0,0,1],"scale":1.46589994,"type":"rock_01_a_large_a"}
{"pos":[682.40802,-71.2925034,52.4372787],"rotationMatrix":[-0.336285472,0.941808224,0,-0.941808224,-0.336285472,0,0,0,1],"scale":1.12619996,"type":"rock_01_a_large_a"}
{"pos":[680.640991,-69.5507965,52.4184914],"rotationMatrix":[-0.985227346,0.170566559,0,-0.170566559,-0.985227346,0,0,0,1],"scale":1.07290006,"type":"rock_01_a_large_a"}
{"pos":[682.825989,-70.5978012,52.4394302],"rotationMatrix":[0.983619511,-0.180257887,0,0.180257887,0.983619511,0,0,0,1],"scale":1.02380002,"type":"rock_01_a_large_a"}
{"pos":[654.765991,-66.1884003,51.3486977],"rotationMatrix":[0.869541645,-0.493841439,0,0.493841439,0.869541645,0,0,0,1],"scale":1.25090003,"type":"rock_01_a_large_a"}
{"pos":[655.051025,-69.9692001,51.3044357],"rotationMatrix":[-0.975276828,-0.220623598,0,0.220623598,-0.975276828,0,0,0,1],"scale":1.38549995,"type":"rock_01_a_large_a"}
{"pos":[652.348999,-64.9157028,51.2930145],"rotationMatrix":[0.771782339,0.635874748,0,-0.635874748,0.771782339,0,0,0,1],"scale":1.43299997,"type":"rock_01_a_large_a"}
{"pos":[655.257019,-76.2528,51.2408371],"rotationMatrix":[0.999687493,-0.0249975007,0,0.0249975007,0.999687493,0,0,0,1],"scale":1.14890003,"type":"rock_01_a_large_a"}
{"pos":[660.965027,-83.5774002,51.2682762],"rotationMatrix":[-0.5569067,0.830597222,0,-0.830597222,-0.5569067,0,0,0,1],"scale":1.33570004,"type":"rock_01_a_large_a"}
{"pos":[677.940002,-91.5554962,51.7876167],"rotationMatrix":[-0.930612564,-0.366079509,0,0.366079509,-0.930612564,0,0,0,1],"scale":1.10179996,"type":"rock_01_a_large_a"}
{"pos":[681.463989,-93.3133011,51.8716774],"rotationMatrix":[0.42626524,0.904628396,0,-0.904628396,0.42626524,0,0,0,1],"scale":1.06029999,"type":"rock_01_a_large_a"}
{"pos":[681.827026,-92.3999023,51.9235306],"rotationMatrix":[-0.177191615,0.984164119,0,-0.984164119,-0.177191615,0,0,0,1],"scale":1.49779999,"type":"rock_01_a_large_a"}
{"pos":[684.018982,-91.3772964,52.0468407],"rotationMatrix":[-0.752941012,0.658335865,0,-0.658335865,-0.752941012,0,0,0,1],"scale":1.21270001,"type":"rock_01_a_large_a"}
{"pos":[676.471985,-78.1977005,52.1143646],"rotationMatrix":[-0.12530005,-0.992082298,0,0.992082298,-0.12530005,0,0,0,1],"scale":1.47909999,"type":"rock_01_a_large_a"}
{"pos":[720.88208,-218.244232,53.0990982],"rotationMatrix":[0.909176767,0.416397393,0,-0.416397393,0.909176767,0,0,0,1],"scale":1.46599996,"type":"rock_01_a_large_a"}
{"pos":[753.877991,-807.317993,43.6883011],"rotationMatrix":[0.517838001,0.855420232,0,-0.855420232,0.517838001,0,0,0,1],"scale":1.39709997,"type":"rock_01_a_large_a"}
{"pos":[747.057983,-825.929993,42.9939995],"rotationMatrix":[-0.92001605,0.39152807,0,-0.39152807,-0.92001605,0,0,0,1],"scale":1.08819997,"type":"rock_01_a_large_a"}
{"pos":[467.747986,-92.408699,13.2369633],"rotationMatrix":[-0.75331533,0.657657146,0,-0.657657146,-0.75331533,0,0,0,1],"scale":1.49450004,"type":"rock_01_a_large_a"}
{"pos":[340.433014,-821.202026,42.8050995],"rotationMatrix":[0.687001288,0.726638079,0,-0.726638079,0.687001288,0,0,0,1],"scale":1.29980004,"type":"rock_01_a_large_a"}
{"pos":[71.7207031,-699.031006,36.1892014],"rotationMatrix":[-0.13522315,-0.990871668,0,0.990871668,-0.13522315,0,0,0,1],"scale":1.11619997,"type":"rock_01_a_large_a"}
{"pos":[78.3158035,-691.870972,36.5531006],"rotationMatrix":[-0.886070371,0.463603139,0,-0.463603139,-0.886070371,0,0,0,1],"scale":1.13450003,"type":"rock_01_a_large_a"}
{"pos":[1.04530001,-793.853027,17.0319996],"rotationMatrix":[-0.97448194,0.224354878,0,-0.224354878,-0.97448194,0,0,0,1],"scale":1.32179999,"type":"rock_01_a_large_a"}
{"pos":[837.208984,939.130005,93.7938995],"rotationMatrix":[0.4217574,0.906669736,0,-0.906669736,0.4217574,0,0,0,1],"scale":1.40090001,"type":"rock_01_a_large_a"}
{"pos":[835.333984,936.866028,93.2422028],"rotationMatrix":[0.178238094,-0.983934939,0,0.983934939,0.178238094,0,0,0,1],"scale":1.08290005,"type":"rock_01_a_large_a"}
{"pos":[831.797974,928.955994,91.8547974],"rotationMatrix":[-0.893847227,0.448793709,0,-0.448793709,-0.893847227,0,0,0,1],"scale":1.10109997,"type":"rock_01_a_large_a"}
{"pos":[799.153992,959.953979,100.897003],"rotationMatrix":[-0.983633518,0.18045707,0,-0.18045707,-0.983633518,0,0,0,1],"scale":1.26279998,"type":"rock_01_a_large_a"}
{"pos":[800.054993,958.013977,100.79245],"rotationMatrix":[0.558387995,-0.829561532,0,0.829561532,0.558387995,0,0,0,1],"scale":1.20420003,"type":"rock_01_a_large_a"}
{"pos":[801.25,955.195984,100.339058],"rotationMatrix":[0.200899243,-0.979628563,0,0.979628563,0.200899243,0,0,0,1],"scale":1.43470001,"type":"rock_01_a_large_a"}
{"pos":[798.965027,954.651978,100.837997],"rotationMatrix":[0.422173381,0.817292869,0.392319024,-0.906576931,0.380625546,0.182654396,-8.25673342e-05,-0.432754934,0.901522219],"scale":1.35220003,"type":"rock_01_a_large_a"}
{"pos":[804.633972,890.226013,85.9729004],"rotationMatrix":[-0.247568011,0.968768716,0,-0.968768716,-0.247568011,0,0,0,1],"scale":1.21780002,"type":"rock_01_a_large_a"}
{"pos":[821.218994,823.560974,74.4080963],"rotationMatrix":[-0.0258848667,0.999671936,0,-0.999671936,-0.0258848667,0,0,0,1],"scale":1.1796,"type":"rock_01_a_large_a"}
{"pos":[815.742981,833.763977,75.8308029],"rotationMatrix":[0.973365664,0.22925365,0,-0.22925365,0.973365664,0,0,0,1],"scale":1.30480003,"type":"rock_01_a_large_a"}
{"pos":[816.874023,816.536011,73.6983032],"rotationMatrix":[0.497196078,0.867622554,0,-0.867622554,0.497196078,0,0,0,1],"scale":1.01810002,"type":"rock_01_a_large_a"}
{"pos":[820.138977,858.523987,80.4094009],"rotationMatrix":[0.233182728,-0.972391665,0,0.972391665,0.233182728,0,0,0,1],"scale":1.48249996,"type":"rock_01_a_large_a"}
{"pos":[820.059021,862.039978,81.2766037],"rotationMatrix":[0.981375515,0.192092896,0,-0.192092896,0.981375515,0,0,0,1],"scale":1.27699995,"type":"rock_01_a_large_a"}
{"pos":[813.98999,855.241028,79.9754028],"rotationMatrix":[-0.902420282,0.43088755,0,-0.43088755,-0.902420282,0,0,0,1],"scale":1.31190002,"type":"rock_01_a_large_a"}
{"pos":[824.132019,809.080017,72.6121979],"rotationMatrix":[-0.0999410152,0.994930506,0,-0.994930506,-0.0999410152,0,0,0,1],"scale":1.20790005,"type":"rock_01_a_large_a"}
{"pos":[818.840027,792.958008,72.1156998],"rotationMatrix":[0.22448945,-0.974525511,0,0.974525511,0.22448945,0,0,0,1],"scale":1.30079997,"type":"rock_01_a_large_a"}
{"pos":[820.669006,756.505005,63.7710991],"rotationMatrix":[-0.634070516,0.773196101,0,-0.773196101,-0.634070516,0,0,0,1],"scale":1.00950003,"type":"rock_01_a_large_a"}
{"pos":[807.060974,818.437988,75.7526016],"rotationMatrix":[-0.785671949,-0.618720531,0,0.618720531,-0.785671949,0,0,0,1],"scale":1.17739999,"type":"rock_01_a_large_a"}
{"pos":[823.297974,726.52002,58.7540016],"rotationMatrix":[-1,-0.0157999992,0,0.0157999992,-1,0,0,0,1],"scale":1.28460002,"type":"rock_01_a_large_a"}
{"pos":[818.565979,727.789001,59.0247993],"rotationMatrix":[-0.0736985207,-0.997204661,0,0.997204661,-0.0736985207,0,0,0,1],"scale":1.03799999,"type":"rock_01_a_large_a"}
{"pos":[819.372009,729.906006,59.2439003],"rotationMatrix":[0.705855489,0.708324492,0,-0.708324492,0.705855489,0,0,0,1],"scale":1.25580001,"type":"rock_01_a_large_a"}
{"pos":[825.664001,738.843994,60.3350983],"rotationMatrix":[-0.998800278,0.0491852388,0,-0.0491852388,-0.998800278,0,0,0,1],"scale":1.11039996,"type":"rock_01_a_large_a"}
{"pos":[754.182983,650.52301,70.7136002],"rotationMatrix":[0.978658199,0.20548436,0,-0.20548436,0.978658199,0,0,0,1],"scale":1.43850005,"type":"rock_01_a_large_a"}
{"pos":[752.78302,650.612,69.9210968],"rotationMatrix":[-0.991608858,-0.129128262,0,0.129128262,-0.991608858,0,0,0,1],"scale":1.09710002,"type":"rock_01_a_large_a"}
{"pos":[751.94397,645.995972,69.072998],"rotationMatrix":[-0.58526814,-0.810707152,0,0.810707152,-0.58526814,0,0,0,1],"scale":1.01010001,"type":"rock_01_a_large_a"}
{"pos":[752.80603,646.984009,69.8315964],"rotationMatrix":[0.723232031,-0.690580845,0,0.690580845,0.723232031,0,0,0,1],"scale":1.0029,"type":"rock_01_a_large_a"}
{"pos":[753.905029,651.422974,70.5563965],"rotationMatrix":[-0.946364641,0.322782815,0,-0.322782815,-0.946364641,0,0,0,1],"scale":1.39549994,"type":"rock_01_a_large_a"}
{"pos":[752.911987,652.018982,70.0509033],"rotationMatrix":[0.998818994,-0.0485854186,0,0.0485854186,0.998818994,0,0,0,1],"scale":1.10189998,"type":"rock_01_a_large_a"}
{"pos":[753.534973,653.299988,70.5223999],"rotationMatrix":[-0.954264522,-0.29892239,0,0.29892239,-0.954264522,0,0,0,1],"scale":1.39900005,"type":"rock_01_a_large_a"}
{"pos":[754.401978,653.409973,70.8384018],"rotationMatrix":[0.452314258,-0.891807854,0,0.891807854,0.452314258,0,0,0,1],"scale":1.07650006,"type":"rock_01_a_large_a"}
{"pos":[752.812988,653.20697,70.1264038],"rotationMatrix":[0.0127064586,-0.999940336,0,0.999940336,0.0127064586,0,0,0,1],"scale":1.09590006,"type":"rock_01_a_large_a"}
{"pos":[752.935974,636.05603,68.8720016],"rotationMatrix":[0.861240864,-0.508203924,0,0.508203924,0.861240864,0,0,0,1],"scale":1.40349996,"type":"rock_01_a_large_a"}
{"pos":[753.382996,636.929016,69.0916977],"rotationMatrix":[-0.881412029,-0.471953362,0,0.471953362,-0.881412029,0,0,0,1],"scale":1.13520002,"type":"rock_01_a_large_a"}
{"pos":[757.90802,640.072998,70.6302032],"rotationMatrix":[0.20720768,0.978272438,0,-0.978272438,0.20720768,0,0,0,1],"scale":1.4648,"type":"rock_01_a_large_a"}
{"pos":[751.676025,634.265991,68.1828003],"rotationMatrix":[-0.11691463,0.993161738,0,-0.993161738,-0.11691463,0,0,0,1],"scale":1.3592,"type":"rock_01_a_large_a"}
{"pos":[757.911011,625.033997,69.3190994],"rotationMatrix":[-0.720512509,-0.693399012,0,0.693399012,-0.720512509,0,0,0,1],"scale":1.16100001,"type":"rock_01_a_large_a"}
{"pos":[833.830994,611.575989,51.2219009],"rotationMatrix":[-0.361580014,-0.932362974,0,0.932362974,-0.361580014,0,0,0,1],"scale":1.31550002,"type":"rock_01_a_large_a"}
{"pos":[835.281982,616.471008,51.4501991],"rotationMatrix":[0.437139511,0.899409711,0,-0.899409711,0.437139511,0,0,0,1],"scale":1.26489997,"type":"rock_01_a_large_a"}
{"pos":[836.796997,613.046997,51.1055984],"rotationMatrix":[0.9223032,-0.386473686,0,0.386473686,0.9223032,0,0,0,1],"scale":1.39310002,"type":"rock_01_a_large_a"}
{"pos":[833.380005,589.465027,54.4127007],"rotationMatrix":[-0.618560433,0.785710633,0,-0.785710633,-0.618560433,0,0,0,1],"scale":1.01100004,"type":"rock_01_a_large_a"}
{"pos":[832.991028,581.411011,55.1060982],"rotationMatrix":[-0.901250124,-0.433290035,0,0.433290035,-0.901250124,0,0,0,1],"scale":1.08010006,"type":"rock_01_a_large_a"}
{"pos":[839.086975,558.659973,54.4213982],"rotationMatrix":[0.99980396,0.0197999999,0,-0.0197999999,0.99980396,0,0,0,1],"scale":1.37030005,"type":"rock_01_a_large_a"}
{"pos":[845.950012,540.77002,53.9434013],"rotationMatrix":[-0.561144471,-0.827662766,0,0.827662766,-0.561144471,0,0,0,1],"scale":1.41509998,"type":"rock_01_a_large_a"}
{"pos":[847.232971,536.03302,54.3679008],"rotationMatrix":[-0.287370563,0.957785666,0,-0.957785666,-0.287370563,0,0,0,1],"scale":1.22239995,"type":"rock_01_a_large_a"}
{"pos":[847.278015,533.492004,55.0005989],"rotationMatrix":[-0.209323525,-0.977754235,0,0.977754235,-0.209323525,0,0,0,1],"scale":1.34060001,"type":"rock_01_a_large_a"}
{"pos":[754.656982,621.796021,68.3457031],"rotationMatrix":[-0.419275522,-0.907770276,0,0.907770276,-0.419275522,0,0,0,1],"scale":1.08630002,"type":"rock_01_a_large_a"}
{"pos":[759.007996,623.857971,69.4940033],"rotationMatrix":[-0.857820988,0.513898194,0,-0.513898194,-0.857820988,0,0,0,1],"scale":1.06550002,"type":"rock_01_a_large_a"}
{"pos":[761.104004,619.171997,69.467598],"rotationMatrix":[-0.0684295893,0.997678518,0,-0.997678518,-0.0684295893,0,0,0,1],"scale":1.03190005,"type":"rock_01_a_large_a"}
{"pos":[748.807983,937.916992,91.8125534],"rotationMatrix":[0.682554841,0.730825007,0,-0.730825007,0.682554841,0,0,0,1],"scale":1.39999998,"type":"rock_01_a_large_a"}
{"pos":[715.588989,947.679016,90.6732025],"rotationMatrix":[0.412255168,0.9110533,0,-0.9110533,0.412255168,0,0,0,1],"scale":1.33809996,"type":"rock_01_a_large_a"}
{"pos":[673.450989,943.565979,78.8570023],"rotationMatrix":[0.999422014,0.0339966007,0,-0.0339966007,0.999422014,0,0,0,1],"scale":1.20790005,"type":"rock_01_a_large_a"}
{"pos":[726.125,759.85498,71.0888977],"rotationMatrix":[-0.0573488474,-0.998308361,0,0.998308361,-0.0573488474,0,0,0,1],"scale":1.06649995,"type":"rock_01_a_large_a"}
{"pos":[735.562012,699.728027,67.7781982],"rotationMatrix":[-0.849349141,0.527726054,0,-0.527726054,-0.849349141,0,0,0,1],"scale":1.37660003,"type":"rock_01_a_large_a"}
{"pos":[733.755005,704.265015,67.2405014],"rotationMatrix":[-0.70644331,-0.707554162,0,0.707554162,-0.70644331,0,0,0,1],"scale":1.49510002,"type":"rock_01_a_large_a"}
{"pos":[729.716003,706.953003,67.1428986],"rotationMatrix":[-0.766072154,0.642942727,0,-0.642942727,-0.766072154,0,0,0,1],"scale":1.49769998,"type":"rock_01_a_large_a"}
{"pos":[737.642029,697.440979,67.8451004],"rotationMatrix":[-0.58526814,-0.810707152,0,0.810707152,-0.58526814,0,0,0,1],"scale":1.11609995,"type":"rock_01_a_large_a"}
{"pos":[736.177002,698.478027,67.5522995],"rotationMatrix":[-0.245673299,-0.969453275,0,0.969453275,-0.245673299,0,0,0,1],"scale":1.36399996,"type":"rock_01_a_large_a"}
{"pos":[736.981995,697.812012,67.7577972],"rotationMatrix":[-0.835528016,0.549125612,0,-0.549125612,-0.835528016,0,0,0,1],"scale":1.45120001,"type":"rock_01_a_large_a"}
{"pos":[696.187012,726.124023,63.7271996],"rotationMatrix":[0.932067037,-0.362296969,0,0.362296969,0.932067037,0,0,0,1],"scale":1.46650004,"type":"rock_01_a_large_a"}
{"pos":[698.844971,726.242004,63.8829002],"rotationMatrix":[-0.331712008,0.943296015,0,-0.943296015,-0.331712008,0,0,0,1],"scale":1.0359,"type":"rock_01_a_large_a"}
{"pos":[738.513977,651.830017,68.6439972],"rotationMatrix":[0.844206393,0.536039472,0,-0.536039472,0.844206393,0,0,0,1],"scale":1.12049997,"type":"rock_01_a_large_a"}
{"pos":[681.609985,732.237976,62.3530998],"rotationMatrix":[-0.948732853,0.316464275,0,-0.316464275,-0.948732853,0,0,0,1],"scale":1.12940001,"type":"rock_01_a_large_a"}
{"pos":[731.809448,606.892456,64.638237],"rotationMatrix":[0.156039596,-0.987781763,0,0.987781763,0.156039596,0,0,0,1],"scale":1.20350003,"type":"rock_01_a_large_a"}
{"pos":[736.052979,586.973022,63.5788002],"rotationMatrix":[0.544942021,-0.838470578,0,0.838470578,0.544942021,0,0,0,1],"scale":1.03240001,"type":"rock_01_a_large_a"}
{"pos":[702.328003,509.752014,62.5070992],"rotationMatrix":[-0.989214659,0.147002026,0,-0.147002026,-0.989214659,0,0,0,1],"scale":1.18529999,"type":"rock_01_a_large_a"}
{"pos":[715.632996,502.460999,62.5772018],"rotationMatrix":[-0.702381372,0.711878121,0,-0.711878121,-0.702381372,0,0,0,1],"scale":1.09710002,"type":"rock_01_a_large_a"}
{"pos":[714.585999,501.985992,62.446701],"rotationMatrix":[0.755979061,-0.654588163,0,0.654588163,0.755979061,0,0,0,1],"scale":1.13150001,"type":"rock_01_a_large_a"}
{"pos":[732.98999,568.64502,62.9880981],"rotationMatrix":[0.994360805,-0.106051326,0,0.106051326,0.994360805,0,0,0,1],"scale":1.23249996,"type":"rock_01_a_large_a"}
{"pos":[607.952026,638.857971,50.3637009],"rotationMatrix":[0.895301104,0.445473611,0,-0.445473611,0.895301104,0,0,0,1],"scale":1.1918,"type":"rock_01_a_large_a"}
{"pos":[601.228027,657.606995,49.3731003],"rotationMatrix":[-0.413889289,0.910250068,0,-0.910250068,-0.413889289,0,0,0,1],"scale":1.00969994,"type":"rock_01_a_large_a"}
{"pos":[938.572998,470.821014,59.4962006],"rotationMatrix":[0.844206393,-0.536039472,0,0.536039472,0.844206393,0,0,0,1],"scale":1.05799997,"type":"rock_01_a_large_a"}
{"pos":[938.487,468.355988,59.2108002],"rotationMatrix":[-0.708291292,-0.706088781,0,0.706088781,-0.708291292,0,0,0,1],"scale":1.2888,"type":"rock_01_a_large_a"}
{"pos":[943.39801,466.007996,59.2845993],"rotationMatrix":[-0.343488216,0.939261615,0,-0.939261615,-0.343488216,0,0,0,1],"scale":1.18599999,"type":"rock_01_a_large_a"}
{"pos":[939.176025,465.584015,60.0587006],"rotationMatrix":[-0.330080509,0.944022834,0,-0.944022834,-0.330080509,0,0,0,1],"scale":1.19630003,"type":"rock_01_a_large_a"}
{"pos":[950.309998,375.686005,59.6646004],"rotationMatrix":[0.999500692,0.0315968394,0,-0.0315968394,0.999500692,0,0,0,1],"scale":1.15840006,"type":"rock_01_a_large_a"}
{"pos":[953.057983,379.781006,58.9471016],"rotationMatrix":[0.999487996,-0.0319968015,0,0.0319968015,0.999487996,0,0,0,1],"scale":1.33959997,"type":"rock_01_a_large_a"}
{"pos":[954.731018,393.227997,58.9576988],"rotationMatrix":[0.680799484,-0.732443333,0,0.732443333,0.680799484,0,0,0,1],"scale":1.44360006,"type":"rock_01_a_large_a"}
{"pos":[956.59198,394.990997,58.6108017],"rotationMatrix":[0.999308109,-0.0371925607,0,0.0371925607,0.999308109,0,0,0,1],"scale":1.37460005,"type":"rock_01_a_large_a"}
{"pos":[967.919983,410.933014,56.2288017],"rotationMatrix":[-0.465814471,0.884864986,0,-0.884864986,-0.465814471,0,0,0,1],"scale":1.21560001,"type":"rock_01_a_large_a"}
{"pos":[925.090027,472.026001,59.2285995],"rotationMatrix":[-0.571055532,0.820713818,0,-0.820713818,-0.571055532,0,0,0,1],"scale":1.45910001,"type":"rock_01_a_large_a"}
{"pos":[915.254028,478.376007,56.9766006],"rotationMatrix":[-0.775858641,0.631152511,0,-0.631152511,-0.775858641,0,0,0,1],"scale":1.28250003,"type":"rock_01_a_large_a"}
{"pos":[932.14502,469.899994,59.3783989],"rotationMatrix":[0.949501574,-0.313763916,0,0.313763916,0.949501574,0,0,0,1],"scale":1.3448,"type":"rock_01_a_large_a"}
{"pos":[937.03302,473.087006,59.5593987],"rotationMatrix":[-0.370505571,0.928791583,0,-0.928791583,-0.370505571,0,0,0,1],"scale":1.31029999,"type":"rock_01_a_large_a"}
{"pos":[936.47998,469.433014,59.6006012],"rotationMatrix":[-0.980049968,0.199397996,0,-0.199397996,-0.980049968,0,0,0,1],"scale":1.07270002,"type":"rock_01_a_large_a"}
{"pos":[933.111023,469.743011,59.7234993],"rotationMatrix":[0.344716549,0.938735962,0,-0.938735962,0.344716549,0,0,0,1],"scale":1.4174,"type":"rock_01_a_large_a"}
{"pos":[936.062988,467.348999,59.6086006],"rotationMatrix":[0.999947965,0.0102000004,0,-0.0102000004,0.999947965,0,0,0,1],"scale":1.44280005,"type":"rock_01_a_large_a"}
{"pos":[934.934998,468.411987,59.5172997],"rotationMatrix":[-0.350053191,0.93678838,0,-0.93678838,-0.350053191,0,0,0,1],"scale":1.35450006,"type":"rock_01_a_large_a"}
{"pos":[936.338013,467.934998,59.6693993],"rotationMatrix":[-0.817943215,-0.575090885,0,0.575090885,-0.817943215,0,0,0,1],"scale":1.13750005,"type":"rock_01_a_large_a"}
{"pos":[936.541992,468.567993,59.7468987],"rotationMatrix":[-0.0978655815,0.995176852,0,-0.995176852,-0.0978655815,0,0,0,1],"scale":1.21510005,"type":"rock_01_a_large_a"}
{"pos":[881.622986,490.145996,53.6006012],"rotationMatrix":[0.684464335,-0.729020834,0,0.729020834,0.684464335,0,0,0,1],"scale":1.09150004,"type":"rock_01_a_large_a"}
{"pos":[888.008972,488.96701,53.846199],"rotationMatrix":[0.811992884,-0.583643734,0,0.583643734,0.811992884,0,0,0,1],"scale":1.06239998,"type":"rock_01_a_large_a"}
{"pos":[889.486023,488.191986,53.9571991],"rotationMatrix":[-0.434479117,-0.900762796,0,0.900762796,-0.434479117,0,0,0,1],"scale":1.01950002,"type":"rock_01_a_large_a"}
{"pos":[882.297974,494.789001,53.1875992],"rotationMatrix":[0.670977235,0.741517961,0,-0.741517961,0.670977235,0,0,0,1],"scale":1.05869997,"type":"rock_01_a_large_a"}
{"pos":[883.607971,495.851013,53.3727989],"rotationMatrix":[-0.949917555,-0.313005805,0,0.313005805,-0.949917555,0,0,0,1],"scale":1.15090001,"type":"rock_01_a_large_a"}
{"pos":[884.215027,490.679993,53.3510017],"rotationMatrix":[0.546059012,-0.831286967,0.103602,0.83771795,0.541859031,-0.0675930008,5.69969416e-05,0.123701997,0.992318988],"scale":1.28240001,"type":"rock_01_a_large_a"}
{"pos":[884.590027,489.510986,53.5945015],"rotationMatrix":[-0.648201704,0.761462688,0,-0.761462688,-0.648201704,0,0,0,1],"scale":1.38829994,"type":"rock_01_a_large_a"}
{"pos":[893.096985,488.135986,54.1230011],"rotationMatrix":[0.549129963,-0.83574295,0,0.83574295,0.549129963,0,0,0,1],"scale":1.2902,"type":"rock_01_a_large_a"}
{"pos":[891.130005,489.839996,53.5368996],"rotationMatrix":[-0.86979115,-0.493312389,0,0.493312389,-0.86979115,0,0,0,1],"scale":1.43900001,"type":"rock_01_a_large_a"}
{"pos":[887.546021,492.040985,53.6797981],"rotationMatrix":[-0.956637502,0.291586697,0,-0.291586697,-0.956637502,0,0,0,1],"scale":1.25539994,"type":"rock_01_a_large_a"}
{"pos":[893.026001,489.803986,53.7055016],"rotationMatrix":[0.956546485,0.291586697,0,-0.291586697,0.956546485,0,0,0,1],"scale":1.23940003,"type":"rock_01_a_large_a"}
{"pos":[896.195984,492.490997,54.0657997],"rotationMatrix":[0.117942393,0.9930951,0,-0.9930951,0.117942393,0,0,0,1],"scale":1.32840002,"type":"rock_01_a_large_a"}
{"pos":[896.580017,490.954987,54.3690987],"rotationMatrix":[0.72486639,0.68890965,0,-0.68890965,0.72486639,0,0,0,1],"scale":1.41589999,"type":"rock_01_a_large_a"}
{"pos":[896.625,489.263,54.1819],"rotationMatrix":[-0.3398844,0.94045651,0,-0.94045651,-0.3398844,0,0,0,1],"scale":1.47510004,"type":"rock_01_a_large_a"}
{"pos":[940.69397,326.434998,56.8054008],"rotationMatrix":[-0.325843215,0.945449054,0,-0.945449054,-0.325843215,0,0,0,1],"scale":1.39709997,"type":"rock_01_a_large_a"}
