{"pos":[231.681625,-808.221497,49.3277893],"rotationMatrix":[0.104154289,0.994546115,-0.00546785723,-0.994523108,0.104100704,-0.00931702368,-0.00869700219,0.00640831841,0.999941647],"scale":1,"type":"sawmill_logstack"}
{"pos":[228.636139,-807.440369,49.2829857],"rotationMatrix":[-0.0125111341,-0.999904633,0.00584741589,0.999887824,-0.0124623775,0.00830154121,-0.00822787639,0.00595062179,0.999948442],"scale":1,"type":"sawmill_logstack"}
{"pos":[225.705078,-806.664612,49.3329773],"rotationMatrix":[0.0727969408,-0.997297406,-0.00992700085,0.9969033,0.0730577707,-0.0290939659,0.0297405832,-0.00777830463,0.999527395],"scale":1,"type":"sawmill_logstack"}
{"pos":[254.322937,-746.293762,46.0946503],"rotationMatrix":[0.443670809,-0.892403245,-0.0822966173,0.896142125,0.442720234,0.0304648355,0.00924746692,-0.0872658268,0.996142149],"scale":1,"type":"sawmill_logstack"}
{"pos":[257.752441,-746.4776,46.0596085],"rotationMatrix":[0.703512788,-0.710196614,-0.0262783915,0.71065712,0.703319907,0.0175401289,0.00602517556,-0.0310146306,0.999500751],"scale":1,"type":"sawmill_logstack"}
{"pos":[304.231506,-807.55835,46.4959831],"rotationMatrix":[0.743756235,-0.66732049,0.0388599932,0.66552031,0.733805358,-0.136427358,0.0625250936,0.127330825,0.989887595],"scale":1,"type":"sawmill_logstack"}
{"pos":[306.375732,-805.578918,46.1402054],"rotationMatrix":[0.693919778,-0.719930708,-0.0132318214,0.718389332,0.693448424,-0.0551911369,0.0489093848,0.0287926197,0.998388112],"scale":1,"type":"sawmill_logstack"}
{"pos":[308.256042,-803.500793,46.1354904],"rotationMatrix":[-0.692290545,0.71976316,0.0517200455,-0.720738173,-0.693207383,-0.000292044133,0.0356425121,-0.0374787897,0.998661578],"scale":1,"type":"sawmill_logstack"}
{"pos":[310.202301,-801.488586,46.0674934],"rotationMatrix":[-0.689460039,0.718595743,0.0909124836,-0.716182709,-0.695085168,0.0627617911,0.108292259,-0.0218382049,0.993879199],"scale":1,"type":"sawmill_logstack"}
{"pos":[153.443314,-745.437927,46.0634956],"rotationMatrix":[-0.470863223,-0.875988245,-0.104557276,0.869716406,-0.480797648,0.111475997,-0.147922575,-0.0384452268,0.988251448],"scale":1,"type":"sawmill_logstack"}
{"pos":[156.917862,-744.627747,46.3792038],"rotationMatrix":[-0.44535768,-0.894538105,-0.038182918,0.893699348,-0.446721315,0.0417305119,-0.0543866642,-0.0155390427,0.998399019],"scale":1,"type":"sawmill_logstack"}
{"pos":[160.473267,-740.542236,46.307518],"rotationMatrix":[-0.393752098,-0.916674256,0.0683198273,0.918036103,-0.395924449,-0.0212972984,0.0465721749,0.0543342158,0.997436106],"scale":1,"type":"sawmill_logstack"}
{"pos":[157.746918,-738.992859,46.2648163],"rotationMatrix":[-0.256610632,-0.964359343,0.0645140409,0.965392172,-0.258957267,-0.0309695937,0.0465721935,0.0543342195,0.997436106],"scale":1,"type":"sawmill_logstack"}
{"pos":[154.691635,-737.582703,46.2304459],"rotationMatrix":[0.368025422,0.927340329,-0.0678029954,-0.929783404,0.367641091,-0.0185175277,0.00775511563,0.0698570162,0.997526884],"scale":1,"type":"sawmill_logstack"}
{"pos":[151.636383,-736.97168,46.0050812],"rotationMatrix":[-0.254340291,-0.967114687,0.000179424882,0.960036397,-0.252456307,0.120813183,-0.116794914,0.0308999196,0.992675245],"scale":1,"type":"sawmill_logstack"}
{"pos":[148.3461,-736.407654,45.5657997],"rotationMatrix":[-0.39287281,-0.919294417,0.02342101,0.915602028,-0.388670921,0.102993354,-0.085578151,0.0619076304,0.994406283],"scale":1,"type":"sawmill_logstack"}
{"pos":[205.418594,-823.424988,48.90168],"rotationMatrix":[-0.394261241,-0.91810596,-0.0404903255,0.918502569,-0.395112991,0.0154511202,-0.0301840194,-0.031098688,0.999060452],"scale":1,"type":"sawmill_logstack"}
{"pos":[208.042999,-824.600037,48.9477234],"rotationMatrix":[0.394147813,0.917730331,0.0491788685,-0.918489695,0.395207703,-0.0136922849,-0.0320016965,-0.0397735015,0.998696148],"scale":1,"type":"sawmill_logstack"}
{"pos":[210.902405,-825.422607,48.9742737],"rotationMatrix":[-0.394720197,-0.918574095,-0.0204400644,0.918669701,-0.394942641,0.00815126766,-0.0155601948,-0.0155601976,0.999757826],"scale":1,"type":"sawmill_logstack"}
{"pos":[218.597382,-829.66626,49.2362862],"rotationMatrix":[-0.518647194,-0.85411185,-0.0387048163,0.854670107,-0.519157767,0.00378683582,-0.0233282857,-0.031115815,0.999243498],"scale":1,"type":"sawmill_logstack"}
{"pos":[213.847397,-826.152283,49.0680275],"rotationMatrix":[-0.383217573,-0.923478007,-0.0182439983,0.922433257,-0.383651614,0.0439146645,-0.0475535616,0,0.998868704],"scale":1,"type":"sawmill_logstack"}
{"pos":[216.403854,-827.355164,49.1961555],"rotationMatrix":[-0.356473804,-0.933923721,-0.0267037712,0.932719707,-0.3573879,0.048041366,-0.0544105731,-0.00778164528,0.998488307],"scale":1,"type":"sawmill_logstack"}
{"pos":[260.197021,-762.25293,45.9943733],"rotationMatrix":[-0.912507653,0.409047663,-0.0031419266,-0.40905422,-0.912508249,0.00181872468,-0.00212308904,0.00294481847,0.999993384],"scale":1,"type":"sawmill_logstack"}
{"pos":[275.44281,-797.982422,46.1736717],"rotationMatrix":[-0.917725205,-0.397215486,0.000412942609,0.39720732,-0.917712212,-0.00553528406,0.00257766293,-0.00491584651,0.999984622],"scale":1,"type":"sawmill_logstack"}
{"pos":[275.453766,-807.159363,46.1975899],"rotationMatrix":[0.645321488,-0.763527274,0.024211511,0.763881564,0.645251036,-0.0116662513,-0.00671499781,0.026023211,0.999638796],"scale":1,"type":"sawmill_logstack"}
{"pos":[285.866699,-776.792419,46.0452881],"rotationMatrix":[-0.451586962,-0.890975833,-0.04723721,0.890485048,-0.453379869,0.0385102741,-0.0557281226,-0.0246732961,0.99814105],"scale":1,"type":"sawmill_logstack"}
{"pos":[325.859589,-788.089844,46.7266388],"rotationMatrix":[-0.448492289,-0.88964951,-0.0858983025,0.887749672,-0.454552293,0.0726825893,-0.103707291,-0.0436586142,0.993649185],"scale":1,"type":"sawmill_logstack"}
{"pos":[307.31958,-751.242065,46.0004578],"rotationMatrix":[0.739473522,-0.673185647,4.4408921e-16,0.673185647,0.739473522,5.58793634e-09,-3.76171894e-09,-4.13213108e-09,1],"scale":1,"type":"sawmill_logstack"}
{"pos":[137.533081,-752.078613,44.570076],"rotationMatrix":[-0.973785162,0.165257186,-0.156309173,-0.153704554,-0.984591246,-0.0833961666,-0.167682454,-0.0571845174,0.984181166],"scale":1,"type":"sawmill_logstack"}
{"pos":[137.579575,-751.886169,43.8189468],"rotationMatrix":[-0.973785281,0.165256262,-0.156309173,-0.166828483,-0.985981107,-0.00309914537,-0.15463005,0.0230589211,0.987703323],"scale":1,"type":"sawmill_logstack"}
{"pos":[169.025879,-777.968811,47.3390541],"rotationMatrix":[-0.454935312,-0.890430391,0.0129491026,0.889997184,-0.454117417,0.0410163403,-0.030641783,0.0301844422,0.999074578],"scale":1,"type":"sawmill_logstack"}
{"pos":[166.554169,-776.544434,47.2394829],"rotationMatrix":[0.455089808,0.890276909,-0.0173315145,-0.889557362,0.453680575,-0.0534950197,-0.0397624075,0.039762415,0.998417675],"scale":1,"type":"sawmill_logstack"}
{"pos":[164.391418,-775.431885,47.1099014],"rotationMatrix":[-0.455272198,-0.889938712,0.0271342322,0.89021647,-0.454458952,0.0313302055,-0.0155505687,0.0384191126,0.99914068],"scale":1,"type":"sawmill_logstack"}
{"pos":[162.080826,-774.26001,47.0288506],"rotationMatrix":[-0.412588716,-0.910637796,0.0225695912,0.910776675,-0.411962867,0.0277929343,-0.0160114635,0.0320229083,0.999358892],"scale":1,"type":"sawmill_logstack"}
{"pos":[119.171814,-789.92749,42.1197205],"rotationMatrix":[0.509000063,0.859166145,0.0524634048,-0.857424736,0.511446774,-0.0569646955,-0.0757743791,-0.0159883928,0.99699682],"scale":1,"type":"sawmill_logstack"}
{"pos":[143.563568,-743.462952,44.7151108],"rotationMatrix":[0.178927124,0.974965513,0.132012427,-0.97427398,0.194268167,-0.114237197,-0.137023151,-0.108176135,0.9846434],"scale":1,"type":"sawmill_logstack"}
{"pos":[153.586685,-769.492188,46.5402679],"rotationMatrix":[0.925605297,-0.37421155,0.0567503422,0.374428809,0.927228034,0.00715694996,-0.0552987233,0.0146244522,0.99836272],"scale":1,"type":"sawmill_logstack"}
{"pos":[157.879898,-773.458313,46.8864365],"rotationMatrix":[0.926184595,-0.374720126,0.0420351103,0.376349598,0.925541878,-0.0416316241,-0.0233050454,0.0543784648,0.998248398],"scale":1,"type":"sawmill_logstack"}
{"pos":[111.363785,-725.643494,42.1830559],"rotationMatrix":[-0.903463602,0.428662091,-0.00155445421,-0.428590208,-0.903367877,-0.015395117,-0.00800354779,-0.0132427039,0.999880254],"scale":1,"type":"sawmill_logstack"}
{"pos":[104.369675,-753.349243,38.4335938],"rotationMatrix":[-0.164179921,-0.986422837,0.00388227403,0.97316891,-0.161328197,0.164059907,-0.161206111,0.030713439,0.986442745],"scale":1,"type":"sawmill_logstack"}
{"pos":[106.606049,-753.789795,40.1591606],"rotationMatrix":[-0.152240634,-0.988264561,0.0124880672,0.685688972,-0.0965125561,0.721467972,-0.711795986,0.11839965,0.692335188],"scale":1,"type":"sawmill_logstack"}
{"pos":[144.377563,-798.8573,45.2389259],"rotationMatrix":[0.877602756,-0.470552266,0.0916188657,0.46786356,0.882371306,0.0502455011,-0.10448499,-0.00123046525,0.994525731],"scale":1,"type":"sawmill_logstack"}
{"pos":[146.372101,-800.618469,44.6749992],"rotationMatrix":[0.877602637,-0.470552415,0.0916188434,0.454122633,0.877251148,0.155573174,-0.153578073,-0.0949252397,0.983566463],"scale":1,"type":"sawmill_logstack"}
{"pos":[138.716812,-797.097351,44.6262817],"rotationMatrix":[-0.891655684,0.450517297,-0.0445471853,-0.4484846,-0.892457604,-0.0487967283,-0.0617402419,-0.0235311538,0.997814834],"scale":1,"type":"sawmill_logstack"}
{"pos":[149.389923,-802.167236,44.1479492],"rotationMatrix":[0.877602637,-0.470552415,0.0916188434,0.454122633,0.877251148,0.155573174,-0.153578073,-0.0949252397,0.983566463],"scale":1,"type":"sawmill_logstack"}
{"pos":[148.386154,-804.144958,43.3729439],"rotationMatrix":[0.877602637,-0.470552415,0.0916188434,0.454122633,0.877251148,0.155573174,-0.153578073,-0.0949252397,0.983566463],"scale":1,"type":"sawmill_logstack"}
{"pos":[142.929352,-801.210083,43.6334724],"rotationMatrix":[0.877602637,-0.470552415,0.0916188434,0.454122633,0.877251148,0.155573174,-0.153578073,-0.0949252397,0.983566463],"scale":1,"type":"sawmill_logstack"}
{"pos":[150.242325,-804.693115,42.4665947],"rotationMatrix":[0.877602637,-0.470552415,0.0916188434,0.454122633,0.877251148,0.155573174,-0.153578073,-0.0949252397,0.983566463],"scale":1,"type":"sawmill_logstack"}
{"pos":[145.563568,-802.184448,41.9781418],"rotationMatrix":[0.877602637,-0.470552415,0.0916188434,0.454122633,0.877251148,0.155573174,-0.153578073,-0.0949252397,0.983566463],"scale":1,"type":"sawmill_logstack"}
{"pos":[143.124619,-801.556091,42.5715561],"rotationMatrix":[0.877602637,-0.470552415,0.0916188434,0.454122633,0.877251148,0.155573174,-0.153578073,-0.0949252397,0.983566463],"scale":1,"type":"sawmill_logstack"}
{"pos":[142.556473,-802.753601,41.2660828],"rotationMatrix":[0.877602637,-0.470552444,0.0916188285,0.464002371,0.881809175,0.0843468606,-0.120479949,-0.0315116718,0.992215514],"scale":1,"type":"sawmill_logstack"}
{"pos":[133.805649,-793.792847,45.0985756],"rotationMatrix":[0.451233804,0.891156375,0.0472058393,-0.889231265,0.453456938,-0.0603696257,-0.0752045959,-0.0147360917,0.997059226],"scale":1,"type":"sawmill_logstack"}
{"pos":[131.180222,-792.454163,44.8588486],"rotationMatrix":[-0.500870466,-0.863782763,-0.0548471212,0.858124614,-0.503858924,0.0987345129,-0.112920374,0.00238753483,0.993601143],"scale":1,"type":"sawmill_logstack"}
{"pos":[128.102646,-789.708862,44.3952637],"rotationMatrix":[-0.896652818,0.433128089,-0.0917261839,-0.428903133,-0.901175022,-0.062653929,-0.109798536,-0.0168371741,0.99381125],"scale":1,"type":"sawmill_logstack"}
{"pos":[133.512878,-795.178711,44.2834396],"rotationMatrix":[0.451233804,0.891156375,0.0472058393,-0.889231265,0.453456938,-0.0603696331,-0.0752045959,-0.0147360936,0.997059226],"scale":1,"type":"sawmill_logstack"}
{"pos":[129.53653,-795.219299,44.3196182],"rotationMatrix":[0.451233804,0.891156375,0.0472058356,-0.889231265,0.453456938,-0.0603696406,-0.0752046034,-0.0147360843,0.997059226],"scale":1,"type":"sawmill_logstack"}
{"pos":[119.171814,-789.92749,43.2372055],"rotationMatrix":[0.509000063,0.859166145,0.0524634048,-0.857424736,0.511446774,-0.0569646955,-0.0757743791,-0.0159883928,0.99699682],"scale":1,"type":"sawmill_logstack"}
{"pos":[123.142113,-790.148987,43.1986923],"rotationMatrix":[0.509000063,0.859166145,0.0524634123,-0.857424736,0.511446774,-0.0569646806,-0.0757743716,-0.0159884002,0.99699682],"scale":1,"type":"sawmill_logstack"}
{"pos":[120.994202,-787.280273,43.792572],"rotationMatrix":[-0.556727886,-0.828532279,-0.059901841,0.823071778,-0.559929609,0.0950349569,-0.112280346,0.00360509008,0.993670046],"scale":1,"type":"sawmill_logstack"}
{"pos":[123.525795,-788.790344,44.0222588],"rotationMatrix":[0.509000063,0.859166145,0.0524634048,-0.857424736,0.511446774,-0.0569646731,-0.0757743642,-0.0159884021,0.99699682],"scale":1,"type":"sawmill_logstack"}
{"pos":[124.67366,-792.274658,44.7012329],"rotationMatrix":[-0.556728482,-0.828531921,-0.0599018931,0.82307142,-0.559930205,0.0950348973,-0.112280324,0.00360509381,0.993670046],"scale":1,"type":"sawmill_logstack"}
{"pos":[127.262108,-793.75238,44.4230194],"rotationMatrix":[0.40633899,0.912705421,0.0430974178,-0.910653114,0.408386111,-0.0627034605,-0.0748301744,-0.0137679391,0.997101247],"scale":1,"type":"sawmill_logstack"}
{"pos":[126.716476,-792.977112,44.9479713],"rotationMatrix":[0.46953696,0.881559074,0.0488753319,-0.879689634,0.471831262,-0.0593415871,-0.0753740221,-0.0151320547,0.99704051],"scale":1,"type":"sawmill_logstack"}
{"pos":[128.560226,-794.272949,43.6009216],"rotationMatrix":[0.40633899,0.912705421,0.0430974178,-0.910653114,0.408386111,-0.0627034605,-0.0748301744,-0.0137679391,0.997101247],"scale":1,"type":"sawmill_logstack"}
{"pos":[130.834671,-795.739868,43.4975166],"rotationMatrix":[0.451233804,0.891156375,0.0472058356,-0.889231265,0.453456938,-0.0603696406,-0.0752046034,-0.0147360843,0.997059226],"scale":1,"type":"sawmill_logstack"}
{"pos":[126.50103,-793.695129,43.3101883],"rotationMatrix":[0.451233804,0.891156375,0.0472058356,-0.889231265,0.453456938,-0.0603696406,-0.0752046034,-0.0147360843,0.997059226],"scale":1,"type":"sawmill_logstack"}
{"pos":[124.269829,-792.248962,43.4175529],"rotationMatrix":[0.40633899,0.912705421,0.0430974141,-0.910653114,0.408386111,-0.0627034679,-0.0748301819,-0.0137679335,0.997101247],"scale":1,"type":"sawmill_logstack"}
{"pos":[122.319038,-791.325256,42.2837143],"rotationMatrix":[0.40633899,0.912705421,0.0430974141,-0.910653114,0.408386111,-0.0627034679,-0.0748301819,-0.0137679335,0.997101247],"scale":1,"type":"sawmill_logstack"}
{"pos":[124.598297,-792.670166,42.181591],"rotationMatrix":[0.451233804,0.891156375,0.0472058393,-0.889231265,0.453456938,-0.060369648,-0.0752046108,-0.0147360843,0.997059226],"scale":1,"type":"sawmill_logstack"}
{"pos":[120.876709,-717.273682,41.5016289],"rotationMatrix":[-0.593590379,-0.803193688,0.0503034852,0.80344224,-0.595039606,-0.0202074982,0.0461631007,0.0284209698,0.998529553],"scale":1,"type":"sawmill_logstack"}
{"pos":[118.81942,-718.939209,41.3899117],"rotationMatrix":[-0.593590379,-0.803193688,0.0503034964,0.803801417,-0.588656902,0.0859437287,-0.0394179523,0.0914493948,0.995029271],"scale":1,"type":"sawmill_logstack"}
{"pos":[116.819916,-721.648071,40.7206459],"rotationMatrix":[-0.593590379,-0.803193688,0.0503034964,0.803801417,-0.588656902,0.0859437287,-0.0394179523,0.0914493948,0.995029271],"scale":1,"type":"sawmill_logstack"}
{"pos":[115.971191,-723.329895,39.6245117],"rotationMatrix":[-0.593590379,-0.803193688,0.0503034964,0.803801417,-0.588656902,0.0859437287,-0.0394179523,0.0914493948,0.995029271],"scale":1,"type":"sawmill_logstack"}
{"pos":[112.261688,-724.630676,41.3456497],"rotationMatrix":[-0.843312263,0.537421763,-0.00155444676,-0.537334025,-0.843114734,0.0207328275,0.00983169489,0.0183195025,0.999783814],"scale":1,"type":"sawmill_logstack"}
{"pos":[110.849586,-727.220215,40.8344498],"rotationMatrix":[0.923369765,-0.383908689,-0.00155444746,0.383856416,0.923160017,0.0207328182,-0.00652450603,-0.0197407398,0.999783814],"scale":1,"type":"sawmill_logstack"}
{"pos":[111.615105,-726.705811,41.4033127],"rotationMatrix":[0.893939853,-0.448184252,-0.00155444676,0.448117256,0.893734336,0.0207328089,-0.00790285692,-0.0192304589,0.999783874],"scale":1,"type":"sawmill_logstack"}
{"pos":[110.876701,-726.356567,39.7980118],"rotationMatrix":[0.903039813,-0.429554015,-0.00155444606,0.429491311,0.902832985,0.0207328256,-0.00750246365,-0.01939019,0.999783814],"scale":1,"type":"sawmill_logstack"}
{"pos":[112.264961,-724.1073,40.1056366],"rotationMatrix":[0.923369765,-0.383908689,-0.00155444699,0.383856416,0.923160017,0.0207328107,-0.00652450323,-0.0197407361,0.999783874],"scale":1,"type":"sawmill_logstack"}
{"pos":[111.841141,-724.329163,38.847065],"rotationMatrix":[0.903039813,-0.429554015,-0.00155444629,0.429491311,0.902832985,0.0207328182,-0.00750246085,-0.0193901826,0.999783814],"scale":1,"type":"sawmill_logstack"}
{"pos":[159.43779,-707.532349,42.6552849],"rotationMatrix":[0.182854176,0.977241814,-0.107530378,-0.983139813,0.181825519,-0.0193780847,0.0006146878,0.109260768,0.994012952],"scale":1,"type":"sawmill_logstack"}
{"pos":[154.775192,-708.198547,42.7160225],"rotationMatrix":[-0.998968959,0.0445563793,-0.00871798303,-0.0451934561,-0.994242668,0.0971555263,-0.00433889125,0.0974493325,0.995231032],"scale":1,"type":"sawmill_logstack"}
{"pos":[149.138062,-708.247803,42.669014],"rotationMatrix":[-0.999489784,-0.031434577,-0.00563779054,0.0309823453,-0.997232199,0.0675857291,-0.00774671556,0.0673765764,0.997697532],"scale":1,"type":"sawmill_logstack"}
{"pos":[142.5923,-708.516785,42.5406265],"rotationMatrix":[0.99011147,0.138781905,0.0204665624,-0.137337387,0.988690495,-0.0602458157,-0.0285961255,0.0568392463,0.99797374],"scale":1,"type":"sawmill_logstack"}
{"pos":[136.915894,-709.554565,42.3579712],"rotationMatrix":[-0.977176905,-0.209514752,-0.0350602567,0.206755891,-0.975926638,0.0694220066,-0.0487611666,0.0605886579,0.996971071],"scale":1,"type":"sawmill_logstack"}
{"pos":[138.553909,-742.215271,44.0518646],"rotationMatrix":[0.963205099,-0.226114541,0.145286471,0.220135629,0.97384882,0.0562035367,-0.154195487,-0.0221528038,0.987791955],"scale":1,"type":"sawmill_logstack"}
{"pos":[139.612488,-739.722656,44.1608696],"rotationMatrix":[-0.925006628,0.334988475,-0.179291949,-0.331172526,-0.942151666,-0.0517209619,-0.186246142,0.0115343314,0.982435405],"scale":1,"type":"sawmill_logstack"}
{"pos":[107.702179,-775.280273,41.0688858],"rotationMatrix":[0.471906543,-0.881567001,-0.0119927088,0.881548166,0.47160393,0.0215066373,-0.0133037334,-0.0207212754,0.999696791],"scale":1,"type":"sawmill_logstack"}
{"pos":[106.722183,-776.371765,39.8826904],"rotationMatrix":[0.708426297,-0.705688596,-0.0116523691,0.697899818,0.69795531,0.160605982,-0.10520497,-0.121909693,0.986949801],"scale":1,"type":"sawmill_logstack"}
{"pos":[102.78746,-759.503906,38.2498703],"rotationMatrix":[-0.168076634,-0.98448962,0.0503034815,0.98575896,-0.167574286,0.0140727777,-0.00542493537,0.0519524142,0.998634815],"scale":1,"type":"sawmill_logstack"}
{"pos":[104.18116,-759.735596,39.460247],"rotationMatrix":[-0.168076634,-0.98448962,0.0503034927,0.982809603,-0.163398385,0.0859437287,-0.0763912052,0.0638838708,0.995029271],"scale":1,"type":"sawmill_logstack"}
{"pos":[104.305511,-762.213623,38.7258186],"rotationMatrix":[-0.168076634,-0.98448962,0.0503034927,0.982809603,-0.163398385,0.0859437287,-0.0763912052,0.0638838708,0.995029271],"scale":1,"type":"sawmill_logstack"}
{"pos":[105.645454,-767.833984,39.5250359],"rotationMatrix":[-0.168076634,-0.98448962,0.0503034927,0.982809603,-0.163398385,0.0859437287,-0.0763912052,0.0638838708,0.995029271],"scale":1,"type":"sawmill_logstack"}
{"pos":[103.409462,-767.462219,38.9940033],"rotationMatrix":[-0.168076634,-0.98448962,0.0503034927,0.982809603,-0.163398385,0.0859437287,-0.0763912052,0.0638838708,0.995029271],"scale":1,"type":"sawmill_logstack"}
{"pos":[110.756844,-782.384216,40.5187759],"rotationMatrix":[0.790403008,0.612585247,-0.00155444676,-0.612428844,0.790253818,0.0207328312,0.0139290337,-0.0154353045,0.999783814],"scale":1,"type":"sawmill_logstack"}
{"pos":[112.405266,-784.045471,40.1508026],"rotationMatrix":[0.741932929,0.670472324,-0.00155444723,-0.670305073,0.741795897,0.0207328238,0.0150538674,-0.0143404109,0.999783814],"scale":1,"type":"sawmill_logstack"}
{"pos":[142.347076,-767.026794,45.7939835],"rotationMatrix":[0.974153936,-0.184478074,0.130353153,0.188891023,0.981746316,-0.0222339723,-0.123872042,0.0462818518,0.991218269],"scale":1,"type":"sawmill_logstack"}
{"pos":[141.37381,-751.451965,44.7025757],"rotationMatrix":[-0.110474348,-0.993800819,0.0124607086,0.979991376,-0.106833577,0.167938948,-0.165566653,0.0307643488,0.985718668],"scale":1,"type":"sawmill_logstack"}
{"pos":[140.015991,-757.177917,44.8223801],"rotationMatrix":[0.211952329,0.975062966,-0.0657906383,-0.958572507,0.194314361,-0.208280325,-0.190302357,0.107210584,0.97585392],"scale":1,"type":"sawmill_logstack"}
{"pos":[136.875931,-750.333435,43.9452553],"rotationMatrix":[0.970789194,-0.163843498,0.175281495,0.170808867,0.984978974,-0.0253136605,-0.168501109,0.0545138642,0.984192848],"scale":1,"type":"sawmill_logstack"}
{"pos":[136.419434,-753.252441,43.9631767],"rotationMatrix":[0.970156312,-0.163716212,0.178867787,0.163797393,0.986388624,0.014416974,-0.17879346,0.0153113585,0.983767509],"scale":1,"type":"sawmill_logstack"}
{"pos":[135.995575,-755.855713,43.9896317],"rotationMatrix":[-0.970697999,0.163899586,-0.175733462,-0.178470418,-0.981417179,0.0704875141,-0.160914972,0.099785313,0.981911004],"scale":1,"type":"sawmill_logstack"}
{"pos":[135.495132,-758.397827,44.2179947],"rotationMatrix":[-0.970655322,0.163870454,-0.175997138,-0.181013435,-0.979702592,0.0861225948,-0.158311903,0.115453191,0.980616093],"scale":1,"type":"sawmill_logstack"}
{"pos":[104.940804,-740.149658,39.3985519],"rotationMatrix":[0.985391676,-0.170296311,-0.00155444653,0.170291662,0.98517555,0.0207328331,-0.00199932232,-0.0206946712,0.999783814],"scale":1,"type":"sawmill_logstack"}
{"pos":[105.560562,-737.593201,39.7061768],"rotationMatrix":[0.992668211,-0.120860979,-0.00155444688,0.120867133,0.992452145,0.0207328163,-0.000963074272,-0.0207686909,0.999783814],"scale":1,"type":"sawmill_logstack"}
{"pos":[105.289146,-739.821777,40.6571236],"rotationMatrix":[0.992668211,-0.120860979,-0.00155444688,0.120867133,0.992452145,0.0207328238,-0.000963075203,-0.0207686983,0.999783814],"scale":1,"type":"sawmill_logstack"}
{"pos":[104.558403,-742.361938,40.3494987],"rotationMatrix":[0.985391676,-0.170296311,-0.00155444653,0.170291662,0.98517555,0.0207328405,-0.00199932349,-0.0206946786,0.999783814],"scale":1,"type":"sawmill_logstack"}
{"pos":[103.882698,-747.104919,40.1409492],"rotationMatrix":[0.985391676,-0.170296311,-0.00155444653,0.170291662,0.98517555,0.0207328442,-0.00199932419,-0.0206946824,0.999783814],"scale":1,"type":"sawmill_logstack"}
{"pos":[104.620445,-744.517151,40.4485741],"rotationMatrix":[0.992668211,-0.120860979,-0.00155444688,0.120867133,0.992452145,0.0207328275,-0.000963075669,-0.020768702,0.999783814],"scale":1,"type":"sawmill_logstack"}
{"pos":[113.073547,-783.596863,41.3497086],"rotationMatrix":[0.741932929,0.670472324,-0.00155444676,-0.670305073,0.741795897,0.0207328312,0.015053872,-0.0143404156,0.999783814],"scale":1,"type":"sawmill_logstack"}
{"pos":[113.914352,-782.428772,42.2875175],"rotationMatrix":[0.741932929,0.670472324,-0.00155444583,-0.670305073,0.741795897,0.0207328442,0.0150538795,-0.0143404258,0.999783814],"scale":1,"type":"sawmill_logstack"}
{"pos":[112.351654,-780.83429,42.6554909],"rotationMatrix":[0.790403008,0.612585247,-0.00155444629,-0.612428844,0.790253818,0.0207328517,0.0139290458,-0.0154353213,0.999783814],"scale":1,"type":"sawmill_logstack"}
{"pos":[111.425125,-781.935608,41.7176819],"rotationMatrix":[0.790403008,0.612585247,-0.00155444676,-0.612428844,0.790253818,0.0207328387,0.0139290374,-0.0154353091,0.999783814],"scale":1,"type":"sawmill_logstack"}
{"pos":[105.363609,-742.499268,41.9547997],"rotationMatrix":[0.98164916,-0.190689638,-0.00155444676,0.190680519,0.981433153,0.0207328182,-0.00242794864,-0.020648757,0.999783814],"scale":1,"type":"sawmill_logstack"}
{"pos":[104.76506,-743.200989,41.3859367],"rotationMatrix":[0.992668211,-0.120860979,-0.00155444688,0.120867133,0.992452145,0.0207328293,-0.000963075901,-0.0207687039,0.999783814],"scale":1,"type":"sawmill_logstack"}
{"pos":[105.427032,-740.32666,41.8971367],"rotationMatrix":[-0.956944346,0.290267825,-0.00155444653,-0.290236652,-0.956730366,0.0207328368,0.00453088991,0.0202913266,0.999783814],"scale":1,"type":"sawmill_logstack"}
{"pos":[108.395912,-738.145996,41.306076],"rotationMatrix":[0.97195518,-0.235160962,-0.00155444688,0.235142037,0.971739888,0.0207328517,-0.00336503936,-0.020516919,0.999783814],"scale":1,"type":"sawmill_logstack"}
{"pos":[109.088135,-735.271423,41.306076],"rotationMatrix":[-0.956944346,0.29026708,-0.00155444664,-0.290235907,-0.956730366,0.0207328461,0.00453087687,0.0202913359,0.999783814],"scale":1,"type":"sawmill_logstack"}
{"pos":[106.957138,-738.109558,40.531517],"rotationMatrix":[0.97195518,-0.235160962,-0.00155444676,0.235142037,0.971739888,0.0207328424,-0.00336503703,-0.0205169097,0.999783814],"scale":1,"type":"sawmill_logstack"}
{"pos":[106.00531,-734.270447,40.9428749],"rotationMatrix":[0.97195518,-0.235160962,-0.00155444688,0.235142037,0.971739888,0.0207328293,-0.00336503424,-0.0205168966,0.999783814],"scale":1,"type":"sawmill_logstack"}
{"pos":[104.027313,-745.788757,41.0783119],"rotationMatrix":[0.985391676,-0.170296311,-0.00155444653,0.170291662,0.98517555,0.0207328461,-0.00199932442,-0.0206946842,0.999783814],"scale":1,"type":"sawmill_logstack"}
{"pos":[105.231224,-749.556458,40.666954],"rotationMatrix":[0.985391676,-0.170296311,-0.00155444629,0.170291662,0.98517555,0.0207328573,-0.00199932652,-0.0206946954,0.999783814],"scale":1,"type":"sawmill_logstack"}
{"pos":[104.514992,-759.497925,40.5174217],"rotationMatrix":[-0.168076634,-0.98448962,0.0503034927,0.982809603,-0.163398385,0.0859437287,-0.0763912052,0.0638838708,0.995029271],"scale":1,"type":"sawmill_logstack"}
{"pos":[103.409462,-765.578369,40.0031662],"rotationMatrix":[-0.168076634,-0.98448962,0.0503034927,0.982809603,-0.163398385,0.0859437287,-0.0763912052,0.0638838708,0.995029271],"scale":1,"type":"sawmill_logstack"}
{"pos":[105.645454,-765.950134,40.62117],"rotationMatrix":[-0.168076634,-0.98448962,0.0503034927,0.982809603,-0.163398385,0.0859437287,-0.0763912052,0.0638838708,0.995029271],"scale":1,"type":"sawmill_logstack"}
{"pos":[108.873734,-742.804199,41.2518616],"rotationMatrix":[0.147618353,0.9889974,-0.00964663737,-0.988941491,0.147455275,-0.0158635061,-0.014266517,0.0118817044,0.999827623],"scale":1,"type":"sawmill_logstack"}
{"pos":[107.169647,-746.583496,41.4415131],"rotationMatrix":[-0.974062443,0.226273462,-0.00155444641,-0.226256505,-0.973847032,0.0207328591,0.00317750312,0.020546807,0.999783814],"scale":1,"type":"sawmill_logstack"}
{"pos":[106.66925,-749.497559,41.4415131],"rotationMatrix":[0.985391676,-0.170296311,-0.00155444629,0.170291662,0.98517555,0.0207328666,-0.00199932815,-0.0206947047,0.999783814],"scale":1,"type":"sawmill_logstack"}
{"pos":[107.169647,-754.266052,41.6245346],"rotationMatrix":[0.147644758,0.989039242,-0.00155444723,-0.988823116,0.147645056,0.0207328741,0.0207351334,-0.00152402744,0.999783814],"scale":1,"type":"sawmill_logstack"}
{"pos":[106.210159,-762.630981,41.2904358],"rotationMatrix":[-0.168076634,-0.98448962,0.0503034927,0.982809603,-0.163398385,0.0859437287,-0.0763912052,0.0638838708,0.995029271],"scale":1,"type":"sawmill_logstack"}
{"pos":[107.29644,-760.217163,41.9161224],"rotationMatrix":[-0.168076515,-0.98448962,0.0503034815,0.985364497,-0.169258475,-0.0202075057,0.0284083728,0.0461708494,0.998529553],"scale":1,"type":"sawmill_logstack"}
