{"pos":[234.28656,-807.877625,49.9236679],"rotationMatrix":[0.34728843,0.937758088,-0.00077133812,-0.936848044,0.346987367,0.0437664986,0.0413100347,-0.0144769698,0.999041498],"scale":0.92046231,"type":"sawmill_log_short2"}
{"pos":[234.217636,-808.076416,49.5070267],"rotationMatrix":[-0.0554554462,0.998339832,-0.0155663295,-0.99802798,-0.0549653769,0.0303163156,0.0294103734,0.0172168352,0.999419153],"scale":0.92046231,"type":"sawmill_log_short2"}
{"pos":[220.201065,-830.860657,49.6099892],"rotationMatrix":[0.360188305,0.925113142,0.120125517,-0.929805577,0.366457641,-0.0342114642,-0.0756703913,-0.0993708,0.992169082],"scale":1,"type":"sawmill_log_short2"}
{"pos":[223.43869,-805.716125,49.6930504],"rotationMatrix":[0.312570095,-0.943255007,0.112116136,0.948903739,0.315451384,0.00849252194,-0.0433778092,0.103732906,0.993658841],"scale":0.92046231,"type":"sawmill_log_short2"}
{"pos":[230.232803,-807.770142,49.5796509],"rotationMatrix":[-0.0922976732,-0.995721996,-0.00433164742,0.995688021,-0.0923333168,0.00893303938,-0.00929477997,-0.0034884708,0.999950707],"scale":0.92046231,"type":"sawmill_log_short2"}
{"pos":[227.029739,-807.214661,50.4577789],"rotationMatrix":[0.0416286588,-0.999123693,-0.00433164742,0.999094844,0.0415887237,0.00893303938,-0.00874506403,-0.0046995962,0.999950707],"scale":0.92046231,"type":"sawmill_log_short2"}
{"pos":[164.268524,-743.757568,46.4358139],"rotationMatrix":[-0.0311437845,0.998204708,-0.0511615053,-0.992682815,-0.0249158144,0.118152961,0.116666116,0.0544668697,0.991676569],"scale":1,"type":"sawmill_log_short2"}
{"pos":[163.049438,-743.15863,46.650528],"rotationMatrix":[0.0313341618,-0.99835211,-0.0480761789,0.99222225,0.0252722502,0.121886447,-0.120470583,-0.0515214689,0.991379023],"scale":1,"type":"sawmill_log_short2"}
{"pos":[253.246017,-789.991638,46.2004585],"rotationMatrix":[-0.834562659,0.550912976,-7.45057971e-09,-0.550912976,-0.834562659,-3.72529296e-09,-8.27028845e-09,9.956308e-10,1],"scale":1,"type":"sawmill_log_short2"}
{"pos":[262.381653,-749.936096,46.215107],"rotationMatrix":[-0.911124706,0.412130475,0.000127979787,-0.412125885,-0.911113024,-0.00502678007,-0.00195508543,-0.00463276822,0.999987364],"scale":1,"type":"sawmill_log_short2"}
{"pos":[256.384949,-749.398743,46.2126274],"rotationMatrix":[-0.999884725,-0.0151811326,0.000342297775,0.0151776886,-0.999848962,-0.00847344473,0.000470882514,-0.00846727192,0.999964058],"scale":1,"type":"sawmill_log_short2"}
{"pos":[254.284225,-760.939209,46.2969093],"rotationMatrix":[-0.982820868,-0.184561789,7.62389973e-05,0.184470445,-0.982347369,-0.0310524367,0.005805986,-0.0305049196,0.999517739],"scale":1,"type":"sawmill_log_short2"}
{"pos":[252.174118,-767.78064,46.2502213],"rotationMatrix":[-0.871826887,0.489814192,-7.4505806e-09,-0.489814192,-0.871826887,-3.72529207e-09,-8.32031688e-09,4.01590095e-10,1],"scale":1,"type":"sawmill_log_short2"}
{"pos":[190.42186,-793.430664,48.4305916],"rotationMatrix":[0.973896563,-0.226843283,-0.00822374411,0.223733231,0.965400696,-0.133958727,0.0383268446,0.128622025,0.99095279],"scale":1,"type":"sawmill_log_short2"}
{"pos":[173.913483,-785.54248,48.2739754],"rotationMatrix":[0.76103127,-0.646071196,0.05851008,0.639247775,0.731515288,-0.237165898,0.110425025,0.217893124,0.969705582],"scale":1,"type":"sawmill_log_short2"}
{"pos":[179.879364,-787.156372,48.5280228],"rotationMatrix":[0.580662966,-0.812674761,0.0488897935,0.796462297,0.579474151,0.172793224,-0.168755054,-0.0613957532,0.983744025],"scale":1,"type":"sawmill_log_short2"}
{"pos":[185.555695,-790.145691,48.6019745],"rotationMatrix":[0.879057765,-0.476231009,-0.0214813612,0.461443871,0.861347318,-0.212486193,0.119695425,0.176875189,0.976927936],"scale":1,"type":"sawmill_log_short2"}
{"pos":[191.474686,-810.098206,48.6182442],"rotationMatrix":[0.713917017,-0.700146794,0.0108185243,0.700230241,0.713839531,-0.0105189979,-0.000357849058,0.0150851496,0.999886155],"scale":1,"type":"sawmill_log_short2"}
{"pos":[196.294662,-799.841248,48.5040779],"rotationMatrix":[0.965319037,0.261041909,0.00403057691,-0.261026293,0.965323329,-0.00401618099,-0.00493920129,0.0028248094,0.999983788],"scale":1,"type":"sawmill_log_short2"}
{"pos":[199.500229,-798.549866,48.5450211],"rotationMatrix":[0.922355294,-0.37982139,0.0706851482,0.379974395,0.924921811,0.0117939729,-0.0698578358,0.0159803145,0.997428954],"scale":1,"type":"sawmill_log_short2"}
{"pos":[152.535477,-762.33551,48.0950775],"rotationMatrix":[0.915670216,-0.399251312,0.0463296026,0.395663649,0.91566056,0.070824109,-0.0706988052,-0.0465205908,0.996412337],"scale":1,"type":"sawmill_log_short2"}
{"pos":[172.401505,-782.203979,47.5332718],"rotationMatrix":[0.895139456,-0.445413798,0.0182193667,0.445481509,0.89529109,0.000379286939,-0.0164805762,0.00777687598,0.999833941],"scale":1,"type":"sawmill_log_short2"}
{"pos":[170.274811,-782.420288,47.7171059],"rotationMatrix":[0.92118597,-0.389087319,0.00523696095,0.374737322,0.883425355,-0.281303376,0.104825117,0.261095196,0.959604621],"scale":1,"type":"sawmill_log_short2"}
{"pos":[257.002502,-797.80304,48.11763],"rotationMatrix":[0.563017011,0.826445282,5.96046448e-08,0.49203068,-0.335196614,0.803460658,0.664016306,-0.452362001,-0.595357895],"scale":1,"type":"sawmill_log_short2"}
{"pos":[257.324127,-798.092407,47.350296],"rotationMatrix":[0.56301707,0.826445282,8.74227624e-08,0.826445282,-0.56301713,-8.02678528e-07,-6.14149371e-07,5.24171924e-07,-1],"scale":1,"type":"sawmill_log_short2"}
{"pos":[256.378815,-797.699707,47.3823013],"rotationMatrix":[0.563016832,0.826445401,-4.65661376e-09,-0.826445401,0.563016832,-7.4505806e-09,-3.53574614e-09,8.04323896e-09,1],"scale":1,"type":"sawmill_log_short2"}
{"pos":[302.520721,-808.901245,47.1318626],"rotationMatrix":[0.877015829,-0.460689962,0.136411056,0.474805355,0.874462545,-0.0993739367,-0.073505789,0.151921213,0.985655546],"scale":1,"type":"sawmill_log_short2"}
{"pos":[307.363922,-804.480835,47.0358276],"rotationMatrix":[0.700366735,-0.71180892,0.0530514419,0.641863465,0.660570264,0.389433116,-0.312246203,-0.238694221,0.919525623],"scale":0.81183362,"type":"sawmill_log_short2"}
{"pos":[307.336426,-804.539368,46.47752],"rotationMatrix":[-0.701186299,0.712878108,0.0119349966,-0.712878704,-0.701269746,0.00495341187,0.0119008319,-0.00503493985,0.999916494],"scale":0.816552699,"type":"sawmill_log_short2"}
{"pos":[306.118011,-806.079285,47.4915466],"rotationMatrix":[-0.701497078,0.712593675,0.0105830878,-0.584423184,-0.5836941,0.563693643,0.407861829,0.389244467,0.825916171],"scale":0.816552699,"type":"sawmill_log_short2"}
{"pos":[303.852112,-807.614441,47.9202614],"rotationMatrix":[-0.73774147,0.673806667,-0.0414996445,-0.484473616,-0.571249127,-0.662540436,-0.470130771,-0.468678087,0.747875571],"scale":0.816552699,"type":"sawmill_log_short2"}
{"pos":[200.451782,-823.14447,49.3322868],"rotationMatrix":[-0.430438519,0.900131583,0.0669782162,0.870896935,0.433665037,-0.231242895,-0.237195134,-0.0412046909,-0.970587969],"scale":1,"type":"sawmill_log_short2"}
{"pos":[198.256424,-821.884521,49.2131462],"rotationMatrix":[-0.628206372,0.773827672,-0.0809164941,-0.774125934,-0.611223698,0.164725795,0.0780112892,0.166121349,0.983014703],"scale":1,"type":"sawmill_log_short2"}
{"pos":[150.447083,-740.46698,46.511219],"rotationMatrix":[0.924397945,-0.370381624,0.0911362022,0.359320194,0.925758779,0.117727123,-0.127974108,-0.0760796294,0.988855183],"scale":0.93061775,"type":"sawmill_log_short2"}
{"pos":[146.94101,-739.949524,46.0502586],"rotationMatrix":[0.796937823,-0.595311403,0.102442592,0.57887125,0.80110538,0.152112529,-0.172621638,-0.06192315,0.983039796],"scale":0.93061775,"type":"sawmill_log_short2"}
{"pos":[148.403107,-742.916687,45.6878014],"rotationMatrix":[0.976451397,-0.174884528,0.126325011,0.161543548,0.980810225,0.109155878,-0.14299053,-0.086178422,0.985965014],"scale":1,"type":"sawmill_log_short2"}
{"pos":[156.058228,-738.964172,46.7254448],"rotationMatrix":[-0.299660087,-0.945025921,0.130880922,0.949446917,-0.30885005,-0.0562337004,0.0935648903,0.107413471,0.989802003],"scale":1,"type":"sawmill_log_short2"}
{"pos":[149.566498,-737.802612,45.9986343],"rotationMatrix":[-0.294166446,-0.955752611,-0.0017387718,0.946724892,-0.291636348,0.136601895,-0.131064713,0.0385375544,0.990624487],"scale":0.93061775,"type":"sawmill_log_short2"}
{"pos":[146.309738,-737.062683,45.5628128],"rotationMatrix":[-0.292292356,-0.956174016,-0.0172185861,0.950076461,-0.29238975,0.10891699,-0.109178126,0.0154766291,0.99390173],"scale":0.93061775,"type":"sawmill_log_short2"}
{"pos":[212.3013,-826.046509,50.4373322],"rotationMatrix":[0.303964198,0.922156394,-0.239235014,0.205346525,-0.308632851,-0.928751111,-0.930289507,0.233181089,-0.283174992],"scale":0.945076764,"type":"sawmill_log_short2"}
{"pos":[213.523544,-826.930664,50.5473671],"rotationMatrix":[0.359458745,0.933055401,0.014038533,-0.919969797,0.356857896,-0.16219762,-0.156349108,0.0453883335,0.986658454],"scale":1,"type":"sawmill_log_short2"}
{"pos":[203.47438,-823.379883,49.0906258],"rotationMatrix":[0.35800159,0.933234215,0.0301451236,-0.93342936,0.358510017,-0.013422031,-0.0233332254,-0.0233332366,0.999455392],"scale":1,"type":"sawmill_log_short2"}
{"pos":[154.584885,-789.221985,48.2191467],"rotationMatrix":[-0.459729552,-0.887870848,-0.0182785951,0.878115952,-0.457557321,0.139834628,-0.132518589,0.0482353754,0.990006149],"scale":0.944018126,"type":"sawmill_log_short2"}
{"pos":[157.624878,-783.09613,48.0046883],"rotationMatrix":[-0.36991775,-0.928566992,0.0303995349,0.919947684,-0.361518979,0.151658207,-0.129834801,0.0840670466,0.987965405],"scale":0.944018126,"type":"sawmill_log_short2"}
{"pos":[277.071106,-805.825073,46.4127007],"rotationMatrix":[-0.62268281,0.782345831,-0.0141858608,-0.782342494,-0.622808456,-0.00707416376,-0.0143695157,0.00669324072,0.999874353],"scale":1,"type":"sawmill_log_short2"}
{"pos":[258.339935,-764.103943,47.4605293],"rotationMatrix":[-0.986701488,0.162481204,-0.00445349095,-0.162491098,-0.986708045,0.00195634388,-0.00407642638,0.00265398039,0.999988198],"scale":1,"type":"sawmill_log_short2"}
{"pos":[275.274048,-796.143677,46.4204559],"rotationMatrix":[0.961796463,0.273761362,-0.00151775579,-0.273752481,0.961789966,0.00443668384,0.00267435471,-0.00385169755,0.999989033],"scale":1,"type":"sawmill_log_short2"}
{"pos":[281.119781,-781.663635,47.7040062],"rotationMatrix":[0.576071978,0.817394197,0.00277889334,-0.816743433,0.575470567,0.041998297,0.0327299982,-0.0264636856,0.999113798],"scale":1,"type":"sawmill_log_short2"}
{"pos":[286.871979,-779.7276,46.1096115],"rotationMatrix":[0.165220022,0.986100852,0.0175351165,-0.985656083,0.164472878,0.0378265157,0.0344167054,-0.0235332921,0.999130487],"scale":1,"type":"sawmill_log_short2"}
{"pos":[271.946167,-804.869934,46.3508797],"rotationMatrix":[0.795210123,0.604866028,-0.0421649553,-0.602980494,0.796201348,0.0497797988,0.0636819005,-0.014160756,0.99786979],"scale":1,"type":"sawmill_log_short2"}
{"pos":[274.575073,-808.234924,46.7197685],"rotationMatrix":[-0.644257069,0.764210105,-0.0302592292,-0.764000773,-0.644890785,-0.0204604529,-0.0351499841,0.00993628055,0.999332666],"scale":1,"type":"sawmill_log_short2"}
{"pos":[280.463928,-796.955811,46.7663727],"rotationMatrix":[0.424483895,0.898210585,-0.114153638,-0.90193826,0.430540562,0.0337952189,0.0795029998,0.0886140168,0.992888153],"scale":1,"type":"sawmill_log_short2"}
{"pos":[324.392456,-787.489197,47.1875381],"rotationMatrix":[0.537253141,0.843415916,-0.00293496251,-0.380490959,0.239262938,-0.893297195,-0.752718925,0.481043458,0.44945693],"scale":1,"type":"sawmill_log_short2"}
{"pos":[307.233948,-749.440796,46.5048752],"rotationMatrix":[0.773953319,-0.628631413,0.0762807056,0.62653321,0.742687941,-0.236370161,0.0919369683,0.23073186,0.968664229],"scale":1,"type":"sawmill_log_short2"}
{"pos":[325.68045,-777.672913,46.290329],"rotationMatrix":[0.431820154,0.90168041,-0.0224440396,-0.867471516,0.408364892,-0.284132421,-0.247031301,0.142163664,0.95852232],"scale":1,"type":"sawmill_log_short2"}
{"pos":[321.721863,-785.272339,46.8574791],"rotationMatrix":[0.895303845,-0.444352388,-0.0313357636,0.43916136,0.892250061,-0.105009891,0.0746207312,0.0802543089,0.993977368],"scale":1,"type":"sawmill_log_short2"}
{"pos":[136.268066,-753.580383,45.359108],"rotationMatrix":[0.953082025,-0.259471714,0.155913562,0.0371803641,0.611495972,0.790373504,-0.300420105,-0.747493923,0.592453063],"scale":0.787712991,"type":"sawmill_log_short2"}
{"pos":[124.068359,-713.255615,41.2658463],"rotationMatrix":[0.953434646,0.273606539,0.126892984,-0.253020883,0.954604447,-0.157196581,-0.164142609,0.117770098,0.979381144],"scale":1,"type":"sawmill_log_short2"}
{"pos":[127.612717,-712.899109,41.8824997],"rotationMatrix":[0.890865088,0.449363202,0.066573903,-0.440009624,0.890015543,-0.119431473,-0.112919912,0.0771041736,0.990607917],"scale":1,"type":"sawmill_log_short2"}
{"pos":[148.324509,-769.792175,47.1349411],"rotationMatrix":[0.986422837,-0.151179597,0.0641458333,0.126411095,0.948313713,0.291069388,-0.104834124,-0.279008746,0.954549074],"scale":1,"type":"sawmill_log_short2"}
{"pos":[151.777893,-775.371826,46.5820427],"rotationMatrix":[0.869763613,-0.491694033,0.0418116748,0.462622881,0.841950893,0.277666569,-0.171730384,-0.222161248,0.959767163],"scale":0.944018126,"type":"sawmill_log_short2"}
{"pos":[151.836578,-772.480774,47.2275124],"rotationMatrix":[0.97936821,-0.201844305,-0.00983785838,-0.200845659,-0.977594137,0.0630146414,-0.0223365799,-0.0597386472,-0.997964144],"scale":1,"type":"sawmill_log_short2"}
{"pos":[152.872147,-774.419434,47.4575348],"rotationMatrix":[0.971325517,-0.234048128,0.0418116935,0.213728547,0.936600983,0.277666569,-0.104148224,-0.260768294,0.959767163],"scale":1,"type":"sawmill_log_short2"}
{"pos":[150.384094,-771.227661,47.1715584],"rotationMatrix":[0.997005522,0.0496179238,0.0593132824,-0.0572651625,0.98917675,0.135092556,-0.0519683063,-0.13808462,0.98905611],"scale":1,"type":"sawmill_log_short2"}
{"pos":[113.800217,-726.751953,42.8056717],"rotationMatrix":[-0.49704802,-0.867162824,0.0311746988,0.866867781,-0.497832298,-0.0265182219,0.0385153852,0.013843515,0.999162138],"scale":0.57886225,"type":"sawmill_log_short2"}
{"pos":[110.075569,-774.763611,42.7989349],"rotationMatrix":[-0.457843065,0.889032781,-0.000596135855,0.238125145,0.121986032,-0.963543296,-0.856548905,-0.441293567,-0.267551422],"scale":0.774451733,"type":"sawmill_log_short2"}
{"pos":[110.45623,-774.641052,42.5307541],"rotationMatrix":[-0.474764585,0.878707707,-0.0497126803,-0.87385577,-0.463913441,0.145466551,0.104760192,0.11250408,0.988113403],"scale":0.774451733,"type":"sawmill_log_short2"}
{"pos":[136.161575,-795.161682,44.7922058],"rotationMatrix":[0.5962134,0.745888829,0.296950221,0.116674811,-0.446456909,0.887165904,0.794302583,-0.494293571,-0.353209972],"scale":0.774451733,"type":"sawmill_log_short2"}
{"pos":[149.259125,-801.06427,46.4622688],"rotationMatrix":[-0.843274713,0.489389867,-0.222228155,-0.527146578,-0.672358394,0.51966399,0.104901299,0.555366337,0.824963033],"scale":0.774451733,"type":"sawmill_log_short2"}
{"pos":[144.485275,-798.666809,46.6394691],"rotationMatrix":[-0.932307005,0.355498284,-0.0665161312,0.355142921,0.86509496,-0.354237527,-0.0683880597,-0.353880912,-0.932786822],"scale":0.774451733,"type":"sawmill_log_short2"}
{"pos":[111.073608,-779.366272,41.915966],"rotationMatrix":[-0.808357835,-0.359421223,-0.466234207,0.587510169,-0.542699456,-0.600257754,-0.0372796208,-0.759140253,0.649858713],"scale":0.774451733,"type":"sawmill_log_short2"}
{"pos":[110.807213,-778.841003,42.3845558],"rotationMatrix":[-0.711453319,-0.406285197,-0.573381603,0.697999001,-0.503107429,-0.509588361,-0.0814343095,-0.762768149,0.641524076],"scale":0.774451733,"type":"sawmill_log_short2"}
{"pos":[115.441528,-783.837463,42.8195992],"rotationMatrix":[-0.511881709,-0.6189031,-0.595765233,0.859038293,-0.373237729,-0.350352645,-0.00552770495,-0.691124201,0.722714901],"scale":0.774451733,"type":"sawmill_log_short2"}
{"pos":[116.055634,-784.093811,43.0390434],"rotationMatrix":[0.564848304,0.562506855,0.60376519,-0.822163403,0.446279764,0.353385985,-0.0706661344,-0.696003139,0.714552939],"scale":0.774451733,"type":"sawmill_log_short2"}
{"pos":[118.591064,-788.13208,43.245266],"rotationMatrix":[0.301261961,0.680824697,0.667621851,-0.920718253,0.389815092,0.0179467797,-0.248030439,-0.620098293,0.744284213],"scale":0.774451733,"type":"sawmill_log_short2"}
{"pos":[131.262222,-792.824036,46.1595993],"rotationMatrix":[0.570120454,0.816444874,0.0915445983,-0.712421417,0.435809433,0.550023496,0.409167856,-0.378797978,0.830116689],"scale":0.843423903,"type":"sawmill_log_short2"}
{"pos":[133.76091,-793.199524,46.4629745],"rotationMatrix":[0.325013101,0.944989383,0.0368988812,-0.887235105,0.318191826,-0.334017754,-0.327384174,0.0758221596,0.941844285],"scale":0.774451733,"type":"sawmill_log_short2"}
{"pos":[124.157524,-785.869019,44.372097],"rotationMatrix":[-0.855914831,0.512635827,-0.0679297745,-0.480330288,-0.836797476,-0.262779206,-0.191553503,-0.192287862,0.96246177],"scale":0.774451733,"type":"sawmill_log_short2"}
{"pos":[124.406288,-785.513367,44.4982185],"rotationMatrix":[0.853381515,-0.514773607,0.0821467936,0.521126032,0.838544846,-0.158966005,0.0129477382,0.178467482,0.983860612],"scale":0.774451733,"type":"sawmill_log_short2"}
{"pos":[111.469437,-728.451294,42.1112747],"rotationMatrix":[0.904894114,-0.425468415,-0.0119722746,0.417194158,0.881019711,0.223054573,-0.0843548626,-0.206835523,0.974732459],"scale":0.774451733,"type":"sawmill_log_short2"}
{"pos":[118.675552,-721.471863,41.7299538],"rotationMatrix":[-0.56342876,-0.826158524,0.0031927675,0.789365411,-0.537187815,0.297206521,-0.243824571,0.169974953,0.954807878],"scale":0.774451733,"type":"sawmill_log_short2"}
{"pos":[135.793289,-755.587646,45.3319893],"rotationMatrix":[0.941559792,-0.29841575,0.156247288,0.28106609,0.951663613,0.123847723,-0.185652971,-0.0726942122,0.979922712],"scale":0.787712991,"type":"sawmill_log_short2"}
{"pos":[137.400467,-746.182373,44.4909363],"rotationMatrix":[0.398956001,-0.916952491,0.00568318367,0.581735969,0.257888138,0.771412313,-0.708814025,-0.304453433,0.636310279],"scale":0.93061775,"type":"sawmill_log_short2"}
{"pos":[140.879303,-738.534363,44.7441254],"rotationMatrix":[0.939441323,-0.307702869,0.150893867,0.300723106,0.951308787,0.0676549599,-0.164364278,-0.0181805883,0.986232162],"scale":1,"type":"sawmill_log_short2"}
{"pos":[138.741486,-744.356995,44.2230568],"rotationMatrix":[0.992128432,0.0177372377,0.123961926,-0.020579813,0.999552965,0.0216881931,-0.12352182,-0.0240685865,0.992049932],"scale":1,"type":"sawmill_log_short2"}
{"pos":[154.848679,-709.421387,43.4607315],"rotationMatrix":[0.998937011,-0.0417142808,0.0196140669,-0.032224454,-0.327705741,0.94423008,-0.0329602361,-0.943858504,-0.328701615],"scale":0.89336127,"type":"sawmill_log_short2"}
{"pos":[148.470627,-709.337646,43.9994316],"rotationMatrix":[0.981485069,0.0945762619,0.166560322,-0.179903746,0.753649652,0.63217628,-0.0657392666,-0.650436401,0.756710529],"scale":0.960909545,"type":"sawmill_log_short2"}
{"pos":[136.661057,-710.726807,42.8833427],"rotationMatrix":[0.96768111,0.248586655,0.0424020216,-0.252143383,0.951029599,0.178791478,0.00411959738,-0.18370454,0.98297286],"scale":1,"type":"sawmill_log_short2"}
{"pos":[108.972687,-775.608521,42.3196106],"rotationMatrix":[-0.351736903,0.935705304,-0.0271450281,-0.658936501,-0.226892948,0.717162728,0.664893866,0.270139456,0.69637692],"scale":0.774451733,"type":"sawmill_log_short2"}
{"pos":[108.332458,-775.219971,42.3647766],"rotationMatrix":[-0.196714997,0.979608536,-0.0408713818,-0.964486957,-0.185847878,0.187684715,0.176261678,0.0763402954,0.981378615],"scale":0.774451733,"type":"sawmill_log_short2"}
{"pos":[106.91655,-770.896057,41.0128555],"rotationMatrix":[0.0656107664,0.947175145,0.313933969,-0.714623213,0.26417917,-0.647706032,-0.696425796,-0.181848019,0.694206357],"scale":0.774451733,"type":"sawmill_log_short2"}
{"pos":[143.17775,-757.37146,45.4435616],"rotationMatrix":[0.928385496,0.357490629,0.101493046,-0.335521549,0.923757374,-0.184655398,-0.159767523,0.137378275,0.977548718],"scale":1,"type":"sawmill_log_short2"}
{"pos":[136.243515,-761.281006,44.7900696],"rotationMatrix":[0.98679769,0.0190180391,0.160837159,-0.00378361158,0.995517671,-0.0945001394,-0.16191344,0.0926439762,0.982446492],"scale":1,"type":"sawmill_log_short2"}
{"pos":[114.446358,-782.686157,43.7415581],"rotationMatrix":[0.854669213,0.518836439,0.0186883062,-0.160398304,0.229643345,0.959966838,0.493774116,-0.823451698,0.279489577],"scale":1,"type":"sawmill_log_short2"}
{"pos":[111.801941,-738.059814,41.6955414],"rotationMatrix":[-0.238269687,-0.971198797,0.000608988106,0.948585629,-0.232856274,-0.214390144,0.208357275,-0.0505049974,0.97674793],"scale":0.774451733,"type":"sawmill_log_short2"}
{"pos":[111.38414,-737.915222,41.5751343],"rotationMatrix":[0.236345291,0.971621037,0.00966445357,-0.94937551,0.233029604,-0.210673586,-0.206946999,0.0406165272,0.977508664],"scale":0.774451733,"type":"sawmill_log_short2"}
{"pos":[107.269684,-749.400085,42.8000336],"rotationMatrix":[0.999441564,-0.03341306,-0.000271731522,0.0322755277,0.967456996,-0.250968665,0.00864852034,0.250819772,0.967995167],"scale":0.774451733,"type":"sawmill_log_short2"}
{"pos":[107.5979,-760.333435,43.2963409],"rotationMatrix":[0.0435237885,0.998915136,-0.0165588856,0.908747852,-0.0464704037,-0.414750338,-0.415069908,0.00300367177,-0.909784555],"scale":0.774451733,"type":"sawmill_log_short2"}
{"pos":[106.766273,-765.577515,42.4250336],"rotationMatrix":[0.0651181936,0.952093482,0.298793316,-0.670102358,-0.180148244,0.720075905,0.739406824,-0.24711208,0.626269281],"scale":0.774451733,"type":"sawmill_log_short2"}
{"pos":[106.884964,-746.885376,42.7311859],"rotationMatrix":[0.950408578,-0.309366494,0.0318733379,0.226202279,0.757954419,0.611831367,-0.21343866,-0.574279964,0.790345788],"scale":0.843423903,"type":"sawmill_log_short2"}
{"pos":[125.434357,-778.240967,43.5048065],"rotationMatrix":[0.900060833,-0.425084054,0.0958855152,0.43524754,0.866247892,-0.245304301,0.021214325,0.262522727,0.964692593],"scale":1,"type":"sawmill_log_short2"}
{"pos":[141.702744,-769.793213,45.8235283],"rotationMatrix":[0.956790745,0.00437294692,0.290744573,-0.0929900333,0.951980174,0.291696072,-0.27550748,-0.306128442,0.911252439],"scale":1,"type":"sawmill_log_short2"}
