{"pos":[235.099594,-806.4776,49.4575386],"rotationMatrix":[0.172160089,-0.984707832,0.0266755894,0.985030055,0.172331035,0.00423118751,-0.00876351446,0.0255478136,0.99963516],"scale":0.820339918,"type":"sawmill_log_short1"}
{"pos":[233.103653,-808.381592,49.9009705],"rotationMatrix":[0.130589724,0.991405666,-0.00782234687,-0.991428077,0.130617142,0.00310345879,0.00409852015,0.00735001313,0.999964595],"scale":0.784288526,"type":"sawmill_log_short1"}
{"pos":[233.217377,-808.178284,49.5220261],"rotationMatrix":[-0.071891427,-0.997381806,0.0078223478,0.997405767,-0.0719175339,-0.00310380873,0.00365824578,0.00757891871,0.999964595],"scale":0.820339918,"type":"sawmill_log_short1"}
{"pos":[233.617004,-808.416321,49.5240746],"rotationMatrix":[-0.0128718615,-0.999885917,0.00790487975,0.999870896,-0.0129469633,-0.00951502007,0.00961627811,0.00778138358,0.999923468],"scale":0.820339918,"type":"sawmill_log_short1"}
{"pos":[224.046555,-806.592651,49.5010605],"rotationMatrix":[-0.0129910707,-0.99988699,0.00756701501,0.99977982,-0.0128642321,0.0165758356,-0.0164766181,0.00778068695,0.999834001],"scale":0.820339918,"type":"sawmill_log_short1"}
{"pos":[230.267166,-808.136841,49.9671135],"rotationMatrix":[-0.0139560699,-0.999653161,-0.0223329533,0.996623933,-0.0120996237,-0.0812053829,0.0809070021,-0.023390865,0.996447146],"scale":0.820339918,"type":"sawmill_log_short1"}
{"pos":[229.465576,-807.758606,50.5065651],"rotationMatrix":[-0.0128729343,-0.999892473,0.00702059362,0.999890924,-0.0128214359,0.00733619556,-0.00724539254,0.00711426605,0.999948442],"scale":0.820339918,"type":"sawmill_log_short1"}
{"pos":[226.270966,-806.712585,50.6373558],"rotationMatrix":[0.130646586,-0.990967393,-0.0302504301,0.934900761,0.133295774,-0.328926742,0.329987943,0.0146920234,0.943870783],"scale":0.820339918,"type":"sawmill_log_short1"}
{"pos":[151.651886,-747.702026,46.1381989],"rotationMatrix":[0.823771238,-0.551114798,0.132941678,0.552933335,0.832813025,0.0262149759,-0.125163034,0.0519127361,0.990777135],"scale":1,"type":"sawmill_log_short1"}
{"pos":[163.856293,-744.692871,46.7555923],"rotationMatrix":[0.058642745,0.995735168,0.0712227672,-0.997196078,0.0617522001,-0.0422697403,-0.0464876331,-0.0685442388,0.996564388],"scale":1,"type":"sawmill_log_short1"}
{"pos":[254.038239,-745.937622,47.5292892],"rotationMatrix":[-0.4683218,0.881389022,0.0618719459,-0.882542729,-0.463279486,-0.0805637911,-0.0423440412,-0.092334412,0.994827271],"scale":1,"type":"sawmill_log_short1"}
{"pos":[257.313751,-745.989807,47.5573387],"rotationMatrix":[-0.651390076,0.75873214,-0.00405496359,-0.380228102,-0.331050515,-0.863615692,-0.656595409,-0.561008871,0.504134357],"scale":1,"type":"sawmill_log_short1"}
{"pos":[260.383118,-747.869873,47.2257729],"rotationMatrix":[-0.816350102,0.48829779,0.308443785,-0.415961951,-0.867578506,0.272549152,0.400684357,0.094194673,0.911361277],"scale":1,"type":"sawmill_log_short1"}
{"pos":[257.73526,-748.922913,47.2016525],"rotationMatrix":[-0.979145885,-0.121334724,-0.162945837,0.140050396,-0.984156132,-0.108732149,-0.14717114,-0.129285261,0.980625272],"scale":1,"type":"sawmill_log_short1"}
{"pos":[192.351944,-795.64502,48.7404556],"rotationMatrix":[0.923466742,-0.373389244,-0.0882587507,0.374887109,0.927070379,0.000426836312,0.0816626921,-0.0334812365,0.996097505],"scale":1,"type":"sawmill_log_short1"}
{"pos":[181.114532,-787.819031,48.0546532],"rotationMatrix":[0.972029865,-0.233621836,-0.0240577385,0.221823692,0.946906924,-0.232726321,0.0771503896,0.220880345,0.97224468],"scale":1,"type":"sawmill_log_short1"}
{"pos":[184.035721,-789.050232,48.1030159],"rotationMatrix":[-0.985633492,0.166209489,0.0300183315,-0.157108873,-0.967474461,0.198267892,0.0619959757,0.190703318,0.979688108],"scale":1,"type":"sawmill_log_short1"}
{"pos":[187.321884,-790.674377,48.0901756],"rotationMatrix":[-0.94405067,0.314619958,-0.0989076495,-0.319181085,-0.947088361,0.0338725299,-0.0830173045,0.0635468289,0.994519949],"scale":1,"type":"sawmill_log_short1"}
{"pos":[188.112656,-791.56073,48.0134659],"rotationMatrix":[-0.990248203,0.13494578,0.0346142091,-0.128586352,-0.980943322,0.145656094,0.0536102541,0.139784768,0.988729596],"scale":1,"type":"sawmill_log_short1"}
{"pos":[191.746185,-796.183044,48.4845848],"rotationMatrix":[0.745204329,-0.666836202,3.72527253e-09,0.666836202,0.745204329,-1.74845567e-07,1.13817251e-07,1.32779817e-07,1],"scale":1,"type":"sawmill_log_short1"}
{"pos":[197.113678,-795.566833,48.439045],"rotationMatrix":[0.744791925,-0.666010976,0.041404482,0.666999698,0.744877219,-0.0164128691,-0.0199101046,0.0398409478,0.999007642],"scale":1,"type":"sawmill_log_short1"}
{"pos":[328.624176,-768.106323,45.8456841],"rotationMatrix":[-0.113485098,-0.993535638,-0.00283298641,0.977433205,-0.111133575,-0.179648697,0.178172559,-0.0231565088,0.98372674],"scale":1,"type":"sawmill_log_short1"}
{"pos":[279.823975,-800.319946,46.702282],"rotationMatrix":[-0.757239461,-0.644516051,0.105771124,0.647650659,-0.761913538,-0.00604017451,0.084481433,0.0639288872,0.994372129],"scale":1,"type":"sawmill_log_short1"}
{"pos":[180.342178,-786.397705,47.8926201],"rotationMatrix":[-0.882562041,0.470138878,-0.00733078271,-0.470131606,-0.882075787,0.0303064287,0.00778192375,0.0301937349,0.999513745],"scale":1,"type":"sawmill_log_short1"}
{"pos":[164.224045,-778.636047,47.4904327],"rotationMatrix":[-0.885753512,0.460703075,-0.056509383,-0.449005067,-0.819615245,0.355844378,0.117622651,0.340563416,0.932835162],"scale":1,"type":"sawmill_log_short1"}
{"pos":[147.021271,-771.461548,46.48946],"rotationMatrix":[-0.919889569,0.384662926,-0.0764028877,-0.385909021,-0.922535181,0.0016833758,-0.0698368251,0.0310330838,0.997075617],"scale":1,"type":"sawmill_log_short1"}
{"pos":[174.031097,-783.651917,48.1417084],"rotationMatrix":[0.740272164,-0.672087014,-0.0172098652,0.649973929,0.721989512,-0.237202376,0.171846002,0.164408356,0.971307814],"scale":1,"type":"sawmill_log_short1"}
{"pos":[170.685013,-779.47583,48.4102936],"rotationMatrix":[0.683299541,-0.70307225,-0.196954697,0.704616725,0.705667496,-0.0744889602,0.191355646,-0.0878793076,0.977578759],"scale":1,"type":"sawmill_log_short1"}
{"pos":[172.784729,-780.02301,47.493721],"rotationMatrix":[0.606662214,-0.794315457,0.0319976248,0.794959664,0.606170535,-0.0244188495,2.5331974e-07,0.0402508192,0.999189615],"scale":1,"type":"sawmill_log_short1"}
{"pos":[256.916931,-798.411438,47.8017693],"rotationMatrix":[0.555062294,0.831806898,-0.00174571574,-0.677904367,0.453577757,0.578543782,0.482028544,-0.319944441,0.81564945],"scale":1,"type":"sawmill_log_short1"}
{"pos":[256.419189,-797.927795,47.8483887],"rotationMatrix":[-0.555062294,-0.831806839,0.00174556673,0.677904427,-0.453577757,-0.578543544,0.482028186,-0.319944471,0.815649629],"scale":1,"type":"sawmill_log_short1"}
{"pos":[252.100922,-793.721069,46.1810493],"rotationMatrix":[-0.555526018,-0.8314991,-3.2584137e-07,0.8314991,-0.555526018,-3.25841313e-07,8.99234038e-08,-4.519502e-07,1],"scale":1,"type":"sawmill_log_short1"}
{"pos":[256.860077,-797.868958,47.5277977],"rotationMatrix":[-0.555518031,-0.831501126,-0.00241097319,0.831477046,-0.555520892,0.00653132331,-0.00677014794,0.00162359769,0.999975741],"scale":1,"type":"sawmill_log_short1"}
{"pos":[312.231934,-799.570862,47.2448692],"rotationMatrix":[-0.638667703,0.769472718,0.00392904039,-0.769480944,-0.63864696,-0.00541307451,-0.00165594404,-0.00648047728,0.999977648],"scale":1,"type":"sawmill_log_short1"}
{"pos":[303.055176,-808.922119,46.7727585],"rotationMatrix":[-0.6826998,0.729190946,-0.046920076,-0.730691552,-0.680996299,0.0483098216,0.00327468477,0.0672652125,0.997729778],"scale":1,"type":"sawmill_log_short1"}
{"pos":[309.415192,-802.579224,46.9275093],"rotationMatrix":[-0.675235987,0.731878519,-0.0917062461,-0.0868768394,0.0445507765,0.99522233,0.732467413,0.679977179,0.0335010886],"scale":1,"type":"sawmill_log_short1"}
{"pos":[199.131744,-822.138855,48.7514648],"rotationMatrix":[0.972225666,-0.233555645,0.0151316924,0.233527362,0.972343445,0.00363432919,-0.0155620193,2.75904313e-07,0.999878883],"scale":0.869095623,"type":"sawmill_log_short1"}
{"pos":[200.993011,-821.327515,49.1009865],"rotationMatrix":[0.997022212,-0.0266731381,0.0723550543,0.0274450369,0.999576271,-0.00969487708,-0.0720658079,0.0116517944,0.997331798],"scale":0.869095623,"type":"sawmill_log_short1"}
{"pos":[216.390015,-827.457336,50.5583878],"rotationMatrix":[0.36749953,0.929468393,0.0321335942,-0.915261149,0.367581904,-0.164865255,-0.165048778,0.0311772749,0.985792518],"scale":0.877674043,"type":"sawmill_log_short1"}
{"pos":[210.818329,-825.638611,50.3642921],"rotationMatrix":[0.388399243,0.921298265,0.0188528597,-0.913377881,0.387607932,-0.124502316,-0.122011289,0.0311368145,0.992040217],"scale":0.877674043,"type":"sawmill_log_short1"}
{"pos":[206.487015,-824.344849,50.0463371],"rotationMatrix":[0.379951596,0.924985945,0.00614530221,-0.924524009,0.379530489,0.0348136425,0.0298697986,-0.0189089756,0.999374926],"scale":0.877674043,"type":"sawmill_log_short1"}
{"pos":[148.11618,-741.607483,46.2613258],"rotationMatrix":[-0.671713948,0.68410331,-0.28425914,-0.697646916,-0.713218808,-0.0678823441,-0.249177456,0.152714983,0.956341326],"scale":1,"type":"sawmill_log_short1"}
{"pos":[145.244583,-740.418823,45.8635368],"rotationMatrix":[-0.939344764,0.143183902,-0.311656624,-0.131948605,-0.989618659,-0.0569608435,-0.316577047,-0.0123832151,0.94848597],"scale":1,"type":"sawmill_log_short1"}
{"pos":[144.932007,-737.99823,45.3342476],"rotationMatrix":[-0.00305688381,0.999967575,0.00745346397,-0.99401319,-0.00222444534,-0.109238088,-0.109217964,-0.00774277002,0.993987679],"scale":0.868291557,"type":"sawmill_log_short1"}
{"pos":[148.622299,-741.484436,45.7610474],"rotationMatrix":[0.990219951,0.018245589,0.138316691,-0.0265175924,0.9979527,0.0581998937,-0.136971623,-0.0612985231,0.988676548],"scale":1,"type":"sawmill_log_short1"}
{"pos":[153.093094,-741.927795,46.3214951],"rotationMatrix":[0.987524211,0.0851011425,0.132490411,-0.0844059587,0.996372223,-0.010864866,-0.132934377,-0.000453661196,0.991124749],"scale":1,"type":"sawmill_log_short1"}
{"pos":[162.223282,-742.330139,46.4261017],"rotationMatrix":[0.501184702,0.861724317,-0.0790254101,-0.860995948,0.505724192,0.0541198626,0.0866014734,0.0409165099,0.995402455],"scale":1,"type":"sawmill_log_short1"}
{"pos":[152.847321,-738.393555,46.2530594],"rotationMatrix":[0.202668726,0.978776455,0.0303651243,-0.963300347,0.204845786,-0.173466861,-0.176005453,0.00590557605,0.984371483],"scale":1,"type":"sawmill_log_short1"}
{"pos":[153.169662,-737.799927,47.0918579],"rotationMatrix":[0.319746137,0.91055125,-0.262028486,-0.94721812,0.313968301,-0.0648214817,0.0232453719,0.268924534,0.962880731],"scale":1,"type":"sawmill_log_short1"}
{"pos":[202.386993,-822.904541,48.8237495],"rotationMatrix":[0.575861216,0.817128718,0.0261617936,-0.81721431,0.576245248,-0.0101102591,-0.0233369917,-0.015557684,0.999606609],"scale":0.869095623,"type":"sawmill_log_short1"}
{"pos":[206.73941,-824.194824,49.648819],"rotationMatrix":[0.413569152,0.909943879,0.0310272314,-0.91010803,0.414127827,-0.0141954599,-0.0257663094,-0.0223673284,0.999417722],"scale":0.869095623,"type":"sawmill_log_short1"}
{"pos":[217.672302,-828.192261,49.9738998],"rotationMatrix":[-0.486734629,-0.869281471,0.0862508118,0.453262508,-0.335724473,-0.825737357,0.746754646,-0.362820655,0.557421386],"scale":0.894951046,"type":"sawmill_log_short1"}
{"pos":[211.844803,-826.122986,50.219017],"rotationMatrix":[-0.278485775,-0.958530486,-0.0605384223,0.95086211,-0.266280532,-0.157973841,0.135302544,-0.101557158,0.985585809],"scale":0.894951046,"type":"sawmill_log_short1"}
{"pos":[220.33429,-827.560486,49.410717],"rotationMatrix":[-0.745899796,0.665211201,-0.0335801691,-0.665330768,-0.74649322,-0.00909964088,-0.0311205536,0.0155544998,0.999394596],"scale":0.894951046,"type":"sawmill_log_short1"}
{"pos":[210.634674,-822.37384,49.2628365],"rotationMatrix":[-0.950450301,0.310630023,-0.0123754619,-0.310486734,-0.950498939,-0.0122293318,-0.0155616617,-0.00778095517,0.999848664],"scale":0.894951046,"type":"sawmill_log_short1"}
{"pos":[206.660873,-824.142761,49.1900635],"rotationMatrix":[-0.403821111,-0.913205028,-0.0546353832,0.914194822,-0.405055761,0.0133223608,-0.0342964306,-0.0445675366,0.998417497],"scale":0.894951046,"type":"sawmill_log_short1"}
{"pos":[209.327805,-825.092407,50.14254],"rotationMatrix":[-0.528546333,-0.845304549,-0.0780957565,0.845682681,-0.516300201,-0.135109931,0.0738881752,-0.137456089,0.987748146],"scale":0.894951046,"type":"sawmill_log_short1"}
{"pos":[214.778763,-826.790283,50.2879677],"rotationMatrix":[-0.266934156,-0.962128401,-0.0552721694,0.963546395,-0.267520308,0.00335496105,-0.0180143323,-0.0523617491,0.998465717],"scale":0.894951046,"type":"sawmill_log_short1"}
{"pos":[158.083603,-783.753235,48.3559723],"rotationMatrix":[-0.628672838,-0.777643621,0.00639861636,0.775742829,-0.626514792,0.0755131021,-0.0547134578,0.0524367169,0.997124255],"scale":1,"type":"sawmill_log_short1"}
{"pos":[156.67746,-787.593384,48.4635963],"rotationMatrix":[-0.470879555,-0.882176638,-0.00607541203,-0.456407517,0.237711668,0.857429564,-0.75496006,0.406518877,-0.514565706],"scale":1,"type":"sawmill_log_short1"}
{"pos":[155.154556,-789.379272,48.2184372],"rotationMatrix":[-0.472983241,-0.880835414,-0.0203955732,0.871048689,-0.470959067,0.139541164,-0.132518262,0.0482350886,0.990006208],"scale":1,"type":"sawmill_log_short1"}
{"pos":[276.664917,-805.771484,46.8013496],"rotationMatrix":[0.635085464,-0.771690786,0.0340542868,0.766482174,0.635038733,0.096077472,-0.0957678929,-0.0349154025,0.99479115],"scale":1,"type":"sawmill_log_short1"}
{"pos":[258.840302,-762.458496,47.4700241],"rotationMatrix":[-0.996437311,-0.0838620141,-0.00893351249,0.0838999823,-0.996466279,-0.00396362739,-0.00856954604,-0.00469902763,0.999952257],"scale":1,"type":"sawmill_log_short1"}
{"pos":[256.748199,-765.180115,47.4847221],"rotationMatrix":[-0.940385342,0.339993149,-0.0089323204,-0.339970738,-0.940427542,-0.00396243529,-0.00974740274,-0.000689489185,0.999952257],"scale":1,"type":"sawmill_log_short1"}
{"pos":[275.569855,-797.786499,47.5959473],"rotationMatrix":[-0.906589746,-0.422005683,-0.00247179344,0.409219235,-0.877659321,-0.249506727,0.103123873,-0.227211758,0.968369901],"scale":0.86017549,"type":"sawmill_log_short1"}
{"pos":[283.996582,-785.612305,46.1797523],"rotationMatrix":[-0.811056614,-0.58438307,0.026145786,0.0528001785,-0.0286204815,0.998194873,-0.582579851,0.810973108,0.054068327],"scale":1,"type":"sawmill_log_short1"}
{"pos":[279.15918,-781.904602,47.7381516],"rotationMatrix":[-0.768928885,-0.6392259,0.0117813274,0.638644159,-0.768824339,-0.0322948471,0.0297014713,-0.0173083618,0.99940896],"scale":1,"type":"sawmill_log_short1"}
{"pos":[287.384583,-783.243896,46.0178375],"rotationMatrix":[-0.354380608,-0.935101092,-0.000630233437,0.934381902,-0.354081392,-0.0394564532,0.0366726182,-0.0145714767,0.999221087],"scale":1,"type":"sawmill_log_short1"}
{"pos":[273.710358,-808.750427,46.38591],"rotationMatrix":[-0.479141951,0.877392709,-0.0245990716,-0.87658602,-0.479760528,-0.0377735272,-0.0449438728,0.0034643244,0.998983502],"scale":1,"type":"sawmill_log_short1"}
{"pos":[272.556274,-805.8255,47.0700912],"rotationMatrix":[-0.641793728,-0.765747488,0.041616492,0.76682514,-0.641438246,0.0231601484,0.00895958208,0.0467766039,0.998865187],"scale":1,"type":"sawmill_log_short1"}
{"pos":[276.102844,-805.80719,46.5549507],"rotationMatrix":[0.688810945,-0.723903716,-0.0387672447,0.724370539,0.689405203,-0.00280320458,0.0287555885,-0.0261509698,0.999244332],"scale":1,"type":"sawmill_log_short1"}
{"pos":[276.026855,-800.358398,46.4090652],"rotationMatrix":[-0.878537655,-0.477665752,-0.00259479438,0.477672607,-0.878519297,-0.0056949025,0.00044068275,-0.00624264963,0.99998039],"scale":1,"type":"sawmill_log_short1"}
{"pos":[277.568176,-801.010193,47.0287094],"rotationMatrix":[-0.762956858,-0.628795445,0.150043458,0.580344141,-0.768479943,-0.269516438,0.284776121,-0.118552566,0.951234937],"scale":1,"type":"sawmill_log_short1"}
{"pos":[324.334656,-784.599182,47.0768738],"rotationMatrix":[-0.66677022,-0.743107021,0.0566519052,0.737338603,-0.668827534,-0.0948767364,0.108393922,-0.0214893483,0.993875742],"scale":1,"type":"sawmill_log_short1"}
{"pos":[322.422211,-783.329895,47.1600266],"rotationMatrix":[-0.66677022,-0.743106961,0.0566519089,0.737338662,-0.668827534,-0.0948762745,0.10839358,-0.0214890353,0.993875802],"scale":1,"type":"sawmill_log_short1"}
{"pos":[307.98642,-749.588135,46.1441498],"rotationMatrix":[0.724532843,-0.689240336,0,0.689240336,0.724532843,-1.74845553e-07,1.20510606e-07,1.26681329e-07,1],"scale":1,"type":"sawmill_log_short1"}
{"pos":[311.29483,-755.95459,46.2431526],"rotationMatrix":[0.769911408,-0.638150811,-7.10542736e-15,0.638150811,0.769911408,-1.74845553e-07,1.11577833e-07,1.3461559e-07,1],"scale":1,"type":"sawmill_log_short1"}
{"pos":[136.779999,-750.047058,45.3572121],"rotationMatrix":[0.990582287,-0.0663397536,0.119773895,0.127265811,0.768759966,-0.626746833,-0.0504991412,0.636087477,0.769962788],"scale":1,"type":"sawmill_log_short1"}
{"pos":[124.355598,-712.991943,41.6785316],"rotationMatrix":[-0.0326299667,-0.996075451,0.0822741091,0.974727571,-0.0135121346,0.222988039,-0.221001208,0.0874709189,0.97134304],"scale":1,"type":"sawmill_log_short1"}
{"pos":[145.502228,-743.372253,46.0729523],"rotationMatrix":[0.993431449,-0.040670529,-0.106957093,0.0413656458,0.999134898,0.00428759912,0.106690183,-0.0086837858,0.99425441],"scale":1,"type":"sawmill_log_short1"}
{"pos":[139.723511,-746.030945,44.8553391],"rotationMatrix":[0.998282135,-0.022510333,-0.0540931672,0.0216805432,0.999638855,-0.0158782583,0.0544310585,0.0146782119,0.998409629],"scale":1,"type":"sawmill_log_short1"}
{"pos":[139.731689,-746.782532,44.8510399],"rotationMatrix":[0.997913301,0.0352554396,-0.0540931672,-0.0361622944,0.999219775,-0.0158782601,0.0534911677,0.0178012587,0.998409629],"scale":1,"type":"sawmill_log_short1"}
{"pos":[153.833633,-776.89917,47.2322044],"rotationMatrix":[-0.922492504,-0.0920945257,-0.374868572,-0.378664553,0.404509962,0.832457125,0.0749733597,0.909884751,-0.408030391],"scale":1,"type":"sawmill_log_short1"}
{"pos":[152.208359,-775.022217,47.5743713],"rotationMatrix":[-0.759909511,-0.415006459,-0.500307262,0.597860992,-0.14411509,-0.788538575,0.255146801,-0.898332119,0.357630491],"scale":1,"type":"sawmill_log_short1"}
{"pos":[153.260437,-774.622192,47.0438309],"rotationMatrix":[-0.77511549,0.627154768,-0.076634042,-0.630721271,-0.775203824,0.0353509933,-0.0372364596,0.0757358223,0.996432424],"scale":1,"type":"sawmill_log_short1"}
{"pos":[151.777756,-774.714722,46.980381],"rotationMatrix":[-0.855118513,0.51285553,-0.0758398846,-0.516341329,-0.855633378,0.0358216502,-0.046519801,0.069791019,0.996476352],"scale":1,"type":"sawmill_log_short1"}
{"pos":[151.192795,-770.26355,46.6986885],"rotationMatrix":[-0.855772972,0.514097095,-0.0579374582,-0.516677976,-0.854995012,0.0450242348,-0.0263894144,0.0684655309,0.99730438],"scale":1,"type":"sawmill_log_short1"}
{"pos":[149.39801,-771.538757,46.6834297],"rotationMatrix":[-0.934098959,0.349779367,-0.0715102032,-0.35242188,-0.935420752,0.0280517898,-0.0570801869,0.0514049046,0.997045338],"scale":1,"type":"sawmill_log_short1"}
{"pos":[148.682175,-770.410095,46.6048775],"rotationMatrix":[-0.915684462,0.401399165,-0.0200171657,-0.401790351,-0.913150668,0.0687056109,0.00929968525,0.0709553584,0.997436166],"scale":1,"type":"sawmill_log_short1"}
{"pos":[128.403183,-711.564819,42.167057],"rotationMatrix":[0.959630787,0.215233579,0.181061447,0.232716516,-0.969135165,-0.0813616589,0.157961279,0.120213144,-0.980100393],"scale":1,"type":"sawmill_log_short1"}
{"pos":[129.195175,-710.829651,41.9537926],"rotationMatrix":[0.990162671,0.0446616895,0.132601842,-0.0463117994,0.998882949,0.00938461721,-0.132034585,-0.0154333264,0.991124928],"scale":1,"type":"sawmill_log_short1"}
{"pos":[135.410461,-795.225281,44.686779],"rotationMatrix":[-0.530888319,-0.803035438,-0.270724565,0.833318412,-0.552765965,0.00551002473,-0.154072046,-0.222674519,0.96264106],"scale":0.877674043,"type":"sawmill_log_short1"}
{"pos":[139.73436,-795.514465,45.193718],"rotationMatrix":[0.940261662,-0.303025633,0.155188456,0.265009791,0.93759656,0.225127771,-0.213723645,-0.170552537,0.961890876],"scale":1,"type":"sawmill_log_short1"}
{"pos":[148.856247,-802.539978,46.3953094],"rotationMatrix":[0.982390344,-0.107985578,0.152474031,0.0633949265,0.96030426,0.271655709,-0.17575635,-0.257205874,0.95023936],"scale":0.877674043,"type":"sawmill_log_short1"}
{"pos":[148.049164,-800.986755,46.2482529],"rotationMatrix":[0.871106744,-0.456282943,0.181601107,0.307919234,0.795544446,0.521818757,-0.382568717,-0.398641348,0.833502412],"scale":0.552316427,"type":"sawmill_log_short1"}
{"pos":[113.62059,-782.015625,43.5751457],"rotationMatrix":[-0.72885251,-0.68463254,0.0072363019,-0.393128663,0.409820735,-0.823101997,0.560556769,-0.602764726,-0.56784749],"scale":0.823072374,"type":"sawmill_log_short1"}
{"pos":[112.580154,-780.733704,44.0371819],"rotationMatrix":[-0.737514138,-0.675038934,-0.019885689,0.273221403,-0.271321058,-0.922894895,0.6175946,-0.686081231,0.384538114],"scale":0.823072374,"type":"sawmill_log_short1"}
{"pos":[132.900467,-792.74646,45.3402138],"rotationMatrix":[-0.393482208,-0.905013144,-0.161626503,0.917271793,-0.398249507,-0.00314965844,-0.0615171939,-0.149494752,0.986846983],"scale":0.877674043,"type":"sawmill_log_short1"}
{"pos":[130.421753,-789.090698,45.0919647],"rotationMatrix":[0.876821578,-0.473222882,0.0851120204,0.44145605,0.862475038,0.247494265,-0.190526947,-0.179435089,0.9651438],"scale":1,"type":"sawmill_log_short1"}
{"pos":[128.779037,-789.543518,46.0242386],"rotationMatrix":[0.871317089,-0.475099623,0.122828767,0.329039514,0.751337528,0.57203573,-0.364059806,-0.458008975,0.810979784],"scale":1,"type":"sawmill_log_short1"}
{"pos":[135.255371,-794.546509,45.6245232],"rotationMatrix":[-0.473815322,-0.849383473,-0.232479334,0.855426788,-0.506629229,0.107571624,-0.209150404,-0.147899956,0.966634214],"scale":0.877674043,"type":"sawmill_log_short1"}
{"pos":[123.909233,-785.850464,44.7032242],"rotationMatrix":[0.879405379,-0.465528429,0.0996469259,0.408436656,0.845291317,0.3444736,-0.244592935,-0.262232482,0.933492601],"scale":0.906143844,"type":"sawmill_log_short1"}
{"pos":[122.836975,-788.342346,45.2366676],"rotationMatrix":[-0.500045657,-0.864397168,-0.0526474193,0.833758235,-0.464104891,-0.29908824,0.234097123,-0.193453014,0.952772021],"scale":0.823072374,"type":"sawmill_log_short1"}
{"pos":[122.376213,-787.853394,44.6667099],"rotationMatrix":[-0.522061944,-0.832002223,-0.187679738,0.842302501,-0.468340874,-0.266802073,0.134081841,-0.297370315,0.94530046],"scale":0.823072374,"type":"sawmill_log_short1"}
{"pos":[134.491394,-794.010925,46.7600517],"rotationMatrix":[0.460722446,0.848810196,0.259337872,-0.846922994,0.507836223,-0.157555684,-0.265436023,-0.14704977,0.952848375],"scale":0.799803436,"type":"sawmill_log_short1"}
{"pos":[127.073654,-793.396912,46.3502464],"rotationMatrix":[0.482592285,0.874561667,0.0473973975,-0.873462915,0.476585865,0.0996413231,0.0645535588,-0.0894860029,0.993893921],"scale":0.799803436,"type":"sawmill_log_short1"}
{"pos":[126.062691,-790.595581,46.1691093],"rotationMatrix":[0.545879006,0.836082101,0.0546148717,-0.289617419,0.127122641,0.948663056,0.786217451,-0.533672631,0.311537504],"scale":0.799803436,"type":"sawmill_log_short1"}
{"pos":[124.154907,-788.63562,45.4689293],"rotationMatrix":[0.521073878,0.852695286,0.0373198986,-0.585974276,0.325606704,0.742034018,0.620577276,-0.408523023,0.66932261],"scale":0.799803436,"type":"sawmill_log_short1"}
{"pos":[114.651604,-727.208984,41.5780525],"rotationMatrix":[0.406136334,0.913793683,0.00587011874,-0.859809995,0.384303033,-0.336211175,-0.309483528,0.131500423,0.941768348],"scale":1,"type":"sawmill_log_short1"}
{"pos":[113.360832,-723.563354,41.3807335],"rotationMatrix":[0.848940492,-0.520349026,0.0923952684,0.525053859,0.850332975,-0.0353865065,-0.0601534173,0.0785535276,0.995093405],"scale":0.7643556,"type":"sawmill_log_short1"}
{"pos":[117.072021,-722.753784,42.0760193],"rotationMatrix":[0.877664745,0.478180557,-0.0323714614,-0.47911492,0.877113819,-0.0334708318,0.0123883504,0.0448858216,0.998915315],"scale":0.7643556,"type":"sawmill_log_short1"}
{"pos":[122.608604,-735.937134,42.7523766],"rotationMatrix":[0.406319439,0.913731098,0.000392440706,-0.909013987,0.404178143,0.101654395,0.0927261561,-0.04166089,0.994819701],"scale":1,"type":"sawmill_log_short1"}
{"pos":[139.582275,-739.625061,45.5462532],"rotationMatrix":[-0.94456768,0.281100929,-0.169630229,-0.22041899,-0.925863981,-0.306906253,-0.243326128,-0.252503961,0.936501026],"scale":0.868291557,"type":"sawmill_log_short1"}
{"pos":[138.284561,-742.766479,45.3959656],"rotationMatrix":[-0.96926856,0.206374258,-0.133895978,-0.0248356313,-0.623590112,-0.781356931,-0.24474816,-0.75401926,0.609551728],"scale":0.897036076,"type":"sawmill_log_short1"}
{"pos":[138.973648,-743.647095,44.4941063],"rotationMatrix":[-0.970452309,0.206691325,-0.124502949,-0.20602715,-0.978374481,-0.0183290057,-0.125598967,0.00786356442,0.992049932],"scale":0.914461911,"type":"sawmill_log_short1"}
{"pos":[138.822067,-744.77478,44.2618332],"rotationMatrix":[-0.991342664,-0.0447663181,-0.123433746,0.0444233306,-0.998997569,0.00553093478,-0.123557605,-2.86381692e-07,0.992337406],"scale":1,"type":"sawmill_log_short1"}
{"pos":[138.381836,-745.397522,44.1755981],"rotationMatrix":[0.991299868,0.0447646081,0.123776801,-0.0453760624,0.998967707,0.00212387531,-0.123553954,-0.00772190094,0.992307782],"scale":1,"type":"sawmill_log_short1"}
{"pos":[160.534027,-710.437744,43.1702232],"rotationMatrix":[-0.999934316,-0.011321458,0.00176609633,0.0114571946,-0.985664248,0.168329433,-0.000164956844,0.168338612,0.985729218],"scale":1,"type":"sawmill_log_short1"}
{"pos":[137.07663,-711.025146,42.6259727],"rotationMatrix":[0.973925233,0.223859563,0.0368316285,-0.22081618,0.972615838,-0.0725165531,-0.0520565473,0.0624926798,0.996686876],"scale":0.901906312,"type":"sawmill_log_short1"}
{"pos":[154.584564,-709.687317,43.0887222],"rotationMatrix":[0.998637915,-0.0517995581,0.00625022501,0.0521689355,0.993194103,-0.104133815,-0.00081360084,0.104318053,0.994543672],"scale":0.901906312,"type":"sawmill_log_short1"}
{"pos":[149.161407,-708.685608,44.0309296],"rotationMatrix":[-0.998596549,-0.0452322587,-0.0275505465,0.0500862375,-0.975625277,-0.213651404,-0.0172150712,-0.21473144,0.976521373],"scale":0.913348258,"type":"sawmill_log_short1"}
{"pos":[134.046143,-708.554382,42.8515091],"rotationMatrix":[-0.0148133039,-0.992067993,0.124826133,0.981475651,0.00942194462,0.191355109,-0.191013366,0.125348419,0.973551035],"scale":1,"type":"sawmill_log_short1"}
{"pos":[143.137711,-709.790649,43.0065994],"rotationMatrix":[0.995186567,0.0971690118,-0.0127233043,-0.0232683271,0.360411704,0.932503045,0.095196031,-0.927718461,0.360937893],"scale":1,"type":"sawmill_log_short1"}
{"pos":[108.777901,-738.826294,42.6858826],"rotationMatrix":[0.968796551,-0.247222722,-0.0177254751,0.16458562,0.588194489,0.791794717,-0.185323626,-0.770005286,0.610530019],"scale":0.799803436,"type":"sawmill_log_short1"}
{"pos":[107.489006,-741.281677,43.2161331],"rotationMatrix":[0.960793614,-0.277251005,-0.00273618102,0.0689722151,0.229436755,0.970876753,-0.268548757,-0.933000982,0.239564002],"scale":0.799803436,"type":"sawmill_log_short1"}
{"pos":[105.115341,-743.086609,43.3199158],"rotationMatrix":[0.978743374,-0.205045566,-0.00421020295,0.202493623,0.962899327,0.1783849,-0.0325230323,-0.175445586,0.983951807],"scale":0.799803436,"type":"sawmill_log_short1"}
{"pos":[106.718971,-750.360779,43.0323257],"rotationMatrix":[0.954982221,-0.210525766,0.209016323,0.231328443,0.969550073,-0.0803731233,-0.185731173,0.125106335,0.974603653],"scale":0.799803436,"type":"sawmill_log_short1"}
{"pos":[109.129219,-775.981689,42.7588043],"rotationMatrix":[0.723709106,-0.688987374,0.0392631367,0.683692455,0.708084464,-0.176581413,0.0938607529,0.154637486,0.983502626],"scale":1,"type":"sawmill_log_short1"}
{"pos":[138.279526,-762.537354,45.5787659],"rotationMatrix":[-0.574975252,-0.816530168,-0.0517860204,0.759139121,-0.556026936,0.33844018,-0.305141032,0.155281961,0.939561844],"scale":1,"type":"sawmill_log_short1"}
{"pos":[138.846344,-763.156372,45.2620201],"rotationMatrix":[-0.903531432,-0.41793257,-0.0946753025,0.405285537,-0.905185342,0.127997369,-0.139192954,0.0772791132,0.987245262],"scale":1,"type":"sawmill_log_short1"}
{"pos":[138.295502,-762.633118,45.1871719],"rotationMatrix":[0.938635767,0.323063731,0.120800301,-0.308954239,0.943230033,-0.121919714,-0.153330311,0.0771164373,0.985161364],"scale":1,"type":"sawmill_log_short1"}
{"pos":[108.97596,-736.832458,42.0497818],"rotationMatrix":[-0.95446527,0.267526507,-0.132006228,-0.209481508,-0.916086078,-0.341911852,-0.212399572,-0.29869014,0.9304142],"scale":0.823072374,"type":"sawmill_log_short1"}
{"pos":[108.663391,-737.465454,42.5770073],"rotationMatrix":[-0.974332333,0.225113779,0.000561770052,-0.20904699,-0.903860927,-0.373275876,-0.0835217834,-0.363812208,0.927720189],"scale":0.823072374,"type":"sawmill_log_short1"}
{"pos":[111.340431,-737.702698,41.9280739],"rotationMatrix":[-0.183362365,-0.982854486,0.0193763077,0.939196587,-0.169328332,0.298726827,-0.290324032,0.0729734004,0.954141915],"scale":0.906143844,"type":"sawmill_log_short1"}
{"pos":[106.392372,-751.145691,41.833416],"rotationMatrix":[-0.95845139,0.220444649,-0.181039318,-0.22939226,-0.972877741,0.0298036486,-0.169559047,0.0700943619,0.98302418],"scale":0.877674043,"type":"sawmill_log_short1"}
{"pos":[109.286003,-743.542419,42.8086281],"rotationMatrix":[-0.19408536,-0.980029345,0.0432815254,0.833934426,-0.141596317,0.533389091,-0.516608477,0.139616996,0.844761968],"scale":1,"type":"sawmill_log_short1"}
{"pos":[110.168648,-744.889343,41.7225342],"rotationMatrix":[-0.191969156,-0.981387198,0.00520201772,0.961979687,-0.187118292,0.198951811,-0.194275379,0.0431968346,0.979995489],"scale":1,"type":"sawmill_log_short1"}
{"pos":[107.411613,-748.348755,41.7604218],"rotationMatrix":[-0.985605836,0.121349268,-0.117707856,-0.111496083,-0.989950657,-0.0869830474,-0.127080321,-0.0726070479,0.989231408],"scale":0.877674043,"type":"sawmill_log_short1"}
{"pos":[106.478294,-764.418213,42.733799],"rotationMatrix":[0.0196527839,-0.996029615,0.0868268013,0.937557936,0.0485238433,0.344427913,-0.347273558,0.0746361911,0.934789002],"scale":0.552316427,"type":"sawmill_log_short1"}
{"pos":[105.250359,-765.666321,42.6591644],"rotationMatrix":[0.109835625,-0.975719273,-0.189494327,0.976859391,0.0707653761,0.201836497,-0.183526114,-0.207278162,0.960913062],"scale":0.877674043,"type":"sawmill_log_short1"}
{"pos":[109.015289,-754.757812,41.9375534],"rotationMatrix":[0.0323423147,-0.997575104,0.0616271198,0.984730661,0.0423571467,0.168853164,-0.171054065,0.0552250221,0.983712733],"scale":1,"type":"sawmill_log_short1"}
{"pos":[108.293732,-752.874268,42.9886627],"rotationMatrix":[-0.102048874,-0.994778395,-0.00136369467,0.470555305,-0.0470638275,-0.881114364,0.876449406,-0.0905584395,0.472901165],"scale":1,"type":"sawmill_log_short1"}
{"pos":[144.031372,-771.117737,45.9428444],"rotationMatrix":[0.939858913,-0.304108858,0.155508772,0.227670863,0.897168696,0.378489494,-0.254619598,-0.320321918,0.912448764],"scale":1,"type":"sawmill_log_short1"}
{"pos":[139.475342,-784.668884,45.224041],"rotationMatrix":[0.928345203,-0.344168186,0.140440077,0.262661934,0.874701381,0.40731582,-0.263028294,-0.341241449,0.902424753],"scale":1,"type":"sawmill_log_short1"}
{"pos":[137.771378,-782.471436,46.1437111],"rotationMatrix":[0.807261586,-0.586465716,0.0662329718,0.588002443,0.80884552,-0.00470525213,-0.0508127697,0.0427435115,0.997793078],"scale":1,"type":"sawmill_log_short1"}
{"pos":[137.164993,-781.641052,45.6086922],"rotationMatrix":[0.859860778,-0.503292084,0.08565332,-0.288800508,-0.617868662,-0.731322527,0.420991361,0.604098797,-0.676632047],"scale":1,"type":"sawmill_log_short1"}
