{"pos":[842.605225,-87.0287857,64.0393066],"rotationMatrix":[0.551506817,-0.834170341,0,0.834170341,0.551506817,0,0,0,0.999999881],"scale":1.0317893,"type":"tall_plant2"}
{"pos":[839.41925,-83.6573639,64.0393066],"rotationMatrix":[-0.997947574,0.0640343353,0,-0.0640343353,-0.997947574,0,0,0,0.999999881],"scale":1.16743064,"type":"tall_plant2"}
{"pos":[834.514587,-75.6460953,64.0096741],"rotationMatrix":[-0.440827042,0.897591949,0,-0.897591949,-0.440827042,0,0,0,0.999999881],"scale":1.15620184,"type":"tall_plant2"}
{"pos":[842.179749,-99.5125275,64.0393066],"rotationMatrix":[0.673229337,-0.739433646,0,0.739433646,0.673229337,0,0,0,0.999999881],"scale":1.17795849,"type":"tall_plant2"}
{"pos":[862.735168,-105.327759,64.5311432],"rotationMatrix":[0.358726233,-0.933442712,0,0.933442712,0.358726233,0,0,0,0.999999881],"scale":1.03317821,"type":"tall_plant2"}
