{"pos":[-514.30365,-167.691391,262.039185],"rotationMatrix":[-0.444170445,0.895942032,0,-0.895942032,-0.444170445,0,0,0,0.999999642],"scale":1.13225424,"type":"tall_plant2"}
{"pos":[-515.059631,-171.284821,262.039185],"rotationMatrix":[-0.444170445,0.895942032,0,-0.895942032,-0.444170445,0,0,0,0.999999642],"scale":1.13225424,"type":"tall_plant2"}
{"pos":[-516.268982,-174.36673,262.039185],"rotationMatrix":[-0.444170445,0.895942032,0,-0.895942032,-0.444170445,0,0,0,0.999999642],"scale":1.13225424,"type":"tall_plant2"}
{"pos":[-542.179321,-173.155853,262.039185],"rotationMatrix":[-0.444170445,0.895942032,0,-0.895942032,-0.444170445,0,0,0,0.999999642],"scale":1.13225424,"type":"tall_plant2"}
{"pos":[-558.217529,-175.531921,262.039185],"rotationMatrix":[-0.444170445,0.895942032,0,-0.895942032,-0.444170445,0,0,0,0.999999642],"scale":1.13225424,"type":"tall_plant2"}
{"pos":[-566.038635,-177.339569,262.039185],"rotationMatrix":[-0.444170445,0.895942032,0,-0.895942032,-0.444170445,0,0,0,0.999999642],"scale":1.13225424,"type":"tall_plant2"}
{"pos":[-570.270691,-169.929901,262.039185],"rotationMatrix":[-0.444170445,0.895942032,0,-0.895942032,-0.444170445,0,0,0,0.999999642],"scale":1.13225424,"type":"tall_plant2"}
{"pos":[-564.073303,-170.66423,262.039185],"rotationMatrix":[-0.444170445,0.895942032,0,-0.895942032,-0.444170445,0,0,0,0.999999642],"scale":1.13225424,"type":"tall_plant2"}
{"pos":[-573.886414,-178.49971,262.039185],"rotationMatrix":[-0.444170445,0.895942032,0,-0.895942032,-0.444170445,0,0,0,0.999999642],"scale":1.13225424,"type":"tall_plant2"}
{"pos":[-578.118469,-171.090042,262.039185],"rotationMatrix":[-0.444170445,0.895942032,0,-0.895942032,-0.444170445,0,0,0,0.999999642],"scale":1.13225424,"type":"tall_plant2"}
{"pos":[-576.909119,-168.008133,262.039185],"rotationMatrix":[-0.444170445,0.895942032,0,-0.895942032,-0.444170445,0,0,0,0.999999642],"scale":1.13225424,"type":"tall_plant2"}
{"pos":[-572.677063,-175.417801,262.039185],"rotationMatrix":[-0.444170445,0.895942032,0,-0.895942032,-0.444170445,0,0,0,0.999999642],"scale":1.13225424,"type":"tall_plant2"}
{"pos":[-576.153137,-164.414703,262.039185],"rotationMatrix":[-0.444170445,0.895942032,0,-0.895942032,-0.444170445,0,0,0,0.999999642],"scale":1.13225424,"type":"tall_plant2"}
{"pos":[-577.954041,-176.032089,262.039185],"rotationMatrix":[-0.444170445,0.895942032,0,-0.895942032,-0.444170445,0,0,0,0.999999642],"scale":1.13225424,"type":"tall_plant2"}
{"pos":[-582.186096,-168.622421,262.039185],"rotationMatrix":[-0.444170445,0.895942032,0,-0.895942032,-0.444170445,0,0,0,0.999999642],"scale":1.13225424,"type":"tall_plant2"}
{"pos":[-580.428894,-177.251022,262.039185],"rotationMatrix":[-0.444170445,0.895942032,0,-0.895942032,-0.444170445,0,0,0,0.999999642],"scale":1.13225424,"type":"tall_plant2"}
{"pos":[-584.66095,-169.841354,262.039185],"rotationMatrix":[-0.444170445,0.895942032,0,-0.895942032,-0.444170445,0,0,0,0.999999642],"scale":1.13225424,"type":"tall_plant2"}
{"pos":[-558.230408,-157.028259,262.039185],"rotationMatrix":[-0.99976927,0.0214604214,0,-0.0214604214,-0.99976927,0,0,0,0.999999404],"scale":1.13225424,"type":"tall_plant2"}
{"pos":[-573.963013,-160.17662,262.039185],"rotationMatrix":[-0.967872381,-0.25143981,0,0.25143981,-0.967872381,0,0,0,0.999999285],"scale":1.13225424,"type":"tall_plant2"}
{"pos":[-581.924988,-163.073456,262.039185],"rotationMatrix":[-0.835283875,-0.549817622,0,0.549817622,-0.835283875,0,0,0,0.999999046],"scale":1.13225424,"type":"tall_plant2"}
{"pos":[-581.594727,-165.565399,262.039185],"rotationMatrix":[-0.835283875,-0.549817622,0,0.549817622,-0.835283875,0,0,0,0.999999046],"scale":1.13225424,"type":"tall_plant2"}
{"pos":[-573.936584,-162.743576,262.039185],"rotationMatrix":[-0.835283875,-0.549817622,0,0.549817622,-0.835283875,0,0,0,0.999999046],"scale":1.13225424,"type":"tall_plant2"}
{"pos":[-564.975037,-160.692139,262.039185],"rotationMatrix":[-0.92731297,-0.374284834,0,0.374284834,-0.92731297,0,0,0,0.999998927],"scale":1.13225424,"type":"tall_plant2"}
{"pos":[-550.004028,-160.626938,262.039185],"rotationMatrix":[-0.999985933,0.00513461232,0,-0.00513461232,-0.999985933,0,0,0,0.999998808],"scale":1.13225424,"type":"tall_plant2"}
{"pos":[-519.769775,-173.541031,262.039185],"rotationMatrix":[-0.99976927,0.0214604214,0,-0.0214604214,-0.99976927,0,0,0,0.999999404],"scale":1.13225424,"type":"tall_plant2"}
{"pos":[-519.766724,-176.151138,262.039185],"rotationMatrix":[-0.999985933,0.00513461232,0,-0.00513461232,-0.999985933,0,0,0,0.999998808],"scale":1.13225424,"type":"tall_plant2"}
{"pos":[-538.086975,-174.674408,262.039185],"rotationMatrix":[-0.999985933,0.00513461232,0,-0.00513461232,-0.999985933,0,0,0,0.999998808],"scale":1.13225424,"type":"tall_plant2"}
{"pos":[-545.170959,-175.673813,262.039185],"rotationMatrix":[-0.999985933,0.00513461232,0,-0.00513461232,-0.999985933,0,0,0,0.999998808],"scale":1.13225424,"type":"tall_plant2"}
{"pos":[-553.678589,-174.810135,262.039185],"rotationMatrix":[-0.99976927,0.0214604214,0,-0.0214604214,-0.99976927,0,0,0,0.999999404],"scale":1.13225424,"type":"tall_plant2"}
{"pos":[-553.675537,-177.420242,262.039185],"rotationMatrix":[-0.999985933,0.00513461232,0,-0.00513461232,-0.999985933,0,0,0,0.999998808],"scale":1.13225424,"type":"tall_plant2"}
{"pos":[-561.221436,-177.628983,262.039185],"rotationMatrix":[-0.970775425,-0.239985555,0,0.239985555,-0.970775425,0,0,0,0.999998689],"scale":1.13225424,"type":"tall_plant2"}
{"pos":[-570.172302,-176.740952,262.039185],"rotationMatrix":[-0.974564612,-0.224104092,0,0.224104092,-0.974564612,0,0,0,0.999999285],"scale":1.13225424,"type":"tall_plant2"}
{"pos":[-569.529907,-179.270782,262.039185],"rotationMatrix":[-0.970775425,-0.239985555,0,0.239985555,-0.970775425,0,0,0,0.999998689],"scale":1.13225424,"type":"tall_plant2"}
{"pos":[-734.610413,190.322586,289.611816],"rotationMatrix":[0.493732452,0.869613469,0,-0.869613469,0.493732452,0,0,0,0.999999642],"scale":1.16146958,"type":"tall_plant2"}
{"pos":[-730.698181,197.213242,289.611816],"rotationMatrix":[0.493732452,0.869613469,0,-0.869613469,0.493732452,0,0,0,0.999999642],"scale":1.16146958,"type":"tall_plant2"}
{"pos":[-726.713867,204.230743,289.611816],"rotationMatrix":[0.493732452,0.869613469,0,-0.869613469,0.493732452,0,0,0,0.999999642],"scale":1.16146958,"type":"tall_plant2"}
{"pos":[-722.684509,211.327682,289.611816],"rotationMatrix":[0.493732452,0.869613469,0,-0.869613469,0.493732452,0,0,0,0.999999642],"scale":1.16146958,"type":"tall_plant2"}
{"pos":[-707.08374,238.805328,289.611816],"rotationMatrix":[0.493732452,0.869613469,0,-0.869613469,0.493732452,0,0,0,0.999999642],"scale":1.16146958,"type":"tall_plant2"}
{"pos":[-711.113098,231.708389,289.611816],"rotationMatrix":[0.493732452,0.869613469,0,-0.869613469,0.493732452,0,0,0,0.999999642],"scale":1.16146958,"type":"tall_plant2"}
{"pos":[-715.097412,224.690887,289.611816],"rotationMatrix":[0.493732452,0.869613469,0,-0.869613469,0.493732452,0,0,0,0.999999642],"scale":1.16146958,"type":"tall_plant2"}
{"pos":[-719.009644,217.800232,289.611816],"rotationMatrix":[0.493732452,0.869613469,0,-0.869613469,0.493732452,0,0,0,0.999999642],"scale":1.16146958,"type":"tall_plant2"}
{"pos":[-709.248657,240.227188,289.611816],"rotationMatrix":[0.493732452,0.869613469,0,-0.869613469,0.493732452,0,0,0,0.999999642],"scale":1.16146958,"type":"tall_plant2"}
{"pos":[-713.278015,233.130249,289.611816],"rotationMatrix":[0.493732452,0.869613469,0,-0.869613469,0.493732452,0,0,0,0.999999642],"scale":1.16146958,"type":"tall_plant2"}
{"pos":[-717.262329,226.112747,289.611816],"rotationMatrix":[0.493732452,0.869613469,0,-0.869613469,0.493732452,0,0,0,0.999999642],"scale":1.16146958,"type":"tall_plant2"}
{"pos":[-721.174561,219.222092,289.611816],"rotationMatrix":[0.493732452,0.869613469,0,-0.869613469,0.493732452,0,0,0,0.999999642],"scale":1.16146958,"type":"tall_plant2"}
{"pos":[-736.77533,191.744446,289.611816],"rotationMatrix":[0.493732452,0.869613469,0,-0.869613469,0.493732452,0,0,0,0.999999642],"scale":1.16146958,"type":"tall_plant2"}
{"pos":[-732.863098,198.635101,289.611816],"rotationMatrix":[0.493732452,0.869613469,0,-0.869613469,0.493732452,0,0,0,0.999999642],"scale":1.16146958,"type":"tall_plant2"}
{"pos":[-728.878784,205.652603,289.611816],"rotationMatrix":[0.493732452,0.869613469,0,-0.869613469,0.493732452,0,0,0,0.999999642],"scale":1.16146958,"type":"tall_plant2"}
{"pos":[-724.849426,212.749542,289.611816],"rotationMatrix":[0.493732452,0.869613469,0,-0.869613469,0.493732452,0,0,0,0.999999642],"scale":1.16146958,"type":"tall_plant2"}
{"pos":[-712.467468,240.072113,289.611816],"rotationMatrix":[0.493732452,0.869613469,0,-0.869613469,0.493732452,0,0,0,0.999999642],"scale":1.16146958,"type":"tall_plant2"}
{"pos":[-715.988281,233.870865,289.611816],"rotationMatrix":[0.493732452,0.869613469,0,-0.869613469,0.493732452,0,0,0,0.999999642],"scale":1.16146958,"type":"tall_plant2"}
{"pos":[-719.449707,227.774323,289.611816],"rotationMatrix":[0.493732452,0.869613469,0,-0.869613469,0.493732452,0,0,0,0.999999642],"scale":1.16146958,"type":"tall_plant2"}
{"pos":[-723.361938,220.883667,289.611816],"rotationMatrix":[0.493732452,0.869613469,0,-0.869613469,0.493732452,0,0,0,0.999999642],"scale":1.16146958,"type":"tall_plant2"}
{"pos":[-738.962708,193.406021,289.611816],"rotationMatrix":[0.493732452,0.869613469,0,-0.869613469,0.493732452,0,0,0,0.999999642],"scale":1.16146958,"type":"tall_plant2"}
{"pos":[-735.050476,200.296677,289.611816],"rotationMatrix":[0.493732452,0.869613469,0,-0.869613469,0.493732452,0,0,0,0.999999642],"scale":1.16146958,"type":"tall_plant2"}
{"pos":[-731.066162,207.314178,289.611816],"rotationMatrix":[0.493732452,0.869613469,0,-0.869613469,0.493732452,0,0,0,0.999999642],"scale":1.16146958,"type":"tall_plant2"}
{"pos":[-727.036804,214.411118,289.611816],"rotationMatrix":[0.493732452,0.869613469,0,-0.869613469,0.493732452,0,0,0,0.999999642],"scale":1.16146958,"type":"tall_plant2"}
{"pos":[-713.988892,242.751892,289.611816],"rotationMatrix":[0.493732452,0.869613469,0,-0.869613469,0.493732452,0,0,0,0.999999642],"scale":1.16146958,"type":"tall_plant2"}
{"pos":[-717.847412,235.955811,289.611816],"rotationMatrix":[0.493732452,0.869613469,0,-0.869613469,0.493732452,0,0,0,0.999999642],"scale":1.16146958,"type":"tall_plant2"}
{"pos":[-721.831726,228.938309,289.611816],"rotationMatrix":[0.493732452,0.869613469,0,-0.869613469,0.493732452,0,0,0,0.999999642],"scale":1.16146958,"type":"tall_plant2"}
{"pos":[-725.743958,222.047653,289.611816],"rotationMatrix":[0.493732452,0.869613469,0,-0.869613469,0.493732452,0,0,0,0.999999642],"scale":1.16146958,"type":"tall_plant2"}
{"pos":[-741.344727,194.570007,289.611816],"rotationMatrix":[0.493732452,0.869613469,0,-0.869613469,0.493732452,0,0,0,0.999999642],"scale":1.16146958,"type":"tall_plant2"}
{"pos":[-733.448181,208.478165,289.611816],"rotationMatrix":[0.493732452,0.869613469,0,-0.869613469,0.493732452,0,0,0,0.999999642],"scale":1.16146958,"type":"tall_plant2"}
{"pos":[-729.418823,215.575104,289.611816],"rotationMatrix":[0.493732452,0.869613469,0,-0.869613469,0.493732452,0,0,0,0.999999642],"scale":1.16146958,"type":"tall_plant2"}
{"pos":[-716.18927,244.434036,289.611816],"rotationMatrix":[0.493732452,0.869613469,0,-0.869613469,0.493732452,0,0,0,0.999999642],"scale":1.16146958,"type":"tall_plant2"}
{"pos":[-720.218628,237.337097,289.611816],"rotationMatrix":[0.493732452,0.869613469,0,-0.869613469,0.493732452,0,0,0,0.999999642],"scale":1.16146958,"type":"tall_plant2"}
{"pos":[-724.202942,230.319595,289.611816],"rotationMatrix":[0.493732452,0.869613469,0,-0.869613469,0.493732452,0,0,0,0.999999642],"scale":1.16146958,"type":"tall_plant2"}
{"pos":[-728.115173,223.42894,289.611816],"rotationMatrix":[0.493732452,0.869613469,0,-0.869613469,0.493732452,0,0,0,0.999999642],"scale":1.16146958,"type":"tall_plant2"}
{"pos":[-743.715942,195.951294,289.611816],"rotationMatrix":[0.493732452,0.869613469,0,-0.869613469,0.493732452,0,0,0,0.999999642],"scale":1.16146958,"type":"tall_plant2"}
{"pos":[-739.803711,202.841949,289.611816],"rotationMatrix":[0.493732452,0.869613469,0,-0.869613469,0.493732452,0,0,0,0.999999642],"scale":1.16146958,"type":"tall_plant2"}
{"pos":[-735.819397,209.859451,289.611816],"rotationMatrix":[0.493732452,0.869613469,0,-0.869613469,0.493732452,0,0,0,0.999999642],"scale":1.16146958,"type":"tall_plant2"}
{"pos":[-731.790039,216.95639,289.611816],"rotationMatrix":[0.493732452,0.869613469,0,-0.869613469,0.493732452,0,0,0,0.999999642],"scale":1.16146958,"type":"tall_plant2"}
{"pos":[-718.557739,245.644958,289.611816],"rotationMatrix":[0.493732452,0.869613469,0,-0.869613469,0.493732452,0,0,0,0.999999642],"scale":1.16146958,"type":"tall_plant2"}
{"pos":[-722.587097,238.548019,289.611816],"rotationMatrix":[0.493732452,0.869613469,0,-0.869613469,0.493732452,0,0,0,0.999999642],"scale":1.16146958,"type":"tall_plant2"}
{"pos":[-726.571411,231.530518,289.611816],"rotationMatrix":[0.493732452,0.869613469,0,-0.869613469,0.493732452,0,0,0,0.999999642],"scale":1.16146958,"type":"tall_plant2"}
{"pos":[-730.483643,224.639862,289.611816],"rotationMatrix":[0.493732452,0.869613469,0,-0.869613469,0.493732452,0,0,0,0.999999642],"scale":1.16146958,"type":"tall_plant2"}
{"pos":[-746.084412,197.162216,289.611816],"rotationMatrix":[0.493732452,0.869613469,0,-0.869613469,0.493732452,0,0,0,0.999999642],"scale":1.16146958,"type":"tall_plant2"}
{"pos":[-742.17218,204.052872,289.611816],"rotationMatrix":[0.493732452,0.869613469,0,-0.869613469,0.493732452,0,0,0,0.999999642],"scale":1.16146958,"type":"tall_plant2"}
{"pos":[-738.187866,211.070374,289.611816],"rotationMatrix":[0.493732452,0.869613469,0,-0.869613469,0.493732452,0,0,0,0.999999642],"scale":1.16146958,"type":"tall_plant2"}
{"pos":[-734.158508,218.167313,289.611816],"rotationMatrix":[0.493732452,0.869613469,0,-0.869613469,0.493732452,0,0,0,0.999999642],"scale":1.16146958,"type":"tall_plant2"}
{"pos":[-721.113525,247.025177,289.611816],"rotationMatrix":[0.493732452,0.869613469,0,-0.869613469,0.493732452,0,0,0,0.999999642],"scale":1.16146958,"type":"tall_plant2"}
{"pos":[-725.142883,239.928238,289.611816],"rotationMatrix":[0.493732452,0.869613469,0,-0.869613469,0.493732452,0,0,0,0.999999642],"scale":1.16146958,"type":"tall_plant2"}
{"pos":[-729.127197,232.910736,289.611816],"rotationMatrix":[0.493732452,0.869613469,0,-0.869613469,0.493732452,0,0,0,0.999999642],"scale":1.16146958,"type":"tall_plant2"}
{"pos":[-733.039429,226.020081,289.611816],"rotationMatrix":[0.493732452,0.869613469,0,-0.869613469,0.493732452,0,0,0,0.999999642],"scale":1.16146958,"type":"tall_plant2"}
{"pos":[-748.640198,198.542435,289.611816],"rotationMatrix":[0.493732452,0.869613469,0,-0.869613469,0.493732452,0,0,0,0.999999642],"scale":1.16146958,"type":"tall_plant2"}
{"pos":[-744.727966,205.43309,289.611816],"rotationMatrix":[0.493732452,0.869613469,0,-0.869613469,0.493732452,0,0,0,0.999999642],"scale":1.16146958,"type":"tall_plant2"}
{"pos":[-740.743652,212.450592,289.611816],"rotationMatrix":[0.493732452,0.869613469,0,-0.869613469,0.493732452,0,0,0,0.999999642],"scale":1.16146958,"type":"tall_plant2"}
{"pos":[-736.714294,219.547531,289.611816],"rotationMatrix":[0.493732452,0.869613469,0,-0.869613469,0.493732452,0,0,0,0.999999642],"scale":1.16146958,"type":"tall_plant2"}
{"pos":[-723.709045,248.541443,289.611816],"rotationMatrix":[0.493732452,0.869613469,0,-0.869613469,0.493732452,0,0,0,0.999999642],"scale":1.16146958,"type":"tall_plant2"}
{"pos":[-727.738403,241.444504,289.611816],"rotationMatrix":[0.493732452,0.869613469,0,-0.869613469,0.493732452,0,0,0,0.999999642],"scale":1.16146958,"type":"tall_plant2"}
{"pos":[-731.722717,234.427002,289.611816],"rotationMatrix":[0.493732452,0.869613469,0,-0.869613469,0.493732452,0,0,0,0.999999642],"scale":1.16146958,"type":"tall_plant2"}
{"pos":[-735.634949,227.536346,289.611816],"rotationMatrix":[0.493732452,0.869613469,0,-0.869613469,0.493732452,0,0,0,0.999999642],"scale":1.16146958,"type":"tall_plant2"}
{"pos":[-751.235718,200.058701,289.611816],"rotationMatrix":[0.493732452,0.869613469,0,-0.869613469,0.493732452,0,0,0,0.999999642],"scale":1.16146958,"type":"tall_plant2"}
{"pos":[-747.323486,206.949356,289.611816],"rotationMatrix":[0.493732452,0.869613469,0,-0.869613469,0.493732452,0,0,0,0.999999642],"scale":1.16146958,"type":"tall_plant2"}
{"pos":[-743.339172,213.966858,289.611816],"rotationMatrix":[0.493732452,0.869613469,0,-0.869613469,0.493732452,0,0,0,0.999999642],"scale":1.16146958,"type":"tall_plant2"}
{"pos":[-739.309814,221.063797,289.611816],"rotationMatrix":[0.493732452,0.869613469,0,-0.869613469,0.493732452,0,0,0,0.999999642],"scale":1.16146958,"type":"tall_plant2"}
{"pos":[-758.115784,205.544525,289.611816],"rotationMatrix":[0.493732452,0.869613469,0,-0.869613469,0.493732452,0,0,0,0.999999642],"scale":1.16146958,"type":"tall_plant2"}
{"pos":[-754.203552,212.435181,289.611816],"rotationMatrix":[0.493732452,0.869613469,0,-0.869613469,0.493732452,0,0,0,0.999999642],"scale":1.16146958,"type":"tall_plant2"}
{"pos":[-750.219238,219.452682,289.611816],"rotationMatrix":[0.493732452,0.869613469,0,-0.869613469,0.493732452,0,0,0,0.999999642],"scale":1.16146958,"type":"tall_plant2"}
{"pos":[-746.188477,226.549622,289.805145],"rotationMatrix":[0.493368417,0.869613409,0.0189554133,-0.868972301,0.493732423,-0.033386264,-0.0383920558,0,0.999262273],"scale":1.16146958,"type":"tall_plant2"}
{"pos":[-742.516357,233.022156,289.946259],"rotationMatrix":[0.493368417,0.869613409,0.0189554133,-0.868972301,0.493732423,-0.033386264,-0.0383920558,0,0.999262273],"scale":1.16146958,"type":"tall_plant2"}
{"pos":[-761.293823,207.449142,289.90094],"rotationMatrix":[0.493732423,0.869528353,0.0121645536,-0.869613409,0.493684143,0.0069065569,0,-0.0139884567,0.999901712],"scale":1.16146958,"type":"tall_plant2"}
{"pos":[-757.381592,214.339111,289.997314],"rotationMatrix":[0.493732423,0.869528353,0.0121645536,-0.869613409,0.493684143,0.0069065569,0,-0.0139884567,0.999901712],"scale":1.16146958,"type":"tall_plant2"}
{"pos":[-753.397278,221.355927,290.09549],"rotationMatrix":[0.493732423,0.869528353,0.0121645536,-0.869613409,0.493684143,0.0069065569,0,-0.0139884567,0.999901712],"scale":1.16146958,"type":"tall_plant2"}
{"pos":[-749.36792,228.452179,290.194763],"rotationMatrix":[0.493732423,0.869528353,0.0121645536,-0.869613409,0.493684143,0.0069065569,0,-0.0139884567,0.999901712],"scale":1.16146958,"type":"tall_plant2"}
{"pos":[-745.693054,234.924088,290.285309],"rotationMatrix":[0.493732423,0.869528353,0.0121645536,-0.869613409,0.493684143,0.0069065569,0,-0.0139884567,0.999901712],"scale":1.16146958,"type":"tall_plant2"}
{"pos":[-764.543823,209.079346,289.924377],"rotationMatrix":[0.493732423,0.869528353,0.0121645536,-0.869613409,0.493684143,0.0069065569,0,-0.0139884567,0.999901712],"scale":1.16146958,"type":"tall_plant2"}
{"pos":[-760.631592,215.969315,290.020752],"rotationMatrix":[0.493732423,0.869528353,0.0121645536,-0.869613409,0.493684143,0.0069065569,0,-0.0139884567,0.999901712],"scale":1.16146958,"type":"tall_plant2"}
{"pos":[-756.647278,222.98613,290.118927],"rotationMatrix":[0.493732423,0.869528353,0.0121645536,-0.869613409,0.493684143,0.0069065569,0,-0.0139884567,0.999901712],"scale":1.16146958,"type":"tall_plant2"}
{"pos":[-739.651245,197.552643,289.611816],"rotationMatrix":[0.493732452,0.869613469,0,-0.869613469,0.493732452,0,0,0,0.999999642],"scale":1.16146958,"type":"tall_plant2"}
{"pos":[-329.347443,296.543884,272.907928],"rotationMatrix":[-0.999995828,0.00281615555,0,-0.00281615555,-0.999995828,0,0,0,0.999999762],"scale":1.13636136,"type":"tall_plant2"}
{"pos":[-329.521515,292.660461,272.907928],"rotationMatrix":[-0.999995828,0.00281615555,0,-0.00281615555,-0.999995828,0,0,0,0.999999762],"scale":1.10903621,"type":"tall_plant2"}
{"pos":[-329.631348,291.456482,272.907928],"rotationMatrix":[0.999995708,-0.00281582959,0,0.00281582959,0.999995708,0,0,0,0.999999642],"scale":1.10903621,"type":"tall_plant2"}
{"pos":[-329.349091,295.47113,272.907928],"rotationMatrix":[0.999995708,-0.00281582959,0,0.00281582959,0.999995708,0,0,0,0.999999642],"scale":1.13636136,"type":"tall_plant2"}
