{"pos":[-572.740173,779.121887,27.5852242],"rotationMatrix":[0.714368403,-0.699769735,0,0.699769735,0.714368403,0,0,0,1],"scale":1.17970645,"type":"tall_plant2"}
{"pos":[-568.615417,775.805725,26.9737816],"rotationMatrix":[0.987100899,-0.160097927,0,0.160097927,0.987100899,0,0,0,1],"scale":1.15364265,"type":"tall_plant2"}
{"pos":[-579.434387,771.137878,27.3549156],"rotationMatrix":[0.251817942,-0.96777463,0,0.96777463,0.251817942,0,0,0,1],"scale":1.17352009,"type":"tall_plant2"}
{"pos":[-572.496216,759.085815,27.2323933],"rotationMatrix":[-0.946885347,-0.32157129,0,0.32157129,-0.946885347,0,0,0,1],"scale":1.03060448,"type":"tall_plant2"}
{"pos":[-564.08313,759.34729,26.7598],"rotationMatrix":[0.987117589,-0.159993336,0,0.159993336,0.987117589,0,0,0,1],"scale":1.11101282,"type":"tall_plant2"}
{"pos":[-556.04718,759.22168,27.008707],"rotationMatrix":[0.512142181,-0.858900726,0,0.858900726,0.512142181,0,0,0,1],"scale":1.0288918,"type":"tall_plant2"}
{"pos":[-559.135864,758.482544,27.5056286],"rotationMatrix":[0.999985635,-0.00536780152,0,0.00536780152,0.999985635,0,0,0,1],"scale":1.12759948,"type":"tall_plant2"}
{"pos":[-551.929199,760.375732,27.5703011],"rotationMatrix":[-0.98213172,-0.188194841,0,0.188194841,-0.98213172,0,0,0,1],"scale":1.05375862,"type":"tall_plant2"}
{"pos":[-555.82843,764.013672,26.9819736],"rotationMatrix":[-0.558141589,0.829746425,0,-0.829746425,-0.558141589,0,0,0,1],"scale":1.13375497,"type":"tall_plant2"}
{"pos":[-568.426941,798.910156,27.4358387],"rotationMatrix":[-0.964709878,0.263315201,0,-0.263315201,-0.964709878,0,0,0,1],"scale":1.15901875,"type":"tall_plant2"}
{"pos":[-575.178101,800.696167,27.7235947],"rotationMatrix":[-0.786075413,0.618130088,0,-0.618130088,-0.786075413,0,0,0,1],"scale":1.02107334,"type":"tall_plant2"}
{"pos":[-577.352295,801.672913,27.5760746],"rotationMatrix":[-0.561957359,0.827165842,0,-0.827165842,-0.561957359,0,0,0,1],"scale":1.13722777,"type":"tall_plant2"}
{"pos":[-578.12085,807.385193,27.4317913],"rotationMatrix":[0.653986156,-0.756506503,0,0.756506503,0.653986156,0,0,0,1],"scale":1.11306441,"type":"tall_plant2"}
{"pos":[-587.855286,816.406372,27.5416203],"rotationMatrix":[-0.44398424,-0.896034002,0,0.896034002,-0.44398424,0,0,0,1],"scale":1.02213681,"type":"tall_plant2"}
{"pos":[-587.513672,811.357971,27.2484188],"rotationMatrix":[0.998686314,0.0512411855,0,-0.0512411855,0.998686314,0,0,0,1],"scale":1.18978715,"type":"tall_plant2"}
{"pos":[-589.785156,809.678101,27.1464405],"rotationMatrix":[1,-0.000544257462,0,0.000544257462,1,0,0,0,1],"scale":1.19496965,"type":"tall_plant2"}
{"pos":[-593.440125,808.821472,27.4566193],"rotationMatrix":[0.55657351,0.830798388,0,-0.830798388,0.55657351,0,0,0,1],"scale":1.01710987,"type":"tall_plant2"}
{"pos":[-594.898071,804.5672,27.6218643],"rotationMatrix":[-0.548006654,-0.836473942,0,0.836473942,-0.548006654,0,0,0,1],"scale":1.17938983,"type":"tall_plant2"}
{"pos":[-593.429443,802.170654,27.3546371],"rotationMatrix":[-0.936187685,-0.351500541,0,0.351500541,-0.936187685,0,0,0,1],"scale":1.02049088,"type":"tall_plant2"}
{"pos":[-593.506104,799.200684,27.062315],"rotationMatrix":[-0.180294022,0.983612776,0,-0.983612776,-0.180294022,0,0,0,1],"scale":1.10641181,"type":"tall_plant2"}
{"pos":[-594.523621,796.498291,27.3649368],"rotationMatrix":[0.54566592,-0.838002801,0,0.838002801,0.54566592,0,0,0,1],"scale":1.0530833,"type":"tall_plant2"}
{"pos":[-592.740051,793.777466,28.0244389],"rotationMatrix":[0.652548552,-0.757746994,0,0.757746994,0.652548552,0,0,0,1],"scale":1.19504571,"type":"tall_plant2"}
{"pos":[-591.872742,788.618713,27.7813377],"rotationMatrix":[0.307542682,0.951534212,0,-0.951534212,0.307542682,0,0,0,1],"scale":1.1310854,"type":"tall_plant2"}
{"pos":[-587.498352,785.379211,26.9843979],"rotationMatrix":[0.593383908,-0.804919541,0,0.804919541,0.593383908,0,0,0,1],"scale":1.14299226,"type":"tall_plant2"}
{"pos":[-544.476318,768.599915,26.9733391],"rotationMatrix":[0.998302042,0.0582501628,0,-0.0582501628,0.998302042,0,0,0,1],"scale":1.18852699,"type":"tall_plant2"}
{"pos":[-546.015808,773.646484,27.6714115],"rotationMatrix":[-0.89356631,0.448931187,0,-0.448931187,-0.89356631,0,0,0,1],"scale":1.00699878,"type":"tall_plant2"}
{"pos":[-545.837219,775.655457,27.3005524],"rotationMatrix":[0.60738951,0.794404089,0,-0.794404089,0.60738951,0,0,0,1],"scale":1.0085789,"type":"tall_plant2"}
{"pos":[-542.954285,776.502258,27.4253826],"rotationMatrix":[0.700738788,0.713417947,0,-0.713417947,0.700738788,0,0,0,1],"scale":1.19895387,"type":"tall_plant2"}
{"pos":[-541.965515,781.017517,27.6020699],"rotationMatrix":[0.570964158,0.820975125,0,-0.820975125,0.570964158,0,0,0,1],"scale":1.19041753,"type":"tall_plant2"}
{"pos":[-536.909302,784.287231,27.5583897],"rotationMatrix":[-0.869646609,-0.493674219,0,0.493674219,-0.869646609,0,0,0,1],"scale":1.12592793,"type":"tall_plant2"}
{"pos":[-541.327332,795.393372,27.4119835],"rotationMatrix":[0.509957433,-0.86019969,0,0.86019969,0.509957433,0,0,0,1],"scale":1.0908972,"type":"tall_plant2"}
{"pos":[-556.754456,831.308899,27.5212708],"rotationMatrix":[-0.238340527,-0.971181631,0,0.971181631,-0.238340527,0,0,0,1],"scale":1.01113605,"type":"tall_plant2"}
{"pos":[-554.314026,829.459961,26.9865837],"rotationMatrix":[-0.91161263,0.411050409,0,-0.411050409,-0.91161263,0,0,0,1],"scale":1.04737675,"type":"tall_plant2"}
{"pos":[-550.904419,826.471191,27.5057449],"rotationMatrix":[-0.699690223,0.714446306,0,-0.714446306,-0.699690223,0,0,0,1],"scale":1.12831163,"type":"tall_plant2"}
{"pos":[-546.848511,821.977295,27.9960499],"rotationMatrix":[0.963694751,-0.267006457,0,0.267006457,0.963694751,0,0,0,1],"scale":1.05900049,"type":"tall_plant2"}
{"pos":[-543.804138,821.965271,27.5490456],"rotationMatrix":[-0.943378627,-0.331717849,0,0.331717849,-0.943378627,0,0,0,1],"scale":1.1885041,"type":"tall_plant2"}
{"pos":[-538.302429,825.261414,27.7727203],"rotationMatrix":[-0.961247504,-0.27568686,0,0.27568686,-0.961247504,0,0,0,1],"scale":1.14702582,"type":"tall_plant2"}
{"pos":[-536.554932,823.270203,27.4513245],"rotationMatrix":[-0.986962497,0.160950243,0,-0.160950243,-0.986962497,0,0,0,1],"scale":1.03134382,"type":"tall_plant2"}
{"pos":[-531.601013,826.611877,27.3009529],"rotationMatrix":[0.937473834,-0.34805584,0,0.34805584,0.937473834,0,0,0,1],"scale":1.12794781,"type":"tall_plant2"}
{"pos":[-526.716797,828.9198,27.7120571],"rotationMatrix":[-0.922031522,-0.387115628,0,0.387115628,-0.922031522,0,0,0,1],"scale":1.11015618,"type":"tall_plant2"}
{"pos":[-523.413818,832.455383,27.4785233],"rotationMatrix":[-0.132779688,0.991145551,0,-0.991145551,-0.132779688,0,0,0,1],"scale":1.18907607,"type":"tall_plant2"}
{"pos":[-518.970398,834.79541,27.1066475],"rotationMatrix":[-0.969770014,-0.244020671,0,0.244020671,-0.969770014,0,0,0,1],"scale":1.17413449,"type":"tall_plant2"}
{"pos":[-513.486389,831.14917,27.2082539],"rotationMatrix":[-0.911641598,0.410986066,0,-0.410986066,-0.911641598,0,0,0,1],"scale":1.04793119,"type":"tall_plant2"}
{"pos":[-513.041443,827.829651,26.8530006],"rotationMatrix":[-0.312817216,0.949813366,0,-0.949813366,-0.312817216,0,0,0,1],"scale":1.19096005,"type":"tall_plant2"}
{"pos":[-513.053711,825.531372,26.8261185],"rotationMatrix":[-0.918920219,-0.394443512,0,0.394443512,-0.918920219,0,0,0,1],"scale":1.00761616,"type":"tall_plant2"}
{"pos":[-516.123596,823.381042,27.2536221],"rotationMatrix":[0.843738973,0.536753714,0,-0.536753714,0.843738973,0,0,0,1],"scale":1.11897612,"type":"tall_plant2"}
{"pos":[-515.046753,820.5625,26.9117126],"rotationMatrix":[-0.995389342,0.0959124193,0,-0.0959124193,-0.995389342,0,0,0,1],"scale":1.18292046,"type":"tall_plant2"}
{"pos":[-512.184204,819.786804,27.0838013],"rotationMatrix":[-0.476548105,0.879148364,0,-0.879148364,-0.476548105,0,0,0,1],"scale":1.11977482,"type":"tall_plant2"}
{"pos":[-505.406891,829.79071,26.9091244],"rotationMatrix":[0.926927745,0.375238955,0,-0.375238955,0.926927745,0,0,0,1],"scale":1.07796562,"type":"tall_plant2"}
{"pos":[-501.99585,833.41333,26.6692867],"rotationMatrix":[-0.949389398,-0.314101875,0,0.314101875,-0.949389398,0,0,0,1],"scale":1.19175696,"type":"tall_plant2"}
{"pos":[-497.43692,835.344116,27.0521049],"rotationMatrix":[-0.722436607,0.691437125,0,-0.691437125,-0.722436607,0,0,0,1],"scale":1.05850279,"type":"tall_plant2"}
{"pos":[-492.164825,836.49823,27.1536942],"rotationMatrix":[0.979183674,-0.202976212,0,0.202976212,0.979183674,0,0,0,1],"scale":1.12312937,"type":"tall_plant2"}
{"pos":[-489.319855,836.421448,27.2162952],"rotationMatrix":[0.951175511,0.308650494,0,-0.308650494,0.951175511,0,0,0,1],"scale":1.07758784,"type":"tall_plant2"}
{"pos":[-483.348541,825.731384,27.4281254],"rotationMatrix":[0.702912033,0.711276829,0,-0.711276829,0.702912033,0,0,0,1],"scale":1.16623282,"type":"tall_plant2"}
{"pos":[-485.967133,822.756653,27.3225651],"rotationMatrix":[-0.936362028,-0.351035804,0,0.351035804,-0.936362028,0,0,0,1],"scale":1.11367869,"type":"tall_plant2"}
{"pos":[-486.010254,820.539062,27.0111694],"rotationMatrix":[-0.706918061,-0.707295477,0,0.707295477,-0.706918061,0,0,0,1],"scale":1.12017512,"type":"tall_plant2"}
{"pos":[-495.062012,809.827637,27.0701485],"rotationMatrix":[-0.858397126,-0.512985766,0,0.512985766,-0.858397126,0,0,0,1],"scale":1.15639937,"type":"tall_plant2"}
{"pos":[-493.93692,807.710083,27.9123249],"rotationMatrix":[0.345076412,0.938574612,0,-0.938574612,0.345076412,0,0,0,1],"scale":1.18556023,"type":"tall_plant2"}
{"pos":[-495.49826,805.638855,27.5497742],"rotationMatrix":[-0.429731518,-0.902956724,0,0.902956724,-0.429731518,0,0,0,1],"scale":1.0114851,"type":"tall_plant2"}
{"pos":[-499.357513,801.798218,27.1696548],"rotationMatrix":[-0.575473487,0.81782043,0,-0.81782043,-0.575473487,0,0,0,1],"scale":1.03275156,"type":"tall_plant2"}
{"pos":[-503.86911,801.062317,27.2962742],"rotationMatrix":[0.386020809,0.92249006,0,-0.92249006,0.386020809,0,0,0,1],"scale":1.1305356,"type":"tall_plant2"}
{"pos":[-506.326019,799.567383,27.339716],"rotationMatrix":[0.579056859,0.815287173,0,-0.815287173,0.579056859,0,0,0,1],"scale":1.14533043,"type":"tall_plant2"}
{"pos":[-512.76532,792.865906,27.523447],"rotationMatrix":[0.359606385,0.933104098,0,-0.933104098,0.359606385,0,0,0,1],"scale":1.04264092,"type":"tall_plant2"}
{"pos":[-517.039062,791.262085,27.1911755],"rotationMatrix":[0.954040706,-0.299677044,0,0.299677044,0.954040706,0,0,0,1],"scale":1.02946687,"type":"tall_plant2"}
{"pos":[-520.033936,790.376038,27.3762321],"rotationMatrix":[-0.199194327,-0.979960024,0,0.979960024,-0.199194327,0,0,0,1],"scale":1.12551785,"type":"tall_plant2"}
{"pos":[-522.162659,788.678528,27.4032822],"rotationMatrix":[0.429712892,0.902965605,0,-0.902965605,0.429712892,0,0,0,1],"scale":1.05449772,"type":"tall_plant2"}
{"pos":[-525.396057,785.849854,26.7725754],"rotationMatrix":[0.195952266,0.98061341,0,-0.98061341,0.195952266,0,0,0,1],"scale":1.08902311,"type":"tall_plant2"}
{"pos":[-528.44574,783.865967,28.2973747],"rotationMatrix":[0.329299152,-0.944225669,0,0.944225669,0.329299152,0,0,0,1],"scale":1.17804408,"type":"tall_plant2"}
{"pos":[-530.946411,785.520142,27.3286343],"rotationMatrix":[-0.98557955,0.169212237,0,-0.169212237,-0.98557955,0,0,0,1],"scale":1.00632691,"type":"tall_plant2"}
{"pos":[-551.706848,794.17334,27.258976],"rotationMatrix":[0.970413983,-0.241447166,0,0.241447166,0.970413983,0,0,0,1],"scale":1.16649354,"type":"tall_plant2"}
{"pos":[-566.081299,817.896973,27.3399467],"rotationMatrix":[0.662944436,0.748668611,0,-0.748668611,0.662944436,0,0,0,1],"scale":1.07149577,"type":"tall_plant2"}
{"pos":[-563.756165,818.735107,27.1488132],"rotationMatrix":[0.368717402,0.929541528,0,-0.929541528,0.368717402,0,0,0,1],"scale":1.08903813,"type":"tall_plant2"}
{"pos":[-560.684448,820.506592,27.2940617],"rotationMatrix":[0.510222495,-0.860042453,0,0.860042453,0.510222495,0,0,0,1],"scale":1.13774431,"type":"tall_plant2"}
{"pos":[-570.449158,826.647217,27.722496],"rotationMatrix":[0.853032529,0.521857679,0,-0.521857679,0.853032529,0,0,0,1],"scale":1.08063793,"type":"tall_plant2"}
{"pos":[-559.630127,804.732483,27.9986572],"rotationMatrix":[-0.88316679,-0.469059229,0,0.469059229,-0.88316679,0,0,0,1],"scale":1.06255746,"type":"tall_plant2"}
{"pos":[-560.089233,806.615051,27.5057945],"rotationMatrix":[-0.857521653,-0.514448047,0,0.514448047,-0.857521653,0,0,0,1],"scale":1.17899776,"type":"tall_plant2"}
{"pos":[-555.97644,807.150757,27.7605705],"rotationMatrix":[0.748579919,0.663043976,0,-0.663043976,0.748579919,0,0,0,1],"scale":1.04572642,"type":"tall_plant2"}
{"pos":[-238.153809,233.240707,30.6034069],"rotationMatrix":[-0.964970648,0.262357891,0,-0.262357891,-0.964970648,0,0,0,1],"scale":1.05366766,"type":"tall_plant2"}
{"pos":[-253.456665,221.752533,30.1799984],"rotationMatrix":[-0.914259911,-0.403096199,0.0405268073,0.402603596,-0.892854273,0.201794952,-0.0451582186,0.20080927,0.97858882],"scale":1.06955254,"type":"tall_plant2"}
{"pos":[-258.339081,231.644226,30.5995255],"rotationMatrix":[-0.843608558,-0.536958456,0,0.536958456,-0.843608558,0,0,0,1],"scale":1.16988778,"type":"tall_plant2"}
{"pos":[-259.802307,228.642761,29.9987469],"rotationMatrix":[-0.4235062,-0.905893028,0,0.905893028,-0.4235062,0,0,0,1],"scale":1.17357564,"type":"tall_plant2"}
{"pos":[-262.16803,226.731293,30.7211418],"rotationMatrix":[-0.331104964,0.943594694,0,-0.943594694,-0.331104964,0,0,0,1],"scale":1.06091809,"type":"tall_plant2"}
{"pos":[-239.438446,230.923721,30.4834766],"rotationMatrix":[0.260215044,0.9655509,0,-0.9655509,0.260215044,0,0,0,1],"scale":1.1338588,"type":"tall_plant2"}
{"pos":[-241.33812,231.992599,30.3213577],"rotationMatrix":[0.287409991,-0.95780766,0,0.95780766,0.287409991,0,0,0,1],"scale":1.02331245,"type":"tall_plant2"}
{"pos":[-243.954041,236.578827,30.5147705],"rotationMatrix":[-0.99347645,0.114037529,0,-0.114037529,-0.99347645,0,0,0,1],"scale":1.15836644,"type":"tall_plant2"}
{"pos":[-240.258926,236.939423,30.5111713],"rotationMatrix":[0.751489162,-0.659745455,0,0.659745455,0.751489162,0,0,0,1],"scale":1.15789318,"type":"tall_plant2"}
{"pos":[-256.329529,222.189728,29.9178867],"rotationMatrix":[0.985678613,0.168633655,0,-0.168633655,0.985678613,0,0,0,1],"scale":1.16951466,"type":"tall_plant2"}
{"pos":[-265.982361,211.913498,30.3544827],"rotationMatrix":[0.590155721,-0.807289422,0,0.807289422,0.590155721,0,0,0,1],"scale":1.07428634,"type":"tall_plant2"}
{"pos":[-268.64917,210.776428,30.4006863],"rotationMatrix":[-0.9861238,0.166011736,0,-0.166011736,-0.9861238,0,0,0,1],"scale":1.18060887,"type":"tall_plant2"}
{"pos":[-274.106781,210.350388,30.5624447],"rotationMatrix":[0.997068346,0.0765159801,0,-0.0765159801,0.997068346,0,0,0,1],"scale":1.11424613,"type":"tall_plant2"}
{"pos":[-279.864014,213.75177,30.2929363],"rotationMatrix":[-0.681372821,0.731936514,0,-0.731936514,-0.681372821,0,0,0,1],"scale":1.03538918,"type":"tall_plant2"}
{"pos":[-283.774445,216.328735,30.401556],"rotationMatrix":[0.504982293,0.863130689,0,-0.863130689,0.504982293,0,0,0,1],"scale":1.04808545,"type":"tall_plant2"}
{"pos":[-273.741211,217.922134,30.2106705],"rotationMatrix":[-0.990474403,0.137697116,0,-0.137697116,-0.990474403,0,0,0,1],"scale":1.19307148,"type":"tall_plant2"}
{"pos":[-286.447632,217.017075,30.7197647],"rotationMatrix":[-0.962760866,-0.270353138,0,0.270353138,-0.962760866,0,0,0,1],"scale":1.04186606,"type":"tall_plant2"}
{"pos":[-327.587463,257.072601,27.5601006],"rotationMatrix":[-0.672164023,0.740402281,0,-0.740402281,-0.672164023,0,0,0,1],"scale":1.12769771,"type":"tall_plant2"}
{"pos":[-358.499664,290.320435,27.4403248],"rotationMatrix":[0.482436895,-0.875930727,0,0.875930727,0.482436895,0,0,0,1],"scale":1.12957668,"type":"tall_plant2"}
{"pos":[-443.729553,-485.88443,33.1403236],"rotationMatrix":[0.293970495,0.955814421,0,-0.955814421,0.293970495,0,0,0,1],"scale":1.00748134,"type":"tall_plant2"}
{"pos":[-443.433838,-479.489014,32.9730797],"rotationMatrix":[-0.346333325,-0.938111424,0,0.938111424,-0.346333325,0,0,0,1],"scale":1.14646721,"type":"tall_plant2"}
{"pos":[-454.477997,-428.367737,32.984581],"rotationMatrix":[0.0792455301,0.996854901,0,-0.996854901,0.0792455301,0,0,0,1],"scale":1.13052106,"type":"tall_plant2"}
{"pos":[-449.162903,-484.901245,33.2267876],"rotationMatrix":[0.374240309,0.927331805,0,-0.927331805,0.374240309,0,0,0,1],"scale":1.16103959,"type":"tall_plant2"}
{"pos":[-451.060669,-493.090881,33.5981979],"rotationMatrix":[-0.185584083,0.98257798,0.00996952411,-0.982011557,-0.185098469,-0.0373250097,-0.0348292813,-0.0167170987,0.999253631],"scale":1.11473525,"type":"tall_plant2"}
{"pos":[-450.446411,-553.816223,33.4322548],"rotationMatrix":[0.00705165602,-0.999975085,0,0.999975085,0.00705165602,0,0,0,1],"scale":1.07940578,"type":"tall_plant2"}
{"pos":[-450.697449,-559.93573,33.4675331],"rotationMatrix":[-0.363320827,0.931663513,0,-0.931663513,-0.363320827,0,0,0,1],"scale":1.15446377,"type":"tall_plant2"}
{"pos":[-447.223297,-527.680054,34.0459023],"rotationMatrix":[0.29577592,0.955256999,0,-0.955256999,0.29577592,0,0,0,1],"scale":1.02809358,"type":"tall_plant2"}
{"pos":[-451.894928,-524.809326,33.5205078],"rotationMatrix":[0.0763626173,-0.997080386,0,0.997080386,0.0763626173,0,0,0,1],"scale":1.17280221,"type":"tall_plant2"}
{"pos":[-447.853027,-533.116089,33.2978325],"rotationMatrix":[0.0912038088,0.995832264,0,-0.995832264,0.0912038088,0,0,0,1],"scale":1.04436088,"type":"tall_plant2"}
{"pos":[-450.134094,-490.255859,32.8868828],"rotationMatrix":[-0.163729295,-0.986505568,0,0.986505568,-0.163729295,0,0,0,1],"scale":1.0838027,"type":"tall_plant2"}
{"pos":[-447.16333,-499.993042,33.8337173],"rotationMatrix":[0.148744866,0.988875806,0,-0.988875806,0.148744866,0,0,0,1],"scale":1.17592978,"type":"tall_plant2"}
{"pos":[-450.304565,-456.344818,33.1270676],"rotationMatrix":[0.351214528,-0.936295033,0,0.936295033,0.351214528,0,0,0,1],"scale":1.09669328,"type":"tall_plant2"}
{"pos":[-448.105438,-461.240692,33.1953735],"rotationMatrix":[0.0421919376,-0.999110222,0,0.999110222,0.0421919376,0,0,0,1],"scale":1.18484616,"type":"tall_plant2"}
{"pos":[-446.191193,-464.722687,33.5282364],"rotationMatrix":[-0.524660826,0.851311684,0,-0.851311684,-0.524660826,0,0,0,1],"scale":1.01782751,"type":"tall_plant2"}
{"pos":[-446.084991,-468.793823,33.070858],"rotationMatrix":[0.114595063,-0.993412912,0,0.993412912,0.114595063,0,0,0,1],"scale":1.17658281,"type":"tall_plant2"}
{"pos":[-444.599335,-474.424652,33.4392509],"rotationMatrix":[0.0852082446,-0.996363282,0,0.996363282,0.0852082446,0,0,0,1],"scale":1.16468704,"type":"tall_plant2"}
{"pos":[-450.491974,-373.19165,33.6867218],"rotationMatrix":[-0.135118768,-0.990829766,0,0.990829766,-0.135118768,0,0,0,1],"scale":1.09078121,"type":"tall_plant2"}
{"pos":[-451.790344,-378.453186,33.4630508],"rotationMatrix":[0.343266994,-0.939237714,0,0.939237714,0.343266994,0,0,0,1],"scale":1.0541501,"type":"tall_plant2"}
{"pos":[-452.284576,-382.713837,33.3777809],"rotationMatrix":[-0.0272232182,0.999629021,0,-0.999629021,-0.0272232182,0,0,0,1],"scale":1.095101,"type":"tall_plant2"}
{"pos":[-451.980042,-386.310272,33.5246773],"rotationMatrix":[-0.295819819,-0.955243111,0,0.955243111,-0.295819819,0,0,0,1],"scale":1.1508379,"type":"tall_plant2"}
{"pos":[-452.315735,-371.262421,32.7457848],"rotationMatrix":[-0.774089515,0.633076787,0,-0.633076787,-0.774089515,0,0,0,1],"scale":1.08547521,"type":"tall_plant2"}
{"pos":[-479.374786,-267.245148,26.4978485],"rotationMatrix":[-0.932371438,0.361500114,0,-0.361500114,-0.932371438,0,0,0,1],"scale":1.16144788,"type":"tall_plant2"}
{"pos":[-478.04425,-265.733215,26.3454857],"rotationMatrix":[-0.887891829,0.460051447,0,-0.460051447,-0.887891829,0,0,0,1],"scale":1.00486791,"type":"tall_plant2"}
{"pos":[-450.718292,-352.919159,32.6796265],"rotationMatrix":[-0.360464811,-0.932772934,0,0.932772934,-0.360464811,0,0,0,1],"scale":1.06298649,"type":"tall_plant2"}
{"pos":[-538.153564,-239.667618,25.7060719],"rotationMatrix":[0.923251688,0.384195745,0,-0.384195745,0.923251688,0,0,0,1],"scale":1.17613375,"type":"tall_plant2"}
{"pos":[-652.247742,-199.56459,21.5412846],"rotationMatrix":[0.803272426,-0.595611751,0,0.595611751,0.803272426,0,0,0,1],"scale":1.04424739,"type":"tall_plant2"}
{"pos":[-647.522217,-203.458817,21.7126179],"rotationMatrix":[0.844458461,-0.535620332,0,0.535620332,0.844458461,0,0,0,1],"scale":1.12249756,"type":"tall_plant2"}
{"pos":[-663.505493,-196.508316,21.8350925],"rotationMatrix":[0.83375746,-0.552130401,0,0.552130401,0.83375746,0,0,0,1],"scale":1.05635798,"type":"tall_plant2"}
{"pos":[-502.064362,-253.275604,26.722744],"rotationMatrix":[0.85320431,-0.521576881,0,0.521576881,0.85320431,0,0,0,1],"scale":1.02301681,"type":"tall_plant2"}
{"pos":[-502.347351,-258.405426,26.7728195],"rotationMatrix":[0.965744793,-0.259493887,0,0.259493887,0.965744793,0,0,0,1],"scale":1.03705287,"type":"tall_plant2"}
{"pos":[-523.901123,-239.90799,27.2293072],"rotationMatrix":[0.801392078,-0.598139405,0,0.598139405,0.801392078,0,0,0,1],"scale":1.07135487,"type":"tall_plant2"}
{"pos":[-525.853882,-240.19986,27.011425],"rotationMatrix":[-0.875941396,0.482417375,0,-0.482417375,-0.875941396,0,0,0,1],"scale":1.01316071,"type":"tall_plant2"}
{"pos":[-533.927124,-243.473846,27.1516151],"rotationMatrix":[-0.999119043,0.0419634357,0,-0.0419634357,-0.999119043,0,0,0,1],"scale":1.19693029,"type":"tall_plant2"}
{"pos":[-828.384521,852.343811,31.5291767],"rotationMatrix":[-0.585526049,0.810653627,0,-0.810653627,-0.585526049,0,0,0,1],"scale":1.06187153,"type":"tall_plant2"}
{"pos":[-819.953796,846.874207,29.6187363],"rotationMatrix":[-0.593272865,0.805001438,0,-0.805001438,-0.593272865,0,0,0,1],"scale":1.07574379,"type":"tall_plant2"}
{"pos":[-817.953491,848.686157,30.2356701],"rotationMatrix":[0.111434117,-0.993771851,0,0.993771851,0.111434117,0,0,0,1],"scale":1.09839618,"type":"tall_plant2"}
{"pos":[-817.826599,851.247803,29.4680996],"rotationMatrix":[-0.961658299,-0.274250507,0,0.274250507,-0.961658299,0,0,0,1],"scale":1.16082752,"type":"tall_plant2"}
{"pos":[-813.488647,863.581726,30.4715958],"rotationMatrix":[-0.283875704,0.958861113,0,-0.958861113,-0.283875704,0,0,0,1],"scale":1.03857481,"type":"tall_plant2"}
{"pos":[-815.75592,864.042664,30.3208466],"rotationMatrix":[0.7697227,-0.638378203,0,0.638378203,0.7697227,0,0,0,1],"scale":1.16582978,"type":"tall_plant2"}
{"pos":[-816.650879,866.112915,30.9887619],"rotationMatrix":[0.921884775,-0.387464136,0,0.387464136,0.921884775,0,0,0,1],"scale":1.18980503,"type":"tall_plant2"}
{"pos":[-827.13562,876.504761,29.6552086],"rotationMatrix":[-0.33924818,0.940696359,0,-0.940696359,-0.33924818,0,0,0,1],"scale":1.13446522,"type":"tall_plant2"}
{"pos":[-826.933838,880.423462,30.7405109],"rotationMatrix":[0.194569007,0.980888426,0,-0.980888426,0.194569007,0,0,0,1],"scale":1.0002811,"type":"tall_plant2"}
{"pos":[-825.170837,889.817505,30.9215527],"rotationMatrix":[0.192837015,0.981230795,0,-0.981230795,0.192837015,0,0,0,1],"scale":1.03312767,"type":"tall_plant2"}
{"pos":[-824.85907,894.394531,30.9810448],"rotationMatrix":[0.480687976,0.876890898,0,-0.876890898,0.480687976,0,0,0,1],"scale":1.15445459,"type":"tall_plant2"}
{"pos":[-825.049194,901.132812,31.0246143],"rotationMatrix":[-0.0396131016,0.999215603,0,-0.999215603,-0.0396131016,0,0,0,1],"scale":1.12801647,"type":"tall_plant2"}
{"pos":[-827.894531,905.334961,30.8113632],"rotationMatrix":[-0.520006776,0.854162037,0,-0.854162037,-0.520006776,0,0,0,1],"scale":1.13969517,"type":"tall_plant2"}
{"pos":[-833.87207,915.979309,30.8084602],"rotationMatrix":[-0.265276581,0.964172363,0,-0.964172363,-0.265276581,0,0,0,1],"scale":1.10614383,"type":"tall_plant2"}
{"pos":[-839.114685,919.091675,30.8866577],"rotationMatrix":[0.897463977,-0.441087782,0,0.441087782,0.897463977,0,0,0,1],"scale":1.14645398,"type":"tall_plant2"}
{"pos":[-829.900513,911.900879,30.7402973],"rotationMatrix":[-0.983280778,0.182095811,0,-0.182095811,-0.983280778,0,0,0,1],"scale":1.11477375,"type":"tall_plant2"}
{"pos":[-844.718506,911.094421,30.3257675],"rotationMatrix":[-0.597813427,0.80163461,0,-0.80163461,-0.597813427,0,0,0,1],"scale":1.04843795,"type":"tall_plant2"}
{"pos":[-838.36322,901.750977,30.8698349],"rotationMatrix":[-0.525373936,0.850871146,0,-0.850871146,-0.525373936,0,0,0,1],"scale":1.1757369,"type":"tall_plant2"}
{"pos":[-835.229858,895.579102,30.8185654],"rotationMatrix":[0.431877464,-0.90193212,0,0.90193212,0.431877464,0,0,0,1],"scale":1.11603928,"type":"tall_plant2"}
{"pos":[-833.069885,890.931213,30.4300613],"rotationMatrix":[0.0215409212,0.99976778,0,-0.99976778,0.0215409212,0,0,0,1],"scale":1.08109879,"type":"tall_plant2"}
{"pos":[-836.485413,879.586792,30.8074875],"rotationMatrix":[0.68543011,0.728138447,0,-0.728138447,0.68543011,0,0,0,1],"scale":1.02246439,"type":"tall_plant2"}
{"pos":[-828.713745,855.098328,30.7321262],"rotationMatrix":[0.513972104,-0.857806981,0,0.857806981,0.513972104,0,0,0,1],"scale":1.0680207,"type":"tall_plant2"}
{"pos":[-784.852478,824.743103,30.7464695],"rotationMatrix":[0.203069046,-0.979164362,0,0.979164362,0.203069046,0,0,0,1],"scale":1.15912437,"type":"tall_plant2"}
{"pos":[-786.851501,829.486511,30.7506294],"rotationMatrix":[-0.121033758,-0.992647946,0,0.992647946,-0.121033758,0,0,0,1],"scale":1.05548227,"type":"tall_plant2"}
{"pos":[-789.396606,833.032715,29.9459496],"rotationMatrix":[-0.428588063,0.90350008,0,-0.90350008,-0.428588063,0,0,0,1],"scale":1.16237545,"type":"tall_plant2"}
{"pos":[-789.945312,836.500977,30.9904537],"rotationMatrix":[-0.509328961,0.860571802,0,-0.860571802,-0.509328961,0,0,0,1],"scale":1.13524652,"type":"tall_plant2"}
{"pos":[-791.169617,840.827637,30.6081467],"rotationMatrix":[-0.742657721,0.669670641,0,-0.669670641,-0.742657721,0,0,0,1],"scale":1.02814198,"type":"tall_plant2"}
{"pos":[-791.544922,845.522827,30.9640465],"rotationMatrix":[0.0457814038,-0.998950958,0,0.998950958,0.0457814038,0,0,0,1],"scale":1.19403195,"type":"tall_plant2"}
{"pos":[-793.532471,850.363342,31.1637268],"rotationMatrix":[-0.0779620036,-0.996956706,0,0.996956706,-0.0779620036,0,0,0,1],"scale":1.00986683,"type":"tall_plant2"}
{"pos":[-793.609192,853.680542,30.3113689],"rotationMatrix":[0.173394978,-0.984852374,0,0.984852374,0.173394978,0,0,0,1],"scale":1.03601515,"type":"tall_plant2"}
{"pos":[-793.234619,856.981079,30.8988934],"rotationMatrix":[-0.654860735,0.755749583,0,-0.755749583,-0.654860735,0,0,0,1],"scale":1.01881599,"type":"tall_plant2"}
{"pos":[-801.749756,857.637451,30.6022072],"rotationMatrix":[0.999272645,0.0381147079,0,-0.0381147079,0.999272645,0,0,0,1],"scale":1.11560535,"type":"tall_plant2"}
{"pos":[-803.308899,847.229675,29.723671],"rotationMatrix":[0.415040702,-0.909802854,0,0.909802854,0.415040702,0,0,0,1],"scale":1.16116285,"type":"tall_plant2"}
{"pos":[-803.456787,844.542603,30.1956692],"rotationMatrix":[0.240481764,-0.970653713,0,0.970653713,0.240481764,0,0,0,1],"scale":1.08971739,"type":"tall_plant2"}
{"pos":[-802.812134,842.33606,30.5320396],"rotationMatrix":[-0.312408954,-0.949947715,0,0.949947715,-0.312408954,0,0,0,1],"scale":1.19099522,"type":"tall_plant2"}
{"pos":[-803.927002,829.905273,30.6379509],"rotationMatrix":[-0.733991802,0.679157376,0,-0.679157376,-0.733991802,0,0,0,1],"scale":1.16265619,"type":"tall_plant2"}
{"pos":[-802.460449,827.197021,30.5062981],"rotationMatrix":[0.343604922,0.939114273,0,-0.939114273,0.343604922,0,0,0,1],"scale":1.10226321,"type":"tall_plant2"}
{"pos":[-800.42395,825.748535,29.9964561],"rotationMatrix":[0.141909063,-0.989879727,0,0.989879727,0.141909063,0,0,0,1],"scale":1.13623428,"type":"tall_plant2"}
{"pos":[-800.030945,823.760925,30.7315369],"rotationMatrix":[0.910668552,-0.413137764,0,0.413137764,0.910668552,0,0,0,1],"scale":1.01229584,"type":"tall_plant2"}
{"pos":[-792.319824,818.121887,30.442894],"rotationMatrix":[-0.874751925,0.484571159,0,-0.484571159,-0.874751925,0,0,0,1],"scale":1.00139964,"type":"tall_plant2"}
{"pos":[-789.495361,816.084656,30.8051033],"rotationMatrix":[-0.97141397,0.237392396,0,-0.237392396,-0.97141397,0,0,0,1],"scale":1.1946795,"type":"tall_plant2"}
{"pos":[688.314331,-246.310898,52.4030495],"rotationMatrix":[0.575884521,-0.817530572,0,0.817530572,0.575884521,0,0,0,1],"scale":0.750595331,"type":"tall_plant2"}
{"pos":[686.541687,-248.294022,52.6332054],"rotationMatrix":[-0.707049668,0.707163811,0,-0.707163811,-0.707049668,0,0,0,1],"scale":0.6167714,"type":"tall_plant2"}
{"pos":[571.033813,-789.724304,60.7080193],"rotationMatrix":[-0.0290709212,-0.999577343,0,0.999577343,-0.0290709212,0,0,0,1],"scale":1.05738175,"type":"tall_plant2"}
{"pos":[563.753174,-789.603027,60.8811951],"rotationMatrix":[0.026810104,-0.999640286,0,0.999640286,0.026810104,0,0,0,1],"scale":1.00276601,"type":"tall_plant2"}
{"pos":[483.079254,-225.989166,8.37003136],"rotationMatrix":[0.989999771,-0.141069993,0,0.141069993,0.989999771,0,0,0,1],"scale":1.18721485,"type":"tall_plant2"}
{"pos":[480.056091,-226.963303,8.48775387],"rotationMatrix":[0.998408794,0.0563915968,0,-0.0563915968,0.998408794,0,0,0,1],"scale":1.1638608,"type":"tall_plant2"}
{"pos":[466.767303,-226.897873,8.20772076],"rotationMatrix":[-0.986707866,0.162504256,0,-0.162504256,-0.986707866,0,0,0,1],"scale":1.0674057,"type":"tall_plant2"}
{"pos":[461.86084,-228.288971,9.16989326],"rotationMatrix":[0.234199315,0.972188592,0,-0.972188592,0.234199315,0,0,0,1],"scale":1.01823783,"type":"tall_plant2"}
{"pos":[459.831116,-226.948196,8.49403],"rotationMatrix":[-0.984456539,0.175626591,0,-0.175626591,-0.984456539,0,0,0,1],"scale":1.15686727,"type":"tall_plant2"}
{"pos":[454.919403,-227.489883,8.76180267],"rotationMatrix":[0.889743447,-0.456460923,0,0.456460923,0.889743447,0,0,0,1],"scale":1.01926231,"type":"tall_plant2"}
{"pos":[448.569824,-227.373566,8.41909504],"rotationMatrix":[-0.998921454,-0.0464319214,0,0.0464319214,-0.998921454,0,0,0,1],"scale":1.0959928,"type":"tall_plant2"}
{"pos":[434.839081,-226.565857,8.16577053],"rotationMatrix":[0.808556259,-0.588418961,0,0.588418961,0.808556259,0,0,0,1],"scale":1.11753726,"type":"tall_plant2"}
{"pos":[431.663086,-226.361633,8.85232735],"rotationMatrix":[-0.898861289,0.438233852,0,-0.438233852,-0.898861289,0,0,0,1],"scale":1.15987146,"type":"tall_plant2"}
{"pos":[427.463837,-223.461044,8.43902397],"rotationMatrix":[-0.883644223,0.46815902,0,-0.46815902,-0.883644223,0,0,0,1],"scale":1.00854337,"type":"tall_plant2"}
{"pos":[392.022247,-208.00441,8.18742561],"rotationMatrix":[0.604409516,0.796673775,0,-0.796673775,0.604409516,0,0,0,1],"scale":1.03761244,"type":"tall_plant2"}
{"pos":[395.297394,-211.391144,8.48875904],"rotationMatrix":[0.347929895,-0.937520564,0,0.937520564,0.347929895,0,0,0,1],"scale":1.04374278,"type":"tall_plant2"}
{"pos":[397.286621,-213.227615,8.62582588],"rotationMatrix":[0.720583797,-0.693367898,0,0.693367898,0.720583797,0,0,0,1],"scale":1.1580857,"type":"tall_plant2"}
{"pos":[401.449341,-215.396301,8.14421463],"rotationMatrix":[0.746122062,-0.665809214,0,0.665809214,0.746122062,0,0,0,1],"scale":1.09203517,"type":"tall_plant2"}
{"pos":[404.023193,-216.162491,7.87728119],"rotationMatrix":[0.94526875,-0.326292872,0,0.326292872,0.94526875,0,0,0,1],"scale":1.05563068,"type":"tall_plant2"}
{"pos":[406.679626,-217.895493,8.22390652],"rotationMatrix":[-0.917980671,-0.396625161,0,0.396625161,-0.917980671,0,0,0,1],"scale":1.1981144,"type":"tall_plant2"}
{"pos":[409.471466,-218.429916,8.20719051],"rotationMatrix":[0.77577287,-0.631012261,0,0.631012261,0.77577287,0,0,0,1],"scale":1.12261581,"type":"tall_plant2"}
{"pos":[406.67804,-211.881958,8.51832771],"rotationMatrix":[0.99336201,-0.115030132,0,0.115030132,0.99336201,0,0,0,1],"scale":1.14200568,"type":"tall_plant2"}
{"pos":[404.244995,-210.947876,8.44695187],"rotationMatrix":[0.889514506,-0.45690769,0,0.45690769,0.889514506,0,0,0,1],"scale":1.1708436,"type":"tall_plant2"}
{"pos":[530.715027,-211.607559,8.5768261],"rotationMatrix":[0.914224386,-0.405208379,0,0.405208379,0.914224386,0,0,0,1],"scale":1.05298758,"type":"tall_plant2"}
{"pos":[537.188538,-213.426758,7.82124615],"rotationMatrix":[-0.87419951,0.485566884,0,-0.485566884,-0.87419951,0,0,0,1],"scale":1.08295774,"type":"tall_plant2"}
{"pos":[527.983154,-212.185669,8.84571075],"rotationMatrix":[0.999546647,-0.0301094297,0,0.0301094297,0.999546647,0,0,0,1],"scale":1.19338822,"type":"tall_plant2"}
{"pos":[560.698303,-41.023777,52.5456123],"rotationMatrix":[-0.675309062,0.737534463,0,-0.737534463,-0.675309062,0,0,0,1],"scale":0.640890777,"type":"tall_plant2"}
{"pos":[558.825928,-42.8462486,52.6098328],"rotationMatrix":[0.66719687,-0.74488157,0,0.74488157,0.66719687,0,0,0,1],"scale":0.58654952,"type":"tall_plant2"}
{"pos":[556.826477,-45.2110519,52.7639656],"rotationMatrix":[0.663355827,-0.748304129,0,0.748304129,0.663355827,0,0,0,1],"scale":0.537030935,"type":"tall_plant2"}
{"pos":[573.754761,-61.6217613,53.0445404],"rotationMatrix":[0.670825958,0.74161464,0,-0.74161464,0.670825958,0,0,0,1],"scale":1.13142705,"type":"tall_plant2"}
{"pos":[441.550415,31.0481052,52.764576],"rotationMatrix":[0.67742151,0.735594451,0,-0.735594451,0.67742151,0,0,0,1],"scale":0.978162587,"type":"tall_plant2"}
{"pos":[444.012756,28.8067436,52.2373009],"rotationMatrix":[0.742206752,0.670171142,0,-0.670171142,0.742206752,0,0,0,1],"scale":0.882795095,"type":"tall_plant2"}
{"pos":[446.508026,26.6185398,51.7784653],"rotationMatrix":[-0.715295553,-0.698821783,0,0.698821783,-0.715295553,0,0,0,1],"scale":1.06681132,"type":"tall_plant2"}
{"pos":[572.272644,28.3093109,51.9606247],"rotationMatrix":[-0.708570182,0.705640376,0,-0.705640376,-0.708570182,0,0,0,1],"scale":0.869918942,"type":"tall_plant2"}
{"pos":[572.403992,31.3896122,51.7977905],"rotationMatrix":[-0.886376619,-0.462964863,0,0.462964863,-0.886376619,0,0,0,1],"scale":0.860927939,"type":"tall_plant2"}
{"pos":[572.636353,29.5855141,52.0544853],"rotationMatrix":[-0.187350065,-0.982293606,0,0.982293606,-0.187350065,0,0,0,1],"scale":0.908265591,"type":"tall_plant2"}
