{"pos":[-518.535706,-160.281723,262.039185],"rotationMatrix":[-0.444170445,0.895942032,0,-0.895942032,-0.444170445,0,0,0,0.999999642],"scale":1.13225424,"type":"tall_plant2"}
{"pos":[-514.30365,-167.691391,262.039185],"rotationMatrix":[-0.444170445,0.895942032,0,-0.895942032,-0.444170445,0,0,0,0.999999642],"scale":1.13225424,"type":"tall_plant2"}
{"pos":[-515.059631,-171.284821,262.039185],"rotationMatrix":[-0.444170445,0.895942032,0,-0.895942032,-0.444170445,0,0,0,0.999999642],"scale":1.13225424,"type":"tall_plant2"}
{"pos":[-519.291687,-163.875153,262.039185],"rotationMatrix":[-0.444170445,0.895942032,0,-0.895942032,-0.444170445,0,0,0,0.999999642],"scale":1.13225424,"type":"tall_plant2"}
{"pos":[-516.268982,-174.36673,262.039185],"rotationMatrix":[-0.444170445,0.895942032,0,-0.895942032,-0.444170445,0,0,0,0.999999642],"scale":1.13225424,"type":"tall_plant2"}
{"pos":[-520.501038,-166.957062,262.039185],"rotationMatrix":[-0.444170445,0.895942032,0,-0.895942032,-0.444170445,0,0,0,0.999999642],"scale":1.13225424,"type":"tall_plant2"}
{"pos":[-524.946411,-173.79715,262.039185],"rotationMatrix":[-0.444170445,0.895942032,0,-0.895942032,-0.444170445,0,0,0,0.999999642],"scale":1.13225424,"type":"tall_plant2"}
{"pos":[-529.178467,-166.387482,262.039185],"rotationMatrix":[-0.444170445,0.895942032,0,-0.895942032,-0.444170445,0,0,0,0.999999642],"scale":1.13225424,"type":"tall_plant2"}
{"pos":[-527.969116,-163.305573,262.039185],"rotationMatrix":[-0.444170445,0.895942032,0,-0.895942032,-0.444170445,0,0,0,0.999999642],"scale":1.13225424,"type":"tall_plant2"}
{"pos":[-523.737061,-170.71524,262.039185],"rotationMatrix":[-0.444170445,0.895942032,0,-0.895942032,-0.444170445,0,0,0,0.999999642],"scale":1.13225424,"type":"tall_plant2"}
{"pos":[-527.213135,-159.712143,262.039185],"rotationMatrix":[-0.444170445,0.895942032,0,-0.895942032,-0.444170445,0,0,0,0.999999642],"scale":1.13225424,"type":"tall_plant2"}
{"pos":[-522.981079,-167.121811,262.039185],"rotationMatrix":[-0.444170445,0.895942032,0,-0.895942032,-0.444170445,0,0,0,0.999999642],"scale":1.13225424,"type":"tall_plant2"}
{"pos":[-533.839661,-172.526245,262.039185],"rotationMatrix":[-0.444170445,0.895942032,0,-0.895942032,-0.444170445,0,0,0,0.999999642],"scale":1.13225424,"type":"tall_plant2"}
{"pos":[-538.071716,-165.116577,262.039185],"rotationMatrix":[-0.444170445,0.895942032,0,-0.895942032,-0.444170445,0,0,0,0.999999642],"scale":1.13225424,"type":"tall_plant2"}
{"pos":[-536.862366,-162.034668,262.039185],"rotationMatrix":[-0.444170445,0.895942032,0,-0.895942032,-0.444170445,0,0,0,0.999999642],"scale":1.13225424,"type":"tall_plant2"}
{"pos":[-532.63031,-169.444336,262.039185],"rotationMatrix":[-0.444170445,0.895942032,0,-0.895942032,-0.444170445,0,0,0,0.999999642],"scale":1.13225424,"type":"tall_plant2"}
{"pos":[-536.106384,-158.441238,262.039185],"rotationMatrix":[-0.444170445,0.895942032,0,-0.895942032,-0.444170445,0,0,0,0.999999642],"scale":1.13225424,"type":"tall_plant2"}
{"pos":[-531.874329,-165.850906,262.039185],"rotationMatrix":[-0.444170445,0.895942032,0,-0.895942032,-0.444170445,0,0,0,0.999999642],"scale":1.13225424,"type":"tall_plant2"}
{"pos":[-542.179321,-173.155853,262.039185],"rotationMatrix":[-0.444170445,0.895942032,0,-0.895942032,-0.444170445,0,0,0,0.999999642],"scale":1.13225424,"type":"tall_plant2"}
{"pos":[-546.411377,-165.746185,262.039185],"rotationMatrix":[-0.444170445,0.895942032,0,-0.895942032,-0.444170445,0,0,0,0.999999642],"scale":1.13225424,"type":"tall_plant2"}
{"pos":[-545.202026,-162.664276,262.039185],"rotationMatrix":[-0.444170445,0.895942032,0,-0.895942032,-0.444170445,0,0,0,0.999999642],"scale":1.13225424,"type":"tall_plant2"}
{"pos":[-540.969971,-170.073944,262.039185],"rotationMatrix":[-0.444170445,0.895942032,0,-0.895942032,-0.444170445,0,0,0,0.999999642],"scale":1.13225424,"type":"tall_plant2"}
{"pos":[-544.446045,-159.070847,262.039185],"rotationMatrix":[-0.444170445,0.895942032,0,-0.895942032,-0.444170445,0,0,0,0.999999642],"scale":1.13225424,"type":"tall_plant2"}
{"pos":[-540.213989,-166.480515,262.039185],"rotationMatrix":[-0.444170445,0.895942032,0,-0.895942032,-0.444170445,0,0,0,0.999999642],"scale":1.13225424,"type":"tall_plant2"}
{"pos":[-550.13031,-174.332764,262.039185],"rotationMatrix":[-0.444170445,0.895942032,0,-0.895942032,-0.444170445,0,0,0,0.999999642],"scale":1.13225424,"type":"tall_plant2"}
{"pos":[-554.362366,-166.923096,262.039185],"rotationMatrix":[-0.444170445,0.895942032,0,-0.895942032,-0.444170445,0,0,0,0.999999642],"scale":1.13225424,"type":"tall_plant2"}
{"pos":[-553.153015,-163.841187,262.039185],"rotationMatrix":[-0.444170445,0.895942032,0,-0.895942032,-0.444170445,0,0,0,0.999999642],"scale":1.13225424,"type":"tall_plant2"}
{"pos":[-548.920959,-171.250854,262.039185],"rotationMatrix":[-0.444170445,0.895942032,0,-0.895942032,-0.444170445,0,0,0,0.999999642],"scale":1.13225424,"type":"tall_plant2"}
{"pos":[-552.397034,-160.247757,262.039185],"rotationMatrix":[-0.444170445,0.895942032,0,-0.895942032,-0.444170445,0,0,0,0.999999642],"scale":1.13225424,"type":"tall_plant2"}
{"pos":[-548.164978,-167.657425,262.039185],"rotationMatrix":[-0.444170445,0.895942032,0,-0.895942032,-0.444170445,0,0,0,0.999999642],"scale":1.13225424,"type":"tall_plant2"}
{"pos":[-558.217529,-175.531921,262.039185],"rotationMatrix":[-0.444170445,0.895942032,0,-0.895942032,-0.444170445,0,0,0,0.999999642],"scale":1.13225424,"type":"tall_plant2"}
{"pos":[-562.449585,-168.122253,262.039185],"rotationMatrix":[-0.444170445,0.895942032,0,-0.895942032,-0.444170445,0,0,0,0.999999642],"scale":1.13225424,"type":"tall_plant2"}
{"pos":[-561.240234,-165.040344,262.039185],"rotationMatrix":[-0.444170445,0.895942032,0,-0.895942032,-0.444170445,0,0,0,0.999999642],"scale":1.13225424,"type":"tall_plant2"}
{"pos":[-557.008179,-172.450012,262.039185],"rotationMatrix":[-0.444170445,0.895942032,0,-0.895942032,-0.444170445,0,0,0,0.999999642],"scale":1.13225424,"type":"tall_plant2"}
{"pos":[-560.484253,-161.446915,262.039185],"rotationMatrix":[-0.444170445,0.895942032,0,-0.895942032,-0.444170445,0,0,0,0.999999642],"scale":1.13225424,"type":"tall_plant2"}
{"pos":[-556.252197,-168.856583,262.039185],"rotationMatrix":[-0.444170445,0.895942032,0,-0.895942032,-0.444170445,0,0,0,0.999999642],"scale":1.13225424,"type":"tall_plant2"}
{"pos":[-566.038635,-177.339569,262.039185],"rotationMatrix":[-0.444170445,0.895942032,0,-0.895942032,-0.444170445,0,0,0,0.999999642],"scale":1.13225424,"type":"tall_plant2"}
{"pos":[-570.270691,-169.929901,262.039185],"rotationMatrix":[-0.444170445,0.895942032,0,-0.895942032,-0.444170445,0,0,0,0.999999642],"scale":1.13225424,"type":"tall_plant2"}
{"pos":[-569.06134,-166.847992,262.039185],"rotationMatrix":[-0.444170445,0.895942032,0,-0.895942032,-0.444170445,0,0,0,0.999999642],"scale":1.13225424,"type":"tall_plant2"}
{"pos":[-564.829285,-174.25766,262.039185],"rotationMatrix":[-0.444170445,0.895942032,0,-0.895942032,-0.444170445,0,0,0,0.999999642],"scale":1.13225424,"type":"tall_plant2"}
{"pos":[-568.305359,-163.254562,262.039185],"rotationMatrix":[-0.444170445,0.895942032,0,-0.895942032,-0.444170445,0,0,0,0.999999642],"scale":1.13225424,"type":"tall_plant2"}
{"pos":[-564.073303,-170.66423,262.039185],"rotationMatrix":[-0.444170445,0.895942032,0,-0.895942032,-0.444170445,0,0,0,0.999999642],"scale":1.13225424,"type":"tall_plant2"}
{"pos":[-573.886414,-178.49971,262.039185],"rotationMatrix":[-0.444170445,0.895942032,0,-0.895942032,-0.444170445,0,0,0,0.999999642],"scale":1.13225424,"type":"tall_plant2"}
{"pos":[-578.118469,-171.090042,262.039185],"rotationMatrix":[-0.444170445,0.895942032,0,-0.895942032,-0.444170445,0,0,0,0.999999642],"scale":1.13225424,"type":"tall_plant2"}
{"pos":[-576.909119,-168.008133,262.039185],"rotationMatrix":[-0.444170445,0.895942032,0,-0.895942032,-0.444170445,0,0,0,0.999999642],"scale":1.13225424,"type":"tall_plant2"}
{"pos":[-572.677063,-175.417801,262.039185],"rotationMatrix":[-0.444170445,0.895942032,0,-0.895942032,-0.444170445,0,0,0,0.999999642],"scale":1.13225424,"type":"tall_plant2"}
{"pos":[-576.153137,-164.414703,262.039185],"rotationMatrix":[-0.444170445,0.895942032,0,-0.895942032,-0.444170445,0,0,0,0.999999642],"scale":1.13225424,"type":"tall_plant2"}
{"pos":[-571.921082,-171.824371,262.039185],"rotationMatrix":[-0.444170445,0.895942032,0,-0.895942032,-0.444170445,0,0,0,0.999999642],"scale":1.13225424,"type":"tall_plant2"}
{"pos":[-577.954041,-176.032089,262.039185],"rotationMatrix":[-0.444170445,0.895942032,0,-0.895942032,-0.444170445,0,0,0,0.999999642],"scale":1.13225424,"type":"tall_plant2"}
{"pos":[-582.186096,-168.622421,262.039185],"rotationMatrix":[-0.444170445,0.895942032,0,-0.895942032,-0.444170445,0,0,0,0.999999642],"scale":1.13225424,"type":"tall_plant2"}
{"pos":[-580.428894,-177.251022,262.039185],"rotationMatrix":[-0.444170445,0.895942032,0,-0.895942032,-0.444170445,0,0,0,0.999999642],"scale":1.13225424,"type":"tall_plant2"}
{"pos":[-584.66095,-169.841354,262.039185],"rotationMatrix":[-0.444170445,0.895942032,0,-0.895942032,-0.444170445,0,0,0,0.999999642],"scale":1.13225424,"type":"tall_plant2"}
{"pos":[-524.001892,-156.211151,262.039185],"rotationMatrix":[-0.99976927,0.0214604214,0,-0.0214604214,-0.99976927,0,0,0,0.999999404],"scale":1.13225424,"type":"tall_plant2"}
{"pos":[-532.935852,-155.907532,262.039185],"rotationMatrix":[-0.99976927,0.0214604214,0,-0.0214604214,-0.99976927,0,0,0,0.999999404],"scale":1.13225424,"type":"tall_plant2"}
{"pos":[-541.787231,-155.592712,262.039185],"rotationMatrix":[-0.99976927,0.0214604214,0,-0.0214604214,-0.99976927,0,0,0,0.999999404],"scale":1.13225424,"type":"tall_plant2"}
{"pos":[-550.006348,-156.035248,262.039185],"rotationMatrix":[-0.99976927,0.0214604214,0,-0.0214604214,-0.99976927,0,0,0,0.999999404],"scale":1.13225424,"type":"tall_plant2"}
{"pos":[-558.230408,-157.028259,262.039185],"rotationMatrix":[-0.99976927,0.0214604214,0,-0.0214604214,-0.99976927,0,0,0,0.999999404],"scale":1.13225424,"type":"tall_plant2"}
{"pos":[-566.211365,-158.342255,262.039185],"rotationMatrix":[-0.967872381,-0.25143981,0,0.25143981,-0.967872381,0,0,0,0.999999285],"scale":1.13225424,"type":"tall_plant2"}
{"pos":[-573.963013,-160.17662,262.039185],"rotationMatrix":[-0.967872381,-0.25143981,0,0.25143981,-0.967872381,0,0,0,0.999999285],"scale":1.13225424,"type":"tall_plant2"}
{"pos":[-581.924988,-163.073456,262.039185],"rotationMatrix":[-0.835283875,-0.549817622,0,0.549817622,-0.835283875,0,0,0,0.999999046],"scale":1.13225424,"type":"tall_plant2"}
{"pos":[-581.594727,-165.565399,262.039185],"rotationMatrix":[-0.835283875,-0.549817622,0,0.549817622,-0.835283875,0,0,0,0.999999046],"scale":1.13225424,"type":"tall_plant2"}
{"pos":[-581.414856,-167.580811,262.039185],"rotationMatrix":[-0.835283875,-0.549817622,0,0.549817622,-0.835283875,0,0,0,0.999999046],"scale":1.13225424,"type":"tall_plant2"}
{"pos":[-573.936584,-162.743576,262.039185],"rotationMatrix":[-0.835283875,-0.549817622,0,0.549817622,-0.835283875,0,0,0,0.999999046],"scale":1.13225424,"type":"tall_plant2"}
{"pos":[-572.835693,-164.554474,262.039185],"rotationMatrix":[-0.835283875,-0.549817622,0,0.549817622,-0.835283875,0,0,0,0.999999046],"scale":1.13225424,"type":"tall_plant2"}
{"pos":[-564.975037,-160.692139,262.039185],"rotationMatrix":[-0.92731297,-0.374284834,0,0.374284834,-0.92731297,0,0,0,0.999998927],"scale":1.13225424,"type":"tall_plant2"}
{"pos":[-566.664551,-164.241028,262.039185],"rotationMatrix":[-0.92731297,-0.374284834,0,0.374284834,-0.92731297,0,0,0,0.999998927],"scale":1.13225424,"type":"tall_plant2"}
{"pos":[-557.67688,-159.224274,262.039185],"rotationMatrix":[-0.999985933,0.00513461232,0,-0.00513461232,-0.999985933,0,0,0,0.999998808],"scale":1.13225424,"type":"tall_plant2"}
{"pos":[-558.240479,-161.897888,262.039185],"rotationMatrix":[-0.999985933,0.00513461232,0,-0.00513461232,-0.999985933,0,0,0,0.999998808],"scale":1.13225424,"type":"tall_plant2"}
{"pos":[-549.46637,-158.246445,262.039185],"rotationMatrix":[-0.999985933,0.00513461232,0,-0.00513461232,-0.999985933,0,0,0,0.999998808],"scale":1.13225424,"type":"tall_plant2"}
{"pos":[-550.004028,-160.626938,262.039185],"rotationMatrix":[-0.999985933,0.00513461232,0,-0.00513461232,-0.999985933,0,0,0,0.999998808],"scale":1.13225424,"type":"tall_plant2"}
{"pos":[-541.312988,-157.637314,262.039185],"rotationMatrix":[-0.999985933,0.00513461232,0,-0.00513461232,-0.999985933,0,0,0,0.999998808],"scale":1.13225424,"type":"tall_plant2"}
{"pos":[-532.417908,-158.241882,262.039185],"rotationMatrix":[-0.999985933,0.00513461232,0,-0.00513461232,-0.999985933,0,0,0,0.999998808],"scale":1.13225424,"type":"tall_plant2"}
{"pos":[-532.556885,-160.741623,262.039185],"rotationMatrix":[-0.999985933,0.00513461232,0,-0.00513461232,-0.999985933,0,0,0,0.999998808],"scale":1.13225424,"type":"tall_plant2"}
{"pos":[-523.99884,-158.821259,262.039185],"rotationMatrix":[-0.999985933,0.00513461232,0,-0.00513461232,-0.999985933,0,0,0,0.999998808],"scale":1.13225424,"type":"tall_plant2"}
{"pos":[-525.062744,-162.136383,262.039185],"rotationMatrix":[-0.999985933,0.00513461232,0,-0.00513461232,-0.999985933,0,0,0,0.999998808],"scale":1.13225424,"type":"tall_plant2"}
{"pos":[-519.769775,-173.541031,262.039185],"rotationMatrix":[-0.99976927,0.0214604214,0,-0.0214604214,-0.99976927,0,0,0,0.999999404],"scale":1.13225424,"type":"tall_plant2"}
{"pos":[-519.766724,-176.151138,262.039185],"rotationMatrix":[-0.999985933,0.00513461232,0,-0.00513461232,-0.999985933,0,0,0,0.999998808],"scale":1.13225424,"type":"tall_plant2"}
{"pos":[-528.061218,-172.349686,262.039185],"rotationMatrix":[-0.99976927,0.0214604214,0,-0.0214604214,-0.99976927,0,0,0,0.999999404],"scale":1.13225424,"type":"tall_plant2"}
{"pos":[-528.058167,-174.959793,262.039185],"rotationMatrix":[-0.999985933,0.00513461232,0,-0.00513461232,-0.999985933,0,0,0,0.999998808],"scale":1.13225424,"type":"tall_plant2"}
{"pos":[-538.090027,-172.064301,262.039185],"rotationMatrix":[-0.99976927,0.0214604214,0,-0.0214604214,-0.99976927,0,0,0,0.999999404],"scale":1.13225424,"type":"tall_plant2"}
{"pos":[-538.086975,-174.674408,262.039185],"rotationMatrix":[-0.999985933,0.00513461232,0,-0.00513461232,-0.999985933,0,0,0,0.999998808],"scale":1.13225424,"type":"tall_plant2"}
{"pos":[-545.174011,-173.063705,262.039185],"rotationMatrix":[-0.99976927,0.0214604214,0,-0.0214604214,-0.99976927,0,0,0,0.999999404],"scale":1.13225424,"type":"tall_plant2"}
{"pos":[-545.170959,-175.673813,262.039185],"rotationMatrix":[-0.999985933,0.00513461232,0,-0.00513461232,-0.999985933,0,0,0,0.999998808],"scale":1.13225424,"type":"tall_plant2"}
{"pos":[-553.678589,-174.810135,262.039185],"rotationMatrix":[-0.99976927,0.0214604214,0,-0.0214604214,-0.99976927,0,0,0,0.999999404],"scale":1.13225424,"type":"tall_plant2"}
{"pos":[-553.675537,-177.420242,262.039185],"rotationMatrix":[-0.999985933,0.00513461232,0,-0.00513461232,-0.999985933,0,0,0,0.999998808],"scale":1.13225424,"type":"tall_plant2"}
{"pos":[-561.863831,-175.099152,262.039185],"rotationMatrix":[-0.974564612,-0.224104092,0,0.224104092,-0.974564612,0,0,0,0.999999285],"scale":1.13225424,"type":"tall_plant2"}
{"pos":[-561.221436,-177.628983,262.039185],"rotationMatrix":[-0.970775425,-0.239985555,0,0.239985555,-0.970775425,0,0,0,0.999998689],"scale":1.13225424,"type":"tall_plant2"}
{"pos":[-570.172302,-176.740952,262.039185],"rotationMatrix":[-0.974564612,-0.224104092,0,0.224104092,-0.974564612,0,0,0,0.999999285],"scale":1.13225424,"type":"tall_plant2"}
{"pos":[-569.529907,-179.270782,262.039185],"rotationMatrix":[-0.970775425,-0.239985555,0,0.239985555,-0.970775425,0,0,0,0.999998689],"scale":1.13225424,"type":"tall_plant2"}
