{"pos":[210.392746,174.852585,254.162766],"rotationMatrix":[0.904088676,-0.42734459,0,0.42734459,0.904088676,0,0,0,0.999999881],"scale":1.06874728,"type":"tree_aspen_forest_group"}
{"pos":[-27.8226757,-109.549873,251.546265],"rotationMatrix":[0.311381727,-0.950284898,0,0.950284898,0.311381727,0,0,0,0.999999881],"scale":0.984743118,"type":"tree_aspen_forest_group"}
{"pos":[-28.9442978,-103.34153,254.812302],"rotationMatrix":[0.99944979,-0.0331650972,0,0.0331650972,0.99944979,0,0,0,0.999999762],"scale":0.984743118,"type":"tree_aspen_forest_group"}
{"pos":[-39.985405,-103.440163,253.147751],"rotationMatrix":[0.99944979,-0.0331650972,0,0.0331650972,0.99944979,0,0,0,0.999999762],"scale":0.984743118,"type":"tree_aspen_forest_group"}
{"pos":[-38.8637848,-109.648506,252.894211],"rotationMatrix":[0.311381727,-0.950284898,0,0.950284898,0.311381727,0,0,0,0.999999881],"scale":0.984743118,"type":"tree_aspen_forest_group"}
{"pos":[-68.0104294,-103.664581,254.812302],"rotationMatrix":[0.99944979,-0.0331650972,0,0.0331650972,0.99944979,0,0,0,0.999999762],"scale":0.984743118,"type":"tree_aspen_forest_group"}
{"pos":[-66.8888092,-109.872925,253.147751],"rotationMatrix":[0.311381727,-0.950284898,0,0.950284898,0.311381727,0,0,0,0.999999881],"scale":0.984743118,"type":"tree_aspen_forest_group"}
{"pos":[-76.5272903,-106.919632,253.147751],"rotationMatrix":[-0.978028953,-0.208468586,0,0.208468586,-0.978028953,0,0,0,0.999999762],"scale":0.984743118,"type":"tree_aspen_forest_group"}
{"pos":[-70.2348404,-106.465172,251.074371],"rotationMatrix":[-0.139353946,-0.990242422,0,0.990242422,-0.139353946,0,0,0,0.999999642],"scale":0.984743118,"type":"tree_aspen_forest_group"}
{"pos":[-64.6495361,-104.118515,252.385056],"rotationMatrix":[-0.978028953,-0.208468586,0,0.208468586,-0.978028953,0,0,0,0.999999762],"scale":0.984743118,"type":"tree_aspen_forest_group"}
{"pos":[-58.3570786,-103.664055,255.445084],"rotationMatrix":[-0.139353946,-0.990242422,0,0.990242422,-0.139353946,0,0,0,0.999999642],"scale":1.10887647,"type":"tree_aspen_forest_group"}
{"pos":[-35.3404121,-109.531731,254.812302],"rotationMatrix":[-0.306494445,-0.951872289,0,0.951872289,-0.306494445,0,0,0,0.999999642],"scale":0.984743118,"type":"tree_aspen_forest_group"}
{"pos":[-32.599575,-103.84935,253.147751],"rotationMatrix":[0.789178312,-0.614163637,0,0.614163637,0.789178312,0,0,0,0.999999523],"scale":0.984743118,"type":"tree_aspen_forest_group"}
{"pos":[-45.3632507,-108.42469,250.331909],"rotationMatrix":[0.311381727,-0.950284898,0,0.950284898,0.311381727,0,0,0,0.999999881],"scale":0.984743118,"type":"tree_aspen_forest_group"}
{"pos":[-51.2689857,-105.453156,253.147751],"rotationMatrix":[0.965276241,-0.261230588,0,0.261230588,0.965276241,0,0,0,0.999999762],"scale":0.984743118,"type":"tree_aspen_forest_group"}
{"pos":[-132.367523,-41.9479828,255.297241],"rotationMatrix":[0.999814868,-0.0192354023,0,0.0192354023,0.999814868,0,0,0,0.999999881],"scale":1.07713044,"type":"tree_aspen_forest_group"}
{"pos":[-169.619705,-37.986866,254.958466],"rotationMatrix":[-0.214121118,0.976806998,0,-0.976806998,-0.214121118,0,0,0,0.999999881],"scale":1.12335253,"type":"tree_aspen_forest_group"}
{"pos":[-176.437927,-67.028923,254.491165],"rotationMatrix":[-0.979121864,-0.203273788,0,0.203273788,-0.979121864,0,0,0,0.999999881],"scale":0.92720437,"type":"tree_aspen_forest_group"}
{"pos":[-113.287544,-85.7213669,255.194397],"rotationMatrix":[0.0293905418,-0.999567926,0,0.999567926,0.0293905418,0,0,0,0.999999881],"scale":1.03657734,"type":"tree_aspen_forest_group"}
{"pos":[-134.302994,-61.8993835,255.512466],"rotationMatrix":[0.373707891,-0.927546382,0,0.927546382,0.373707891,0,0,0,0.999999881],"scale":0.988831997,"type":"tree_aspen_forest_group"}
{"pos":[-173.623627,-48.4356728,254.403473],"rotationMatrix":[0.600531101,-0.799601316,0,0.799601316,0.600531101,0,0,0,0.999999881],"scale":0.91640079,"type":"tree_aspen_forest_group"}
{"pos":[-214.727692,-5.36250782,248.072662],"rotationMatrix":[-0.708144546,0.706067383,0,-0.706067383,-0.708144546,0,0,0,0.999999881],"scale":0.947174251,"type":"tree_aspen_forest_group"}
{"pos":[-214.059235,5.32999611,248.606583],"rotationMatrix":[-0.983236253,-0.182335913,0,0.182335913,-0.983236253,0,0,0,0.999999881],"scale":0.8230533,"type":"tree_aspen_forest_group"}
{"pos":[-210.140717,0.871229172,249.664001],"rotationMatrix":[0.761345327,-0.648346543,0,0.648346543,0.761345327,0,0,0,0.999999881],"scale":1.1129899,"type":"tree_aspen_forest_group"}
{"pos":[-207.256821,9.18165779,248.397598],"rotationMatrix":[-0.929442465,-0.368967026,0,0.368967026,-0.929442465,0,0,0,0.999999881],"scale":1.11914265,"type":"tree_aspen_forest_group"}
{"pos":[-120.81115,-0.445449829,249.92012],"rotationMatrix":[0.225550637,-0.974231422,0,0.974231422,0.225550637,0,0,0,0.999999881],"scale":0.876017094,"type":"tree_aspen_forest_group"}
{"pos":[-107.35498,-9.8015995,249.708069],"rotationMatrix":[-0.542677462,0.839940965,0,-0.839940965,-0.542677462,0,0,0,0.999999881],"scale":1.05530167,"type":"tree_aspen_forest_group"}
{"pos":[-287.493805,-29.2461472,255.673676],"rotationMatrix":[0.127492279,0.991839468,0,-0.991839468,0.127492279,0,0,0,0.999999881],"scale":0.926170111,"type":"tree_aspen_forest_group"}
{"pos":[-286.050537,-5.20036411,254.470642],"rotationMatrix":[0.988658965,-0.150177449,0,0.150177449,0.988658965,0,0,0,0.999999881],"scale":0.999712825,"type":"tree_aspen_forest_group"}
{"pos":[-301.881012,13.2097406,255.187851],"rotationMatrix":[0.62591964,0.779887557,0,-0.779887557,0.62591964,0,0,0,0.999999881],"scale":1.06734395,"type":"tree_aspen_forest_group"}
{"pos":[-319.10318,7.74727726,256.257172],"rotationMatrix":[0.533520997,0.84578687,0,-0.84578687,0.533520997,0,0,0,0.999999881],"scale":1.07356203,"type":"tree_aspen_forest_group"}
{"pos":[-347.713654,3.66461086,257.054474],"rotationMatrix":[-0.984167755,-0.177238792,0,0.177238792,-0.984167755,0,0,0,0.999999881],"scale":1.0736475,"type":"tree_aspen_forest_group"}
{"pos":[-353.013885,-8.00180244,260.625397],"rotationMatrix":[0.00534310937,0.999985635,0,-0.999985635,0.00534310937,0,0,0,0.999999881],"scale":0.943545222,"type":"tree_aspen_forest_group"}
{"pos":[-361.767548,1.94508266,260.235901],"rotationMatrix":[0.0134436917,-0.99990952,0,0.99990952,0.0134436917,0,0,0,0.999999881],"scale":0.965128541,"type":"tree_aspen_forest_group"}
{"pos":[-374.292206,-21.0749397,262.580078],"rotationMatrix":[0.0448402278,-0.998994052,0,0.998994052,0.0448402278,0,0,0,0.999999881],"scale":1.12662673,"type":"tree_aspen_forest_group"}
{"pos":[-415.148285,16.3773422,260.368195],"rotationMatrix":[0.739028215,-0.673674345,0,0.673674345,0.739028215,0,0,0,0.999999881],"scale":1.02394223,"type":"tree_aspen_forest_group"}
{"pos":[-459.464844,5.03858614,261.265045],"rotationMatrix":[0.126040637,-0.992024958,0,0.992024958,0.126040637,0,0,0,0.999999881],"scale":0.809148848,"type":"tree_aspen_forest_group"}
{"pos":[-605.103271,53.373394,261.952148],"rotationMatrix":[0.99245286,-0.122625917,0,0.122625917,0.99245286,0,0,0,0.999999881],"scale":1.02477324,"type":"tree_aspen_forest_group"}
{"pos":[-601.530273,56.4132576,261.220673],"rotationMatrix":[-0.441555828,-0.897233784,0,0.897233784,-0.441555828,0,0,0,0.999999881],"scale":1.18409395,"type":"tree_aspen_forest_group"}
{"pos":[-568.69165,11.0939922,262.414215],"rotationMatrix":[-0.801675558,-0.597759426,0,0.597759426,-0.801675558,0,0,0,0.999999881],"scale":1.09480977,"type":"tree_aspen_forest_group"}
{"pos":[-399.262817,44.0313492,259.532928],"rotationMatrix":[0.995499432,-0.0947658196,0,0.0947658196,0.995499432,0,0,0,0.999999881],"scale":1.15163147,"type":"tree_aspen_forest_group"}
{"pos":[-308.257996,55.6483765,256.463501],"rotationMatrix":[0.999732792,-0.0231148005,0,0.0231148005,0.999732792,0,0,0,0.999999881],"scale":1.01720071,"type":"tree_aspen_forest_group"}
{"pos":[-150.706848,44.0572701,249.641464],"rotationMatrix":[-0.945335031,-0.326100707,0,0.326100707,-0.945335031,0,0,0,0.999999881],"scale":0.836823106,"type":"tree_aspen_forest_group"}
{"pos":[-228.933197,-139.374649,293.261566],"rotationMatrix":[-0.935175359,-0.354185104,0,0.354185104,-0.935175359,0,0,0,0.999999881],"scale":0.999089718,"type":"tree_aspen_forest_group"}
{"pos":[-276.427521,-136.281967,285.581818],"rotationMatrix":[0.995481193,0.0949578881,0,-0.0949578881,0.995481193,0,0,0,0.999999881],"scale":0.994534373,"type":"tree_aspen_forest_group"}
{"pos":[-286.519928,-147.275314,285.240295],"rotationMatrix":[0.354684055,-0.934986055,0,0.934986055,0.354684055,0,0,0,0.999999881],"scale":1.04765773,"type":"tree_aspen_forest_group"}
{"pos":[-266.345734,-133.352478,287.494293],"rotationMatrix":[-0.998098135,-0.0616427921,0,0.0616427921,-0.998098135,0,0,0,0.999999881],"scale":0.93208462,"type":"tree_aspen_forest_group"}
{"pos":[-327.525452,-184.112061,281.919281],"rotationMatrix":[-0.91560185,0.402085871,0,-0.402085871,-0.91560185,0,0,0,0.999999881],"scale":1.10358369,"type":"tree_aspen_forest_group"}
{"pos":[-327.990356,-197.008255,281.963318],"rotationMatrix":[-0.0570534058,-0.998371065,0,0.998371065,-0.0570534058,0,0,0,0.999999881],"scale":1.03497052,"type":"tree_aspen_forest_group"}
{"pos":[-318.451111,-193.115707,282.947266],"rotationMatrix":[-0.124453135,0.992225349,0,-0.992225349,-0.124453135,0,0,0,0.999999881],"scale":1.01237285,"type":"tree_aspen_forest_group"}
{"pos":[-201.407089,-163.350891,279.63147],"rotationMatrix":[0.91440016,-0.404811174,0,0.404811174,0.91440016,0,0,0,0.999999881],"scale":1.0633682,"type":"tree_aspen_forest_group"}
{"pos":[-192.858292,-168.131378,275.370392],"rotationMatrix":[0.254130036,-0.96716994,0,0.96716994,0.254130036,0,0,0,0.999999881],"scale":1.0736022,"type":"tree_aspen_forest_group"}
{"pos":[-182.982315,-162.103088,272.917419],"rotationMatrix":[0.589461982,0.807796061,0,-0.807796061,0.589461982,0,0,0,0.999999881],"scale":0.822434723,"type":"tree_aspen_forest_group"}
{"pos":[-162.577423,-153.131073,272.040924],"rotationMatrix":[0.0466522388,0.998911142,0,-0.998911142,0.0466522388,0,0,0,0.999999881],"scale":1.10184765,"type":"tree_aspen_forest_group"}
{"pos":[-129.408081,-151.717957,272.654663],"rotationMatrix":[0.351552337,0.936168253,0,-0.936168253,0.351552337,0,0,0,0.999999881],"scale":0.828457713,"type":"tree_aspen_forest_group"}
{"pos":[-416.89679,-205.378235,271.970032],"rotationMatrix":[-0.339314789,-0.940672815,0,0.940672815,-0.339314789,0,0,0,0.999999881],"scale":0.976224303,"type":"tree_aspen_forest_group"}
{"pos":[-391.319733,-171.706772,268.352173],"rotationMatrix":[-0.735334218,-0.677704513,0,0.677704513,-0.735334218,0,0,0,0.999999881],"scale":0.896805227,"type":"tree_aspen_forest_group"}
{"pos":[-426.297546,-188.972656,267.991699],"rotationMatrix":[0.266498566,0.963835299,0,-0.963835299,0.266498566,0,0,0,0.999999881],"scale":0.852457106,"type":"tree_aspen_forest_group"}
{"pos":[-424.358032,-180.460022,265.706116],"rotationMatrix":[0.996655762,0.0817133635,0,-0.0817133635,0.996655762,0,0,0,0.999999881],"scale":0.86474216,"type":"tree_aspen_forest_group"}
{"pos":[-420.356598,-174.941055,262.953735],"rotationMatrix":[-0.591450155,-0.806341529,0,0.806341529,-0.591450155,0,0,0,0.999999881],"scale":1.15699291,"type":"tree_aspen_forest_group"}
{"pos":[-331.610352,-126.743065,262.581604],"rotationMatrix":[-0.953871429,0.300215304,0,-0.300215304,-0.953871429,0,0,0,0.999999881],"scale":0.972650528,"type":"tree_aspen_forest_group"}
{"pos":[-318.953094,-114.670013,260.860504],"rotationMatrix":[-0.868798554,-0.495165497,0,0.495165497,-0.868798554,0,0,0,0.999999881],"scale":0.826254964,"type":"tree_aspen_forest_group"}
{"pos":[-330.488739,-114.022026,259.882263],"rotationMatrix":[0.357615024,-0.933869064,0,0.933869064,0.357615024,0,0,0,0.999999881],"scale":1.05274093,"type":"tree_aspen_forest_group"}
{"pos":[-313.250244,-124.37426,261.708832],"rotationMatrix":[0.731855452,0.681459904,0,-0.681459904,0.731855452,0,0,0,0.999999881],"scale":0.967206478,"type":"tree_aspen_forest_group"}
{"pos":[-278.459534,-98.4894791,256.299164],"rotationMatrix":[0.882722318,0.469894946,0,-0.469894946,0.882722318,0,0,0,0.999999881],"scale":1.06495321,"type":"tree_aspen_forest_group"}
{"pos":[-266.60379,-100.703079,256.426727],"rotationMatrix":[0.970203578,0.242290944,0,-0.242290944,0.970203578,0,0,0,0.999999881],"scale":1.16327202,"type":"tree_aspen_forest_group"}
{"pos":[-82.1782608,-293.718781,263.334229],"rotationMatrix":[-0.20086959,0.979617894,0,-0.979617894,-0.20086959,0,0,0,0.999999881],"scale":0.871336699,"type":"tree_aspen_forest_group"}
{"pos":[-186.603485,-306.561127,262.555969],"rotationMatrix":[-0.592128992,-0.805843055,0,0.805843055,-0.592128992,0,0,0,0.999999881],"scale":1.00081444,"type":"tree_aspen_forest_group"}
{"pos":[-192.055786,-303.358093,264.481445],"rotationMatrix":[-0.464360476,-0.885646284,0,0.885646284,-0.464360476,0,0,0,0.999999881],"scale":1.13881207,"type":"tree_aspen_forest_group"}
{"pos":[-240.580078,-283.15213,263.949219],"rotationMatrix":[-0.800965786,-0.598709881,0,0.598709881,-0.800965786,0,0,0,0.999999881],"scale":0.871683419,"type":"tree_aspen_forest_group"}
{"pos":[-247.584747,-286.92218,265.087494],"rotationMatrix":[0.971980274,-0.235062018,0,0.235062018,0.971980274,0,0,0,0.999999881],"scale":1.12743795,"type":"tree_aspen_forest_group"}
{"pos":[-226.150192,-274.049866,263.861877],"rotationMatrix":[0.705582917,-0.708627164,0,0.708627164,0.705582917,0,0,0,0.999999881],"scale":1.18063617,"type":"tree_aspen_forest_group"}
{"pos":[-239.164536,-286.077209,263.888245],"rotationMatrix":[0.725977898,-0.687717974,0,0.687717974,0.725977898,0,0,0,0.999999881],"scale":1.18338048,"type":"tree_aspen_forest_group"}
{"pos":[-186.186493,-286.346619,264.681702],"rotationMatrix":[-0.717149019,0.69691956,0,-0.69691956,-0.717149019,0,0,0,0.999999881],"scale":1.17860746,"type":"tree_aspen_forest_group"}
{"pos":[-178.931625,-280.415039,264.523987],"rotationMatrix":[0.199968979,-0.979802132,0,0.979802132,0.199968979,0,0,0,0.999999881],"scale":0.918550313,"type":"tree_aspen_forest_group"}
{"pos":[-115.667755,-273.904083,262.054077],"rotationMatrix":[-0.121150501,-0.992634118,0,0.992634118,-0.121150501,0,0,0,0.999999881],"scale":1.18788242,"type":"tree_aspen_forest_group"}
{"pos":[-108.938919,-267.800659,263.770294],"rotationMatrix":[-0.839080274,-0.544007361,0,0.544007361,-0.839080274,0,0,0,0.999999881],"scale":1.10963535,"type":"tree_aspen_forest_group"}
{"pos":[-170.825623,-297.96933,263.4422],"rotationMatrix":[-0.509403348,-0.860527694,0,0.860527694,-0.509403348,0,0,0,0.999999881],"scale":0.840110123,"type":"tree_aspen_forest_group"}
{"pos":[-169.615646,-301.276611,263.484344],"rotationMatrix":[0.999275148,0.0380655937,0,-0.0380655937,0.999275148,0,0,0,0.999999881],"scale":0.873833358,"type":"tree_aspen_forest_group"}
{"pos":[-208.530731,-309.59964,263.055756],"rotationMatrix":[0.738874495,0.673843026,0,-0.673843026,0.738874495,0,0,0,0.999999881],"scale":0.833857358,"type":"tree_aspen_forest_group"}
{"pos":[-215.861038,-312.528381,262.423615],"rotationMatrix":[-0.917382777,0.398005873,0,-0.398005873,-0.917382777,0,0,0,0.999999881],"scale":0.988083363,"type":"tree_aspen_forest_group"}
{"pos":[-276.902069,-273.817596,263.085693],"rotationMatrix":[-0.972540796,0.232732117,0,-0.232732117,-0.972540796,0,0,0,0.999999881],"scale":1.16878414,"type":"tree_aspen_forest_group"}
{"pos":[-267.440063,-267.278259,263.054321],"rotationMatrix":[0.706160307,0.70805198,0,-0.70805198,0.706160307,0,0,0,0.999999881],"scale":0.889784694,"type":"tree_aspen_forest_group"}
{"pos":[-248.846115,-271.476227,262.529327],"rotationMatrix":[0.379057348,0.925373137,0,-0.925373137,0.379057348,0,0,0,0.999999881],"scale":1.01614201,"type":"tree_aspen_forest_group"}
{"pos":[-428.883911,-287.45285,281.356018],"rotationMatrix":[0.787092566,0.616834879,0,-0.616834879,0.787092566,0,0,0,0.999999881],"scale":0.930459023,"type":"tree_aspen_forest_group"}
{"pos":[-436.18335,-322.069885,282.670502],"rotationMatrix":[-0.947493374,0.319775194,0,-0.319775194,-0.947493374,0,0,0,0.999999881],"scale":1.00646901,"type":"tree_aspen_forest_group"}
{"pos":[-591.80426,-345.181061,285.10849],"rotationMatrix":[0.361141026,-0.932511151,0,0.932511151,0.361141026,0,0,0,0.999999881],"scale":1.06591928,"type":"tree_aspen_forest_group"}
{"pos":[-592.319153,-341.183746,283.057159],"rotationMatrix":[0.567276418,-0.823527336,0,0.823527336,0.567276418,0,0,0,0.999999881],"scale":0.886224151,"type":"tree_aspen_forest_group"}
{"pos":[-611.910767,-326.035309,281.71521],"rotationMatrix":[0.0180679802,0.999836683,0,-0.999836683,0.0180679802,0,0,0,0.999999881],"scale":1.18088186,"type":"tree_aspen_forest_group"}
{"pos":[-628.520569,-312.380768,281.969025],"rotationMatrix":[-0.848546386,-0.529120803,0,0.529120803,-0.848546386,0,0,0,0.999999881],"scale":1.14501286,"type":"tree_aspen_forest_group"}
{"pos":[-633.489197,-304.385651,281.445526],"rotationMatrix":[0.823607981,0.567159474,0,-0.567159474,0.823607981,0,0,0,0.999999881],"scale":0.969688833,"type":"tree_aspen_forest_group"}
{"pos":[-680.826111,-202.4814,271.558899],"rotationMatrix":[0.0908024982,-0.995868802,0,0.995868802,0.0908024982,0,0,0,0.999999881],"scale":1.01291752,"type":"tree_aspen_forest_group"}
{"pos":[-678.106384,-191.296722,269.533783],"rotationMatrix":[-0.253727555,0.96727562,0,-0.96727562,-0.253727555,0,0,0,0.999999881],"scale":1.07099724,"type":"tree_aspen_forest_group"}
{"pos":[-683.943848,-170.890381,268.698608],"rotationMatrix":[0.627861142,0.778325379,0,-0.778325379,0.627861142,0,0,0,0.999999881],"scale":1.14661062,"type":"tree_aspen_forest_group"}
{"pos":[-668.914368,-155.614716,268.477173],"rotationMatrix":[-0.695304751,0.718714774,0,-0.718714774,-0.695304751,0,0,0,0.999999881],"scale":0.926019132,"type":"tree_aspen_forest_group"}
{"pos":[-672.555359,-150.14888,267.283508],"rotationMatrix":[-0.98595041,0.167038128,0,-0.167038128,-0.98595041,0,0,0,0.999999881],"scale":0.813868403,"type":"tree_aspen_forest_group"}
{"pos":[-640.230225,-112.943474,268.253113],"rotationMatrix":[0.995707333,0.0925566703,0,-0.0925566703,0.995707333,0,0,0,0.999999881],"scale":1.10642135,"type":"tree_aspen_forest_group"}
{"pos":[-588.250183,-98.8600616,264.970093],"rotationMatrix":[-0.418369114,0.908276975,0,-0.908276975,-0.418369114,0,0,0,0.999999881],"scale":0.845560133,"type":"tree_aspen_forest_group"}
{"pos":[-595.561768,-111.794846,265.020508],"rotationMatrix":[0.582307577,-0.812968433,0,0.812968433,0.582307577,0,0,0,0.999999881],"scale":1.00444424,"type":"tree_aspen_forest_group"}
{"pos":[-654.515015,-145.06044,266.05072],"rotationMatrix":[-0.887678266,0.460464209,0,-0.460464209,-0.887678266,0,0,0,0.999999881],"scale":1.03982675,"type":"tree_aspen_forest_group"}
{"pos":[-677.208923,-177.765457,267.19577],"rotationMatrix":[-0.5840289,0.81173265,0,-0.81173265,-0.5840289,0,0,0,0.999999881],"scale":1.18829,"type":"tree_aspen_forest_group"}
{"pos":[-677.428467,-203.582489,270.24231],"rotationMatrix":[-0.655708432,-0.755014062,0,0.755014062,-0.655708432,0,0,0,0.999999881],"scale":1.11329162,"type":"tree_aspen_forest_group"}
{"pos":[-672.713806,-216.021667,274.104889],"rotationMatrix":[0.472767174,-0.88118732,0,0.88118732,0.472767174,0,0,0,0.999999881],"scale":1.13610017,"type":"tree_aspen_forest_group"}
{"pos":[-664.843567,-219.106201,272.68161],"rotationMatrix":[-0.999882877,0.0152976178,0,-0.0152976178,-0.999882877,0,0,0,0.999999881],"scale":0.90692848,"type":"tree_aspen_forest_group"}
{"pos":[-679.988037,-143.213654,269.130615],"rotationMatrix":[0.44724527,-0.894411266,0,0.894411266,0.44724527,0,0,0,0.999999881],"scale":0.808785379,"type":"tree_aspen_forest_group"}
{"pos":[-691.538025,-133.914673,270.530273],"rotationMatrix":[0.258862853,-0.965914011,0,0.965914011,0.258862853,0,0,0,0.999999881],"scale":1.00790703,"type":"tree_aspen_forest_group"}
{"pos":[-683.069275,-130.226105,270.136139],"rotationMatrix":[-0.998878896,0.0473363698,0,-0.0473363698,-0.998878896,0,0,0,0.999999881],"scale":1.05047226,"type":"tree_aspen_forest_group"}
{"pos":[-664.592957,-122.098839,267.261871],"rotationMatrix":[-0.791758001,-0.610834837,0,0.610834837,-0.791758001,0,0,0,0.999999881],"scale":1.04005718,"type":"tree_aspen_forest_group"}
{"pos":[-661.496948,-107.631088,267.704498],"rotationMatrix":[-0.923208535,0.384299397,0,-0.384299397,-0.923208535,0,0,0,0.999999881],"scale":1.17576587,"type":"tree_aspen_forest_group"}
{"pos":[-625.17041,-105.687141,267.884674],"rotationMatrix":[-0.898306489,-0.439369202,0,0.439369202,-0.898306489,0,0,0,0.999999881],"scale":1.05292535,"type":"tree_aspen_forest_group"}
{"pos":[-629.491943,-103.979263,266.423737],"rotationMatrix":[0.916945219,0.399013042,0,-0.399013042,0.916945219,0,0,0,0.999999881],"scale":1.07766914,"type":"tree_aspen_forest_group"}
{"pos":[-665.915588,-105.621315,268.457092],"rotationMatrix":[0.96586132,-0.25905931,0,0.25905931,0.96586132,0,0,0,0.999999881],"scale":0.986060023,"type":"tree_aspen_forest_group"}
{"pos":[-682.467041,-105.332397,271.111084],"rotationMatrix":[-0.520568013,-0.853820026,0,0.853820026,-0.520568013,0,0,0,0.999999881],"scale":1.12855995,"type":"tree_aspen_forest_group"}
{"pos":[-692.55835,-157.004501,270.434021],"rotationMatrix":[0.675603509,-0.737264991,0,0.737264991,0.675603509,0,0,0,0.999999881],"scale":0.895206928,"type":"tree_aspen_forest_group"}
{"pos":[-711.134766,-165.82283,273.08725],"rotationMatrix":[-0.416027725,-0.909351885,0,0.909351885,-0.416027725,0,0,0,0.999999881],"scale":1.16094708,"type":"tree_aspen_forest_group"}
{"pos":[-690.359497,-175.92421,270.909241],"rotationMatrix":[0.0507200733,0.998712838,0,-0.998712838,0.0507200733,0,0,0,0.999999881],"scale":0.824530303,"type":"tree_aspen_forest_group"}
{"pos":[-690.669678,-168.572876,271.150696],"rotationMatrix":[-0.218598023,-0.975814879,0,0.975814879,-0.218598023,0,0,0,0.999999881],"scale":0.993306577,"type":"tree_aspen_forest_group"}
{"pos":[-115.340096,-210.968689,273.257599],"rotationMatrix":[-0.927383959,-0.374110579,0,0.374110579,-0.927383959,0,0,0,0.999999881],"scale":0.86640358,"type":"tree_aspen_forest_group"}
{"pos":[-343.975616,-66.9949417,257.485901],"rotationMatrix":[-0.51355201,-0.858058333,0,0.858058333,-0.51355201,0,0,0,0.999999881],"scale":1.16512668,"type":"tree_aspen_forest_group"}
{"pos":[-290.718231,-311.067383,302.559845],"rotationMatrix":[0.983649611,-0.180092469,0,0.180092469,0.983649611,0,0,0,0.999999881],"scale":0.952466547,"type":"tree_aspen_forest_group"}
{"pos":[-280.646088,-320.613647,304.236237],"rotationMatrix":[0.987605214,0.156958029,0,-0.156958029,0.987605214,0,0,0,0.999999881],"scale":1.0371455,"type":"tree_aspen_forest_group"}
{"pos":[-299.713287,-323.178406,303.011688],"rotationMatrix":[-0.604029357,0.796961844,0,-0.796961844,-0.604029357,0,0,0,0.999999881],"scale":1.13158631,"type":"tree_aspen_forest_group"}
{"pos":[-258.313019,-344.987854,301.171661],"rotationMatrix":[-0.512529969,-0.858669281,0,0.858669281,-0.512529969,0,0,0,0.999999881],"scale":0.999843001,"type":"tree_aspen_forest_group"}
{"pos":[-304.817627,-346.412659,302.160278],"rotationMatrix":[0.767719865,-0.640785396,0,0.640785396,0.767719865,0,0,0,0.999999881],"scale":1.01839924,"type":"tree_aspen_forest_group"}
{"pos":[-313.901306,-350.591705,303.634705],"rotationMatrix":[-0.888316095,-0.459232301,0,0.459232301,-0.888316095,0,0,0,0.999999881],"scale":0.942778587,"type":"tree_aspen_forest_group"}
{"pos":[-159.513443,-333.941986,292.085571],"rotationMatrix":[-0.5881868,-0.80872494,0,0.80872494,-0.5881868,0,0,0,0.999999881],"scale":0.838846147,"type":"tree_aspen_forest_group"}
{"pos":[-160.280441,-327.826263,292.503998],"rotationMatrix":[-0.0409644023,0.999160469,0,-0.999160469,-0.0409644023,0,0,0,0.999999881],"scale":0.847555339,"type":"tree_aspen_forest_group"}
{"pos":[-116.799423,-355.00943,283.526337],"rotationMatrix":[0.751763284,0.659433067,0,-0.659433067,0.751763284,0,0,0,0.999999881],"scale":0.939663291,"type":"tree_aspen_forest_group"}
{"pos":[-101.308487,-365.379425,281.93573],"rotationMatrix":[-0.981633186,-0.190777868,0,0.190777868,-0.981633186,0,0,0,0.999999881],"scale":1.02895212,"type":"tree_aspen_forest_group"}
{"pos":[-93.9237747,-358.786316,283.269043],"rotationMatrix":[-0.580358207,-0.814361155,0,0.814361155,-0.580358207,0,0,0,0.999999881],"scale":1.03098321,"type":"tree_aspen_forest_group"}
{"pos":[-57.9014244,-339.963257,282.620239],"rotationMatrix":[0.690023422,-0.72378695,0,0.72378695,0.690023422,0,0,0,0.999999881],"scale":1.12588406,"type":"tree_aspen_forest_group"}
{"pos":[-102.051407,-313.774109,284.380157],"rotationMatrix":[0.937222064,-0.348732948,0,0.348732948,0.937222064,0,0,0,0.999999881],"scale":0.97543788,"type":"tree_aspen_forest_group"}
{"pos":[-114.091187,-317.286957,283.858887],"rotationMatrix":[-0.868491709,0.495703429,0,-0.495703429,-0.868491709,0,0,0,0.999999881],"scale":1.07942438,"type":"tree_aspen_forest_group"}
{"pos":[143.916641,-291.447662,273.484467],"rotationMatrix":[-0.738575399,0.674170613,0,-0.674170613,-0.738575399,0,0,0,0.999999881],"scale":0.816595614,"type":"tree_aspen_forest_group"}
{"pos":[132.724045,-294.226471,273.074463],"rotationMatrix":[0.649069011,0.760729551,0,-0.760729551,0.649069011,0,0,0,0.999999881],"scale":1.18584847,"type":"tree_aspen_forest_group"}
{"pos":[103.182404,-320.312683,272.07373],"rotationMatrix":[-0.999644518,0.0266587995,0,-0.0266587995,-0.999644518,0,0,0,0.999999881],"scale":1.09337461,"type":"tree_aspen_forest_group"}
{"pos":[191.459259,-187.106461,273.657501],"rotationMatrix":[0.493029237,-0.870012641,0,0.870012641,0.493029237,0,0,0,0.999999881],"scale":0.968313456,"type":"tree_aspen_forest_group"}
{"pos":[176.02832,-217.351257,270.201721],"rotationMatrix":[-0.999381125,-0.035172984,0,0.035172984,-0.999381125,0,0,0,0.999999881],"scale":1.05726123,"type":"tree_aspen_forest_group"}
{"pos":[200.535492,-235.26091,272.241425],"rotationMatrix":[0.848947167,-0.52847749,0,0.52847749,0.848947167,0,0,0,0.999999881],"scale":1.12143219,"type":"tree_aspen_forest_group"}
{"pos":[197.873734,-214.874847,273.109863],"rotationMatrix":[0.145069599,0.989421427,0,-0.989421427,0.145069599,0,0,0,0.999999881],"scale":0.8364259,"type":"tree_aspen_forest_group"}
{"pos":[198.105133,-247.827469,272.556458],"rotationMatrix":[-0.930552423,-0.366158396,0,0.366158396,-0.930552423,0,0,0,0.999999881],"scale":1.04553306,"type":"tree_aspen_forest_group"}
{"pos":[-488.785736,160.967438,260.323486],"rotationMatrix":[0.985007465,-0.172511086,0,0.172511086,0.985007465,0,0,0,0.999999881],"scale":0.968547404,"type":"tree_aspen_forest_group"}
{"pos":[-596.129761,164.089676,261.870026],"rotationMatrix":[-0.823303699,0.567600787,0,-0.567600787,-0.823303699,0,0,0,0.999999881],"scale":1.1403203,"type":"tree_aspen_forest_group"}
{"pos":[-590.713379,198.223251,261.933502],"rotationMatrix":[-0.614297569,0.789074242,0,-0.789074242,-0.614297569,0,0,0,0.999999881],"scale":0.946614742,"type":"tree_aspen_forest_group"}
{"pos":[-584.680969,208.792282,261.107147],"rotationMatrix":[0.418164134,0.908371508,0,-0.908371508,0.418164134,0,0,0,0.999999881],"scale":1.00207436,"type":"tree_aspen_forest_group"}
{"pos":[-587.796875,221.717148,261.319885],"rotationMatrix":[0.976632893,0.214914262,0,-0.214914262,0.976632893,0,0,0,0.999999881],"scale":1.12956417,"type":"tree_aspen_forest_group"}
{"pos":[-588.936707,193.900208,261.526306],"rotationMatrix":[-0.764177978,0.645005107,0,-0.645005107,-0.764177978,0,0,0,0.999999881],"scale":0.841427088,"type":"tree_aspen_forest_group"}
{"pos":[-573.398071,201.933853,260.322784],"rotationMatrix":[0.384979934,-0.922924817,0,0.922924817,0.384979934,0,0,0,0.999999881],"scale":1.09156609,"type":"tree_aspen_forest_group"}
{"pos":[-608.126892,167.542557,261.333405],"rotationMatrix":[0.672207236,0.740363002,0,-0.740363002,0.672207236,0,0,0,0.999999881],"scale":0.96394968,"type":"tree_aspen_forest_group"}
{"pos":[-718.555237,140.000443,288.126282],"rotationMatrix":[-0.790760219,-0.612125993,0,0.612125993,-0.790760219,0,0,0,0.999999881],"scale":0.886721969,"type":"tree_aspen_forest_group"}
{"pos":[-697.580627,151.664337,287.82843],"rotationMatrix":[-0.90924865,0.416253388,0,-0.416253388,-0.90924865,0,0,0,0.999999881],"scale":1.0760721,"type":"tree_aspen_forest_group"}
{"pos":[-702.325989,179.016327,288.835907],"rotationMatrix":[0.676627994,-0.736324847,0,0.736324847,0.676627994,0,0,0,0.999999881],"scale":1.06511188,"type":"tree_aspen_forest_group"}
{"pos":[-705.924255,182.847977,289.437775],"rotationMatrix":[0.946676552,0.322185367,0,-0.322185367,0.946676552,0,0,0,0.999999881],"scale":1.04147208,"type":"tree_aspen_forest_group"}
{"pos":[-672.508728,186.048569,290.515472],"rotationMatrix":[-0.294998556,0.955497563,0,-0.955497563,-0.294998556,0,0,0,0.999999881],"scale":0.970470428,"type":"tree_aspen_forest_group"}
{"pos":[-667.616577,184.726776,290.467377],"rotationMatrix":[-0.191193894,0.981552184,0,-0.981552184,-0.191193894,0,0,0,0.999999881],"scale":1.19306803,"type":"tree_aspen_forest_group"}
{"pos":[-653.485779,194.748062,290.486969],"rotationMatrix":[0.980532825,0.196355104,0,-0.196355104,0.980532825,0,0,0,0.999999881],"scale":1.198089,"type":"tree_aspen_forest_group"}
{"pos":[-661.935486,188.57933,290.788025],"rotationMatrix":[0.841905355,0.539625168,0,-0.539625168,0.841905355,0,0,0,0.999999881],"scale":0.9513129,"type":"tree_aspen_forest_group"}
{"pos":[-684.403625,162.067612,290.175995],"rotationMatrix":[0.497953296,0.867203891,0,-0.867203891,0.497953296,0,0,0,0.999999881],"scale":1.00081122,"type":"tree_aspen_forest_group"}
{"pos":[-789.500488,260.703674,296.795441],"rotationMatrix":[0.802661121,0.596435308,0,-0.596435308,0.802661121,0,0,0,0.999999881],"scale":0.836030424,"type":"tree_aspen_forest_group"}
{"pos":[-796.579834,243.442398,297.134552],"rotationMatrix":[0.814749658,0.579812884,0,-0.579812884,0.814749658,0,0,0,0.999999881],"scale":1.00901186,"type":"tree_aspen_forest_group"}
{"pos":[-796.087891,236.161987,296.686493],"rotationMatrix":[-0.784727097,-0.619841397,0,0.619841397,-0.784727097,0,0,0,0.999999881],"scale":1.1110146,"type":"tree_aspen_forest_group"}
{"pos":[-774.886475,234.503143,291.350922],"rotationMatrix":[0.954866588,0.297034949,0,-0.297034949,0.954866588,0,0,0,0.999999881],"scale":0.872969151,"type":"tree_aspen_forest_group"}
{"pos":[-781.912598,229.35112,293.566101],"rotationMatrix":[-0.574591279,0.818440259,0,-0.818440259,-0.574591279,0,0,0,0.999999881],"scale":0.89046514,"type":"tree_aspen_forest_group"}
{"pos":[-776.756348,197.498474,288.299957],"rotationMatrix":[0.361400932,-0.932410419,0,0.932410419,0.361400932,0,0,0,0.999999881],"scale":1.15753031,"type":"tree_aspen_forest_group"}
{"pos":[-809.42749,158.367722,287.25943],"rotationMatrix":[-0.0970543474,0.995279014,0,-0.995279014,-0.0970543474,0,0,0,0.999999881],"scale":1.13798285,"type":"tree_aspen_forest_group"}
{"pos":[-791.031982,187.283447,289.087067],"rotationMatrix":[0.184959874,0.982746065,0,-0.982746065,0.184959874,0,0,0,0.999999881],"scale":1.13281953,"type":"tree_aspen_forest_group"}
{"pos":[-720.581848,113.910912,284.831665],"rotationMatrix":[-0.768066645,-0.640369892,0,0.640369892,-0.768066645,0,0,0,0.999999881],"scale":0.839513659,"type":"tree_aspen_forest_group"}
{"pos":[-728.283997,120.744804,285.929993],"rotationMatrix":[-0.998888314,-0.0471375771,0,0.0471375771,-0.998888314,0,0,0,0.999999881],"scale":1.11861432,"type":"tree_aspen_forest_group"}
{"pos":[-629.498047,227.369583,282.347595],"rotationMatrix":[-0.953620136,-0.301012367,0,0.301012367,-0.953620136,0,0,0,0.999999881],"scale":0.988701284,"type":"tree_aspen_forest_group"}
{"pos":[-666.918213,117.949814,274.41684],"rotationMatrix":[-0.968090594,0.25060004,0,-0.25060004,-0.968090594,0,0,0,0.999999881],"scale":1.09106457,"type":"tree_aspen_forest_group"}
{"pos":[-946.646301,-112.241684,358.318085],"rotationMatrix":[0.907381058,0.420308888,0,-0.420308888,0.907381058,0,0,0,0.999999881],"scale":0.903028309,"type":"tree_aspen_forest_group"}
{"pos":[-945.764648,-117.14019,358.741821],"rotationMatrix":[0.992147386,0.125073373,0,-0.125073373,0.992147386,0,0,0,0.999999881],"scale":1.17029095,"type":"tree_aspen_forest_group"}
{"pos":[-892.877197,-153.832108,363.057098],"rotationMatrix":[-0.892454624,0.451137125,0,-0.451137125,-0.892454624,0,0,0,0.999999881],"scale":1.06893992,"type":"tree_aspen_forest_group"}
{"pos":[122.388039,393.321716,255.320938],"rotationMatrix":[-0.492378503,0.870381057,0,-0.870381057,-0.492378503,0,0,0,0.999999881],"scale":1.08091426,"type":"tree_aspen_forest_group"}
{"pos":[135.649704,359.292725,251.690445],"rotationMatrix":[0.347314835,-0.937748492,0,0.937748492,0.347314835,0,0,0,0.999999881],"scale":0.820515692,"type":"tree_aspen_forest_group"}
{"pos":[132.236099,356.640137,250.915619],"rotationMatrix":[-0.929506481,-0.368805707,0,0.368805707,-0.929506481,0,0,0,0.999999881],"scale":0.975270629,"type":"tree_aspen_forest_group"}
{"pos":[115.153404,352.882202,251.712814],"rotationMatrix":[-0.735280573,0.677762747,0,-0.677762747,-0.735280573,0,0,0,0.999999881],"scale":0.831004024,"type":"tree_aspen_forest_group"}
{"pos":[153.120743,333.889954,247.862808],"rotationMatrix":[-0.427677602,0.903931201,0,-0.903931201,-0.427677602,0,0,0,0.999999881],"scale":0.910662115,"type":"tree_aspen_forest_group"}
{"pos":[189.666351,385.479279,249.414032],"rotationMatrix":[0.999928176,-0.0119736111,0,0.0119736111,0.999928176,0,0,0,0.999999881],"scale":1.16332221,"type":"tree_aspen_forest_group"}
{"pos":[40.6062431,391.766785,257.762512],"rotationMatrix":[-0.662345648,0.749198258,0,-0.749198258,-0.662345648,0,0,0,0.999999881],"scale":0.898170531,"type":"tree_aspen_forest_group"}
{"pos":[44.6892738,384.560516,259.331055],"rotationMatrix":[-0.41633904,-0.909209311,0,0.909209311,-0.41633904,0,0,0,0.999999881],"scale":0.977821946,"type":"tree_aspen_forest_group"}
{"pos":[-12.7606983,303.969299,261.065826],"rotationMatrix":[0.353013843,0.935618103,0,-0.935618103,0.353013843,0,0,0,0.999999881],"scale":0.971179247,"type":"tree_aspen_forest_group"}
{"pos":[-10.8725739,308.478271,260.518372],"rotationMatrix":[-0.564019799,0.82576102,0,-0.82576102,-0.564019799,0,0,0,0.999999881],"scale":1.09156239,"type":"tree_aspen_forest_group"}
{"pos":[-9.94588566,311.689545,261.960266],"rotationMatrix":[0.766605616,0.642118216,0,-0.642118216,0.766605616,0,0,0,0.999999881],"scale":0.817091286,"type":"tree_aspen_forest_group"}
{"pos":[5.43464565,405.001251,259.066467],"rotationMatrix":[-0.927951813,-0.372700155,0,0.372700155,-0.927951813,0,0,0,0.999999881],"scale":1.02197576,"type":"tree_aspen_forest_group"}
{"pos":[-7.44984818,414.983734,259.366791],"rotationMatrix":[-0.400332212,-0.916369975,0,0.916369975,-0.400332212,0,0,0,0.999999881],"scale":1.06950176,"type":"tree_aspen_forest_group"}
{"pos":[-20.5239334,407.511444,261.037567],"rotationMatrix":[0.854958713,-0.518695831,0,0.518695831,0.854958713,0,0,0,0.999999881],"scale":0.962471485,"type":"tree_aspen_forest_group"}
{"pos":[-25.7646542,391.546539,261.574799],"rotationMatrix":[-0.619241118,-0.785200715,0,0.785200715,-0.619241118,0,0,0,0.999999881],"scale":0.918499053,"type":"tree_aspen_forest_group"}
{"pos":[-42.5228767,398.935577,259.832977],"rotationMatrix":[0.954428017,0.298441082,0,-0.298441082,0.954428017,0,0,0,0.999999881],"scale":1.0581969,"type":"tree_aspen_forest_group"}
{"pos":[-98.6120071,551.580017,269.342041],"rotationMatrix":[-0.630731344,0.776001036,0,-0.776001036,-0.630731344,0,0,0,0.999999881],"scale":1.15690541,"type":"tree_aspen_forest_group"}
{"pos":[-110.401642,426.18457,261.51181],"rotationMatrix":[-0.982561171,-0.18593891,0,0.18593891,-0.982561171,0,0,0,0.999999881],"scale":0.89349401,"type":"tree_aspen_forest_group"}
{"pos":[-94.0834427,372.967255,264.335114],"rotationMatrix":[-0.159858286,-0.987139881,0,0.987139881,-0.159858286,0,0,0,0.999999881],"scale":1.09150863,"type":"tree_aspen_forest_group"}
{"pos":[-111.902992,357.320282,264.464111],"rotationMatrix":[0.952325463,0.305083811,0,-0.305083811,0.952325463,0,0,0,0.999999881],"scale":1.17720425,"type":"tree_aspen_forest_group"}
{"pos":[-297.283691,287.421143,273.241882],"rotationMatrix":[0.55975461,0.828658402,0,-0.828658402,0.55975461,0,0,0,0.999999881],"scale":0.993690133,"type":"tree_aspen_forest_group"}
{"pos":[-302.253967,278.345551,273.266235],"rotationMatrix":[0.710972905,0.703219354,0,-0.703219354,0.710972905,0,0,0,0.999999881],"scale":0.836756825,"type":"tree_aspen_forest_group"}
{"pos":[-339.417297,286.46283,272.692474],"rotationMatrix":[0.48483476,0.874605834,0,-0.874605834,0.48483476,0,0,0,0.999999881],"scale":0.950548768,"type":"tree_aspen_forest_group"}
{"pos":[-168.446014,397.939331,266.97995],"rotationMatrix":[-0.729707241,-0.683759511,0,0.683759511,-0.729707241,0,0,0,0.999999881],"scale":1.16232884,"type":"tree_aspen_forest_group"}
{"pos":[-358.04657,318.097687,272.923859],"rotationMatrix":[0.59349215,-0.804839671,0,0.804839671,0.59349215,0,0,0,0.999999881],"scale":0.849944115,"type":"tree_aspen_forest_group"}
{"pos":[-57.6613312,358.054626,264.926849],"rotationMatrix":[-0.65497905,0.755646765,0,-0.755646765,-0.65497905,0,0,0,0.999999881],"scale":0.974980116,"type":"tree_aspen_forest_group"}
{"pos":[-137.19313,360.569183,263.755981],"rotationMatrix":[0.93463856,-0.355598897,0,0.355598897,0.93463856,0,0,0,0.999999881],"scale":0.947521746,"type":"tree_aspen_forest_group"}
{"pos":[-137.283997,297.048645,263.370697],"rotationMatrix":[0.717147648,-0.69692117,0,0.69692117,0.717147648,0,0,0,0.999999881],"scale":1.08415353,"type":"tree_aspen_forest_group"}
{"pos":[320.219269,-10.915514,272.950714],"rotationMatrix":[-0.711424887,0.702762067,0,-0.702762067,-0.711424887,0,0,0,0.999999881],"scale":1.00254679,"type":"tree_aspen_forest_group"}
{"pos":[332.855774,-13.3278656,273.020233],"rotationMatrix":[0.603592932,0.79729265,0,-0.79729265,0.603592932,0,0,0,0.999999881],"scale":0.824313343,"type":"tree_aspen_forest_group"}
{"pos":[280.499573,-35.9573441,273.056458],"rotationMatrix":[-0.373087674,-0.927796006,0,0.927796006,-0.373087674,0,0,0,0.999999881],"scale":0.9445467,"type":"tree_aspen_forest_group"}
{"pos":[275.092743,-25.3643208,272.75296],"rotationMatrix":[0.982133329,0.188186303,0,-0.188186303,0.982133329,0,0,0,0.999999881],"scale":1.01477706,"type":"tree_aspen_forest_group"}
{"pos":[288.580383,-15.0063248,273.019836],"rotationMatrix":[0.339975923,-0.940434039,0,0.940434039,0.339975923,0,0,0,0.999999881],"scale":0.930689216,"type":"tree_aspen_forest_group"}
