{"pos":[362.222168,50.0818214,258.247833],"rotationMatrix":[0.86536628,0.50113982,0,-0.50113982,0.86536628,0,0,0,0.999999881],"scale":1.06697047,"type":"tree_aspen_wall"}
{"pos":[313.913208,92.7090988,255.613693],"rotationMatrix":[0.468473643,0.883477509,0,-0.883477509,0.468473643,0,0,0,0.999999881],"scale":1.47288966,"type":"tree_aspen_wall"}
{"pos":[241.016602,155.211578,253.520905],"rotationMatrix":[-0.865365446,-0.501141369,0,0.501141369,-0.865365446,0,0,0,0.999999881],"scale":1.01724279,"type":"tree_aspen_wall"}
{"pos":[263.101685,138.861984,253.710632],"rotationMatrix":[-0.122307673,0.992492139,0,-0.992492139,-0.122307673,0,0,0,0.999999881],"scale":1.07840264,"type":"tree_aspen_wall"}
{"pos":[162.323318,117.542305,254.271622],"rotationMatrix":[-0.839420199,-0.543482721,0,0.543482721,-0.839420199,0,0,0,0.999999881],"scale":1.09031701,"type":"tree_aspen_wall"}
{"pos":[162.302353,73.2809753,254.246658],"rotationMatrix":[0.250766724,-0.96804744,0,0.96804744,0.250766724,0,0,0,0.999999881],"scale":0.995283008,"type":"tree_aspen_wall"}
{"pos":[168.450226,54.8244476,254.295959],"rotationMatrix":[0.285299301,-0.958438456,0,0.958438456,0.285299301,0,0,0,0.999999881],"scale":0.935094118,"type":"tree_aspen_wall"}
{"pos":[-36.1613846,-110.198776,255.040726],"rotationMatrix":[0.998446643,-0.0557112694,0,0.0557112694,0.998446643,0,0,0,0.999999642],"scale":1.41301394,"type":"tree_aspen_wall"}
{"pos":[-35.9104614,-101.325302,255.040726],"rotationMatrix":[-0.998446524,0.055711586,0,-0.055711586,-0.998446524,0,0,0,0.999999523],"scale":1.41301394,"type":"tree_aspen_wall"}
{"pos":[-50.0735359,-100.98378,255.040726],"rotationMatrix":[-0.998446524,0.055711586,0,-0.055711586,-0.998446524,0,0,0,0.999999523],"scale":1.41301394,"type":"tree_aspen_wall"}
{"pos":[-50.3244591,-109.857254,255.040726],"rotationMatrix":[0.998446643,-0.0557112694,0,0.0557112694,0.998446643,0,0,0,0.999999642],"scale":1.41301394,"type":"tree_aspen_wall"}
{"pos":[-64.8846817,-100.964508,255.040726],"rotationMatrix":[-0.998446524,0.055711586,0,-0.055711586,-0.998446524,0,0,0,0.999999523],"scale":1.41301394,"type":"tree_aspen_wall"}
{"pos":[-65.1356049,-109.837982,255.040726],"rotationMatrix":[0.998446643,-0.0557112694,0,0.0557112694,0.998446643,0,0,0,0.999999642],"scale":1.41301394,"type":"tree_aspen_wall"}
{"pos":[-78.288887,-104.666946,255.040726],"rotationMatrix":[-0.863477349,-0.504386544,0,0.504386544,-0.863477349,0,0,0,0.999999404],"scale":1.41301394,"type":"tree_aspen_wall"}
{"pos":[-78.8740311,-108.088539,255.040726],"rotationMatrix":[0.977032959,-0.21308668,0,0.21308668,0.977032959,0,0,0,0.999999523],"scale":1.41301394,"type":"tree_aspen_wall"}
{"pos":[-48.9478035,-105.064232,255.040726],"rotationMatrix":[0.998446643,-0.0557112694,0,0.0557112694,0.998446643,0,0,0,0.999999642],"scale":1.41301394,"type":"tree_aspen_wall"}
{"pos":[-60.4743652,-104.859604,253.376175],"rotationMatrix":[0.998446643,-0.0557112694,0,0.0557112694,0.998446643,0,0,0,0.999999642],"scale":1.41301394,"type":"tree_aspen_wall"}
{"pos":[-57.6115456,-107.536247,255.040726],"rotationMatrix":[0.998446643,-0.0557112694,0,0.0557112694,0.998446643,0,0,0,0.999999642],"scale":1.41301394,"type":"tree_aspen_wall"}
{"pos":[-108.790222,-56.4589119,255.040726],"rotationMatrix":[0.68228817,-0.731082797,0,0.731082797,0.68228817,0,0,0,0.999999523],"scale":1.41301394,"type":"tree_aspen_wall"}
{"pos":[-98.3436737,-66.2566605,255.040726],"rotationMatrix":[0.68228817,-0.731082797,0,0.731082797,0.68228817,0,0,0,0.999999523],"scale":1.41301394,"type":"tree_aspen_wall"}
{"pos":[-121.293312,-48.944397,255.040726],"rotationMatrix":[0.885880888,-0.463911742,0,0.463911742,0.885880888,0,0,0,0.999999404],"scale":1.41301394,"type":"tree_aspen_wall"}
{"pos":[-134.394928,-43.1585617,255.040726],"rotationMatrix":[0.885880888,-0.463911742,0,0.463911742,0.885880888,0,0,0,0.999999404],"scale":1.41301394,"type":"tree_aspen_wall"}
{"pos":[-147.000183,-40.2411766,255.040726],"rotationMatrix":[0.993485034,-0.113957822,0,0.113957822,0.993485034,0,0,0,0.999999285],"scale":1.41301394,"type":"tree_aspen_wall"}
{"pos":[-161.306213,-39.558876,255.040726],"rotationMatrix":[0.993485034,-0.113957822,0,0.113957822,0.993485034,0,0,0,0.999999285],"scale":1.41301394,"type":"tree_aspen_wall"}
{"pos":[-153.661453,-44.5871048,255.040726],"rotationMatrix":[0.993485034,-0.113957822,0,0.113957822,0.993485034,0,0,0,0.999999285],"scale":1.41301394,"type":"tree_aspen_wall"}
{"pos":[-167.967484,-43.9048042,255.040726],"rotationMatrix":[0.993485034,-0.113957822,0,0.113957822,0.993485034,0,0,0,0.999999285],"scale":1.41301394,"type":"tree_aspen_wall"}
{"pos":[-141.056198,-47.5044899,255.040726],"rotationMatrix":[0.885880888,-0.463911742,0,0.463911742,0.885880888,0,0,0,0.999999404],"scale":1.41301394,"type":"tree_aspen_wall"}
{"pos":[-127.954575,-53.2903252,255.040726],"rotationMatrix":[0.885880888,-0.463911742,0,0.463911742,0.885880888,0,0,0,0.999999404],"scale":1.41301394,"type":"tree_aspen_wall"}
{"pos":[-115.451492,-60.8048401,255.040726],"rotationMatrix":[0.68228817,-0.731082797,0,0.731082797,0.68228817,0,0,0,0.999999523],"scale":1.41301394,"type":"tree_aspen_wall"}
{"pos":[-105.004944,-70.602623,255.040726],"rotationMatrix":[0.68228817,-0.731082797,0,0.731082797,0.68228817,0,0,0,0.999999523],"scale":1.41301394,"type":"tree_aspen_wall"}
{"pos":[-108.858658,-86.3753128,255.040726],"rotationMatrix":[0.68228817,-0.731082797,0,0.731082797,0.68228817,0,0,0,0.999999523],"scale":1.41301394,"type":"tree_aspen_wall"}
{"pos":[-119.305206,-76.5775223,255.040726],"rotationMatrix":[0.68228817,-0.731082797,0,0.731082797,0.68228817,0,0,0,0.999999523],"scale":1.41301394,"type":"tree_aspen_wall"}
{"pos":[-131.808289,-69.0630112,255.040726],"rotationMatrix":[0.885880888,-0.463911742,0,0.463911742,0.885880888,0,0,0,0.999999404],"scale":1.41301394,"type":"tree_aspen_wall"}
{"pos":[-144.909912,-63.2771835,255.040726],"rotationMatrix":[0.885880888,-0.463911742,0,0.463911742,0.885880888,0,0,0,0.999999404],"scale":1.41301394,"type":"tree_aspen_wall"}
{"pos":[-157.515167,-60.3597946,255.040726],"rotationMatrix":[0.993485034,-0.113957822,0,0.113957822,0.993485034,0,0,0,0.999999285],"scale":1.41301394,"type":"tree_aspen_wall"}
{"pos":[-171.821198,-59.6774979,255.040726],"rotationMatrix":[0.993485034,-0.113957822,0,0.113957822,0.993485034,0,0,0,0.999999285],"scale":1.41301394,"type":"tree_aspen_wall"}
{"pos":[-107.771164,-76.3692703,255.040726],"rotationMatrix":[0.00741639733,-0.999972105,0,0.999972105,0.00741639733,0,0,0,0.999999404],"scale":1.41301394,"type":"tree_aspen_wall"}
{"pos":[-127.703781,-56.8037567,255.040726],"rotationMatrix":[0.00741639733,-0.999972105,0,0.999972105,0.00741639733,0,0,0,0.999999404],"scale":1.41301394,"type":"tree_aspen_wall"}
{"pos":[-147.644028,-51.7197227,255.040726],"rotationMatrix":[0.00741639733,-0.999972105,0,0.999972105,0.00741639733,0,0,0,0.999999404],"scale":1.41301394,"type":"tree_aspen_wall"}
{"pos":[-170.890793,-49.1198158,255.040726],"rotationMatrix":[0.00741639733,-0.999972105,0,0.999972105,0.00741639733,0,0,0,0.999999404],"scale":1.41301394,"type":"tree_aspen_wall"}
{"pos":[-160.909729,-49.6583023,255.040726],"rotationMatrix":[0.823180974,0.56777823,0,-0.56777823,0.823180974,0,0,0,0.999999285],"scale":1.41301394,"type":"tree_aspen_wall"}
{"pos":[-135.939514,-57.6525307,255.040726],"rotationMatrix":[0.823180974,0.56777823,0,-0.56777823,0.823180974,0,0,0,0.999999285],"scale":1.41301394,"type":"tree_aspen_wall"}
{"pos":[-119.947807,-63.5269737,255.040726],"rotationMatrix":[0.823180974,0.56777823,0,-0.56777823,0.823180974,0,0,0,0.999999285],"scale":1.41301394,"type":"tree_aspen_wall"}
{"pos":[-101.617455,-83.8345795,255.040726],"rotationMatrix":[0.823180974,0.56777823,0,-0.56777823,0.823180974,0,0,0,0.999999285],"scale":1.41301394,"type":"tree_aspen_wall"}
{"pos":[-104.433868,-48.1026344,255.735138],"rotationMatrix":[0.667377293,0.744719744,0,-0.744719744,0.667377293,0,0,0,0.999999881],"scale":1.11149168,"type":"tree_aspen_wall"}
{"pos":[-143.204697,-41.4358864,255.817719],"rotationMatrix":[0.29683131,0.954929888,0,-0.954929888,0.29683131,0,0,0,0.999999881],"scale":1.20673466,"type":"tree_aspen_wall"}
{"pos":[-163.97406,-37.0525055,255.289459],"rotationMatrix":[-0.824049413,0.56651777,0,-0.56651777,-0.824049413,0,0,0,0.999999881],"scale":1.21720994,"type":"tree_aspen_wall"}
{"pos":[-112.265602,-92.1783676,254.991882],"rotationMatrix":[-0.57087785,-0.821034849,0,0.821034849,-0.57087785,0,0,0,0.999999881],"scale":1.47474909,"type":"tree_aspen_wall"}
{"pos":[-114.181305,-65.4479904,255.618515],"rotationMatrix":[-0.411010146,0.91163063,0,-0.91163063,-0.411010146,0,0,0,0.999999881],"scale":1.09032595,"type":"tree_aspen_wall"}
{"pos":[-118.419403,-58.4742317,255.777252],"rotationMatrix":[0.989314735,-0.145794764,0,0.145794764,0.989314735,0,0,0,0.999999881],"scale":1.33685946,"type":"tree_aspen_wall"}
{"pos":[-128.89679,-63.901844,255.718246],"rotationMatrix":[-0.231769741,-0.972770631,0,0.972770631,-0.231769741,0,0,0,0.999999881],"scale":1.17460823,"type":"tree_aspen_wall"}
{"pos":[-184.064514,-54.4027405,255.469543],"rotationMatrix":[0.133158416,0.991094708,0,-0.991094708,0.133158416,0,0,0,0.999999881],"scale":0.940074682,"type":"tree_aspen_wall"}
{"pos":[-186.275406,-50.1042709,255.905365],"rotationMatrix":[0.971089602,0.238715038,0,-0.238715038,0.971089602,0,0,0,0.999999881],"scale":1.49925256,"type":"tree_aspen_wall"}
{"pos":[-195.734741,-49.8209305,255.929993],"rotationMatrix":[0.990314186,-0.138843939,0,0.138843939,0.990314186,0,0,0,0.999999881],"scale":0.921315074,"type":"tree_aspen_wall"}
{"pos":[-197.101044,-55.3119926,255.2771],"rotationMatrix":[0.176804215,-0.984245956,0,0.984245956,0.176804215,0,0,0,0.999999881],"scale":1.02268779,"type":"tree_aspen_wall"}
{"pos":[-216.715195,-58.6515617,255.911942],"rotationMatrix":[0.235209435,-0.97194463,0,0.97194463,0.235209435,0,0,0,0.999999881],"scale":0.929240465,"type":"tree_aspen_wall"}
{"pos":[-238.015244,8.58385658,249.750015],"rotationMatrix":[0.774117172,-0.633042276,0,0.633042276,0.774117172,0,0,0,0.999999881],"scale":1.19643676,"type":"tree_aspen_wall"}
{"pos":[-254.738602,6.34549904,250.860855],"rotationMatrix":[0.416715354,-0.909036934,0,0.909036934,0.416715354,0,0,0,0.999999881],"scale":1.25274217,"type":"tree_aspen_wall"}
{"pos":[-236.139297,13.9797192,249.951416],"rotationMatrix":[0.919928968,-0.392084777,0,0.392084777,0.919928968,0,0,0,0.999999881],"scale":1.2998085,"type":"tree_aspen_wall"}
{"pos":[-214.739761,-9.23715973,249.376038],"rotationMatrix":[0.965617895,-0.259965152,0,0.259965152,0.965617895,0,0,0,0.999999881],"scale":1.02660668,"type":"tree_aspen_wall"}
{"pos":[-162.730743,0.54227829,249.26947],"rotationMatrix":[-0.383757174,0.9234339,0,-0.9234339,-0.383757174,0,0,0,0.999999881],"scale":0.90010035,"type":"tree_aspen_wall"}
{"pos":[-171.233719,-7.16235065,249.312988],"rotationMatrix":[0.970978439,0.239166945,0,-0.239166945,0.970978439,0,0,0,0.999999881],"scale":1.07569957,"type":"tree_aspen_wall"}
{"pos":[-111.434654,-3.11577415,249.805389],"rotationMatrix":[0.996021211,-0.0891148299,0,0.0891148299,0.996021211,0,0,0,0.999999881],"scale":1.01010382,"type":"tree_aspen_wall"}
{"pos":[-47.7657509,-18.2886028,249.613815],"rotationMatrix":[-0.741101742,0.67139262,0,-0.67139262,-0.741101742,0,0,0,0.999999881],"scale":0.991440117,"type":"tree_aspen_wall"}
{"pos":[-278.962402,-25.479702,255.221741],"rotationMatrix":[-0.813289821,-0.581858754,0,0.581858754,-0.813289821,0,0,0,0.999999881],"scale":1.06574249,"type":"tree_aspen_wall"}
{"pos":[-276.116791,-27.2894592,254.980972],"rotationMatrix":[0.649943888,-0.759982109,0,0.759982109,0.649943888,0,0,0,0.999999881],"scale":1.36304748,"type":"tree_aspen_wall"}
{"pos":[-283.380341,-1.93870258,254.112503],"rotationMatrix":[0.785169303,0.619281173,0,-0.619281173,0.785169303,0,0,0,0.999999881],"scale":1.36929178,"type":"tree_aspen_wall"}
{"pos":[-308.119141,3.92983341,256.063721],"rotationMatrix":[0.999217212,-0.0395589694,0,0.0395589694,0.999217212,0,0,0,0.999999881],"scale":0.911369979,"type":"tree_aspen_wall"}
{"pos":[-305.628479,-11.2404108,257.112366],"rotationMatrix":[0.968064606,0.250700623,0,-0.250700623,0.968064606,0,0,0,0.999999881],"scale":1.1963408,"type":"tree_aspen_wall"}
{"pos":[-315.079803,-16.0543938,257.801056],"rotationMatrix":[-0.973525107,-0.228579566,0,0.228579566,-0.973525107,0,0,0,0.999999881],"scale":1.31851804,"type":"tree_aspen_wall"}
{"pos":[-320.629761,-3.91317749,258.694427],"rotationMatrix":[0.0657928288,-0.997833252,0,0.997833252,0.0657928288,0,0,0,0.999999881],"scale":1.49414706,"type":"tree_aspen_wall"}
{"pos":[-336.352509,3.49746132,257.963104],"rotationMatrix":[-0.444070995,0.895991445,0,-0.895991445,-0.444070995,0,0,0,0.999999881],"scale":1.22034788,"type":"tree_aspen_wall"}
{"pos":[-330.744141,-17.6789093,260.496399],"rotationMatrix":[0.658499897,-0.752580702,0,0.752580702,0.658499897,0,0,0,0.999999881],"scale":1.02202451,"type":"tree_aspen_wall"}
{"pos":[-335.198456,16.4240608,257.085297],"rotationMatrix":[0.975842893,-0.218472853,0,0.218472853,0.975842893,0,0,0,0.999999881],"scale":0.965063632,"type":"tree_aspen_wall"}
{"pos":[-346.879822,14.7884521,257.727417],"rotationMatrix":[-0.314622641,0.949216664,0,-0.949216664,-0.314622641,0,0,0,0.999999881],"scale":1.31209767,"type":"tree_aspen_wall"}
{"pos":[-420.571136,-3.50741291,262.854279],"rotationMatrix":[-0.145143315,0.989410579,0,-0.989410579,-0.145143315,0,0,0,0.999999881],"scale":1.37855661,"type":"tree_aspen_wall"}
{"pos":[-496.922577,6.68790531,262.631592],"rotationMatrix":[0.881076336,0.472974032,0,-0.472974032,0.881076336,0,0,0,0.999999881],"scale":0.925709486,"type":"tree_aspen_wall"}
{"pos":[-570.137146,20.1144333,262.348389],"rotationMatrix":[-0.878130853,-0.478420377,0,0.478420377,-0.878130853,0,0,0,0.999999881],"scale":0.934895039,"type":"tree_aspen_wall"}
{"pos":[-314.47406,61.9657974,256.741608],"rotationMatrix":[0.204072818,0.978955686,0,-0.978955686,0.204072818,0,0,0,0.999999881],"scale":1.20189703,"type":"tree_aspen_wall"}
{"pos":[-289.993256,47.5564003,254.686813],"rotationMatrix":[-0.0510559343,0.998695731,0,-0.998695731,-0.0510559343,0,0,0,0.999999881],"scale":1.20987701,"type":"tree_aspen_wall"}
{"pos":[-228.956894,41.331028,249.352463],"rotationMatrix":[-0.99766767,-0.0682582408,0,0.0682582408,-0.99766767,0,0,0,0.999999881],"scale":1.3606658,"type":"tree_aspen_wall"}
{"pos":[-337.450012,-128.355255,263.07959],"rotationMatrix":[0.159739017,-0.987159193,0,0.987159193,0.159739017,0,0,0,0.999999881],"scale":1.10957742,"type":"tree_aspen_wall"}
{"pos":[-272.293732,-190.982513,282.753174],"rotationMatrix":[-0.926157773,-0.377135962,0,0.377135962,-0.926157773,0,0,0,0.999999881],"scale":1.28361714,"type":"tree_aspen_wall"}
{"pos":[-258.884583,-187.432663,282.80957],"rotationMatrix":[0.978647351,-0.205546007,0,0.205546007,0.978647351,0,0,0,0.999999881],"scale":1.38299298,"type":"tree_aspen_wall"}
{"pos":[-187.676224,-167.422012,273.28772],"rotationMatrix":[-0.689406514,-0.724374652,0,0.724374652,-0.689406514,0,0,0,0.999999881],"scale":0.948084116,"type":"tree_aspen_wall"}
{"pos":[-191.103333,-165.001678,273.989929],"rotationMatrix":[-0.594032109,0.804441094,0,-0.804441094,-0.594032109,0,0,0,0.999999881],"scale":1.32981026,"type":"tree_aspen_wall"}
{"pos":[-179.92009,-168.742645,273.656097],"rotationMatrix":[-0.998586178,0.0531545207,0,-0.0531545207,-0.998586178,0,0,0,0.999999881],"scale":0.961915016,"type":"tree_aspen_wall"}
{"pos":[-169.250107,-169.792435,273.692932],"rotationMatrix":[0.366132021,0.930562913,0,-0.930562913,0.366132021,0,0,0,0.999999881],"scale":1.46616411,"type":"tree_aspen_wall"}
{"pos":[-153.643585,-176.073547,273.281525],"rotationMatrix":[-0.164408296,-0.986392319,0,0.986392319,-0.164408296,0,0,0,0.999999881],"scale":1.23231053,"type":"tree_aspen_wall"}
{"pos":[-135.101303,-166.372437,273.843658],"rotationMatrix":[0.0992759615,-0.995059788,0,0.995059788,0.0992759615,0,0,0,0.999999881],"scale":1.28102374,"type":"tree_aspen_wall"}
{"pos":[-127.862495,-160.394073,273.911865],"rotationMatrix":[-0.750194967,0.661216557,0,-0.661216557,-0.750194967,0,0,0,0.999999881],"scale":1.38851094,"type":"tree_aspen_wall"}
{"pos":[-117.658836,-167.488358,273.006836],"rotationMatrix":[0.917866111,-0.396889895,0,0.396889895,0.917866111,0,0,0,0.999999881],"scale":1.08502662,"type":"tree_aspen_wall"}
{"pos":[-127.55687,-175.267105,273.506226],"rotationMatrix":[0.970046103,0.242920533,0,-0.242920533,0.970046103,0,0,0,0.999999881],"scale":0.917868376,"type":"tree_aspen_wall"}
{"pos":[-112.283951,-172.594345,273.707977],"rotationMatrix":[0.997907698,0.064653866,0,-0.064653866,0.997907698,0,0,0,0.999999881],"scale":1.46155632,"type":"tree_aspen_wall"}
{"pos":[-404.49939,-198.317596,273.923828],"rotationMatrix":[-0.956064641,-0.293155581,0,0.293155581,-0.956064641,0,0,0,0.999999881],"scale":1.48424137,"type":"tree_aspen_wall"}
{"pos":[-399.908142,-183.18219,270.755341],"rotationMatrix":[0.986309588,0.164903522,0,-0.164903522,0.986309588,0,0,0,0.999999881],"scale":0.967782259,"type":"tree_aspen_wall"}
{"pos":[-397.381195,-179.132401,269.34671],"rotationMatrix":[-0.0326156802,-0.99946785,0,0.99946785,-0.0326156802,0,0,0,0.999999881],"scale":1.09841716,"type":"tree_aspen_wall"}
{"pos":[-386.185455,-171.965607,270.813995],"rotationMatrix":[-0.108393274,-0.994108021,0,0.994108021,-0.108393274,0,0,0,0.999999881],"scale":1.01766789,"type":"tree_aspen_wall"}
{"pos":[-388.924469,-170.256882,268.059998],"rotationMatrix":[-0.399345785,-0.91680038,0,0.91680038,-0.399345785,0,0,0,0.999999881],"scale":1.12965381,"type":"tree_aspen_wall"}
{"pos":[-421.779694,-196.288986,269.579437],"rotationMatrix":[0.40461728,-0.914486051,0,0.914486051,0.40461728,0,0,0,0.999999881],"scale":1.25929654,"type":"tree_aspen_wall"}
{"pos":[-432.266022,-184.094879,265.641174],"rotationMatrix":[0.638293147,-0.769793212,0,0.769793212,0.638293147,0,0,0,0.999999881],"scale":1.07780313,"type":"tree_aspen_wall"}
{"pos":[-397.313995,-172.423035,267.735352],"rotationMatrix":[-0.959593236,-0.281390548,0,0.281390548,-0.959593236,0,0,0,0.999999881],"scale":1.27961361,"type":"tree_aspen_wall"}
{"pos":[-363.970154,-157.827591,268.505066],"rotationMatrix":[0.731882274,-0.681431055,0,0.681431055,0.731882274,0,0,0,0.999999881],"scale":1.10870898,"type":"tree_aspen_wall"}
{"pos":[-347.227936,-143.662384,267.059753],"rotationMatrix":[0.201505139,-0.97948736,0,0.97948736,0.201505139,0,0,0,0.999999881],"scale":1.47549784,"type":"tree_aspen_wall"}
{"pos":[-344.203644,-134.916733,264.986206],"rotationMatrix":[-0.997125149,-0.0757710263,0,0.0757710263,-0.997125149,0,0,0,0.999999881],"scale":1.05211163,"type":"tree_aspen_wall"}
{"pos":[-301.976807,-112.472054,260.494781],"rotationMatrix":[-0.617845833,0.78629905,0,-0.78629905,-0.617845833,0,0,0,0.999999881],"scale":0.913587153,"type":"tree_aspen_wall"}
{"pos":[-294.200775,-112.49955,260.539215],"rotationMatrix":[0.0157096181,-0.99987644,0,0.99987644,0.0157096181,0,0,0,0.999999881],"scale":1.11450338,"type":"tree_aspen_wall"}
{"pos":[-287.418213,-106.502708,259.099152],"rotationMatrix":[0.602428198,0.79817307,0,-0.79817307,0.602428198,0,0,0,0.999999881],"scale":1.150617,"type":"tree_aspen_wall"}
{"pos":[-281.225311,-93.486145,256.694092],"rotationMatrix":[-0.450241327,-0.892906785,0,0.892906785,-0.450241327,0,0,0,0.999999881],"scale":1.23941576,"type":"tree_aspen_wall"}
{"pos":[-270.704041,-103.840073,258.224915],"rotationMatrix":[-0.147911221,-0.989000499,0,0.989000499,-0.147911221,0,0,0,0.999999881],"scale":1.29669607,"type":"tree_aspen_wall"}
{"pos":[-193.089035,-157.121048,277.025635],"rotationMatrix":[0.851705372,-0.524020791,0,0.524020791,0.851705372,0,0,0,0.999999881],"scale":1.17968082,"type":"tree_aspen_wall"}
{"pos":[-187.761337,-153.775436,273.789062],"rotationMatrix":[-0.667208374,0.74487102,0,-0.74487102,-0.667208374,0,0,0,0.999999881],"scale":1.06459093,"type":"tree_aspen_wall"}
{"pos":[-336.655212,-179.618027,283.49353],"rotationMatrix":[-0.670474589,0.741932452,0,-0.741932452,-0.670474589,0,0,0,0.999999881],"scale":1.03224218,"type":"tree_aspen_wall"}
{"pos":[-326.69809,-176.001572,285.065796],"rotationMatrix":[-0.951517344,0.307594478,0,-0.307594478,-0.951517344,0,0,0,0.999999762],"scale":1.03100705,"type":"tree_aspen_wall"}
{"pos":[-56.0610733,-272.186249,263.511383],"rotationMatrix":[0.398048162,0.917364538,0,-0.917364538,0.398048162,0,0,0,0.999999881],"scale":1.15102029,"type":"tree_aspen_wall"}
{"pos":[-65.3472672,-281.703461,264.423584],"rotationMatrix":[0.72734195,0.686275184,0,-0.686275184,0.72734195,0,0,0,0.999999881],"scale":0.960911393,"type":"tree_aspen_wall"}
{"pos":[-59.5343361,-265.530151,264.423584],"rotationMatrix":[0.979900122,-0.199487954,0,0.199487954,0.979900122,0,0,0,0.999999762],"scale":0.960911393,"type":"tree_aspen_wall"}
{"pos":[-70.6501999,-264.951843,264.423584],"rotationMatrix":[0.99849081,-0.0549148172,0,0.0549148172,0.99849081,0,0,0,0.999999642],"scale":1.1193831,"type":"tree_aspen_wall"}
{"pos":[-82.9551163,-265.061676,264.423584],"rotationMatrix":[0.999693513,0.0247371458,0,-0.0247371458,0.999693513,0,0,0,0.999999404],"scale":1.1193831,"type":"tree_aspen_wall"}
{"pos":[-94.1027679,-265.061676,264.423584],"rotationMatrix":[-0.998392701,0.0566645563,0,-0.0566645563,-0.998392701,0,0,0,0.999999285],"scale":1.1193831,"type":"tree_aspen_wall"}
{"pos":[-107.684471,-265.061676,264.423584],"rotationMatrix":[0.992132366,0.125090778,0.00492245099,-0.124197334,0.98845917,-0.0867303908,-0.0157148242,0.0854367316,0.996218741],"scale":1.31034994,"type":"tree_aspen_wall"}
{"pos":[-80.5698853,-268.967194,264.423584],"rotationMatrix":[0.992132366,0.125090778,0.00492245099,-0.124197334,0.98845917,-0.0867303908,-0.0157148242,0.0854367316,0.996218741],"scale":1.31034994,"type":"tree_aspen_wall"}
{"pos":[-66.9881821,-268.967194,264.423584],"rotationMatrix":[-0.998392701,0.0566645563,0,-0.0566645563,-0.998392701,0,0,0,0.999999285],"scale":1.1193831,"type":"tree_aspen_wall"}
{"pos":[-100.603912,-268.83371,264.423584],"rotationMatrix":[-0.999968588,0.00605586171,0.00492245005,-0.00646005571,-0.996209979,-0.0867303759,0.00437857024,-0.0867595226,0.996218503],"scale":1.31034994,"type":"tree_aspen_wall"}
{"pos":[-114.06839,-267.053192,264.423584],"rotationMatrix":[0.982347071,-0.187063217,0,0.187063217,0.982347071,0,0,0,0.999999046],"scale":1.1193831,"type":"tree_aspen_wall"}
{"pos":[-91.5154877,-269.542664,264.423584],"rotationMatrix":[-0.98169136,-0.190410614,0.00492245052,0.189276278,-0.978085279,-0.0867303833,0.0213289782,-0.0842108279,0.996218622],"scale":1.6528548,"type":"tree_aspen_wall"}
{"pos":[-66.9400177,-291.872833,264.423584],"rotationMatrix":[0.13395077,0.990987718,0,-0.990987718,0.13395077,0,0,0,0.999999642],"scale":1.45165849,"type":"tree_aspen_wall"}
{"pos":[-76.6496735,-297.785004,264.423584],"rotationMatrix":[-0.961289227,0.275540143,0,-0.275540143,-0.961289227,0,0,0,0.999999523],"scale":1.45165849,"type":"tree_aspen_wall"}
{"pos":[-73.1386337,-276.929352,264.423584],"rotationMatrix":[0.730447412,-0.682949662,0.00492244959,0.680696249,0.727412164,-0.0867303684,0.0556518771,0.0667027235,0.996218383],"scale":1.31034994,"type":"tree_aspen_wall"}
{"pos":[-60.9461899,-269.857208,264.183899],"rotationMatrix":[0.604574442,-0.796548486,0,0.796548486,0.604574442,0,0,0,0.999999881],"scale":0.914037645,"type":"tree_aspen_wall"}
{"pos":[-93.2217484,-284.44574,264.288239],"rotationMatrix":[0.728649914,0.684886336,0,-0.684886336,0.728649914,0,0,0,0.999999881],"scale":0.964421153,"type":"tree_aspen_wall"}
{"pos":[-137.359192,-288.748993,263.002258],"rotationMatrix":[-0.172036335,-0.985090554,0,0.985090554,-0.172036335,0,0,0,0.999999881],"scale":1.14053786,"type":"tree_aspen_wall"}
{"pos":[-149.916718,-291.232666,263.438385],"rotationMatrix":[0.627780616,0.778390348,0,-0.778390348,0.627780616,0,0,0,0.999999881],"scale":1.10439706,"type":"tree_aspen_wall"}
{"pos":[-172.924942,-298.219055,262.882538],"rotationMatrix":[-0.598329306,-0.80125016,0,0.80125016,-0.598329306,0,0,0,0.999999881],"scale":1.29743648,"type":"tree_aspen_wall"}
{"pos":[-212.697632,-301.873444,265.025391],"rotationMatrix":[0.333129495,-0.942880929,0,0.942880929,0.333129495,0,0,0,0.999999881],"scale":1.16364026,"type":"tree_aspen_wall"}
{"pos":[-227.918198,-307.771149,263.926666],"rotationMatrix":[-0.936371028,-0.351011664,0,0.351011664,-0.936371028,0,0,0,0.999999881],"scale":0.969973207,"type":"tree_aspen_wall"}
{"pos":[-249.271362,-288.85376,264.184448],"rotationMatrix":[-0.995547175,-0.0942642018,0,0.0942642018,-0.995547175,0,0,0,0.999999881],"scale":1.15881085,"type":"tree_aspen_wall"}
{"pos":[-232.449768,-288.294525,264.509155],"rotationMatrix":[0.831908286,-0.554912865,0,0.554912865,0.831908286,0,0,0,0.999999881],"scale":1.47496367,"type":"tree_aspen_wall"}
{"pos":[-257.892548,-290.149048,263.483337],"rotationMatrix":[-0.788499177,-0.615035772,0,0.615035772,-0.788499177,0,0,0,0.999999881],"scale":1.44428742,"type":"tree_aspen_wall"}
{"pos":[-213.720673,-278.088989,264.424957],"rotationMatrix":[-0.440877974,0.897566915,0,-0.897566915,-0.440877974,0,0,0,0.999999881],"scale":1.10997653,"type":"tree_aspen_wall"}
{"pos":[-214.20018,-283.997437,265.035278],"rotationMatrix":[-0.776845753,-0.629690766,0,0.629690766,-0.776845753,0,0,0,0.999999881],"scale":1.39130735,"type":"tree_aspen_wall"}
{"pos":[-201.481842,-287.001587,265.315918],"rotationMatrix":[0.942341745,0.334652007,0,-0.334652007,0.942341745,0,0,0,0.999999881],"scale":1.22954464,"type":"tree_aspen_wall"}
{"pos":[-128.215988,-271.277374,263.957581],"rotationMatrix":[-0.924815297,-0.380416393,0,0.380416393,-0.924815297,0,0,0,0.999999881],"scale":1.16667569,"type":"tree_aspen_wall"}
{"pos":[-118.773201,-267.136261,263.812836],"rotationMatrix":[0.993315518,0.115430258,0,-0.115430258,0.993315518,0,0,0,0.999999881],"scale":1.18199503,"type":"tree_aspen_wall"}
{"pos":[-96.9121628,-275.095367,264.400177],"rotationMatrix":[-0.857581913,0.514347374,0,-0.514347374,-0.857581913,0,0,0,0.999999881],"scale":1.45978284,"type":"tree_aspen_wall"}
{"pos":[-81.8767395,-277.669617,264.723969],"rotationMatrix":[-0.942227662,0.334973067,0,-0.334973067,-0.942227662,0,0,0,0.999999881],"scale":1.34975755,"type":"tree_aspen_wall"}
{"pos":[-111.603935,-290.924286,262.9599],"rotationMatrix":[-0.0512228683,-0.998687148,0,0.998687148,-0.0512228683,0,0,0,0.999999881],"scale":1.27208829,"type":"tree_aspen_wall"}
{"pos":[-186.270584,-316.392029,266.630768],"rotationMatrix":[-0.746299565,0.665609956,0,-0.665609956,-0.746299565,0,0,0,0.999999881],"scale":0.945732117,"type":"tree_aspen_wall"}
{"pos":[-242.406937,-303.242859,262.79306],"rotationMatrix":[-0.629596174,0.776922286,0,-0.776922286,-0.629596174,0,0,0,0.999999881],"scale":1.28751469,"type":"tree_aspen_wall"}
{"pos":[-267.147461,-283.841248,263.239288],"rotationMatrix":[-0.987793148,-0.155771032,0,0.155771032,-0.987793148,0,0,0,0.999999881],"scale":1.13585401,"type":"tree_aspen_wall"}
{"pos":[-291.404755,-265.579712,263.239929],"rotationMatrix":[0.915800035,-0.401634246,0,0.401634246,0.915800035,0,0,0,0.999999881],"scale":1.02522397,"type":"tree_aspen_wall"}
{"pos":[-238.528915,-273.359741,264.413544],"rotationMatrix":[0.996852934,-0.079271704,0,0.079271704,0.996852934,0,0,0,0.999999881],"scale":1.28027821,"type":"tree_aspen_wall"}
{"pos":[-231.162552,-269.266449,263.873962],"rotationMatrix":[0.999939799,-0.0109662004,0,0.0109662004,0.999939799,0,0,0,0.999999881],"scale":1.30590558,"type":"tree_aspen_wall"}
{"pos":[-226.69696,-268.96283,263.263123],"rotationMatrix":[0.0861829817,-0.99627924,0,0.99627924,0.0861829817,0,0,0,0.999999881],"scale":1.49576926,"type":"tree_aspen_wall"}
{"pos":[-196.995407,-266.954132,263.464478],"rotationMatrix":[0.760446787,-0.649400055,0,0.649400055,0.760446787,0,0,0,0.999999881],"scale":1.00162101,"type":"tree_aspen_wall"}
{"pos":[-186.020584,-269.761047,263.745239],"rotationMatrix":[0.830107033,-0.557603896,0,0.557603896,0.830107033,0,0,0,0.999999881],"scale":1.051579,"type":"tree_aspen_wall"}
{"pos":[-137.21991,-266.892883,264.423584],"rotationMatrix":[-0.998392701,0.0566645563,0,-0.0566645563,-0.998392701,0,0,0,0.999999285],"scale":1.95485699,"type":"tree_aspen_wall"}
{"pos":[-170.97998,-270.918091,264.423584],"rotationMatrix":[0.997555733,0.0698664933,0,-0.0698664933,0.997555733,0,0,0,0.999999166],"scale":1.95485699,"type":"tree_aspen_wall"}
{"pos":[-412.287048,-296.355133,283.088226],"rotationMatrix":[0.682086706,-0.731271088,0,0.731271088,0.682086706,0,0,0,0.999999881],"scale":0.978304267,"type":"tree_aspen_wall"}
{"pos":[-545.360107,-348.971008,285.55603],"rotationMatrix":[-0.700454473,-0.713696897,0,0.713696897,-0.700454473,0,0,0,0.999999881],"scale":1.03817332,"type":"tree_aspen_wall"}
{"pos":[-551.319214,-344.011566,283.540985],"rotationMatrix":[0.743184149,-0.669086754,0,0.669086754,0.743184149,0,0,0,0.999999881],"scale":1.1913383,"type":"tree_aspen_wall"}
{"pos":[-594.178833,-344.503845,284.971222],"rotationMatrix":[0.600748003,0.799438417,0,-0.799438417,0.600748003,0,0,0,0.999999881],"scale":1.13677835,"type":"tree_aspen_wall"}
{"pos":[-680.129639,-206.045029,272.165009],"rotationMatrix":[-0.462042898,0.88685739,0,-0.88685739,-0.462042898,0,0,0,0.999999881],"scale":1.13005233,"type":"tree_aspen_wall"}
{"pos":[-679.472046,-197.306641,270.617218],"rotationMatrix":[-0.967991471,-0.250982761,0,0.250982761,-0.967991471,0,0,0,0.999999881],"scale":1.18058932,"type":"tree_aspen_wall"}
{"pos":[-680.32312,-178.768188,270.001099],"rotationMatrix":[0.0920010209,0.995758832,0,-0.995758832,0.0920010209,0,0,0,0.999999881],"scale":0.973847151,"type":"tree_aspen_wall"}
{"pos":[-681.685303,-164.681015,268.664398],"rotationMatrix":[-0.512536108,0.858665526,0,-0.858665526,-0.512536108,0,0,0,0.999999881],"scale":1.25955319,"type":"tree_aspen_wall"}
{"pos":[-666.952148,-144.066742,267.354706],"rotationMatrix":[0.0941873193,0.995554388,0,-0.995554388,0.0941873193,0,0,0,0.999999881],"scale":1.16292381,"type":"tree_aspen_wall"}
{"pos":[-664.854126,-142.706284,267.82724],"rotationMatrix":[0.992486358,-0.122354738,0,0.122354738,0.992486358,0,0,0,0.999999881],"scale":1.1771183,"type":"tree_aspen_wall"}
{"pos":[-667.398865,-130.590881,268.009857],"rotationMatrix":[0.247057125,0.969000876,0,-0.969000876,0.247057125,0,0,0,0.999999881],"scale":1.49137127,"type":"tree_aspen_wall"}
{"pos":[-660.218506,-130.134323,268.146576],"rotationMatrix":[-0.22069253,0.975343287,0,-0.975343287,-0.22069253,0,0,0,0.999999881],"scale":1.21783793,"type":"tree_aspen_wall"}
{"pos":[-656.835144,-128.524414,268.136414],"rotationMatrix":[-0.427306861,0.904106498,0,-0.904106498,-0.427306861,0,0,0,0.999999881],"scale":1.48494017,"type":"tree_aspen_wall"}
{"pos":[-649.545959,-122.37677,267.841248],"rotationMatrix":[-0.625556707,-0.780178547,0,0.780178547,-0.625556707,0,0,0,0.999999881],"scale":0.904589236,"type":"tree_aspen_wall"}
{"pos":[-648.949402,-115.901161,268.226288],"rotationMatrix":[0.950481772,-0.310779989,0,0.310779989,0.950481772,0,0,0,0.999999881],"scale":1.15586352,"type":"tree_aspen_wall"}
{"pos":[-628.992432,-114.613976,268.301819],"rotationMatrix":[-0.986534178,-0.163554609,0,0.163554609,-0.986534178,0,0,0,0.999999881],"scale":1.23700285,"type":"tree_aspen_wall"}
{"pos":[-649.093994,-130.216614,267.390625],"rotationMatrix":[0.896822989,-0.442389369,0,0.442389369,0.896822989,0,0,0,0.999999881],"scale":1.43430102,"type":"tree_aspen_wall"}
{"pos":[-563.937317,-100.075661,263.596497],"rotationMatrix":[0.89388293,0.448300421,0,-0.448300421,0.89388293,0,0,0,0.999999881],"scale":1.05345738,"type":"tree_aspen_wall"}
{"pos":[-560.00885,-98.2520294,263.164337],"rotationMatrix":[0.932715595,0.360612869,0,-0.360612869,0.932715595,0,0,0,0.999999881],"scale":1.15471053,"type":"tree_aspen_wall"}
{"pos":[-688.23999,-192.228134,272.180695],"rotationMatrix":[0.293950349,0.95582068,0,-0.95582068,0.293950349,0,0,0,0.999999881],"scale":1.29887688,"type":"tree_aspen_wall"}
{"pos":[-680.620117,-189.049576,270.717682],"rotationMatrix":[-0.815458536,-0.578815281,0,0.578815281,-0.815458536,0,0,0,0.999999881],"scale":1.44253516,"type":"tree_aspen_wall"}
{"pos":[-701.301697,-173.624039,273.444397],"rotationMatrix":[-0.78744781,-0.616381109,0,0.616381109,-0.78744781,0,0,0,0.999999881],"scale":1.30622911,"type":"tree_aspen_wall"}
{"pos":[-698.818359,-180.26622,272.622009],"rotationMatrix":[-0.348035008,0.937481463,0,-0.937481463,-0.348035008,0,0,0,0.999999881],"scale":1.15499175,"type":"tree_aspen_wall"}
{"pos":[-695.023621,-178.002655,272.973755],"rotationMatrix":[0.404576749,0.914504051,0,-0.914504051,0.404576749,0,0,0,0.999999881],"scale":0.981825769,"type":"tree_aspen_wall"}
{"pos":[-699.947083,-159.345795,271.735687],"rotationMatrix":[-0.602784812,-0.797903597,0,0.797903597,-0.602784812,0,0,0,0.999999881],"scale":1.11139762,"type":"tree_aspen_wall"}
{"pos":[-688.492432,-169.161819,270.453339],"rotationMatrix":[0.969537914,0.244940907,0,-0.244940907,0.969537914,0,0,0,0.999999881],"scale":1.29528522,"type":"tree_aspen_wall"}
{"pos":[-690.218811,-143.974091,270.928467],"rotationMatrix":[-0.664308608,-0.747458398,0,0.747458398,-0.664308608,0,0,0,0.999999881],"scale":1.38430583,"type":"tree_aspen_wall"}
{"pos":[-685.202454,-152.20842,268.857819],"rotationMatrix":[-0.313392162,0.949623704,0,-0.949623704,-0.313392162,0,0,0,0.999999881],"scale":1.3647908,"type":"tree_aspen_wall"}
{"pos":[-689.533508,-138.352585,270.289673],"rotationMatrix":[0.539509416,0.841979563,0,-0.841979563,0.539509416,0,0,0,0.999999881],"scale":1.28162074,"type":"tree_aspen_wall"}
{"pos":[-675.213196,-129.312256,268.610016],"rotationMatrix":[0.425632656,-0.904895961,0,0.904895961,0.425632656,0,0,0,0.999999881],"scale":0.993873715,"type":"tree_aspen_wall"}
{"pos":[-660.579285,-117.863235,267.637451],"rotationMatrix":[0.929012835,-0.370047182,0,0.370047182,0.929012835,0,0,0,0.999999881],"scale":1.47849584,"type":"tree_aspen_wall"}
{"pos":[-666.491882,-108.122681,268.766479],"rotationMatrix":[0.965780437,0.25936088,0,-0.25936088,0.965780437,0,0,0,0.999999881],"scale":1.26587641,"type":"tree_aspen_wall"}
{"pos":[-682.214844,-108.088188,271.450653],"rotationMatrix":[-0.662144542,0.749375939,0,-0.749375939,-0.662144542,0,0,0,0.999999881],"scale":0.901181102,"type":"tree_aspen_wall"}
{"pos":[-672.673523,-102.831001,270.541687],"rotationMatrix":[-0.720476925,-0.693478882,0,0.693478882,-0.720476925,0,0,0,0.999999881],"scale":1.09175634,"type":"tree_aspen_wall"}
{"pos":[-688.681763,-112.617035,272.259979],"rotationMatrix":[-0.361694276,0.932296634,0,-0.932296634,-0.361694276,0,0,0,0.999999881],"scale":1.31415069,"type":"tree_aspen_wall"}
{"pos":[-700.042542,-144.453339,271.311798],"rotationMatrix":[-0.787066162,0.616868436,0,-0.616868436,-0.787066162,0,0,0,0.999999881],"scale":1.39622164,"type":"tree_aspen_wall"}
{"pos":[-710.578369,-155.248367,271.868805],"rotationMatrix":[0.145469666,0.989362657,0,-0.989362657,0.145469666,0,0,0,0.999999881],"scale":1.38165164,"type":"tree_aspen_wall"}
{"pos":[-698.368835,-155.826996,271.665985],"rotationMatrix":[0.206633464,0.97841841,0,-0.97841841,0.206633464,0,0,0,0.999999881],"scale":1.11877966,"type":"tree_aspen_wall"}
{"pos":[-700.531128,-153.831757,271.902252],"rotationMatrix":[-0.714471936,-0.699664056,0,0.699664056,-0.714471936,0,0,0,0.999999881],"scale":1.01943111,"type":"tree_aspen_wall"}
{"pos":[-714.464172,-164.152985,271.96109],"rotationMatrix":[-0.685042322,0.728503048,0,-0.728503048,-0.685042322,0,0,0,0.999999881],"scale":1.22454107,"type":"tree_aspen_wall"}
{"pos":[-696.94043,-175.149734,271.643005],"rotationMatrix":[-0.314399064,-0.949290812,0,0.949290812,-0.314399064,0,0,0,0.999999881],"scale":1.4337759,"type":"tree_aspen_wall"}
{"pos":[-695.694885,-171.298599,272.31073],"rotationMatrix":[0.995159447,-0.0982726291,0,0.0982726291,0.995159447,0,0,0,0.999999881],"scale":1.30770111,"type":"tree_aspen_wall"}
{"pos":[-138.305695,-220.730286,273.216003],"rotationMatrix":[0.749351203,0.662172735,0,-0.662172735,0.749351203,0,0,0,0.999999881],"scale":1.34587038,"type":"tree_aspen_wall"}
{"pos":[-325.619751,-62.2171936,256.735077],"rotationMatrix":[-0.995429218,-0.0955012292,0,0.0955012292,-0.995429218,0,0,0,0.999999881],"scale":1.40227556,"type":"tree_aspen_wall"}
{"pos":[-307.090912,-330.388489,302.584717],"rotationMatrix":[0.999598682,0.0283254068,0,-0.0283254068,0.999598682,0,0,0,0.999999881],"scale":0.903783917,"type":"tree_aspen_wall"}
{"pos":[-233.88623,-331.173523,301.960327],"rotationMatrix":[0.988442421,-0.151596025,0,0.151596025,0.988442421,0,0,0,0.999999881],"scale":1.47216749,"type":"tree_aspen_wall"}
{"pos":[-237.404007,-330.854218,302.290771],"rotationMatrix":[-0.429982662,-0.902837038,0,0.902837038,-0.429982662,0,0,0,0.999999881],"scale":1.26910496,"type":"tree_aspen_wall"}
{"pos":[-216.000641,-356.875977,302.751831],"rotationMatrix":[0.905284822,-0.424804896,0,0.424804896,0.905284822,0,0,0,0.999999881],"scale":0.996264637,"type":"tree_aspen_wall"}
{"pos":[-185.689514,-337.015656,291.232941],"rotationMatrix":[0.905336201,0.424695581,0,-0.424695581,0.905336201,0,0,0,0.999999881],"scale":0.948038578,"type":"tree_aspen_wall"}
{"pos":[-161.234558,-332.709564,292.486603],"rotationMatrix":[-0.617883325,0.786269546,0,-0.786269546,-0.617883325,0,0,0,0.999999881],"scale":0.941101015,"type":"tree_aspen_wall"}
{"pos":[-109.271126,-351.949127,284.109406],"rotationMatrix":[0.830315173,-0.557293952,0,0.557293952,0.830315173,0,0,0,0.999999881],"scale":0.942092538,"type":"tree_aspen_wall"}
{"pos":[-98.5565338,-363.312897,283.448547],"rotationMatrix":[0.965283453,-0.261204064,0,0.261204064,0.965283453,0,0,0,0.999999881],"scale":0.925295711,"type":"tree_aspen_wall"}
{"pos":[-105.087067,-371.977325,283.024445],"rotationMatrix":[-0.954126894,0.299402386,0,-0.299402386,-0.954126894,0,0,0,0.999999881],"scale":1.41773689,"type":"tree_aspen_wall"}
{"pos":[-68.661377,-331.70459,285.932983],"rotationMatrix":[-0.485037118,-0.87449342,0,0.87449342,-0.485037118,0,0,0,0.999999881],"scale":1.41664195,"type":"tree_aspen_wall"}
{"pos":[-75.8998108,-328.784698,285.460388],"rotationMatrix":[0.640938878,0.767591894,0,-0.767591894,0.640938878,0,0,0,0.999999881],"scale":1.06567764,"type":"tree_aspen_wall"}
{"pos":[-98.4827271,-310.9953,284.080383],"rotationMatrix":[-0.618255556,0.785976946,0,-0.785976946,-0.618255556,0,0,0,0.999999881],"scale":1.04524314,"type":"tree_aspen_wall"}
{"pos":[-103.593216,-325.864471,286.073853],"rotationMatrix":[0.204287082,0.978910983,0,-0.978910983,0.204287082,0,0,0,0.999999881],"scale":1.12219334,"type":"tree_aspen_wall"}
{"pos":[-108.766571,-319.999512,284.96344],"rotationMatrix":[0.805596054,0.592465162,0,-0.592465162,0.805596054,0,0,0,0.999999881],"scale":1.01405585,"type":"tree_aspen_wall"}
{"pos":[-118.759903,-317.857422,284.35611],"rotationMatrix":[0.843996584,0.536348462,0,-0.536348462,0.843996584,0,0,0,0.999999881],"scale":0.951639056,"type":"tree_aspen_wall"}
{"pos":[-113.470078,-351.427399,283.030243],"rotationMatrix":[0.53370142,-0.845672846,0,0.845672846,0.53370142,0,0,0,0.999999881],"scale":1.03001618,"type":"tree_aspen_wall"}
{"pos":[114.750877,-300.143677,274.375183],"rotationMatrix":[-0.129782081,-0.991542459,0,0.991542459,-0.129782081,0,0,0,0.999999881],"scale":1.00887847,"type":"tree_aspen_wall"}
{"pos":[94.5688858,-307.824829,274.243347],"rotationMatrix":[-0.641660094,-0.766988933,0,0.766988933,-0.641660094,0,0,0,0.999999881],"scale":1.26802516,"type":"tree_aspen_wall"}
{"pos":[75.2358017,-316.332214,275.037598],"rotationMatrix":[-0.047681924,-0.998862505,0,0.998862505,-0.047681924,0,0,0,0.999999881],"scale":0.902623832,"type":"tree_aspen_wall"}
{"pos":[129.328964,-295.404785,273.613708],"rotationMatrix":[0.997134686,-0.0756459087,0,0.0756459087,0.997134686,0,0,0,0.999999881],"scale":0.961636543,"type":"tree_aspen_wall"}
{"pos":[83.7753677,-338.176025,273.179657],"rotationMatrix":[-0.616172194,0.787611187,0,-0.787611187,-0.616172194,0,0,0,0.999999881],"scale":1.09712172,"type":"tree_aspen_wall"}
{"pos":[197.328354,-109.73053,272.548187],"rotationMatrix":[0.778493226,0.627653003,0,-0.627653003,0.778493226,0,0,0,0.999999881],"scale":1.37515759,"type":"tree_aspen_wall"}
