{"pos":[739.080322,-50.5908737,51.8717232],"rotationMatrix":[-0.98100847,0.193964645,0,-0.193964645,-0.98100847,0,0,0,0.999999881],"scale":1.13342071,"type":"tree_aspen_bush_a"}
{"pos":[738.42334,-49.4014397,51.8750648],"rotationMatrix":[0.50571996,-0.862697542,0,0.862697542,0.50571996,0,0,0,0.999999881],"scale":1.04483879,"type":"tree_aspen_bush_a"}
{"pos":[742.31012,-53.2442741,51.8844299],"rotationMatrix":[0.317935824,-0.94811219,0,0.94811219,0.317935824,0,0,0,0.999999881],"scale":1.18315887,"type":"tree_aspen_bush_a"}
{"pos":[723.679565,-39.7315483,51.8553581],"rotationMatrix":[-0.995597184,0.0937338695,0,-0.0937338695,-0.995597184,0,0,0,0.999999881],"scale":1.17164576,"type":"tree_aspen_bush_a"}
{"pos":[722.471985,-57.4105721,51.7943726],"rotationMatrix":[-0.679357827,0.733807027,0,-0.733807027,-0.679357827,0,0,0,0.999999762],"scale":1.15038216,"type":"tree_aspen_bush_a"}
{"pos":[722.871765,-38.4833145,51.8881302],"rotationMatrix":[0.574818254,0.818281114,0,-0.818281114,0.574818254,0,0,0,0.999999881],"scale":1.02931857,"type":"tree_aspen_bush_a"}
{"pos":[725.074707,-59.4200706,51.8855629],"rotationMatrix":[0.994452834,0.10518229,0,-0.10518229,0.994452834,0,0,0,0.999999762],"scale":0.997523248,"type":"tree_aspen_bush_a"}
{"pos":[737.55835,-58.4601784,51.8844299],"rotationMatrix":[0.317935824,-0.94811219,0,0.94811219,0.317935824,0,0,0,0.999999881],"scale":1.18315887,"type":"tree_aspen_bush_a"}
{"pos":[743.981201,-84.2625427,51.8673515],"rotationMatrix":[-0.604133129,0.796883166,0,-0.796883166,-0.604133129,0,0,0,0.999999881],"scale":1.03541601,"type":"tree_aspen_bush_a"}
{"pos":[739.641357,-85.6712036,51.8419685],"rotationMatrix":[-0.524736524,0.851264536,0,-0.851264536,-0.524736524,0,0,0,0.999999881],"scale":1.16051054,"type":"tree_aspen_bush_a"}
{"pos":[742.676697,-88.159935,51.9152031],"rotationMatrix":[-0.871385038,0.490599483,0,-0.490599483,-0.871385038,0,0,0,0.999999881],"scale":1.07350814,"type":"tree_aspen_bush_a"}
{"pos":[724.204529,-95.979187,51.9232178],"rotationMatrix":[-0.926892281,0.37532717,0,-0.37532717,-0.926892281,0,0,0,0.999999881],"scale":0.825389206,"type":"tree_aspen_bush_a"}
{"pos":[724.307373,-98.2575531,52.0031815],"rotationMatrix":[0.0209174696,-0.999781132,0,0.999781132,0.0209174696,0,0,0,0.999999881],"scale":1.17621958,"type":"tree_aspen_bush_a"}
{"pos":[723.387146,-95.4704056,51.9062691],"rotationMatrix":[-0.350077093,0.936720788,0,-0.936720788,-0.350077093,0,0,0,0.999999881],"scale":1.15424538,"type":"tree_aspen_bush_a"}
{"pos":[726.686035,-95.8478317,51.8916588],"rotationMatrix":[0.284143299,0.958781838,0,-0.958781838,0.284143299,0,0,0,0.999999881],"scale":0.861103892,"type":"tree_aspen_bush_a"}
{"pos":[724.753662,-95.6679382,51.826458],"rotationMatrix":[0.207691446,-0.978194296,0,0.978194296,0.207691446,0,0,0,0.999999881],"scale":1.15244579,"type":"tree_aspen_bush_a"}
{"pos":[725.747131,-95.7087479,51.9403],"rotationMatrix":[0.993247092,-0.116017133,0,0.116017133,0.993247092,0,0,0,0.999999881],"scale":0.869543195,"type":"tree_aspen_bush_a"}
{"pos":[724.440979,-96.7358627,51.9208069],"rotationMatrix":[0.999919355,-0.0126879197,0,0.0126879197,0.999919355,0,0,0,0.999999881],"scale":0.9609797,"type":"tree_aspen_bush_a"}
{"pos":[720.440735,-96.2054749,51.8925896],"rotationMatrix":[-0.694931805,0.719075561,0,-0.719075561,-0.694931805,0,0,0,0.999999881],"scale":1.02558291,"type":"tree_aspen_bush_a"}
{"pos":[760.581909,-110.489502,57.5791626],"rotationMatrix":[0.998833716,-0.0482799299,0,0.0482799299,0.998833716,0,0,0,0.999999881],"scale":0.8889575,"type":"tree_aspen_bush_a"}
{"pos":[760.787964,-112.066193,58.0001068],"rotationMatrix":[-0.0200657155,-0.999798536,0,0.999798536,-0.0200657155,0,0,0,0.999999881],"scale":1.03312862,"type":"tree_aspen_bush_a"}
{"pos":[758.02594,-111.546219,57.6198158],"rotationMatrix":[0.51545769,-0.856914937,0,0.856914937,0.51545769,0,0,0,0.999999881],"scale":1.04459906,"type":"tree_aspen_bush_a"}
{"pos":[747.947754,-113.766617,57.4766121],"rotationMatrix":[0.333696604,-0.942680418,0,0.942680418,0.333696604,0,0,0,0.999999881],"scale":0.946444154,"type":"tree_aspen_bush_a"}
{"pos":[744.740295,-114.722443,57.3392944],"rotationMatrix":[0.127982914,-0.991776288,0,0.991776288,0.127982914,0,0,0,0.999999881],"scale":0.830070078,"type":"tree_aspen_bush_a"}
{"pos":[740.750122,-114.75042,56.5260429],"rotationMatrix":[0.999879301,-0.0155289164,0,0.0155289164,0.999879301,0,0,0,0.999999881],"scale":1.16165137,"type":"tree_aspen_bush_a"}
{"pos":[736.920471,-116.954567,57.5254631],"rotationMatrix":[-0.322532982,-0.946558177,0,0.946558177,-0.322532982,0,0,0,0.999999881],"scale":1.08819735,"type":"tree_aspen_bush_a"}
{"pos":[733.916626,-116.361023,57.1976433],"rotationMatrix":[-0.581759214,-0.813360929,0,0.813360929,-0.581759214,0,0,0,0.999999881],"scale":1.14832163,"type":"tree_aspen_bush_a"}
{"pos":[735.72699,-115.154381,56.5864677],"rotationMatrix":[0.82655865,0.562850595,0,-0.562850595,0.82655865,0,0,0,0.999999881],"scale":0.827303588,"type":"tree_aspen_bush_a"}
{"pos":[735.711365,-117.18177,57.5737915],"rotationMatrix":[-0.492758214,-0.870166123,0,0.870166123,-0.492758214,0,0,0,0.999999881],"scale":0.839948475,"type":"tree_aspen_bush_a"}
{"pos":[733.948975,-117.707481,57.7374725],"rotationMatrix":[-0.512527108,0.85867089,0,-0.85867089,-0.512527108,0,0,0,0.999999881],"scale":1.07237923,"type":"tree_aspen_bush_a"}
{"pos":[733.940186,-118.295425,57.8721581],"rotationMatrix":[0.895957232,0.444140226,0,-0.444140226,0.895957232,0,0,0,0.999999881],"scale":0.943747044,"type":"tree_aspen_bush_a"}
{"pos":[732.179077,-116.933952,57.656559],"rotationMatrix":[0.786475837,-0.617620945,0,0.617620945,0.786475837,0,0,0,0.999999881],"scale":1.07319856,"type":"tree_aspen_bush_a"}
{"pos":[732.627197,-115.293312,56.6623802],"rotationMatrix":[0.855686009,0.517495275,0,-0.517495275,0.855686009,0,0,0,0.999999881],"scale":1.1293782,"type":"tree_aspen_bush_a"}
{"pos":[736.388916,-117.420349,57.6611481],"rotationMatrix":[0.0837181136,0.996489406,0,-0.996489406,0.0837181136,0,0,0,0.999999881],"scale":0.983505249,"type":"tree_aspen_bush_a"}
{"pos":[726.404114,-113.577866,57.119751],"rotationMatrix":[0.0357801132,0.999359608,0,-0.999359608,0.0357801132,0,0,0,0.999999881],"scale":1.11622059,"type":"tree_aspen_bush_a"}
{"pos":[728.887939,-113.142555,56.0810623],"rotationMatrix":[-0.920092523,-0.391701162,0,0.391701162,-0.920092523,0,0,0,0.999999881],"scale":0.955301642,"type":"tree_aspen_bush_a"}
{"pos":[727.797791,-115.631607,57.7038307],"rotationMatrix":[-0.583238244,0.81230092,0,-0.81230092,-0.583238244,0,0,0,0.999999881],"scale":1.183092,"type":"tree_aspen_bush_a"}
{"pos":[726.924438,-111.880814,56.1518707],"rotationMatrix":[-0.980268061,-0.197672591,0,0.197672591,-0.980268061,0,0,0,0.999999881],"scale":0.84504813,"type":"tree_aspen_bush_a"}
{"pos":[727.773071,-114.004517,56.9152107],"rotationMatrix":[0.5891819,0.808000386,0,-0.808000386,0.5891819,0,0,0,0.999999881],"scale":1.03872752,"type":"tree_aspen_bush_a"}
{"pos":[725.809021,-112.110596,56.7147675],"rotationMatrix":[0.119131364,0.992878437,0,-0.992878437,0.119131364,0,0,0,0.999999881],"scale":1.06022155,"type":"tree_aspen_bush_a"}
{"pos":[724.397644,-109.378418,56.087635],"rotationMatrix":[-0.336175293,-0.941799402,0,0.941799402,-0.336175293,0,0,0,0.999999881],"scale":1.06966245,"type":"tree_aspen_bush_a"}
{"pos":[722.721863,-109.1269,56.6608429],"rotationMatrix":[0.781851053,-0.623465002,0,0.623465002,0.781851053,0,0,0,0.999999881],"scale":0.954723597,"type":"tree_aspen_bush_a"}
{"pos":[725.022766,-112.401695,57.2059402],"rotationMatrix":[-0.755940616,-0.654640198,0,0.654640198,-0.755940616,0,0,0,0.999999881],"scale":0.951899886,"type":"tree_aspen_bush_a"}
{"pos":[720.171875,-110.883362,57.8697739],"rotationMatrix":[-0.969300926,0.245877236,0,-0.245877236,-0.969300926,0,0,0,0.999999881],"scale":1.17032349,"type":"tree_aspen_bush_a"}
{"pos":[716.072388,-111.412865,57.3518448],"rotationMatrix":[0.0519986898,0.998647034,0,-0.998647034,0.0519986898,0,0,0,0.999999881],"scale":1.16202283,"type":"tree_aspen_bush_a"}
{"pos":[710.819031,-115.006905,56.4727135],"rotationMatrix":[0.669436157,0.742869556,0,-0.742869556,0.669436157,0,0,0,0.999999881],"scale":1.11029541,"type":"tree_aspen_bush_a"}
{"pos":[703.508423,-113.192055,53.7716751],"rotationMatrix":[-0.683394015,-0.730049729,0,0.730049729,-0.683394015,0,0,0,0.999999881],"scale":1.12817347,"type":"tree_aspen_bush_a"}
{"pos":[698.742249,-116.904472,53.5920563],"rotationMatrix":[-0.854105115,0.520100355,0,-0.520100355,-0.854105115,0,0,0,0.999999881],"scale":0.912700772,"type":"tree_aspen_bush_a"}
{"pos":[698.236328,-115.42321,53.0728569],"rotationMatrix":[-0.0109330053,0.999940157,0,-0.999940157,-0.0109330053,0,0,0,0.999999881],"scale":0.875654757,"type":"tree_aspen_bush_a"}
{"pos":[700.727295,-116.961327,54.3222466],"rotationMatrix":[-0.108400859,-0.994107187,0,0.994107187,-0.108400859,0,0,0,0.999999881],"scale":0.965276361,"type":"tree_aspen_bush_a"}
{"pos":[695.561707,-114.56591,52.3824196],"rotationMatrix":[-0.984628081,0.174663857,0,-0.174663857,-0.984628081,0,0,0,0.999999881],"scale":1.12332249,"type":"tree_aspen_bush_a"}
{"pos":[693.231567,-121.578499,52.1722908],"rotationMatrix":[0.805246174,0.592940629,0,-0.592940629,0.805246174,0,0,0,0.999999881],"scale":1.03379428,"type":"tree_aspen_bush_a"}
{"pos":[706.032166,24.9933758,52.2539215],"rotationMatrix":[-0.372689694,-0.927955985,0,0.927955985,-0.372689694,0,0,0,0.999999881],"scale":1.0264554,"type":"tree_aspen_bush_a"}
{"pos":[705.91095,27.3042221,53.2503853],"rotationMatrix":[-0.18051523,0.983572066,0,-0.983572066,-0.18051523,0,0,0,0.999999881],"scale":1.01295233,"type":"tree_aspen_bush_a"}
{"pos":[751.832947,25.9260578,51.8586807],"rotationMatrix":[-0.675719082,0.737158954,0,-0.737158954,-0.675719082,0,0,0,0.999999881],"scale":1.15122533,"type":"tree_aspen_bush_a"}
{"pos":[786.452759,25.4681091,51.9035339],"rotationMatrix":[0.765867054,-0.642998815,0,0.642998815,0.765867054,0,0,0,0.999999881],"scale":0.873523891,"type":"tree_aspen_bush_a"}
{"pos":[785.310364,24.7007313,51.890873],"rotationMatrix":[-0.951049626,-0.309037864,0,0.309037864,-0.951049626,0,0,0,0.999999881],"scale":1.11125934,"type":"tree_aspen_bush_a"}
{"pos":[785.716187,25.6456814,51.9113617],"rotationMatrix":[0.967640281,0.252333432,0,-0.252333432,0.967640281,0,0,0,0.999999881],"scale":0.958152771,"type":"tree_aspen_bush_a"}
{"pos":[749.563477,-22.7069187,51.9532471],"rotationMatrix":[0.64281863,0.766018391,0,-0.766018391,0.64281863,0,0,0,0.999999881],"scale":0.937151372,"type":"tree_aspen_bush_a"}
{"pos":[811.483398,-190.82959,71.1882858],"rotationMatrix":[0.644043624,-0.764988661,0,0.764988661,0.644043624,0,-0,0,0.999999881],"scale":1.06158388,"type":"tree_aspen_bush_a"}
{"pos":[801.48053,-213.589859,71.0259247],"rotationMatrix":[-0.999897957,-0.0142764077,0,0.0142764077,-0.999897957,0,0,0,0.999999881],"scale":1.15036047,"type":"tree_aspen_bush_a"}
