{"pos":[-11.8451004,-359.074005,48.3294983],"rotationMatrix":[0.335987091,0.941856563,0,-0.941856563,0.335987091,0,0,0,1],"scale":1.26670003,"type":"tree_aspen_large_b"}
{"pos":[-68.2394028,-315.096008,41.5037994],"rotationMatrix":[0.32882303,-0.944374859,0,0.944374859,0.32882303,0,0,0,1],"scale":1.18729997,"type":"tree_aspen_large_b"}
{"pos":[-177.983002,-266.118988,38.3684998],"rotationMatrix":[-0.457265973,-0.889280498,0,0.889280498,-0.457265973,0,0,0,1],"scale":1.0438,"type":"tree_aspen_large_b"}
{"pos":[-645.447021,-35.7369003,21.1301003],"rotationMatrix":[-0.604556918,-0.796456397,0,0.796456397,-0.604556918,0,0,0,1],"scale":1.02869999,"type":"tree_aspen_large_b"}
{"pos":[-639.961975,-36.6461983,19.7980003],"rotationMatrix":[0.991288006,-0.131709605,0,0.131709605,0.991288006,0,0,0,1],"scale":1.15690005,"type":"tree_aspen_large_b"}
{"pos":[-804.463013,-189.085999,22.0351009],"rotationMatrix":[0.427763939,0.90387404,0,-0.90387404,0.427763939,0,0,0,1],"scale":1.01400006,"type":"tree_aspen_large_b"}
{"pos":[-814.400024,-185.315002,22.6609001],"rotationMatrix":[0.998627126,0.0523842797,0,-0.0523842797,0.998627126,0,0,0,1],"scale":0.993499994,"type":"tree_aspen_large_b"}
{"pos":[-976.955017,-203.690994,54.4608994],"rotationMatrix":[0.366287172,0.930473685,0,-0.930473685,0.366287172,0,0,0,1],"scale":1.43789995,"type":"tree_aspen_large_b"}
{"pos":[-961.138,-207.410995,53.7714996],"rotationMatrix":[-0.997200966,0.0731487647,0,-0.0731487647,-0.997200966,0,0,0,1],"scale":1.01950002,"type":"tree_aspen_large_b"}
{"pos":[-816.989014,-324.239014,24.9923],"rotationMatrix":[-0.72794044,0.685599208,0,-0.685599208,-0.72794044,0,0,0,1],"scale":1.15030003,"type":"tree_aspen_large_b"}
{"pos":[-972.564026,-347.023987,52.3092003],"rotationMatrix":[-0.273288846,-0.961948276,0,0.961948276,-0.273288846,0,0,0,1],"scale":1.03760004,"type":"tree_aspen_large_b"}
{"pos":[-587.705994,-500.764008,32.5313988],"rotationMatrix":[-0.170144081,-0.985344231,0,0.985344231,-0.170144081,0,0,0,1],"scale":0.92839998,"type":"tree_aspen_large_b"}
{"pos":[-573.870972,-562.452026,29.3080006],"rotationMatrix":[0.905039191,0.425340801,0,-0.425340801,0.905039191,0,0,0,1],"scale":1.19099998,"type":"tree_aspen_large_b"}
{"pos":[-711.046021,-607.017029,17.8530006],"rotationMatrix":[-0.817561746,-0.575793147,0,0.575793147,-0.817561746,0,0,0,1],"scale":1.43980002,"type":"tree_aspen_large_b"}
{"pos":[-830.940979,-543.758972,17.8834],"rotationMatrix":[-0.188882113,-0.981945634,0,0.981945634,-0.188882113,0,0,0,1],"scale":1.19819999,"type":"tree_aspen_large_b"}
{"pos":[-398.527008,826.737976,24.8176003],"rotationMatrix":[0.707693458,-0.706490397,0,0.706490397,0.707693458,0,0,0,1],"scale":1.38409996,"type":"tree_aspen_large_b"}
{"pos":[-421.592987,820.474976,25.7570992],"rotationMatrix":[0.823819518,-0.566828609,0,0.566828609,0.823819518,0,0,0,1],"scale":1.33379996,"type":"tree_aspen_large_b"}
{"pos":[-419.502014,808.231995,27.1422997],"rotationMatrix":[-0.594540834,-0.804145753,0,0.804145753,-0.594540834,0,0,0,1],"scale":0.948400021,"type":"tree_aspen_large_b"}
{"pos":[-115.556541,49.9721375,43.4151993],"rotationMatrix":[-0.991608858,0.129527435,0,-0.129527435,-0.991608858,0,0,0,1],"scale":1.28320003,"type":"tree_aspen_large_b"}
{"pos":[-334.946014,183.423996,56.1804008],"rotationMatrix":[-0.981244206,-0.192889139,0,0.192889139,-0.981244206,0,0,0,1],"scale":0.9278,"type":"tree_aspen_large_b"}
{"pos":[-405.891998,58.8499985,35.2420998],"rotationMatrix":[-0.991608858,0.127930775,0,-0.127930775,-0.991608858,0,0,0,1],"scale":0.996299982,"type":"tree_aspen_large_b"}
{"pos":[-419.825012,53.4906006,34.7657013],"rotationMatrix":[-0.384115219,0.923242629,0,-0.923242629,-0.384115219,0,0,0,1],"scale":1.19050002,"type":"tree_aspen_large_b"}
{"pos":[-615.767029,747.122986,33.5699997],"rotationMatrix":[0.916686356,-0.399586976,0,0.399586976,0.916686356,0,0,0,1],"scale":1.11790001,"type":"tree_aspen_large_b"}
{"pos":[-667.598022,567.280029,25.8216991],"rotationMatrix":[0.975623667,0.219453111,0,-0.219453111,0.975623667,0,0,0,1],"scale":1.17250001,"type":"tree_aspen_large_b"}
{"pos":[-665.349976,565.810974,25.4787006],"rotationMatrix":[-0.452830553,-0.891676307,0,0.891676307,-0.452830553,0,0,0,1],"scale":1.13300002,"type":"tree_aspen_large_b"}
{"pos":[319.972992,-149.845993,48.2066002],"rotationMatrix":[-0.479200006,-0.877716005,0,0.877716005,-0.479200006,0,0,0,1],"scale":1.14760005,"type":"tree_aspen_large_b"}
{"pos":[323.70401,-150.395004,47.9875984],"rotationMatrix":[0.780215502,-0.625540495,0,0.625540495,0.780215502,0,0,0,1],"scale":0.930800021,"type":"tree_aspen_large_b"}
{"pos":[331.381989,-146.307999,47.5416985],"rotationMatrix":[0.120596766,0.992660701,0,-0.992660701,0.120596766,0,0,0,1],"scale":1.29489994,"type":"tree_aspen_large_b"}
{"pos":[15.9415998,-206.145996,42.6786995],"rotationMatrix":[0.774476767,0.632580042,0,-0.632580042,0.774476767,0,0,0,1],"scale":0.937300026,"type":"tree_aspen_large_b"}
{"pos":[11.6184998,-197.003998,42.6319008],"rotationMatrix":[0.998375475,0.0569772013,0,-0.0569772013,0.998375475,0,0,0,1],"scale":1.24389994,"type":"tree_aspen_large_b"}
{"pos":[28.7682991,-195.427002,41.7279015],"rotationMatrix":[-0.792481661,-0.609674752,0,0.609674752,-0.792481661,0,0,0,1],"scale":1.38170004,"type":"tree_aspen_large_b"}
{"pos":[32.5681992,-201.270996,41.8560982],"rotationMatrix":[-0.616401911,0.787523985,0,-0.787523985,-0.616401911,0,0,0,1],"scale":1.37,"type":"tree_aspen_large_b"}
{"pos":[39.2830009,-213.580002,40.0502014],"rotationMatrix":[0.284552753,0.958634675,0,-0.958634675,0.284552753,0,0,0,1],"scale":1.46319997,"type":"tree_aspen_large_b"}
{"pos":[64.6948853,-432.483398,48.3581009],"rotationMatrix":[0.198115528,-0.980193555,0,0.980193555,0.198115528,0,0,0,1],"scale":1.08729994,"type":"tree_aspen_large_b"}
{"pos":[60.0332985,-428.04599,48.2521019],"rotationMatrix":[-0.985625863,-0.168590888,0,0.168590888,-0.985625863,0,0,0,1],"scale":1.18879998,"type":"tree_aspen_large_b"}
{"pos":[38.6827011,-402.960999,48.587101],"rotationMatrix":[-0.773221254,-0.634073436,0,0.634073436,-0.773221254,0,0,0,1],"scale":1.09510005,"type":"tree_aspen_large_b"}
{"pos":[267.57901,-849.789978,47.5807991],"rotationMatrix":[-0.495758057,-0.868432105,0,0.868432105,-0.495758057,0,0,0,1],"scale":1.25259995,"type":"tree_aspen_large_b"}
{"pos":[175.537003,-618.903992,38.1808014],"rotationMatrix":[-0.996801257,-0.0775379241,0,0.0775379241,-0.996801257,0,0,0,1],"scale":1.35469997,"type":"tree_aspen_large_b"}
{"pos":[9.91670036,-775.383972,17.9223003],"rotationMatrix":[0.999951959,0.00980000012,0,-0.00980000012,0.999951959,0,0,0,1],"scale":1.05449998,"type":"tree_aspen_large_b"}
{"pos":[772.278992,133.488998,57.983799],"rotationMatrix":[0.504987478,-0.863162518,0,0.863162518,0.504987478,0,0,0,1],"scale":1.44260001,"type":"tree_aspen_large_b"}
{"pos":[776.19397,141.824005,59.3322983],"rotationMatrix":[-0.282881618,-0.959157825,0,0.959157825,-0.282881618,0,0,0,1],"scale":1.02260005,"type":"tree_aspen_large_b"}
{"pos":[760.632996,127.842003,55.6451988],"rotationMatrix":[0.00792306662,0.999965131,0,-0.999965131,0.00792306662,0,0,0,1],"scale":1.24150002,"type":"tree_aspen_large_b"}
{"pos":[765.174988,117.834,56.1964989],"rotationMatrix":[0.3146137,-0.949284613,0,0.949284613,0.3146137,0,0,0,1],"scale":1.27939999,"type":"tree_aspen_large_b"}
{"pos":[748.679016,131.695999,55.1422005],"rotationMatrix":[-0.969715476,0.244328871,0,-0.244328871,-0.969715476,0,0,0,1],"scale":1.37539995,"type":"tree_aspen_large_b"}
{"pos":[749.182983,137.901001,55.0205002],"rotationMatrix":[0.61139071,-0.791324198,0,0.791324198,0.61139071,0,0,0,1],"scale":1.0934,"type":"tree_aspen_large_b"}
{"pos":[458.407013,937.547974,53.8443985],"rotationMatrix":[0.525272369,0.850943506,0,-0.850943506,0.525272369,0,0,0,1],"scale":1.30180001,"type":"tree_aspen_large_b"}
{"pos":[491.675995,944.197021,55.3805008],"rotationMatrix":[0.0400563478,0.999156117,0,-0.999156117,0.0400563478,0,0,0,1],"scale":0.986000001,"type":"tree_aspen_large_b"}
{"pos":[491.990997,936.129028,55.843399],"rotationMatrix":[0.924183846,0.381962448,0,-0.381962448,0.924183846,0,0,0,1],"scale":1.30439997,"type":"tree_aspen_large_b"}
{"pos":[250.813995,953.791016,45.3473015],"rotationMatrix":[0.0339500308,-0.999409974,0,0.999409974,0.0339500308,0,0,0,1],"scale":1.28799999,"type":"tree_aspen_large_b"}
{"pos":[233.973007,963.146973,41.6892014],"rotationMatrix":[0.841628075,-0.540062845,0,0.540062845,0.841628075,0,0,0,1],"scale":1.10950005,"type":"tree_aspen_large_b"}
{"pos":[227.729996,962.625977,42.1066017],"rotationMatrix":[-0.78756237,0.616022646,0,-0.616022646,-0.78756237,0,0,0,1],"scale":1.20669997,"type":"tree_aspen_large_b"}
{"pos":[228.201996,968.846985,41.5346985],"rotationMatrix":[-0.733521938,0.679630041,0,-0.679630041,-0.733521938,0,0,0,1],"scale":1.06959999,"type":"tree_aspen_large_b"}
{"pos":[195.889999,961.185974,41.0014992],"rotationMatrix":[-0.027031064,0.999656975,0,-0.999656975,-0.027031064,0,0,0,1],"scale":1.43470001,"type":"tree_aspen_large_b"}
{"pos":[198.438995,969.570984,42.031601],"rotationMatrix":[-0.382784486,-0.923796415,0,0.923796415,-0.382784486,0,0,0,1],"scale":1.47529995,"type":"tree_aspen_large_b"}
{"pos":[162.615005,963.375,38.6487007],"rotationMatrix":[-0.896962523,-0.441761047,0,0.441761047,-0.896962523,0,0,0,1],"scale":1.38010001,"type":"tree_aspen_large_b"}
{"pos":[143.542007,958.010986,37.5531998],"rotationMatrix":[-0.70496583,0.709463775,0,-0.709463775,-0.70496583,0,0,0,1],"scale":1.18289995,"type":"tree_aspen_large_b"}
{"pos":[130.100006,962.966003,36.1450005],"rotationMatrix":[-0.895015121,0.446401238,0,-0.446401238,-0.895015121,0,0,0,1],"scale":1.20039999,"type":"tree_aspen_large_b"}
{"pos":[130.136993,953.922974,35.2858009],"rotationMatrix":[0.651220441,-0.758862734,0,0.758862734,0.651220441,0,0,0,1],"scale":1.30069995,"type":"tree_aspen_large_b"}
{"pos":[182.867004,970.888977,42.1766014],"rotationMatrix":[-0.584199905,-0.811502039,0,0.811502039,-0.584199905,0,0,0,1],"scale":1.16779995,"type":"tree_aspen_large_b"}
{"pos":[174.158005,969.664978,41.0983009],"rotationMatrix":[-0.92040801,-0.390980095,0,0.390980095,-0.92040801,0,0,0,1],"scale":1.40260005,"type":"tree_aspen_large_b"}
{"pos":[103.829002,969.146973,37.0323982],"rotationMatrix":[0.998187959,-0.060169898,0,0.060169898,0.998187959,0,0,0,1],"scale":1.02199996,"type":"tree_aspen_large_b"}
{"pos":[101.463997,960.882996,36.2408981],"rotationMatrix":[-0.573183298,0.819495618,0,-0.819495618,-0.573183298,0,0,0,1],"scale":1.40450001,"type":"tree_aspen_large_b"}
{"pos":[51.0890007,965.307007,40.9947014],"rotationMatrix":[0.8026824,-0.596413076,0,0.596413076,0.8026824,0,0,0,1],"scale":1.49030006,"type":"tree_aspen_large_b"}
{"pos":[16.7982998,935.786987,38.543499],"rotationMatrix":[0.962899148,-0.269866675,0,0.269866675,0.962899148,0,0,0,1],"scale":1.19219995,"type":"tree_aspen_large_b"}
{"pos":[232.444,378.247986,50.2256012],"rotationMatrix":[-0.259284496,-0.965848267,0,0.965848267,-0.259284496,0,0,0,1],"scale":1.14180005,"type":"tree_aspen_large_b"}
{"pos":[225.115997,130.442001,49.9266014],"rotationMatrix":[-0.880636096,-0.473989338,0,0.473989338,-0.880636096,0,0,0,1],"scale":1.31130004,"type":"tree_aspen_large_b"}
{"pos":[212.113998,156.123993,48.2946014],"rotationMatrix":[0.647703826,0.761923373,0,-0.761923373,0.647703826,0,0,0,1],"scale":1.37520003,"type":"tree_aspen_large_b"}
{"pos":[207.147995,142.339005,48.4070015],"rotationMatrix":[-0.245041966,0.969523191,0,-0.969523191,-0.245041966,0,0,0,1],"scale":1.40380001,"type":"tree_aspen_large_b"}
{"pos":[202.796005,149.671997,48.7196007],"rotationMatrix":[-0.511365056,-0.85939002,0,0.85939002,-0.511365056,0,0,0,1],"scale":1.31939995,"type":"tree_aspen_large_b"}
{"pos":[83.9562988,29.1406994,90.5063019],"rotationMatrix":[-0.305404902,0.952190936,0,-0.952190936,-0.305404902,0,0,0,1],"scale":0.961499989,"type":"tree_aspen_large_b"}
{"pos":[-5.65568924,-386.962372,47.731411],"rotationMatrix":[-0.777852595,0.628446758,0,-0.628446758,-0.777852595,0,0,0,1],"scale":1.07159853,"type":"tree_aspen_large_b"}
{"pos":[-6.49997711,-408.89801,52.2404289],"rotationMatrix":[-0.98052299,0.196404472,0,-0.196404472,-0.98052299,0,0,0,1],"scale":0.981177568,"type":"tree_aspen_large_b"}
{"pos":[-24.7106075,-410.983185,55.5870628],"rotationMatrix":[-0.739915729,0.672699571,0,-0.672699571,-0.739915729,0,0,0,1],"scale":1.0336169,"type":"tree_aspen_large_b"}
{"pos":[-31.755497,-410.417389,57.0800133],"rotationMatrix":[0.346577555,-0.938021302,0,0.938021302,0.346577555,0,0,0,1],"scale":1.41314435,"type":"tree_aspen_large_b"}
{"pos":[-3.49547005,-400.91629,50.0556793],"rotationMatrix":[0.146104962,0.989269078,0,-0.989269078,0.146104962,0,0,0,1],"scale":1.33082414,"type":"tree_aspen_large_b"}
{"pos":[-25.7017879,-414.526337,55.5659676],"rotationMatrix":[-0.937973797,0.346706152,0,-0.346706152,-0.937973797,0,0,0,1],"scale":1.04793775,"type":"tree_aspen_large_b"}
{"pos":[-27.9073105,-387.269043,51.3451042],"rotationMatrix":[0.23429063,0.972166598,0,-0.972166598,0.23429063,0,0,0,1],"scale":1.18068743,"type":"tree_aspen_large_b"}
{"pos":[-4.8603096,-428.37207,55.2977943],"rotationMatrix":[0.987612903,0.156910017,0,-0.156910017,0.987612903,0,0,0,1],"scale":1.24544454,"type":"tree_aspen_large_b"}
{"pos":[-32.2346497,-400.884369,55.7028275],"rotationMatrix":[0.434365869,0.900736511,0,-0.900736511,0.434365869,0,0,0,1],"scale":0.923883677,"type":"tree_aspen_large_b"}
{"pos":[-19.2598953,-398.168854,51.9792747],"rotationMatrix":[0.304170221,0.952617705,0,-0.952617705,0.304170221,0,0,0,1],"scale":1.28211641,"type":"tree_aspen_large_b"}
{"pos":[-13.413168,-431.881927,55.848053],"rotationMatrix":[0.477440447,-0.878664136,0,0.878664136,0.477440447,0,0,0,1],"scale":1.00490391,"type":"tree_aspen_large_b"}
{"pos":[-3.68686295,-421.877869,54.8479805],"rotationMatrix":[-0.010162103,-0.999948382,0,0.999948382,-0.010162103,0,0,0,1],"scale":1.07354677,"type":"tree_aspen_large_b"}
{"pos":[-7.0591383,-420.85498,54.5920029],"rotationMatrix":[-0.240777045,-0.970580459,0,0.970580459,-0.240777045,0,0,0,1],"scale":0.987925529,"type":"tree_aspen_large_b"}
{"pos":[-554.307251,767.765259,26.6590633],"rotationMatrix":[0.886056006,0.463578165,0,-0.463578165,0.886056006,0,0,0,1],"scale":1.01680517,"type":"tree_aspen_large_b"}
{"pos":[-552.570496,788.522522,26.3559589],"rotationMatrix":[-0.667255998,0.744828463,0,-0.744828463,-0.667255998,0,0,0,1],"scale":1.44919586,"type":"tree_aspen_large_b"}
{"pos":[-572.675293,815.7547,27.8494682],"rotationMatrix":[-0.790924549,-0.611913741,0,0.611913741,-0.790924549,0,0,0,1],"scale":1.33844435,"type":"tree_aspen_large_b"}
{"pos":[-533.995544,819.700562,27.1832714],"rotationMatrix":[0.295242518,0.955422342,0,-0.955422342,0.295242518,0,0,0,1],"scale":1.4682734,"type":"tree_aspen_large_b"}
{"pos":[-60.3028259,-798.036438,14.2854757],"rotationMatrix":[-0.38528344,0.922798276,0,-0.922798276,-0.38528344,0,0,0,1],"scale":1.41490352,"type":"tree_aspen_large_b"}
{"pos":[422.241943,-13.6940022,36.3561401],"rotationMatrix":[-0.843733907,-0.508074462,-0.173131585,0.513964772,-0.85772258,0.0123465508,-0.15477185,-0.0785663426,0.984821498],"scale":1.25018227,"type":"tree_aspen_large_b"}
{"pos":[702.303406,-302.309082,55.3175278],"rotationMatrix":[-0.998765171,-0.0496799536,0,0.0496799536,-0.998765171,0,0,0,1],"scale":1.21912289,"type":"tree_aspen_large_b"}
{"pos":[505.636627,-4.86365557,52.5545082],"rotationMatrix":[-0.4684228,-0.883504331,0,0.883504331,-0.4684228,0,0,0,1],"scale":1.35041046,"type":"tree_aspen_large_b"}
{"pos":[704.95105,-119.269066,52.2248001],"rotationMatrix":[-0.968615949,-0.248562202,0,0.248562202,-0.968615949,0,0,0,1],"scale":1.24382448,"type":"tree_aspen_large_b"}
