{"pos":[351.841614,81.3121414,257.664429],"rotationMatrix":[0.0110146273,-0.999939263,0,0.999939263,0.0110146273,0,0,0,0.999999881],"scale":1.210783,"type":"tree_aspen_small_low"}
{"pos":[271.578156,132.821991,253.728851],"rotationMatrix":[-0.946587861,-0.322445899,0,0.322445899,-0.946587861,0,0,0,0.999999881],"scale":1.29628444,"type":"tree_aspen_small_low"}
{"pos":[238.108307,169.490509,253.307297],"rotationMatrix":[0.90616101,-0.422932655,0,0.422932655,0.90616101,0,0,0,0.999999881],"scale":1.33760536,"type":"tree_aspen_small_low"}
{"pos":[230.215729,187.804443,252.453949],"rotationMatrix":[0.955309808,0.295606285,0,-0.295606285,0.955309808,0,0,0,0.999999881],"scale":1.28210878,"type":"tree_aspen_small_low"}
{"pos":[179.217804,153.147629,253.418015],"rotationMatrix":[0.449942678,-0.893057406,0,0.893057406,0.449942678,0,0,0,0.999999881],"scale":0.996958315,"type":"tree_aspen_small_low"}
{"pos":[142.767929,93.3304291,254.005997],"rotationMatrix":[0.952436388,-0.30473727,0,0.30473727,0.952436388,0,0,0,0.999999881],"scale":1.04420269,"type":"tree_aspen_small_low"}
{"pos":[220.188141,101.502304,253.819977],"rotationMatrix":[0.741322517,0.671148956,0,-0.671148956,0.741322517,0,0,0,0.999999881],"scale":0.912728429,"type":"tree_aspen_small_low"}
{"pos":[414.734253,43.6836891,250.116943],"rotationMatrix":[-0.482278824,0.87601763,0,-0.87601763,-0.482278824,0,0,0,0.999999881],"scale":1.19085145,"type":"tree_aspen_small_low"}
{"pos":[415.075409,55.0878716,249.462463],"rotationMatrix":[0.976476371,0.215624392,0,-0.215624392,0.976476371,0,0,0,0.999999881],"scale":1.05789423,"type":"tree_aspen_small_low"}
{"pos":[413.003571,59.9628029,250.308151],"rotationMatrix":[0.985371649,-0.17041865,0,0.17041865,0.985371649,0,0,0,0.999999881],"scale":1.48286629,"type":"tree_aspen_small_low"}
{"pos":[314.44104,238.844223,255.019958],"rotationMatrix":[0.709182322,0.705025077,0,-0.705025077,0.709182322,0,0,0,0.999999881],"scale":1.3502264,"type":"tree_aspen_small_low"}
{"pos":[314.281189,247.52359,254.760971],"rotationMatrix":[0.735246837,-0.677799165,0,0.677799165,0.735246837,0,0,0,0.999999881],"scale":1.38267243,"type":"tree_aspen_small_low"}
{"pos":[280.293488,222.971298,248.87709],"rotationMatrix":[0.434383154,-0.900728047,0,0.900728047,0.434383154,0,0,0,0.999999881],"scale":1.23389554,"type":"tree_aspen_small_low"}
{"pos":[307.919708,203.642792,263.351685],"rotationMatrix":[-0.232833192,0.972516596,0,-0.972516596,-0.232833192,0,0,0,0.999999881],"scale":1.06611228,"type":"tree_aspen_small_low"}
{"pos":[186.99585,12.1534128,252.689026],"rotationMatrix":[-0.999784112,-0.0207732581,0,0.0207732581,-0.999784112,0,0,0,0.999999881],"scale":1.09702337,"type":"tree_aspen_small_low"}
{"pos":[88.4681702,-154.064865,257.294556],"rotationMatrix":[0.816687286,0.577080429,0,-0.577080429,0.816687286,0,0,0,0.999999881],"scale":1.1587007,"type":"tree_aspen_small_low"}
{"pos":[272.426025,159.115021,249.583954],"rotationMatrix":[0.9822492,0.187580258,0,-0.187580258,0.9822492,0,0,0,0.999999881],"scale":0.963473201,"type":"tree_aspen_small_low"}
{"pos":[-105.838875,-158.039154,272.201721],"rotationMatrix":[0.356939852,0.93412739,0,-0.93412739,0.356939852,0,0,0,0.999999881],"scale":1.46982467,"type":"tree_aspen_small_low"}
{"pos":[-107.841721,-53.9403343,255.181229],"rotationMatrix":[-0.627289891,-0.778785825,0,0.778785825,-0.627289891,0,0,0,0.999999881],"scale":1.03811336,"type":"tree_aspen_small_low"}
{"pos":[-168.923264,-62.7168083,255.803665],"rotationMatrix":[0.468333781,0.883551657,0,-0.883551657,0.468333781,0,0,0,0.999999881],"scale":1.3667748,"type":"tree_aspen_small_low"}
{"pos":[-90.8599777,-93.074791,255.614883],"rotationMatrix":[0.989594162,0.143886358,0,-0.143886358,0.989594162,0,0,0,0.999999881],"scale":1.04395306,"type":"tree_aspen_small_low"}
{"pos":[-104.607857,-79.8634491,255.015167],"rotationMatrix":[-0.999118328,-0.0419807099,0,0.0419807099,-0.999118328,0,0,0,0.999999881],"scale":1.13782454,"type":"tree_aspen_small_low"}
{"pos":[-118.240219,-73.7119293,255.715866],"rotationMatrix":[-0.926021993,-0.377469569,0,0.377469569,-0.926021993,0,0,0,0.999999881],"scale":1.13505363,"type":"tree_aspen_small_low"}
{"pos":[-107.615234,-61.5761185,255.042831],"rotationMatrix":[0.466020852,-0.884773552,0,0.884773552,0.466020852,0,0,0,0.999999881],"scale":1.04154515,"type":"tree_aspen_small_low"}
{"pos":[-131.900955,-53.719532,255.891769],"rotationMatrix":[-0.478094101,-0.878308594,0,0.878308594,-0.478094101,0,0,0,0.999999881],"scale":1.27866662,"type":"tree_aspen_small_low"}
{"pos":[-188.372803,-61.3089676,254.859863],"rotationMatrix":[0.812183619,-0.58340174,0,0.58340174,0.812183619,0,0,0,0.999999881],"scale":1.14389765,"type":"tree_aspen_small_low"}
{"pos":[-202.028351,-51.7939606,255.257263],"rotationMatrix":[-0.988223612,0.153016344,0,-0.153016344,-0.988223612,0,0,0,0.999999881],"scale":1.3242718,"type":"tree_aspen_small_low"}
{"pos":[-198.793533,-56.9263229,255.862473],"rotationMatrix":[0.990239441,0.139376119,0,-0.139376119,0.990239441,0,0,0,0.999999881],"scale":1.15711081,"type":"tree_aspen_small_low"}
{"pos":[-227.906998,-55.6816788,255.976349],"rotationMatrix":[-0.967617571,0.252420455,0,-0.252420455,-0.967617571,0,0,0,0.999999881],"scale":1.2869817,"type":"tree_aspen_small_low"}
{"pos":[-224.258255,-53.5936852,255.384888],"rotationMatrix":[0.300321102,-0.95383805,0,0.95383805,0.300321102,0,0,0,0.999999881],"scale":0.950073004,"type":"tree_aspen_small_low"}
{"pos":[-190.481506,-67.2494431,255.61499],"rotationMatrix":[-0.188219115,-0.982127011,0,0.982127011,-0.188219115,0,0,0,0.999999881],"scale":1.41740072,"type":"tree_aspen_small_low"}
{"pos":[-264.345886,-0.679573059,252.067062],"rotationMatrix":[-0.753200769,-0.657790542,0,0.657790542,-0.753200769,0,0,0,0.999999881],"scale":1.34384584,"type":"tree_aspen_small_low"}
{"pos":[-249.430923,-4.75765514,252.111969],"rotationMatrix":[-0.014567662,-0.999893785,0,0.999893785,-0.014567662,0,0,0,0.999999881],"scale":1.07050753,"type":"tree_aspen_small_low"}
{"pos":[-225.807617,-5.07858658,249.783051],"rotationMatrix":[0.963380277,0.268138558,0,-0.268138558,0.963380277,0,0,0,0.999999881],"scale":0.944386899,"type":"tree_aspen_small_low"}
{"pos":[-281.653656,-7.83979797,255.322205],"rotationMatrix":[-0.504433155,-0.863450587,0,0.863450587,-0.504433155,0,0,0,0.999999881],"scale":1.4321003,"type":"tree_aspen_small_low"}
{"pos":[-299.11438,-3.222579,255.010101],"rotationMatrix":[0.9392187,-0.343319237,0,0.343319237,0.9392187,0,0,0,0.999999881],"scale":1.33234906,"type":"tree_aspen_small_low"}
{"pos":[-324.482666,-7.94906235,257.897736],"rotationMatrix":[0.0936043262,-0.995609343,0,0.995609343,0.0936043262,0,0,0,0.999999881],"scale":1.34174418,"type":"tree_aspen_small_low"}
{"pos":[-315.834839,-5.62841225,258.119568],"rotationMatrix":[-0.484528303,-0.874775529,0,0.874775529,-0.484528303,0,0,0,0.999999881],"scale":1.10263717,"type":"tree_aspen_small_low"}
{"pos":[-337.526306,-5.72566128,258.965515],"rotationMatrix":[-0.387120038,0.922029197,0,-0.922029197,-0.387120038,0,0,0,0.999999881],"scale":1.36871028,"type":"tree_aspen_small_low"}
{"pos":[-352.694641,1.83504868,259.12085],"rotationMatrix":[-0.257935762,-0.966161966,0,0.966161966,-0.257935762,0,0,0,0.999999881],"scale":0.913706899,"type":"tree_aspen_small_low"}
{"pos":[-331.689606,16.5924225,256.934387],"rotationMatrix":[0.909437418,0.415840805,0,-0.415840805,0.909437418,0,0,0,0.999999881],"scale":1.16336787,"type":"tree_aspen_small_low"}
{"pos":[-346.744507,-5.04182434,259.880524],"rotationMatrix":[0.0254467018,0.999676108,0,-0.999676108,0.0254467018,0,0,0,0.999999881],"scale":1.27267241,"type":"tree_aspen_small_low"}
{"pos":[-339.035248,-12.7501879,260.065063],"rotationMatrix":[-0.842457235,-0.538763046,0,0.538763046,-0.842457235,0,0,0,0.999999881],"scale":1.37984169,"type":"tree_aspen_small_low"}
{"pos":[-344.655792,-13.3374491,260.509369],"rotationMatrix":[0.417631745,0.908616364,0,-0.908616364,0.417631745,0,0,0,0.999999881],"scale":1.07935905,"type":"tree_aspen_small_low"}
{"pos":[-347.876648,-2.33407307,258.820618],"rotationMatrix":[-0.319472432,0.947595417,0,-0.947595417,-0.319472432,0,0,0,0.999999881],"scale":1.32456589,"type":"tree_aspen_small_low"}
{"pos":[-332.922638,1.5910635,258.123962],"rotationMatrix":[-0.977097213,-0.212793306,0,0.212793306,-0.977097213,0,0,0,0.999999881],"scale":1.47452128,"type":"tree_aspen_small_low"}
{"pos":[-357.441711,4.00637817,260.024841],"rotationMatrix":[-0.530509889,-0.847678602,0,0.847678602,-0.530509889,0,0,0,0.999999881],"scale":1.04876769,"type":"tree_aspen_small_low"}
{"pos":[-358.02298,-0.214149475,260.800873],"rotationMatrix":[-0.473480225,-0.88080442,0,0.88080442,-0.473480225,0,0,0,0.999999881],"scale":1.03837419,"type":"tree_aspen_small_low"}
{"pos":[-333.345276,48.7234993,257.059113],"rotationMatrix":[0.297664464,0.954670548,0,-0.954670548,0.297664464,0,0,0,0.999999881],"scale":1.40235972,"type":"tree_aspen_small_low"}
{"pos":[-315.313354,52.0823669,256.630371],"rotationMatrix":[0.682954133,0.730461299,0,-0.730461299,0.682954133,0,0,0,0.999999881],"scale":1.472211,"type":"tree_aspen_small_low"}
{"pos":[-360.321991,-98.7304688,261.316742],"rotationMatrix":[-0.693280399,0.72066772,0,-0.72066772,-0.693280399,0,0,0,0.999999881],"scale":1.17732596,"type":"tree_aspen_small_low"}
{"pos":[-321.68338,-87.5251999,259.205811],"rotationMatrix":[0.984785318,-0.173774719,0,0.173774719,0.984785318,0,0,0,0.999999881],"scale":1.40417635,"type":"tree_aspen_small_low"}
{"pos":[-331.488586,-117.84259,260.975006],"rotationMatrix":[-0.805615067,-0.592439294,0,0.592439294,-0.805615067,0,0,0,0.999999881],"scale":0.92515558,"type":"tree_aspen_small_low"}
{"pos":[-209.218628,-130.957581,293.095581],"rotationMatrix":[-0.83627522,-0.548309743,0,0.548309743,-0.83627522,0,0,0,0.999999881],"scale":1.17372954,"type":"tree_aspen_small_low"}
{"pos":[-259.863892,-127.204887,288.967255],"rotationMatrix":[0.959618747,-0.281303316,0,0.281303316,0.959618747,0,0,0,0.999999881],"scale":1.43344629,"type":"tree_aspen_small_low"}
{"pos":[-276.079651,-139.20137,288.034424],"rotationMatrix":[-0.113057919,-0.993588388,0,0.993588388,-0.113057919,0,0,0,0.999999881],"scale":1.02302635,"type":"tree_aspen_small_low"}
{"pos":[-281.795868,-128.969482,284.99173],"rotationMatrix":[-0.345038623,0.938588321,0,-0.938588321,-0.345038623,0,0,0,0.999999881],"scale":1.11813283,"type":"tree_aspen_small_low"}
{"pos":[-308.32074,-156.584457,285.352661],"rotationMatrix":[-0.831413507,0.55565387,0,-0.55565387,-0.831413507,0,0,0,0.999999881],"scale":1.28937197,"type":"tree_aspen_small_low"}
{"pos":[-322.87677,-198.17543,283.320312],"rotationMatrix":[0.139887795,-0.99016726,0,0.99016726,0.139887795,0,0,0,0.999999881],"scale":1.31562304,"type":"tree_aspen_small_low"}
{"pos":[-160.131332,-169.130692,273.937408],"rotationMatrix":[-0.556841075,-0.830618918,0,0.830618918,-0.556841075,0,0,0,0.999999881],"scale":1.11262727,"type":"tree_aspen_small_low"}
{"pos":[-153.393982,-165.86467,273.805603],"rotationMatrix":[-0.663742781,-0.747960746,0,0.747960746,-0.663742781,0,0,0,0.999999881],"scale":1.00210679,"type":"tree_aspen_small_low"}
{"pos":[-144.583191,-156.179733,272.601715],"rotationMatrix":[-0.0246216822,0.999696732,0,-0.999696732,-0.0246216822,0,0,0,0.999999881],"scale":1.40757167,"type":"tree_aspen_small_low"}
{"pos":[-124.735275,-160.49469,273.639282],"rotationMatrix":[0.425649256,-0.904888213,0,0.904888213,0.425649256,0,0,0,0.999999881],"scale":1.20930779,"type":"tree_aspen_small_low"}
{"pos":[-122.616875,-169.224121,273.523163],"rotationMatrix":[-0.999997795,0.00205191621,0,-0.00205191621,-0.999997795,0,0,0,0.999999881],"scale":1.30609345,"type":"tree_aspen_small_low"}
{"pos":[-133.1978,-174.727844,273.00174],"rotationMatrix":[-0.988720059,-0.14977476,0,0.14977476,-0.988720059,0,0,0,0.999999881],"scale":1.2769419,"type":"tree_aspen_small_low"}
{"pos":[-106.153236,-164.460068,273.01062],"rotationMatrix":[-0.315709442,-0.948855817,0,0.948855817,-0.315709442,0,0,0,0.999999881],"scale":0.959595203,"type":"tree_aspen_small_low"}
{"pos":[-115.300758,-166.869171,273.557739],"rotationMatrix":[-0.493143231,0.86994797,0,-0.86994797,-0.493143231,0,0,0,0.999999881],"scale":1.45667148,"type":"tree_aspen_small_low"}
{"pos":[-99.6818695,-171.721512,272.466095],"rotationMatrix":[-0.396779329,0.917913914,0,-0.917913914,-0.396779329,0,0,0,0.999999881],"scale":0.90005219,"type":"tree_aspen_small_low"}
{"pos":[-402.544098,-183.74263,270.087952],"rotationMatrix":[-0.400101483,0.916470706,0,-0.916470706,-0.400101483,0,0,0,0.999999881],"scale":1.05256867,"type":"tree_aspen_small_low"}
{"pos":[-401.503998,-200.927048,274.565216],"rotationMatrix":[0.895846665,-0.444362938,0,0.444362938,0.895846665,0,0,0,0.999999881],"scale":1.47682762,"type":"tree_aspen_small_low"}
{"pos":[-399.563965,-200.417557,276.190399],"rotationMatrix":[-0.948335111,-0.317270488,0,0.317270488,-0.948335111,0,0,0,0.999999881],"scale":1.10806775,"type":"tree_aspen_small_low"}
{"pos":[-435.153015,-189.129257,266.486328],"rotationMatrix":[0.716233134,-0.697860897,0,0.697860897,0.716233134,0,0,0,0.999999881],"scale":1.33765793,"type":"tree_aspen_small_low"}
{"pos":[-437.325409,-190.700378,266.753296],"rotationMatrix":[-0.839331806,-0.543619394,0,0.543619394,-0.839331806,0,0,0,0.999999881],"scale":0.956927776,"type":"tree_aspen_small_low"}
{"pos":[-418.394897,-184.547714,267.492706],"rotationMatrix":[0.345171422,0.938539684,0,-0.938539684,0.345171422,0,0,0,0.999999881],"scale":0.98147893,"type":"tree_aspen_small_low"}
{"pos":[-420.048553,-182.295624,266.793243],"rotationMatrix":[0.824298084,-0.56615597,0,0.56615597,0.824298084,0,0,0,0.999999881],"scale":1.42686117,"type":"tree_aspen_small_low"}
{"pos":[-404.509216,-170.507935,266.592499],"rotationMatrix":[0.203477606,0.979079545,0,-0.979079545,0.203477606,0,0,0,0.999999881],"scale":1.46088564,"type":"tree_aspen_small_low"}
{"pos":[-381.170166,-167.651276,269.566193],"rotationMatrix":[0.865612447,-0.500714362,0,0.500714362,0.865612447,0,0,0,0.999999881],"scale":1.37730944,"type":"tree_aspen_small_low"}
{"pos":[-377.915649,-161.18309,268.142517],"rotationMatrix":[-0.128975436,-0.99164772,0,0.99164772,-0.128975436,0,0,0,0.999999881],"scale":1.44346118,"type":"tree_aspen_small_low"}
{"pos":[-327.858246,-123.360466,262.304291],"rotationMatrix":[-0.0700355917,0.997544408,0,-0.997544408,-0.0700355917,0,0,0,0.999999881],"scale":1.2525034,"type":"tree_aspen_small_low"}
{"pos":[-263.275055,-96.7925034,257.304962],"rotationMatrix":[0.0787815824,0.996891797,0,-0.996891797,0.0787815824,0,0,0,0.999999881],"scale":0.977671206,"type":"tree_aspen_small_low"}
{"pos":[-193.36293,-155.423752,277.858521],"rotationMatrix":[-0.990097344,0.140382051,0,-0.140382051,-0.990097344,0,0,0,0.999999881],"scale":1.24997592,"type":"tree_aspen_small_low"}
{"pos":[-189.208847,-154.876511,273.838715],"rotationMatrix":[-0.968260229,0.249944016,0,-0.249944016,-0.968260229,0,0,0,0.999999881],"scale":1.42676914,"type":"tree_aspen_small_low"}
{"pos":[-330.881866,-174.912125,283.767029],"rotationMatrix":[-0.489875495,-0.871792257,0,0.871792257,-0.489875495,0,0,0,0.999999881],"scale":1.23241913,"type":"tree_aspen_small_low"}
{"pos":[-483.442719,-178.293015,261.191895],"rotationMatrix":[0.567219853,-0.823566318,0,0.823566318,0.567219853,0,0,0,0.999999881],"scale":1.38068306,"type":"tree_aspen_small_low"}
{"pos":[-166.191986,-288.372498,263.608093],"rotationMatrix":[-0.825796783,0.563967466,0,-0.563967466,-0.825796783,0,0,0,0.999999881],"scale":1.16451335,"type":"tree_aspen_small_low"}
{"pos":[-180.585709,-305.597595,263.249878],"rotationMatrix":[0.930961549,0.365117103,0,-0.365117103,0.930961549,0,0,0,0.999999881],"scale":1.48038352,"type":"tree_aspen_small_low"}
{"pos":[-215.326752,-305.966705,264.258942],"rotationMatrix":[0.994709671,0.102725469,0,-0.102725469,0.994709671,0,0,0,0.999999881],"scale":1.04776621,"type":"tree_aspen_small_low"}
{"pos":[-226.492279,-302.401184,263.96109],"rotationMatrix":[0.999279737,0.0379440859,0,-0.0379440859,0.999279737,0,0,0,0.999999881],"scale":1.46534562,"type":"tree_aspen_small_low"}
{"pos":[-252.971237,-277.667053,264.103699],"rotationMatrix":[-0.804991186,0.593286514,0,-0.593286514,-0.804991186,0,0,0,0.999999881],"scale":1.39585972,"type":"tree_aspen_small_low"}
{"pos":[-263.293365,-281.95282,263.567902],"rotationMatrix":[-0.439504892,0.89824003,0,-0.89824003,-0.439504892,0,0,0,0.999999881],"scale":1.12074304,"type":"tree_aspen_small_low"}
{"pos":[-233.748474,-278.429901,265.139374],"rotationMatrix":[0.416724712,0.909032762,0,-0.909032762,0.416724712,0,0,0,0.999999881],"scale":0.966695726,"type":"tree_aspen_small_low"}
{"pos":[-238.367798,-275.430817,265.066101],"rotationMatrix":[-0.459158927,0.888354003,0,-0.888354003,-0.459158927,0,0,0,0.999999881],"scale":1.26274562,"type":"tree_aspen_small_low"}
{"pos":[-214.412994,-274.055389,264.751953],"rotationMatrix":[0.956871271,0.290512055,0,-0.290512055,0.956871271,0,0,0,0.999999881],"scale":1.04862368,"type":"tree_aspen_small_low"}
{"pos":[-209.097382,-281.3638,265.238037],"rotationMatrix":[-0.906946123,-0.42124635,0,0.42124635,-0.906946123,0,0,0,0.999999881],"scale":1.08739269,"type":"tree_aspen_small_low"}
{"pos":[-197.408081,-279.753143,264.700684],"rotationMatrix":[0.102105863,0.994773448,0,-0.994773448,0.102105863,0,0,0,0.999999881],"scale":1.32837415,"type":"tree_aspen_small_low"}
{"pos":[-200.886292,-278.129913,264.785522],"rotationMatrix":[-0.03776161,-0.999286652,0,0.999286652,-0.03776161,0,0,0,0.999999881],"scale":1.12195766,"type":"tree_aspen_small_low"}
{"pos":[-176.94603,-281.862152,264.732483],"rotationMatrix":[-0.0562821478,0.998414814,0,-0.998414814,-0.0562821478,0,0,0,0.999999881],"scale":1.24817777,"type":"tree_aspen_small_low"}
{"pos":[-160.386658,-270.170013,263.28476],"rotationMatrix":[-0.654762149,-0.755834997,0,0.755834997,-0.654762149,0,0,0,0.999999881],"scale":1.24319947,"type":"tree_aspen_small_low"}
{"pos":[-144.242722,-267.574341,262.977783],"rotationMatrix":[0.930081189,0.367353827,0,-0.367353827,0.930081189,0,0,0,0.999999881],"scale":1.47964013,"type":"tree_aspen_small_low"}
{"pos":[-116.790688,-266.958282,263.851959],"rotationMatrix":[-0.918802917,-0.394716442,0,0.394716442,-0.918802917,0,0,0,0.999999881],"scale":1.04762185,"type":"tree_aspen_small_low"}
{"pos":[-116.898399,-283.060883,264.129608],"rotationMatrix":[0.188486829,0.982075691,0,-0.982075691,0.188486829,0,0,0,0.999999881],"scale":1.47326136,"type":"tree_aspen_small_low"}
{"pos":[-108.357101,-274.44632,263.305725],"rotationMatrix":[-0.231706634,0.972785592,0,-0.972785592,-0.231706634,0,0,0,0.999999881],"scale":1.46004319,"type":"tree_aspen_small_low"}
{"pos":[-108.968246,-284.844879,263.496124],"rotationMatrix":[-0.629189312,-0.777251899,0,0.777251899,-0.629189312,0,0,0,0.999999881],"scale":1.21485031,"type":"tree_aspen_small_low"}
{"pos":[-280.323273,-273.023193,263.760834],"rotationMatrix":[-0.968464494,0.249151424,0,-0.249151424,-0.968464494,0,0,0,0.999999881],"scale":1.31311989,"type":"tree_aspen_small_low"}
{"pos":[-210.457611,-269.583282,263.986176],"rotationMatrix":[0.0311235283,-0.999515474,0,0.999515474,0.0311235283,0,0,0,0.999999881],"scale":1.40026534,"type":"tree_aspen_small_low"}
{"pos":[-193.550369,-270.126129,263.572845],"rotationMatrix":[-0.923676908,0.383172154,0,-0.383172154,-0.923676908,0,0,0,0.999999881],"scale":1.108518,"type":"tree_aspen_small_low"}
{"pos":[-160.845963,-269.104858,263.077667],"rotationMatrix":[0.889744699,0.456458479,0,-0.456458479,0.889744699,0,0,0,0.999999881],"scale":1.39799476,"type":"tree_aspen_small_low"}
{"pos":[-414.40274,-284.484955,282.822174],"rotationMatrix":[0.926279724,-0.376836389,0,0.376836389,0.926279724,0,0,0,0.999999881],"scale":1.22905302,"type":"tree_aspen_small_low"}
{"pos":[-645.15155,-125.425476,267.675598],"rotationMatrix":[0.63582027,-0.771836936,0,0.771836936,0.63582027,0,-0,0,0.999999881],"scale":1.17015862,"type":"tree_aspen_small_low"}
{"pos":[-589.918213,-105.988388,264.639099],"rotationMatrix":[-0.998933852,0.0461629666,-0,-0.0461629666,-0.998933852,0,-0,0,0.999999881],"scale":1.39695334,"type":"tree_aspen_small_low"}
{"pos":[-597.070984,-101.40667,265.658234],"rotationMatrix":[0.33952117,-0.940598309,0,0.940598309,0.33952117,0,-0,0,0.999999881],"scale":1.10236561,"type":"tree_aspen_small_low"}
{"pos":[-661.700073,-164.19577,267.040894],"rotationMatrix":[0.997363031,-0.072572872,0,0.072572872,0.997363031,0,-0,0,0.999999881],"scale":1.19491088,"type":"tree_aspen_small_low"}
{"pos":[-662.832275,-160.820648,268.113922],"rotationMatrix":[-0.00143345934,-0.999998927,0,0.999998927,-0.00143345934,0,-0,0,0.999999881],"scale":1.32507575,"type":"tree_aspen_small_low"}
{"pos":[-562.729858,-94.4791107,263.160553],"rotationMatrix":[0.393960804,0.919127285,0,-0.919127285,0.393960804,-0,-0,0,0.999999881],"scale":1.30397415,"type":"tree_aspen_small_low"}
{"pos":[-508.813049,-78.5559158,263.147308],"rotationMatrix":[0.644340158,-0.764738917,0,0.764738917,0.644340158,0,-0,0,0.999999881],"scale":1.13271737,"type":"tree_aspen_small_low"}
{"pos":[-677.536011,-193.661713,270.827484],"rotationMatrix":[-0.926568687,-0.376125276,0,0.376125276,-0.926568687,0,-0,0,0.999999881],"scale":1.04519963,"type":"tree_aspen_small_low"}
{"pos":[-694.423462,-183.294495,271.534912],"rotationMatrix":[0.999695778,0.024663154,0,-0.024663154,0.999695778,-0,-0,0,0.999999881],"scale":1.46344233,"type":"tree_aspen_small_low"}
{"pos":[-694.018005,-153.613083,270.527588],"rotationMatrix":[0.504162967,-0.86360842,0,0.86360842,0.504162967,0,-0,0,0.999999881],"scale":1.15888035,"type":"tree_aspen_small_low"}
{"pos":[-688.257263,-163.872543,270.230255],"rotationMatrix":[0.814839184,0.579686999,0,-0.579686999,0.814839184,-0,-0,0,0.999999881],"scale":1.11853373,"type":"tree_aspen_small_low"}
{"pos":[-688.771362,-140.795105,270.858704],"rotationMatrix":[0.934254348,0.356607229,0,-0.356607229,0.934254348,-0,-0,0,0.999999881],"scale":1.22755146,"type":"tree_aspen_small_low"}
{"pos":[-676.972351,-124.346863,268.920532],"rotationMatrix":[0.282094479,0.959386647,0,-0.959386647,0.282094479,-0,-0,0,0.999999881],"scale":1.1167891,"type":"tree_aspen_small_low"}
{"pos":[-650.343323,-100.13327,268.338989],"rotationMatrix":[0.980659068,0.1957234,0,-0.1957234,0.980659068,-0,-0,0,0.999999881],"scale":1.41096556,"type":"tree_aspen_small_low"}
{"pos":[-639.759155,-110.920082,268.159302],"rotationMatrix":[0.0516053289,-0.998667479,0,0.998667479,0.0516053289,0,-0,0,0.999999881],"scale":1.28941643,"type":"tree_aspen_small_low"}
{"pos":[-668.253113,-99.2236786,271.163818],"rotationMatrix":[0.0430328771,0.999073565,0,-0.999073565,0.0430328771,-0,-0,0,0.999999881],"scale":1.15279353,"type":"tree_aspen_small_low"}
{"pos":[-686.051819,-117.233894,271.389923],"rotationMatrix":[-0.499555737,-0.866281569,0,0.866281569,-0.499555737,0,-0,0,0.999999881],"scale":0.940244079,"type":"tree_aspen_small_low"}
{"pos":[-699.209412,-126.511833,272.898926],"rotationMatrix":[0.989808798,0.142402142,0,-0.142402142,0.989808798,-0,-0,0,0.999999881],"scale":1.26333976,"type":"tree_aspen_small_low"}
{"pos":[-696.8172,-156.574158,270.559448],"rotationMatrix":[0.028506618,-0.999593496,0,0.999593496,0.028506618,0,-0,0,0.999999881],"scale":1.48175049,"type":"tree_aspen_small_low"}
{"pos":[-702.689758,-181.235962,273.620392],"rotationMatrix":[0.980374515,0.197143808,0,-0.197143808,0.980374515,-0,-0,0,0.999999881],"scale":1.15115404,"type":"tree_aspen_small_low"}
{"pos":[-692.202148,-165.051941,271.444061],"rotationMatrix":[-0.969501317,-0.245085686,0,0.245085686,-0.969501317,0,-0,0,0.999999881],"scale":1.15161777,"type":"tree_aspen_small_low"}
{"pos":[-669.456604,-137.328308,267.533325],"rotationMatrix":[-0.847110689,-0.531416535,0,0.531416535,-0.847110689,0,-0,0,0.999999881],"scale":0.918135226,"type":"tree_aspen_small_low"}
