{"pos":[352.993774,56.5127869,258.109131],"rotationMatrix":[0.624649942,-0.78090477,0,0.78090477,0.624649942,0,0,0,0.999999881],"scale":1.31006479,"type":"tree_aspen_small_a"}
{"pos":[252.546631,162.470474,252.438492],"rotationMatrix":[0.986248314,0.165269881,0,-0.165269881,0.986248314,0,0,0,0.999999881],"scale":1.13743997,"type":"tree_aspen_small_a"}
{"pos":[194.784592,182.71701,253.994385],"rotationMatrix":[0.968643904,-0.248452798,0,0.248452798,0.968643904,0,0,0,0.999999881],"scale":1.33863747,"type":"tree_aspen_small_a"}
{"pos":[244.398666,180.564941,252.032486],"rotationMatrix":[-0.345010221,-0.938598871,0,0.938598871,-0.345010221,0,0,0,0.999999881],"scale":1.23349595,"type":"tree_aspen_small_a"}
{"pos":[203.96434,186.639023,254.196716],"rotationMatrix":[-0.691155374,0.722705901,0,-0.722705901,-0.691155374,0,0,0,0.999999881],"scale":1.2186439,"type":"tree_aspen_small_a"}
{"pos":[167.158691,60.1420708,254.083481],"rotationMatrix":[0.428374946,-0.903600991,0,0.903600991,0.428374946,0,0,0,0.999999881],"scale":1.19401228,"type":"tree_aspen_small_a"}
{"pos":[286.54306,72.2953415,255.728165],"rotationMatrix":[-0.791203082,0.611553192,0,-0.611553192,-0.791203082,0,0,0,0.999999881],"scale":1.07144177,"type":"tree_aspen_small_a"}
{"pos":[347.161072,244.30336,261.588837],"rotationMatrix":[0.487470776,0.873139322,0,-0.873139322,0.487470776,0,0,0,0.999999881],"scale":1.18438113,"type":"tree_aspen_small_a"}
{"pos":[354.615875,238.450378,263.602112],"rotationMatrix":[-0.950443208,0.310898125,0,-0.310898125,-0.950443208,0,0,0,0.999999881],"scale":1.25321698,"type":"tree_aspen_small_a"}
{"pos":[242.959305,216.353302,250.415482],"rotationMatrix":[-0.937111616,0.349029481,0,-0.349029481,-0.937111616,0,0,0,0.999999881],"scale":1.44960451,"type":"tree_aspen_small_a"}
{"pos":[319.792511,202.781693,263.905579],"rotationMatrix":[-0.199149817,0.979968965,0,-0.979968965,-0.199149817,0,0,0,0.999999881],"scale":1.32600164,"type":"tree_aspen_small_a"}
{"pos":[347.581055,235.763077,263.275146],"rotationMatrix":[0.597256422,-0.802050292,0,0.802050292,0.597256422,0,0,0,0.999999881],"scale":1.43247902,"type":"tree_aspen_small_a"}
{"pos":[440.333801,57.783287,258.02005],"rotationMatrix":[0.356344253,0.934354722,0,-0.934354722,0.356344253,0,0,0,0.999999881],"scale":1.39076054,"type":"tree_aspen_small_a"}
{"pos":[420.639099,104.057854,257.540588],"rotationMatrix":[-0.629499495,0.777000666,0,-0.777000666,-0.629499495,0,0,0,0.999999881],"scale":1.25393748,"type":"tree_aspen_small_a"}
{"pos":[409.486023,143.473373,259.244965],"rotationMatrix":[0.297626436,-0.954682291,0,0.954682291,0.297626436,0,0,0,0.999999881],"scale":1.35208058,"type":"tree_aspen_small_a"}
{"pos":[386.079895,155.511322,262.394165],"rotationMatrix":[-0.955687821,-0.294381678,0,0.294381678,-0.955687821,0,0,0,0.999999881],"scale":1.13115752,"type":"tree_aspen_small_a"}
{"pos":[389.181763,151.723953,262.288544],"rotationMatrix":[0.285313487,0.958434224,0,-0.958434224,0.285313487,0,0,0,0.999999881],"scale":1.15881228,"type":"tree_aspen_small_a"}
{"pos":[373.934296,171.151901,263.55072],"rotationMatrix":[0.697510302,-0.716574609,0,0.716574609,0.697510302,0,0,0,0.999999881],"scale":1.00343466,"type":"tree_aspen_small_a"}
{"pos":[373.866455,174.444641,263.578247],"rotationMatrix":[0.0964789763,-0.995334923,0,0.995334923,0.0964789763,0,0,0,0.999999881],"scale":1.27891469,"type":"tree_aspen_small_a"}
{"pos":[393.247437,217.487076,263.771973],"rotationMatrix":[0.584180892,0.811623454,0,-0.811623454,0.584180892,0,0,0,0.999999881],"scale":1.10714769,"type":"tree_aspen_small_a"}
{"pos":[394.115448,205.156372,263.79422],"rotationMatrix":[-0.918491304,-0.395441204,0,0.395441204,-0.918491304,0,0,0,0.999999881],"scale":1.26528955,"type":"tree_aspen_small_a"}
{"pos":[398.301208,204.021774,263.772034],"rotationMatrix":[0.456269979,0.889841378,0,-0.889841378,0.456269979,0,0,0,0.999999881],"scale":1.00480843,"type":"tree_aspen_small_a"}
{"pos":[409.751526,166.146194,259.266022],"rotationMatrix":[-0.946631789,0.322316974,0,-0.322316974,-0.946631789,0,0,0,0.999999881],"scale":1.11334825,"type":"tree_aspen_small_a"}
{"pos":[399.11795,170.67186,260.468536],"rotationMatrix":[0.111265272,0.993790627,0,-0.993790627,0.111265272,0,0,0,0.999999881],"scale":1.00793695,"type":"tree_aspen_small_a"}
{"pos":[387.867157,159.64415,262.034882],"rotationMatrix":[-0.994570971,-0.104059704,0,0.104059704,-0.994570971,0,0,0,0.999999881],"scale":1.4212935,"type":"tree_aspen_small_a"}
{"pos":[395.99939,163.992935,260.846802],"rotationMatrix":[0.216256544,0.976336539,0,-0.976336539,0.216256544,0,0,0,0.999999881],"scale":1.2366693,"type":"tree_aspen_small_a"}
{"pos":[383.638519,239.351044,263.451202],"rotationMatrix":[-0.323049247,0.946382046,0,-0.946382046,-0.323049247,0,0,0,0.999999881],"scale":1.32184982,"type":"tree_aspen_small_a"}
{"pos":[-93.7849426,-93.7149353,255.690903],"rotationMatrix":[-0.974651098,-0.223730147,0,0.223730147,-0.974651098,0,0,0,0.999999881],"scale":1.30804968,"type":"tree_aspen_small_a"}
{"pos":[-95.4164429,-65.1723328,255.898331],"rotationMatrix":[0.99592346,0.0902014524,0,-0.0902014524,0.99592346,0,0,0,0.999999881],"scale":1.29559875,"type":"tree_aspen_small_a"}
{"pos":[-188.706345,-51.1294632,255.638474],"rotationMatrix":[-0.990080178,0.140502915,0,-0.140502915,-0.990080178,0,0,0,0.999999881],"scale":1.49199152,"type":"tree_aspen_small_a"}
{"pos":[-189.962784,-46.6434174,255.982101],"rotationMatrix":[0.695033193,0.71897763,0,-0.71897763,0.695033193,0,0,0,0.999999881],"scale":1.27917051,"type":"tree_aspen_small_a"}
{"pos":[-213.410126,7.9029808,249.459396],"rotationMatrix":[0.728158236,-0.68540889,0,0.68540889,0.728158236,0,0,0,0.999999881],"scale":1.23831165,"type":"tree_aspen_small_a"}
{"pos":[-156.877686,-7.59032917,249.773102],"rotationMatrix":[-0.980328381,0.197372898,0,-0.197372898,-0.980328381,0,0,0,0.999999881],"scale":1.06068051,"type":"tree_aspen_small_a"}
{"pos":[-304.386597,-4.28349495,256.265198],"rotationMatrix":[-0.451643229,0.892198503,0,-0.892198503,-0.451643229,0,0,0,0.999999881],"scale":1.45394504,"type":"tree_aspen_small_a"}
{"pos":[-308.252716,-8.11291599,256.913513],"rotationMatrix":[0.982958078,0.183829576,0,-0.183829576,0.982958078,0,0,0,0.999999881],"scale":1.13033056,"type":"tree_aspen_small_a"}
{"pos":[-313.79425,16.2002411,256.092865],"rotationMatrix":[0.683685243,-0.7297768,0,0.7297768,0.683685243,0,0,0,0.999999881],"scale":1.21354783,"type":"tree_aspen_small_a"}
{"pos":[-308.573792,-11.7127695,257.140869],"rotationMatrix":[0.996179283,0.0873303562,0,-0.0873303562,0.996179283,0,0,0,0.999999881],"scale":1.27011728,"type":"tree_aspen_small_a"}
{"pos":[-321.693909,16.6135044,256.283691],"rotationMatrix":[-0.0629859567,0.998014331,0,-0.998014331,-0.0629859567,0,0,0,0.999999881],"scale":1.47018731,"type":"tree_aspen_small_a"}
{"pos":[-335.23584,-4.18628883,258.912445],"rotationMatrix":[0.909439087,-0.4158369,0,0.4158369,0.909439087,0,0,0,0.999999881],"scale":1.07220137,"type":"tree_aspen_small_a"}
{"pos":[-327.461426,16.5488434,257.080627],"rotationMatrix":[0.561865926,0.827228248,0,-0.827228248,0.561865926,0,0,0,0.999999881],"scale":1.31683445,"type":"tree_aspen_small_a"}
{"pos":[-363.964355,-6.00671482,261.740692],"rotationMatrix":[0.434076488,0.900875986,0,-0.900875986,0.434076488,0,0,0,0.999999881],"scale":1.07038808,"type":"tree_aspen_small_a"}
{"pos":[-457.465912,1.18898582,261.665588],"rotationMatrix":[0.732560515,0.680701911,0,-0.680701911,0.732560515,0,0,0,0.999999881],"scale":1.14548123,"type":"tree_aspen_small_a"}
{"pos":[-388.56369,48.7306061,261.163666],"rotationMatrix":[-0.987954676,0.154743135,0,-0.154743135,-0.987954676,0,0,0,0.999999881],"scale":1.00376046,"type":"tree_aspen_small_a"}
{"pos":[-367.32663,48.2553635,260.293732],"rotationMatrix":[-0.67682308,0.736145437,0,-0.736145437,-0.67682308,0,0,0,0.999999881],"scale":1.33212042,"type":"tree_aspen_small_a"}
{"pos":[-325.788574,58.7574234,258.548431],"rotationMatrix":[-0.818091333,-0.575088263,0,0.575088263,-0.818091333,0,0,0,0.999999881],"scale":1.25598645,"type":"tree_aspen_small_a"}
{"pos":[-289.599304,45.0551567,254.357788],"rotationMatrix":[-0.202305093,-0.979322493,0,0.979322493,-0.202305093,0,0,0,0.999999881],"scale":1.31064177,"type":"tree_aspen_small_a"}
{"pos":[-154.38237,45.4831505,249.63533],"rotationMatrix":[0.928299487,-0.371832997,0,0.371832997,0.928299487,0,0,0,0.999999881],"scale":1.34693587,"type":"tree_aspen_small_a"}
{"pos":[124.123039,48.7902489,254.286728],"rotationMatrix":[0.755010426,-0.655712545,0,0.655712545,0.755010426,0,0,0,0.999999881],"scale":1.36193919,"type":"tree_aspen_small_a"}
{"pos":[-414.200531,-30.6392326,262.060211],"rotationMatrix":[-0.348862767,0.937173665,0,-0.937173665,-0.348862767,0,0,0,0.999999881],"scale":1.00862598,"type":"tree_aspen_small_a"}
{"pos":[-194.70697,-130.513901,293.60141],"rotationMatrix":[0.995421827,0.0955782831,0,-0.0955782831,0.995421827,0,0,0,0.999999881],"scale":1.35731769,"type":"tree_aspen_small_a"}
{"pos":[-218.903488,-130.354523,293.761322],"rotationMatrix":[0.94862932,0.316389591,0,-0.316389591,0.94862932,0,0,0,0.999999881],"scale":1.49723554,"type":"tree_aspen_small_a"}
{"pos":[-306.303833,-159.60228,287.88562],"rotationMatrix":[-0.270527869,0.96271199,0,-0.96271199,-0.270527869,0,0,0,0.999999881],"scale":1.07706308,"type":"tree_aspen_small_a"}
{"pos":[-301.990173,-193.185822,283.681396],"rotationMatrix":[-0.165410012,0.98622483,0,-0.98622483,-0.165410012,0,0,0,0.999999881],"scale":1.05878854,"type":"tree_aspen_small_a"}
{"pos":[-282.08255,-192.289429,283.552673],"rotationMatrix":[0.999741018,-0.0227551106,0,0.0227551106,0.999741018,0,0,0,0.999999881],"scale":1.04526758,"type":"tree_aspen_small_a"}
{"pos":[-211.84935,-170.875671,280.765472],"rotationMatrix":[0.909018338,0.416756034,0,-0.416756034,0.909018338,0,0,0,0.999999881],"scale":1.34317458,"type":"tree_aspen_small_a"}
{"pos":[-185.957336,-164.204315,273.816132],"rotationMatrix":[0.403096199,0.915157616,0,-0.915157616,0.403096199,0,0,0,0.999999881],"scale":1.09974456,"type":"tree_aspen_small_a"}
{"pos":[-177.36084,-166.014328,273.574921],"rotationMatrix":[0.940268576,-0.340433329,0,0.340433329,0.940268576,0,0,0,0.999999881],"scale":1.48738384,"type":"tree_aspen_small_a"}
{"pos":[-172.44165,-158.641922,273.870758],"rotationMatrix":[0.0203149002,0.99979353,0,-0.99979353,0.0203149002,0,0,0,0.999999881],"scale":1.06495404,"type":"tree_aspen_small_a"}
{"pos":[-142.450516,-175.880447,273.974518],"rotationMatrix":[0.878402531,0.477921516,0,-0.477921516,0.878402531,0,0,0,0.999999881],"scale":1.03766406,"type":"tree_aspen_small_a"}
{"pos":[-140.135574,-165.075546,273.96698],"rotationMatrix":[0.633309841,0.773898363,0,-0.773898363,0.633309841,0,0,0,0.999999881],"scale":1.1906662,"type":"tree_aspen_small_a"}
{"pos":[-144.988434,-162.999313,273.731018],"rotationMatrix":[0.622120202,0.782921731,0,-0.782921731,0.622120202,0,0,0,0.999999881],"scale":1.36552095,"type":"tree_aspen_small_a"}
{"pos":[-140.020966,-170.79454,273.81842],"rotationMatrix":[-0.633667827,0.773605049,0,-0.773605049,-0.633667827,0,0,0,0.999999881],"scale":1.15578294,"type":"tree_aspen_small_a"}
{"pos":[-413.66156,-174.347107,266.312683],"rotationMatrix":[0.126157716,-0.992010057,0,0.992010057,0.126157716,0,0,0,0.999999881],"scale":1.24618626,"type":"tree_aspen_small_a"}
{"pos":[-407.873047,-176.409348,267.712006],"rotationMatrix":[-0.710258722,-0.703940511,0,0.703940511,-0.710258722,0,0,0,0.999999881],"scale":1.19200587,"type":"tree_aspen_small_a"}
{"pos":[-402.968506,-166.888489,266.774933],"rotationMatrix":[0.722881794,0.690971673,0,-0.690971673,0.722881794,0,0,0,0.999999881],"scale":1.03856635,"type":"tree_aspen_small_a"}
{"pos":[-360.606842,-151.398346,268.094818],"rotationMatrix":[0.725351274,0.68837893,0,-0.68837893,0.725351274,0,0,0,0.999999881],"scale":1.20691121,"type":"tree_aspen_small_a"}
{"pos":[-360.362762,-148.293823,267.813599],"rotationMatrix":[-0.460321307,0.887752235,0,-0.887752235,-0.460321307,0,0,0,0.999999881],"scale":1.17693114,"type":"tree_aspen_small_a"}
{"pos":[-346.869934,-139.049835,266.899475],"rotationMatrix":[0.692998767,0.720938742,0,-0.720938742,0.692998767,0,0,0,0.999999881],"scale":1.34476519,"type":"tree_aspen_small_a"}
{"pos":[-255.825195,-99.8411331,257.894836],"rotationMatrix":[-0.737530053,-0.675314128,0,0.675314128,-0.737530053,0,0,0,0.999999881],"scale":1.02297211,"type":"tree_aspen_small_a"}
{"pos":[-188.710785,-157.255142,274.683075],"rotationMatrix":[0.921565115,0.388223737,0,-0.388223737,0.921565115,0,0,0,0.999999881],"scale":1.12463522,"type":"tree_aspen_small_a"}
{"pos":[-85.1730423,-290.913605,263.933594],"rotationMatrix":[-0.846940577,0.531687438,0,-0.531687438,-0.846940577,0,0,0,0.999999881],"scale":1.22718406,"type":"tree_aspen_small_a"}
{"pos":[-110.35421,-283.318695,263.937408],"rotationMatrix":[0.761279047,-0.648424327,0,0.648424327,0.761279047,0,0,0,0.999999881],"scale":1.18068933,"type":"tree_aspen_small_a"}
{"pos":[-114.643738,-282.100983,263.920593],"rotationMatrix":[0.0800946653,-0.996787131,0,0.996787131,0.0800946653,0,0,0,0.999999881],"scale":1.21478152,"type":"tree_aspen_small_a"}
{"pos":[-141.638016,-290.026825,263.747375],"rotationMatrix":[0.200926453,0.97960633,0,-0.97960633,0.200926453,0,0,0,0.999999881],"scale":1.13877308,"type":"tree_aspen_small_a"}
{"pos":[-194.309814,-302.548248,264.708771],"rotationMatrix":[0.235986605,0.971756279,0,-0.971756279,0.235986605,0,0,0,0.999999881],"scale":1.18135631,"type":"tree_aspen_small_a"}
{"pos":[-220.859238,-293.906921,265.191071],"rotationMatrix":[-0.997772992,-0.0667003989,0,0.0667003989,-0.997772992,0,0,0,0.999999881],"scale":1.12508476,"type":"tree_aspen_small_a"}
{"pos":[-225.270844,-299.800262,264.485046],"rotationMatrix":[0.953743875,0.300620258,0,-0.300620258,0.953743875,0,0,0,0.999999881],"scale":1.35320842,"type":"tree_aspen_small_a"}
{"pos":[-236.042221,-286.634338,265.330963],"rotationMatrix":[-0.887969434,-0.459902465,0,0.459902465,-0.887969434,0,0,0,0.999999881],"scale":1.02923679,"type":"tree_aspen_small_a"}
{"pos":[-179.916367,-284.193573,264.442413],"rotationMatrix":[-0.164965123,0.986299336,0,-0.986299336,-0.164965123,0,0,0,0.999999881],"scale":1.4941349,"type":"tree_aspen_small_a"}
{"pos":[-178.170547,-268.961578,264.469116],"rotationMatrix":[-0.691830873,0.722059488,0,-0.722059488,-0.691830873,0,0,0,0.999999881],"scale":1.31458282,"type":"tree_aspen_small_a"}
{"pos":[-150.42923,-275.674438,263.669861],"rotationMatrix":[-0.326204538,-0.945299149,0,0.945299149,-0.326204538,0,0,0,0.999999881],"scale":1.3012383,"type":"tree_aspen_small_a"}
{"pos":[-145.065826,-281.608032,263.938354],"rotationMatrix":[-0.603437901,-0.797410011,0,0.797410011,-0.603437901,0,0,0,0.999999881],"scale":1.35571885,"type":"tree_aspen_small_a"}
{"pos":[-147.641754,-275.233734,263.651947],"rotationMatrix":[-0.998015702,-0.0629631951,0,0.0629631951,-0.998015702,0,0,0,0.999999881],"scale":1.23475099,"type":"tree_aspen_small_a"}
{"pos":[-138.205292,-281.495575,263.716827],"rotationMatrix":[-0.985445678,-0.169990361,0,0.169990361,-0.985445678,0,0,0,0.999999881],"scale":1.44257259,"type":"tree_aspen_small_a"}
{"pos":[-112.591888,-274.517822,264.194092],"rotationMatrix":[-0.338015437,0.941140473,0,-0.941140473,-0.338015437,0,0,0,0.999999881],"scale":1.18138838,"type":"tree_aspen_small_a"}
{"pos":[-99.0636215,-271.651886,264.751221],"rotationMatrix":[-0.766743422,0.641953349,0,-0.641953349,-0.766743422,0,0,0,0.999999881],"scale":1.02202034,"type":"tree_aspen_small_a"}
{"pos":[-104.689095,-282.922119,264.287903],"rotationMatrix":[0.205420285,0.978673875,0,-0.978673875,0.205420285,0,0,0,0.999999881],"scale":1.33802605,"type":"tree_aspen_small_a"}
{"pos":[-96.7375641,-269.432098,264.394928],"rotationMatrix":[0.358529955,0.933518231,0,-0.933518231,0.358529955,0,0,0,0.999999881],"scale":1.22946835,"type":"tree_aspen_small_a"}
{"pos":[-233.573349,-308.189087,263.946259],"rotationMatrix":[0.23528038,0.971927583,0,-0.971927583,0.23528038,0,0,0,0.999999881],"scale":1.30594754,"type":"tree_aspen_small_a"}
{"pos":[-215.139221,-265.536224,263.80249],"rotationMatrix":[-0.907576263,0.419887006,0,-0.419887006,-0.907576263,0,0,0,0.999999881],"scale":1.46648514,"type":"tree_aspen_small_a"}
{"pos":[-414.623993,-296.400635,283.039307],"rotationMatrix":[0.110850148,0.993837059,0,-0.993837059,0.110850148,0,0,0,0.999999881],"scale":1.05613697,"type":"tree_aspen_small_a"}
{"pos":[-533.037964,-340.095978,284.631927],"rotationMatrix":[-0.134887099,-0.990860879,0,0.990860879,-0.134887099,0,0,0,0.999999881],"scale":1.40548801,"type":"tree_aspen_small_a"}
{"pos":[-572.04071,-351.795502,286.275299],"rotationMatrix":[-0.46461001,0.885515273,0,-0.885515273,-0.46461001,0,0,0,0.999999881],"scale":1.26902008,"type":"tree_aspen_small_a"}
{"pos":[-577.108154,-346.11496,285.623962],"rotationMatrix":[0.218056008,0.975936234,0,-0.975936234,0.218056008,0,0,0,0.999999881],"scale":1.47260773,"type":"tree_aspen_small_a"}
{"pos":[-646.525757,-294.640198,283.0159],"rotationMatrix":[0.779019415,0.626999795,0,-0.626999795,0.779019415,0,0,0,0.999999881],"scale":1.04473853,"type":"tree_aspen_small_a"}
{"pos":[-674.416931,-156.86824,268.296265],"rotationMatrix":[0.729169965,0.684332669,0,-0.684332669,0.729169965,0,0,0,0.999999881],"scale":1.03990924,"type":"tree_aspen_small_a"}
{"pos":[-675.750671,-140.976013,268.552704],"rotationMatrix":[0.97800988,0.208558142,0,-0.208558142,0.97800988,0,0,0,0.999999881],"scale":1.22142148,"type":"tree_aspen_small_a"}
{"pos":[-658.689819,-119.922279,268.44339],"rotationMatrix":[-0.818021953,0.57518667,0,-0.57518667,-0.818021953,0,0,0,0.999999881],"scale":1.28095675,"type":"tree_aspen_small_a"}
{"pos":[-651.94043,-122.288048,268.188446],"rotationMatrix":[0.198609456,-0.980078578,0,0.980078578,0.198609456,0,0,0,0.999999881],"scale":1.33394957,"type":"tree_aspen_small_a"}
{"pos":[-610.775208,-102.451218,268.284363],"rotationMatrix":[0.999998152,-0.0018478313,0,0.0018478313,0.999998152,0,0,0,0.999999881],"scale":1.03790224,"type":"tree_aspen_small_a"}
{"pos":[-673.532166,-184.605545,269.559448],"rotationMatrix":[0.556153238,-0.831079662,0,0.831079662,0.556153238,0,0,0,0.999999881],"scale":1.06610298,"type":"tree_aspen_small_a"}
{"pos":[-676.568909,-200.372864,271.57547],"rotationMatrix":[-0.211500347,0.977377832,0,-0.977377832,-0.211500347,0,0,0,0.999999881],"scale":1.23336315,"type":"tree_aspen_small_a"}
{"pos":[-692.08313,-177.839813,272.441437],"rotationMatrix":[-0.930636048,0.365945786,0,-0.365945786,-0.930636048,0,0,0,0.999999881],"scale":1.0022167,"type":"tree_aspen_small_a"}
{"pos":[-698.436035,-172.904861,273.253235],"rotationMatrix":[0.910244286,-0.41407147,0,0.41407147,0.910244286,0,0,0,0.999999881],"scale":1.29755962,"type":"tree_aspen_small_a"}
{"pos":[-680.978638,-140.838257,269.405518],"rotationMatrix":[0.229793563,0.973239362,0,-0.973239362,0.229793563,0,0,0,0.999999881],"scale":1.2706213,"type":"tree_aspen_small_a"}
{"pos":[-681.307739,-125.813454,270.164978],"rotationMatrix":[-0.265382618,-0.964143097,0,0.964143097,-0.265382618,0,0,0,0.999999881],"scale":1.11072266,"type":"tree_aspen_small_a"}
{"pos":[-670.885132,-121.004425,268.645782],"rotationMatrix":[-0.993727863,0.111824349,0,-0.111824349,-0.993727863,0,0,0,0.999999881],"scale":1.26542473,"type":"tree_aspen_small_a"}
{"pos":[-683.315186,-123.293808,270.904083],"rotationMatrix":[-0.191024944,-0.981585085,0,0.981585085,-0.191024944,0,0,0,0.999999881],"scale":1.18403745,"type":"tree_aspen_small_a"}
{"pos":[-650.788818,-112.896118,268.571106],"rotationMatrix":[-0.206787065,0.978385866,0,-0.978385866,-0.206787065,0,0,0,0.999999881],"scale":1.34256756,"type":"tree_aspen_small_a"}
{"pos":[-640.975281,-110.246246,268.408966],"rotationMatrix":[0.390152752,-0.920750082,0,0.920750082,0.390152752,0,0,0,0.999999881],"scale":1.46367979,"type":"tree_aspen_small_a"}
{"pos":[-644.206116,-100.607254,268.979156],"rotationMatrix":[-0.466138721,-0.884711623,0,0.884711623,-0.466138721,0,0,0,0.999999881],"scale":1.35502756,"type":"tree_aspen_small_a"}
{"pos":[-659.421631,-97.0808487,270.973999],"rotationMatrix":[-0.154768333,-0.987950623,0,0.987950623,-0.154768333,0,0,0,0.999999881],"scale":1.2811538,"type":"tree_aspen_small_a"}
{"pos":[-666.691223,-100.548431,270.836639],"rotationMatrix":[-0.605078101,-0.796166003,0,0.796166003,-0.605078101,0,0,0,0.999999881],"scale":1.20987058,"type":"tree_aspen_small_a"}
{"pos":[-693.972473,-116.258865,273.150269],"rotationMatrix":[-0.720055521,0.693916202,0,-0.693916202,-0.720055521,0,0,0,0.999999881],"scale":1.03549516,"type":"tree_aspen_small_a"}
{"pos":[-695.573059,-143.911346,272.232666],"rotationMatrix":[-0.865754187,0.500469148,0,-0.500469148,-0.865754187,0,0,0,0.999999881],"scale":1.49470747,"type":"tree_aspen_small_a"}
{"pos":[-701.2229,-134.602005,273.571869],"rotationMatrix":[0.999427378,-0.033835046,0,0.033835046,0.999427378,0,0,0,0.999999881],"scale":1.30813587,"type":"tree_aspen_small_a"}
{"pos":[-705.201782,-157.388107,272.667236],"rotationMatrix":[-0.371835113,-0.928298771,0,0.928298771,-0.371835113,0,0,0,0.999999881],"scale":1.47496414,"type":"tree_aspen_small_a"}
{"pos":[-704.243408,-170.079941,273.592957],"rotationMatrix":[0.836003363,0.548724294,0,-0.548724294,0.836003363,0,0,0,0.999999881],"scale":1.17124605,"type":"tree_aspen_small_a"}
{"pos":[-703.984253,-179.746841,273.858551],"rotationMatrix":[0.389793158,0.920902431,0,-0.920902431,0.389793158,0,0,0,0.999999881],"scale":1.37160754,"type":"tree_aspen_small_a"}
{"pos":[-685.74353,-175.242737,271.207489],"rotationMatrix":[0.999193609,-0.0401488841,0,0.0401488841,0.999193609,0,0,0,0.999999881],"scale":1.45559549,"type":"tree_aspen_small_a"}
{"pos":[-662.38147,-135.95079,268.122284],"rotationMatrix":[0.869904816,0.493219554,0,-0.493219554,0.869904816,0,0,0,0.999999881],"scale":1.09742475,"type":"tree_aspen_small_a"}
{"pos":[-132.030121,-212.389847,273.435028],"rotationMatrix":[-0.964128256,-0.265436709,0,0.265436709,-0.964128256,0,0,0,0.999999881],"scale":1.37728226,"type":"tree_aspen_small_a"}
{"pos":[-94.6959076,-220.000305,272.54895],"rotationMatrix":[0.224354491,-0.974507511,0,0.974507511,0.224354491,0,0,0,0.999999881],"scale":1.16040325,"type":"tree_aspen_small_a"}
{"pos":[-360.213196,-63.0842705,260.17041],"rotationMatrix":[-0.852843761,-0.522166014,0,0.522166014,-0.852843761,0,0,0,0.999999881],"scale":1.091892,"type":"tree_aspen_small_a"}
{"pos":[-323.569366,-334.932526,302.37561],"rotationMatrix":[0.874012291,0.4859038,0,-0.4859038,0.874012291,0,0,0,0.999999881],"scale":1.2477442,"type":"tree_aspen_small_a"}
{"pos":[-318.025299,-324.452209,302.385406],"rotationMatrix":[0.792769134,-0.609521866,0,0.609521866,0.792769134,0,0,0,0.999999881],"scale":1.26707959,"type":"tree_aspen_small_a"}
{"pos":[-295.185516,-302.821899,301.467926],"rotationMatrix":[0.400928438,0.916109383,0,-0.916109383,0.400928438,0,0,0,0.999999881],"scale":1.0382812,"type":"tree_aspen_small_a"}
{"pos":[-262.61618,-329.329956,303.138092],"rotationMatrix":[-0.0595301464,0.998226345,0,-0.998226345,-0.0595301464,0,0,0,0.999999881],"scale":1.25341105,"type":"tree_aspen_small_a"}
{"pos":[-248.657043,-331.927521,302.41156],"rotationMatrix":[0.594771683,0.803894699,0,-0.803894699,0.594771683,0,0,0,0.999999881],"scale":1.42175007,"type":"tree_aspen_small_a"}
{"pos":[-272.337738,-337.957245,302.627747],"rotationMatrix":[0.994849205,-0.101365156,0,0.101365156,0.994849205,0,0,0,0.999999881],"scale":1.17079186,"type":"tree_aspen_small_a"}
{"pos":[-286.524353,-343.828613,302.939941],"rotationMatrix":[-0.971093476,-0.238699377,0,0.238699377,-0.971093476,0,0,0,0.999999881],"scale":1.34567142,"type":"tree_aspen_small_a"}
{"pos":[-144.740555,-357.013885,290.868988],"rotationMatrix":[0.539583325,0.841932237,0,-0.841932237,0.539583325,0,0,0,0.999999881],"scale":1.41941202,"type":"tree_aspen_small_a"}
{"pos":[-151.344742,-357.943329,291.107849],"rotationMatrix":[-0.885116816,-0.465368897,0,0.465368897,-0.885116816,0,0,0,0.999999881],"scale":1.23718512,"type":"tree_aspen_small_a"}
{"pos":[-114.106018,-363.006531,283.882263],"rotationMatrix":[-0.993513882,0.113710053,0,-0.113710053,-0.993513882,0,0,0,0.999999881],"scale":1.18508005,"type":"tree_aspen_small_a"}
{"pos":[-86.5167694,-356.205902,283.881531],"rotationMatrix":[0.547194302,-0.837005556,0,0.837005556,0.547194302,0,0,0,0.999999881],"scale":1.4497292,"type":"tree_aspen_small_a"}
{"pos":[-70.0989151,-365.998047,283.771881],"rotationMatrix":[0.357744604,0.933819473,0,-0.933819473,0.357744604,0,0,0,0.999999881],"scale":1.02251089,"type":"tree_aspen_small_a"}
{"pos":[-118.436539,-312.609039,284.420227],"rotationMatrix":[-0.560924888,-0.827866673,0,0.827866673,-0.560924888,0,0,0,0.999999881],"scale":1.31669545,"type":"tree_aspen_small_a"}
{"pos":[136.925201,-326.968506,273.931732],"rotationMatrix":[-0.172659636,-0.984981477,0,0.984981477,-0.172659636,0,0,0,0.999999881],"scale":1.3071667,"type":"tree_aspen_small_a"}
{"pos":[174.617538,-132.949677,274.967621],"rotationMatrix":[0.998995543,-0.0448079556,0,0.0448079556,0.998995543,0,0,0,0.999999881],"scale":1.07990837,"type":"tree_aspen_small_a"}
{"pos":[169.005539,-146.060654,274.762207],"rotationMatrix":[-0.992241383,0.124325648,0,-0.124325648,-0.992241383,0,0,0,0.999999881],"scale":1.29510164,"type":"tree_aspen_small_a"}
{"pos":[198.066025,-217.621109,273.667511],"rotationMatrix":[0.977177382,-0.212424383,0,0.212424383,0.977177382,0,0,0,0.999999881],"scale":1.38019192,"type":"tree_aspen_small_a"}
{"pos":[200.932175,-189.658325,273.81131],"rotationMatrix":[0.050862439,-0.998705566,0,0.998705566,0.050862439,0,0,0,0.999999881],"scale":1.1785078,"type":"tree_aspen_small_a"}
{"pos":[-528.087158,199.440994,261.684296],"rotationMatrix":[0.94908756,0.315012336,0,-0.315012336,0.94908756,0,0,0,0.999999881],"scale":1.42528772,"type":"tree_aspen_small_a"}
{"pos":[-530.721497,198.97908,261.984222],"rotationMatrix":[-0.0578850433,0.998323143,0,-0.998323143,-0.0578850433,0,0,0,0.999999881],"scale":1.14303648,"type":"tree_aspen_small_a"}
{"pos":[-607.242126,144.843033,262.626068],"rotationMatrix":[0.441342622,0.897338688,0,-0.897338688,0.441342622,0,0,0,0.999999881],"scale":1.23276687,"type":"tree_aspen_small_a"}
{"pos":[-590.189209,187.806778,262.555511],"rotationMatrix":[0.0855435506,0.996334314,0,-0.996334314,0.0855435506,0,0,0,0.999999881],"scale":1.42894137,"type":"tree_aspen_small_a"}
{"pos":[-705.345886,172.118622,289.476685],"rotationMatrix":[0.995161951,-0.0982472822,0,0.0982472822,0.995161951,0,0,0,0.999999881],"scale":1.12117624,"type":"tree_aspen_small_a"}
{"pos":[-696.057007,186.25415,289.656097],"rotationMatrix":[-0.408391118,0.912806928,0,-0.912806928,-0.408391118,0,0,0,0.999999881],"scale":1.20628715,"type":"tree_aspen_small_a"}
{"pos":[-703.267029,202.990967,289.501892],"rotationMatrix":[-0.816542089,0.577285826,0,-0.577285826,-0.816542089,0,0,0,0.999999881],"scale":1.1820116,"type":"tree_aspen_small_a"}
{"pos":[-681.454651,174.920364,291.324097],"rotationMatrix":[0.435290486,0.900290072,0,-0.900290072,0.435290486,0,0,0,0.999999881],"scale":1.49855256,"type":"tree_aspen_small_a"}
{"pos":[-695.325439,175.655563,289.623779],"rotationMatrix":[-0.981097281,0.193515092,0,-0.193515092,-0.981097281,0,0,0,0.999999881],"scale":1.13886595,"type":"tree_aspen_small_a"}
{"pos":[-653.157837,248.718109,291.327942],"rotationMatrix":[-0.998302042,0.0582487546,0,-0.0582487546,-0.998302042,0,0,0,0.999999881],"scale":1.31183195,"type":"tree_aspen_small_a"}
{"pos":[-758.601807,264.190704,296.089783],"rotationMatrix":[0.637563705,-0.770397484,0,0.770397484,0.637563705,0,0,0,0.999999881],"scale":1.35165381,"type":"tree_aspen_small_a"}
{"pos":[-783.82605,252.223907,296.796814],"rotationMatrix":[0.908625424,0.417611927,0,-0.417611927,0.908625424,0,0,0,0.999999881],"scale":1.26316905,"type":"tree_aspen_small_a"}
{"pos":[-805.342529,249.375061,298.316925],"rotationMatrix":[0.44712308,-0.89447242,0,0.89447242,0.44712308,0,0,0,0.999999881],"scale":1.26625276,"type":"tree_aspen_small_a"}
{"pos":[-799.528076,238.39946,297.129028],"rotationMatrix":[-0.868630886,0.495459497,0,-0.495459497,-0.868630886,0,0,0,0.999999881],"scale":1.49478149,"type":"tree_aspen_small_a"}
{"pos":[-802.741394,160.983749,288.70163],"rotationMatrix":[-0.315284342,-0.9489972,0,0.9489972,-0.315284342,0,0,0,0.999999881],"scale":1.06560159,"type":"tree_aspen_small_a"}
{"pos":[-662.92157,127.733322,276.500244],"rotationMatrix":[0.997083485,-0.0763166845,0,0.0763166845,0.997083485,0,0,0,0.999999881],"scale":1.31171179,"type":"tree_aspen_small_a"}
{"pos":[-901.824463,-186.935715,361.09671],"rotationMatrix":[-0.496206105,0.868204594,0,-0.868204594,-0.496206105,0,0,0,0.999999881],"scale":1.30649781,"type":"tree_aspen_small_a"}
{"pos":[-930.090576,-165.349075,364.962372],"rotationMatrix":[-0.541615665,-0.84062624,0,0.84062624,-0.541615665,0,0,0,0.999999881],"scale":1.28308964,"type":"tree_aspen_small_a"}
{"pos":[-948.490967,-113.273941,360.171997],"rotationMatrix":[0.209542856,0.977799416,0,-0.977799416,0.209542856,0,0,0,0.999999881],"scale":1.02084446,"type":"tree_aspen_small_a"}
{"pos":[-934.385681,-133.482895,363.735931],"rotationMatrix":[-0.999059141,-0.0433660895,0,0.0433660895,-0.999059141,0,0,0,0.999999881],"scale":1.01674974,"type":"tree_aspen_small_a"}
{"pos":[-914.209961,-75.5138779,340.06369],"rotationMatrix":[-0.498407781,0.866942585,0,-0.866942585,-0.498407781,0,0,0,0.999999881],"scale":1.48584557,"type":"tree_aspen_small_a"}
{"pos":[-836.089172,-115.326836,332.829224],"rotationMatrix":[0.9550758,0.296361446,0,-0.296361446,0.9550758,0,0,0,0.999999881],"scale":1.03843009,"type":"tree_aspen_small_a"}
{"pos":[150.834579,357.453522,251.444855],"rotationMatrix":[-0.394178748,-0.919033766,0,0.919033766,-0.394178748,0,-0,0,0.999999881],"scale":1.33699775,"type":"tree_aspen_small_a"}
{"pos":[105.473862,343.632202,253.3573],"rotationMatrix":[0.60408628,0.796918929,0,-0.796918929,0.60408628,-0,-0,0,0.999999881],"scale":1.34522843,"type":"tree_aspen_small_a"}
{"pos":[98.5693283,352.44281,253.578156],"rotationMatrix":[-0.980636239,0.195837766,-0,-0.195837766,-0.980636239,0,-0,0,0.999999881],"scale":1.22070074,"type":"tree_aspen_small_a"}
{"pos":[162.229095,345.30896,249.768723],"rotationMatrix":[0.351583987,-0.936156213,0,0.936156213,0.351583987,0,-0,0,0.999999881],"scale":1.06294048,"type":"tree_aspen_small_a"}
{"pos":[158.461395,338.968445,249.666489],"rotationMatrix":[-0.740369737,-0.672199786,0,0.672199786,-0.740369737,0,-0,0,0.999999881],"scale":1.40897131,"type":"tree_aspen_small_a"}
