{"pos":[366.244507,77.1105347,258.287231],"rotationMatrix":[-0.832364023,-0.55422914,0,0.55422914,-0.832364023,0,0,0,0.999999881],"scale":0.81983608,"type":"tree_beech_dead_a"}
{"pos":[353.849609,76.4852905,258.363159],"rotationMatrix":[-0.328038484,0.94466418,0,-0.94466418,-0.328038484,0,0,0,0.999999881],"scale":0.514704645,"type":"tree_beech_dead_a"}
{"pos":[359.744598,77.3190994,258.295929],"rotationMatrix":[-0.953258216,0.302156836,0,-0.302156836,-0.953258216,0,0,0,0.999999881],"scale":0.753974676,"type":"tree_beech_dead_a"}
{"pos":[372.365875,69.9707794,258.346558],"rotationMatrix":[-0.959053338,0.283225298,0,-0.283225298,-0.959053338,0,0,0,0.999999881],"scale":0.780924082,"type":"tree_beech_dead_a"}
{"pos":[344.154541,85.1092682,258.418823],"rotationMatrix":[-0.558001816,-0.829839587,0,0.829839587,-0.558001816,0,0,0,0.999999881],"scale":0.907653689,"type":"tree_beech_dead_a"}
{"pos":[340.462433,87.00103,258.237427],"rotationMatrix":[-0.289240152,0.957256496,0,-0.957256496,-0.289240152,0,0,0,0.999999881],"scale":0.935431957,"type":"tree_beech_dead_a"}
{"pos":[301.809937,84.2002182,256.460144],"rotationMatrix":[0.998174489,0.0603945255,0,-0.0603945255,0.998174489,0,0,0,0.999999881],"scale":0.585775793,"type":"tree_beech_dead_a"}
{"pos":[324.601898,90.6694183,257.293854],"rotationMatrix":[-0.746648252,0.665218949,0,-0.665218949,-0.746648252,0,0,0,0.999999881],"scale":1.13736188,"type":"tree_beech_dead_a"}
{"pos":[304.402222,89.3834534,256.354095],"rotationMatrix":[-0.532147527,-0.846651614,0,0.846651614,-0.532147527,0,0,0,0.999999881],"scale":0.940881431,"type":"tree_beech_dead_a"}
{"pos":[304.994232,94.4621429,256.220032],"rotationMatrix":[0.0690446123,0.99761349,0,-0.99761349,0.0690446123,0,0,0,0.999999881],"scale":1.14687848,"type":"tree_beech_dead_a"}
{"pos":[305.511261,87.1160202,256.370728],"rotationMatrix":[-0.27553755,0.961290181,0,-0.961290181,-0.27553755,0,0,0,0.999999881],"scale":0.935910463,"type":"tree_beech_dead_a"}
{"pos":[314.174011,95.1731644,256.508209],"rotationMatrix":[0.292595506,0.956236303,0,-0.956236303,0.292595506,0,0,0,0.999999881],"scale":1.15342677,"type":"tree_beech_dead_a"}
{"pos":[313.153046,95.8773956,256.44809],"rotationMatrix":[0.545699716,-0.837980747,0,0.837980747,0.545699716,0,0,0,0.999999881],"scale":0.726643205,"type":"tree_beech_dead_a"}
{"pos":[304.145569,65.8529587,256.757782],"rotationMatrix":[0.420915484,-0.907099783,0,0.907099783,0.420915484,0,0,0,0.999999881],"scale":0.686887264,"type":"tree_beech_dead_a"}
{"pos":[317.629242,96.3839264,256.706512],"rotationMatrix":[-0.640167058,-0.768235564,0,0.768235564,-0.640167058,0,0,0,0.999999881],"scale":1.04932714,"type":"tree_beech_dead_a"}
{"pos":[309.11145,67.4434738,256.930908],"rotationMatrix":[0.229461282,0.973317802,0,-0.973317802,0.229461282,0,0,0,0.999999881],"scale":1.06804419,"type":"tree_beech_dead_a"}
{"pos":[315.415863,62.749836,257.202148],"rotationMatrix":[-0.72133249,-0.692588925,0,0.692588925,-0.72133249,0,0,0,0.999999881],"scale":1.16589701,"type":"tree_beech_dead_a"}
{"pos":[257.264099,121.601044,254.332367],"rotationMatrix":[-0.910873592,0.412685454,0,-0.412685454,-0.910873592,0,0,0,0.999999881],"scale":1.13295746,"type":"tree_beech_dead_a"}
{"pos":[251.716705,135.372467,254.078003],"rotationMatrix":[0.998937607,-0.0460806452,0,0.0460806452,0.998937607,0,0,0,0.999999881],"scale":0.601958215,"type":"tree_beech_dead_a"}
{"pos":[243.208313,108.957581,254.348755],"rotationMatrix":[-0.862091362,-0.506752789,0,0.506752789,-0.862091362,0,0,0,0.999999881],"scale":0.963469505,"type":"tree_beech_dead_a"}
{"pos":[264.088654,122.957703,254.551117],"rotationMatrix":[-0.356911033,0.934138238,0,-0.934138238,-0.356911033,0,0,0,0.999999881],"scale":0.704233885,"type":"tree_beech_dead_a"}
{"pos":[243.754211,118.909966,254.29422],"rotationMatrix":[0.196804032,-0.980442762,0,0.980442762,0.196804032,0,0,0,0.999999881],"scale":0.665642262,"type":"tree_beech_dead_a"}
{"pos":[247.207703,129.799576,254.165649],"rotationMatrix":[0.985797286,-0.167939037,0,0.167939037,0.985797286,0,0,0,0.999999881],"scale":0.704216242,"type":"tree_beech_dead_a"}
{"pos":[256.467865,116.143211,254.426834],"rotationMatrix":[0.0717563182,0.997422099,0,-0.997422099,0.0717563182,0,0,0,0.999999881],"scale":0.669179738,"type":"tree_beech_dead_a"}
{"pos":[250.028137,108.714645,254.368774],"rotationMatrix":[0.772255599,-0.635311902,0,0.635311902,0.772255599,0,0,0,0.999999881],"scale":0.56001085,"type":"tree_beech_dead_a"}
{"pos":[234.562866,118.963493,254.333481],"rotationMatrix":[-0.447399169,-0.894334257,0,0.894334257,-0.447399169,0,0,0,0.999999881],"scale":0.835956216,"type":"tree_beech_dead_a"}
{"pos":[266.309753,129.962234,254.394623],"rotationMatrix":[-0.987100303,-0.160102874,0,0.160102874,-0.987100303,0,0,0,0.999999881],"scale":0.658262372,"type":"tree_beech_dead_a"}
{"pos":[261.393066,135.967163,254.156891],"rotationMatrix":[-0.761865795,-0.64773494,0,0.64773494,-0.761865795,0,0,0,0.999999881],"scale":0.832025945,"type":"tree_beech_dead_a"}
{"pos":[266.668945,121.774445,254.696487],"rotationMatrix":[-0.960114479,-0.279607147,0,0.279607147,-0.960114479,0,0,0,0.999999881],"scale":0.903874338,"type":"tree_beech_dead_a"}
{"pos":[262.680206,123.918991,254.458649],"rotationMatrix":[-0.698517203,0.715593159,0,-0.715593159,-0.698517203,0,0,0,0.999999881],"scale":0.703955531,"type":"tree_beech_dead_a"}
{"pos":[253.669006,109.750969,254.444244],"rotationMatrix":[0.525482535,-0.850804269,0,0.850804269,0.525482535,0,0,0,0.999999881],"scale":0.877873659,"type":"tree_beech_dead_a"}
{"pos":[240.614777,121.398277,254.339386],"rotationMatrix":[0.679483533,-0.73369056,0,0.73369056,0.679483533,0,0,0,0.999999881],"scale":0.521234035,"type":"tree_beech_dead_a"}
{"pos":[265.202484,123.055374,254.585205],"rotationMatrix":[-0.999472141,-0.0324851647,0,0.0324851647,-0.999472141,0,0,0,0.999999881],"scale":0.99819994,"type":"tree_beech_dead_a"}
{"pos":[240.078659,119.868469,254.347549],"rotationMatrix":[-0.960150659,0.279482335,0,-0.279482335,-0.960150659,0,0,0,0.999999881],"scale":0.668857336,"type":"tree_beech_dead_a"}
{"pos":[265.357666,118.276016,254.768677],"rotationMatrix":[0.76863116,0.639692187,0,-0.639692187,0.76863116,0,0,0,0.999999881],"scale":1.07904923,"type":"tree_beech_dead_a"}
{"pos":[255.027756,131.318497,254.161194],"rotationMatrix":[0.851381958,-0.524545968,0,0.524545968,0.851381958,0,0,0,0.999999881],"scale":0.630962729,"type":"tree_beech_dead_a"}
{"pos":[240.970016,124.769585,254.292587],"rotationMatrix":[-0.481746137,0.876310647,0,-0.876310647,-0.481746137,0,0,0,0.999999881],"scale":1.14105511,"type":"tree_beech_dead_a"}
{"pos":[239.495605,98.0529404,254.370758],"rotationMatrix":[0.00148695242,0.999998808,0,-0.999998808,0.00148695242,0,0,0,0.999999881],"scale":0.552350461,"type":"tree_beech_dead_a"}
{"pos":[236.049835,100.049919,254.348755],"rotationMatrix":[-0.0732305422,-0.99731499,0,0.99731499,-0.0732305422,0,0,0,0.999999881],"scale":0.989713669,"type":"tree_beech_dead_a"}
{"pos":[220.99263,104.635048,254.318237],"rotationMatrix":[-0.129701674,0.991552949,0,-0.991552949,-0.129701674,0,0,0,0.999999881],"scale":0.606597543,"type":"tree_beech_dead_a"}
{"pos":[218.504486,94.2410736,254.302979],"rotationMatrix":[-0.00757171214,-0.999971271,0,0.999971271,-0.00757171214,0,0,0,0.999999881],"scale":1.17089272,"type":"tree_beech_dead_a"}
{"pos":[234.118607,89.8764725,254.365814],"rotationMatrix":[-0.431526244,-0.902100325,0,0.902100325,-0.431526244,0,0,0,0.999999881],"scale":0.540545404,"type":"tree_beech_dead_a"}
{"pos":[211.153107,91.7542419,254.272461],"rotationMatrix":[-0.946074605,0.323948503,0,-0.323948503,-0.946074605,0,0,0,0.999999881],"scale":0.80208385,"type":"tree_beech_dead_a"}
{"pos":[228.826233,99.9086914,254.332245],"rotationMatrix":[-0.529631674,0.848227561,0,-0.848227561,-0.529631674,0,0,0,0.999999881],"scale":0.5793944,"type":"tree_beech_dead_a"}
{"pos":[225.586914,100.724426,254.318237],"rotationMatrix":[-0.592914522,-0.805265427,0,0.805265427,-0.592914522,0,0,0,0.999999881],"scale":1.10821795,"type":"tree_beech_dead_a"}
{"pos":[229.747971,108.545128,254.318237],"rotationMatrix":[0.397455812,0.917621315,0,-0.917621315,0.397455812,0,0,0,0.999999881],"scale":0.762693644,"type":"tree_beech_dead_a"}
{"pos":[223.637283,93.2993622,254.318237],"rotationMatrix":[-0.817638338,0.575731814,0,-0.575731814,-0.817638338,0,0,0,0.999999881],"scale":1.04002452,"type":"tree_beech_dead_a"}
{"pos":[226.709396,90.2530594,254.329056],"rotationMatrix":[-0.257980466,-0.966150105,0,0.966150105,-0.257980466,0,0,0,0.999999881],"scale":0.850604951,"type":"tree_beech_dead_a"}
{"pos":[216.107025,87.1763458,254.272461],"rotationMatrix":[0.947325766,-0.320271164,0,0.320271164,0.947325766,0,0,0,0.999999881],"scale":0.517809808,"type":"tree_beech_dead_a"}
{"pos":[223.171478,103.50679,254.318237],"rotationMatrix":[0.0588322021,0.998267829,0,-0.998267829,0.0588322021,0,0,0,0.999999881],"scale":1.11368001,"type":"tree_beech_dead_a"}
{"pos":[197.551102,62.3766441,254.334595],"rotationMatrix":[0.676579714,0.736369371,0,-0.736369371,0.676579714,0,0,0,0.999999881],"scale":0.88039434,"type":"tree_beech_dead_a"}
{"pos":[186.04892,68.3540649,254.272461],"rotationMatrix":[0.869579613,0.493792683,0,-0.493792683,0.869579613,0,0,0,0.999999881],"scale":0.903650999,"type":"tree_beech_dead_a"}
{"pos":[181.539917,62.4499931,254.272461],"rotationMatrix":[0.968986928,0.247111768,0,-0.247111768,0.968986928,0,0,0,0.999999881],"scale":0.777927399,"type":"tree_beech_dead_a"}
{"pos":[189.876923,55.6253052,254.072113],"rotationMatrix":[-0.812824011,-0.582509339,0,0.582509339,-0.812824011,0,0,0,0.999999881],"scale":1.07898557,"type":"tree_beech_dead_a"}
{"pos":[186.357727,71.3723373,254.272461],"rotationMatrix":[-0.888774455,-0.458344877,0,0.458344877,-0.888774455,0,0,0,0.999999881],"scale":0.66619879,"type":"tree_beech_dead_a"}
{"pos":[196.185242,77.5075455,254.272461],"rotationMatrix":[-0.222671255,-0.97489351,0,0.97489351,-0.222671255,0,0,0,0.999999881],"scale":1.06298113,"type":"tree_beech_dead_a"}
{"pos":[191.186676,72.6054153,254.272461],"rotationMatrix":[-0.276181519,-0.961105466,0,0.961105466,-0.276181519,0,0,0,0.999999881],"scale":0.744504452,"type":"tree_beech_dead_a"}
{"pos":[169.060181,57.4843788,254.295593],"rotationMatrix":[-0.152025998,-0.988376379,0,0.988376379,-0.152025998,0,0,0,0.999999881],"scale":0.545605958,"type":"tree_beech_dead_a"}
{"pos":[172.485245,58.5502167,254.279297],"rotationMatrix":[-0.900222778,0.435429275,0,-0.435429275,-0.900222778,0,0,0,0.999999881],"scale":1.09800434,"type":"tree_beech_dead_a"}
{"pos":[187.851929,68.3888321,254.272461],"rotationMatrix":[-0.0751870573,0.997169316,0,-0.997169316,-0.0751870573,0,0,0,0.999999881],"scale":0.723284245,"type":"tree_beech_dead_a"}
{"pos":[142.756683,85.6036911,254.379272],"rotationMatrix":[0.930193484,-0.367069364,0,0.367069364,0.930193484,0,0,0,0.999999881],"scale":1.18494558,"type":"tree_beech_dead_a"}
{"pos":[167.98851,70.9085083,254.272461],"rotationMatrix":[-0.0122397142,-0.999924958,0,0.999924958,-0.0122397142,0,0,0,0.999999881],"scale":0.871139586,"type":"tree_beech_dead_a"}
{"pos":[165.14621,75.4239731,254.272461],"rotationMatrix":[0.969083846,0.24673149,0,-0.24673149,0.969083846,0,0,0,0.999999881],"scale":0.742234409,"type":"tree_beech_dead_a"}
{"pos":[173.947418,70.2097473,254.272461],"rotationMatrix":[0.470031232,0.882649839,0,-0.882649839,0.470031232,0,0,0,0.999999881],"scale":0.929222286,"type":"tree_beech_dead_a"}
{"pos":[155.082977,85.655777,254.379272],"rotationMatrix":[-0.671654642,0.740864277,0,-0.740864277,-0.671654642,0,0,0,0.999999881],"scale":0.795416057,"type":"tree_beech_dead_a"}
{"pos":[155.428619,83.8283386,254.379272],"rotationMatrix":[0.794644833,-0.60707438,0,0.60707438,0.794644833,0,0,0,0.999999881],"scale":0.935665607,"type":"tree_beech_dead_a"}
{"pos":[170.447937,66.455574,254.272461],"rotationMatrix":[0.446764112,-0.894651711,0,0.894651711,0.446764112,0,0,0,0.999999881],"scale":0.761602044,"type":"tree_beech_dead_a"}
{"pos":[159.22731,85.4380417,254.379272],"rotationMatrix":[0.797033727,-0.603934526,0,0.603934526,0.797033727,0,0,0,0.999999881],"scale":1.01881313,"type":"tree_beech_dead_a"}
{"pos":[143.007431,87.9856262,254.379272],"rotationMatrix":[0.972652435,-0.232265174,0,0.232265174,0.972652435,0,0,0,0.999999881],"scale":1.09322619,"type":"tree_beech_dead_a"}
{"pos":[157.128006,97.3974152,254.379272],"rotationMatrix":[-0.451407939,0.892317533,0,-0.892317533,-0.451407939,0,0,0,0.999999881],"scale":0.697864234,"type":"tree_beech_dead_a"}
{"pos":[143.259735,77.4832077,254.379272],"rotationMatrix":[-0.750679731,-0.660666108,0,0.660666108,-0.750679731,0,0,0,0.999999881],"scale":0.544503033,"type":"tree_beech_dead_a"}
{"pos":[146.736618,91.3980331,254.379272],"rotationMatrix":[0.974683881,0.22358714,0,-0.22358714,0.974683881,0,0,0,0.999999881],"scale":1.13015544,"type":"tree_beech_dead_a"}
{"pos":[159.053894,95.980835,254.379272],"rotationMatrix":[0.760542333,-0.649288237,0,0.649288237,0.760542333,0,0,0,0.999999881],"scale":0.596873879,"type":"tree_beech_dead_a"}
{"pos":[156.029236,77.3423233,254.379272],"rotationMatrix":[0.860501349,-0.509447873,0,0.509447873,0.860501349,0,0,0,0.999999881],"scale":1.14771402,"type":"tree_beech_dead_a"}
{"pos":[181.779938,160.136261,254.379272],"rotationMatrix":[0.97276181,-0.231806651,0,0.231806651,0.97276181,0,0,0,0.999999881],"scale":0.757948101,"type":"tree_beech_dead_a"}
{"pos":[184.534042,155.466797,254.379272],"rotationMatrix":[-0.771462262,-0.636274874,0,0.636274874,-0.771462262,0,0,0,0.999999881],"scale":0.887776017,"type":"tree_beech_dead_a"}
{"pos":[190.806442,158.60878,254.379272],"rotationMatrix":[0.440008849,0.897993505,0,-0.897993505,0.440008849,0,0,0,0.999999881],"scale":0.583524644,"type":"tree_beech_dead_a"}
{"pos":[186.816727,144.499619,254.379272],"rotationMatrix":[-0.999024749,-0.0441521183,0,0.0441521183,-0.999024749,0,0,0,0.999999881],"scale":0.685301483,"type":"tree_beech_dead_a"}
{"pos":[186.499893,162.460205,254.379272],"rotationMatrix":[-0.493260205,0.86988169,0,-0.86988169,-0.493260205,0,0,0,0.999999881],"scale":0.840703964,"type":"tree_beech_dead_a"}
{"pos":[188.260742,156.062607,254.379272],"rotationMatrix":[-0.871257484,-0.490826249,0,0.490826249,-0.871257484,0,0,0,0.999999881],"scale":0.564893723,"type":"tree_beech_dead_a"}
{"pos":[179.472366,142.970444,254.379272],"rotationMatrix":[0.175777242,-0.984429896,0,0.984429896,0.175777242,0,0,0,0.999999881],"scale":0.681534529,"type":"tree_beech_dead_a"}
{"pos":[177.587891,138.649338,254.379272],"rotationMatrix":[-0.8029356,-0.59606576,0,0.59606576,-0.8029356,0,0,0,0.999999881],"scale":0.629370332,"type":"tree_beech_dead_a"}
{"pos":[230.117294,164.000351,253.961914],"rotationMatrix":[0.24951309,0.968371391,0,-0.968371391,0.24951309,0,0,0,0.999999881],"scale":1.05803299,"type":"tree_beech_dead_a"}
