{"pos":[-807.346985,-399.798004,26.6093006],"rotationMatrix":[0.061257422,-0.99539268,0.0738916993,0.635387421,0.0959779024,0.766217589,-0.769772291,5.60283661e-06,0.63832432],"scale":1.72889996,"type":"tree_douglasfir_dead"}
{"pos":[-27.2133999,698.02301,29.3334999],"rotationMatrix":[-0.911403418,0.411765128,0,-0.411765128,-0.911403418,0,0,0,1],"scale":1.16279995,"type":"tree_douglasfir_dead"}
{"pos":[-8.58670044,677.463013,33.2256012],"rotationMatrix":[0.788229704,0.61539644,0,-0.61539644,0.788229704,0,0,0,1],"scale":0.580299973,"type":"tree_douglasfir_dead"}
{"pos":[-6.4533,663.432983,35.3975983],"rotationMatrix":[0.801675975,0.597743213,0,-0.597743213,0.801675975,0,0,0,1],"scale":0.742799997,"type":"tree_douglasfir_dead"}
{"pos":[-14.8204002,669.434998,34.5747986],"rotationMatrix":[0.941586375,-0.336775541,0,0.336775541,0.941586375,0,0,0,1],"scale":0.958800018,"type":"tree_douglasfir_dead"}
{"pos":[-7.12599993,654.012024,36.3465004],"rotationMatrix":[-0.842816114,0.538311958,0,-0.538311958,-0.842816114,0,0,0,1],"scale":1.15980005,"type":"tree_douglasfir_dead"}
{"pos":[-0.765299976,662.146973,35.3153],"rotationMatrix":[-0.894236565,0.447282732,0,-0.447282732,-0.894236565,0,0,0,1],"scale":0.737699986,"type":"tree_douglasfir_dead"}
{"pos":[-13.2833996,662.869019,35.5564995],"rotationMatrix":[0.996336341,-0.0855229646,0,0.0855229646,0.996336341,0,0,0,1],"scale":0.51730001,"type":"tree_douglasfir_dead"}
{"pos":[-32.8345985,675.354004,33.1464996],"rotationMatrix":[0.7877087,-0.616022646,0,0.616022646,0.7877087,0,0,0,1],"scale":0.597599983,"type":"tree_douglasfir_dead"}
{"pos":[-28.3271008,680.164001,32.2766991],"rotationMatrix":[0.970085442,0.242765501,0,-0.242765501,0.970085442,0,0,0,1],"scale":0.618099988,"type":"tree_douglasfir_dead"}
{"pos":[-274.425995,520.958984,35.5130005],"rotationMatrix":[-0.582175732,0.812899172,0.000103622675,-0.785456359,-0.562551975,0.2575472,0.209435821,0.149890631,0.966262758],"scale":2.08839989,"type":"tree_douglasfir_dead"}
{"pos":[-354.463989,283.47699,35.0088997],"rotationMatrix":[-0.645240903,0.750642776,-0.142050594,-0.763802767,-0.63001895,0.140215799,0.0157565922,0.19897379,0.979878008],"scale":1.97640002,"type":"tree_douglasfir_dead"}
{"pos":[-389.778015,417.11499,26.5065002],"rotationMatrix":[-0.800442934,0.59945184,0,-0.59945184,-0.800442934,0,0,0,1],"scale":0.780900002,"type":"tree_douglasfir_dead"}
{"pos":[-305.946991,234.354996,29.4818001],"rotationMatrix":[0.788750052,0.614704967,0,-0.614704967,0.788750052,0,0,0,1],"scale":0.678799987,"type":"tree_douglasfir_dead"}
{"pos":[-376.891724,184.176193,59.6987991],"rotationMatrix":[-0.929510474,-0.365335107,0.0471557975,0.368339121,-0.920253634,0.13093546,-0.004436519,0.139097393,0.990267932],"scale":1.11930001,"type":"tree_douglasfir_dead"}
{"pos":[-392.127014,204.317001,59.9522018],"rotationMatrix":[0.941591263,0.316926479,0.113833196,-0.336701989,0.880348384,0.334076613,0.00567048043,-0.352892369,0.935643494],"scale":1.46379995,"type":"tree_douglasfir_dead"}
{"pos":[-706.445984,707.807007,51.2344017],"rotationMatrix":[0.566221476,0.73567003,-0.371725112,-0.343537629,0.620580316,0.704882383,0.749247551,-0.271416336,0.604117811],"scale":0.949199975,"type":"tree_douglasfir_dead"}
{"pos":[-750.132996,677.823975,42.8106995],"rotationMatrix":[-0.931887507,-0.124022283,0.340709299,0.36258015,-0.318759322,0.875697017,9.03010368e-06,0.939642549,0.342097282],"scale":1.23249996,"type":"tree_douglasfir_dead"}
{"pos":[-852.677002,529.783997,30.5098],"rotationMatrix":[-0.0239477158,-0.999361217,-0.023776263,0.710752785,-0.033726573,0.702533603,-0.702935815,-2.75671482e-05,0.711225927],"scale":1.34010005,"type":"tree_douglasfir_dead"}
{"pos":[509.667999,626.30603,47.5633011],"rotationMatrix":[-0.336612463,-0.941596508,0,0.941596508,-0.336612463,0,0,0,1],"scale":0.550199986,"type":"tree_douglasfir_dead"}
{"pos":[544.116028,626.390015,47.4570007],"rotationMatrix":[-0.969318509,-0.245693475,0,0.245693475,-0.969318509,0,0,0,1],"scale":0.683499992,"type":"tree_douglasfir_dead"}
{"pos":[546.01001,625.765991,47.580101],"rotationMatrix":[0.197608829,0.980249882,0,-0.980249882,0.197608829,0,0,0,1],"scale":0.629400015,"type":"tree_douglasfir_dead"}
{"pos":[532.526978,607.484009,47.8911018],"rotationMatrix":[0.815775514,-0.57834959,0,0.57834959,0.815775514,0,0,0,1],"scale":0.733500004,"type":"tree_douglasfir_dead"}
{"pos":[532.885986,609.895996,47.7877998],"rotationMatrix":[0.558575928,-0.82947886,0,0.82947886,0.558575928,0,0,0,1],"scale":0.987900019,"type":"tree_douglasfir_dead"}
{"pos":[547.195984,603.56897,48.0956001],"rotationMatrix":[-0.999599934,-0.0261973795,0,0.0261973795,-0.999599934,0,0,0,1],"scale":0.931500018,"type":"tree_douglasfir_dead"}
{"pos":[545.065002,608.703979,47.8989983],"rotationMatrix":[0.484075189,-0.875010133,0,0.875010133,0.484075189,0,0,0,1],"scale":0.640299976,"type":"tree_douglasfir_dead"}
{"pos":[545.317017,603.130981,48.0682983],"rotationMatrix":[0.766755462,0.64195174,0,-0.64195174,0.766755462,0,0,0,1],"scale":0.883300006,"type":"tree_douglasfir_dead"}
{"pos":[541.679016,603.171021,48.0671997],"rotationMatrix":[0.131965101,0.991230547,0,-0.991230547,0.131965101,0,0,0,1],"scale":1.11810005,"type":"tree_douglasfir_dead"}
{"pos":[550.973022,616.366028,47.9678993],"rotationMatrix":[-0.862449884,0.506045997,0,-0.506045997,-0.862449884,0,0,0,1],"scale":1.14900005,"type":"tree_douglasfir_dead"}
{"pos":[549.171997,621.177002,47.823101],"rotationMatrix":[-0.646749616,0.762578964,0,-0.762578964,-0.646749616,0,0,0,1],"scale":1.14040005,"type":"tree_douglasfir_dead"}
{"pos":[548.674988,617.411011,47.8288002],"rotationMatrix":[0.10380733,0.994594514,0,-0.994594514,0.10380733,0,0,0,1],"scale":1.19480002,"type":"tree_douglasfir_dead"}
{"pos":[536.205994,596.20697,48.5182991],"rotationMatrix":[-0.982836962,0.183607087,0,-0.183607087,-0.982836962,0,0,0,1],"scale":0.7852,"type":"tree_douglasfir_dead"}
{"pos":[547.658997,624.445984,47.6455994],"rotationMatrix":[-0.417591214,-0.908746779,0,0.908746779,-0.417591214,0,0,0,1],"scale":0.801599979,"type":"tree_douglasfir_dead"}
{"pos":[550.315002,623.752014,47.8400002],"rotationMatrix":[-0.962180376,0.272585601,0,-0.272585601,-0.962180376,0,0,0,1],"scale":0.975300014,"type":"tree_douglasfir_dead"}
{"pos":[541.088013,621.786987,47.4336014],"rotationMatrix":[0.511137247,-0.859464943,0,0.859464943,0.511137247,0,0,0,1],"scale":1.15639997,"type":"tree_douglasfir_dead"}
{"pos":[541.741028,587.075989,48.9640007],"rotationMatrix":[-0.398126364,0.917368948,0,-0.917368948,-0.398126364,0,0,0,1],"scale":0.632600009,"type":"tree_douglasfir_dead"}
{"pos":[545.750977,586.370972,48.976799],"rotationMatrix":[0.106750309,-0.99429673,0,0.99429673,0.106750309,0,0,0,1],"scale":1.11000001,"type":"tree_douglasfir_dead"}
{"pos":[542.421021,584.611023,49.0867996],"rotationMatrix":[-0.999599934,0.0265973397,0,-0.0265973397,-0.999599934,0,0,0,1],"scale":0.914300025,"type":"tree_douglasfir_dead"}
{"pos":[547.421997,580.776978,49.2639999],"rotationMatrix":[0.948991835,0.3153117,0,-0.3153117,0.948991835,0,0,0,1],"scale":0.676500022,"type":"tree_douglasfir_dead"}
{"pos":[548.679016,584.221008,49.0867996],"rotationMatrix":[-0.157328963,-0.987540722,0,0.987540722,-0.157328963,0,0,0,1],"scale":0.764699996,"type":"tree_douglasfir_dead"}
{"pos":[546.109009,578.997986,49.3750992],"rotationMatrix":[0.933168292,0.35945791,0,-0.35945791,0.933168292,0,0,0,1],"scale":0.924499989,"type":"tree_douglasfir_dead"}
{"pos":[543.870972,578.913025,49.3805008],"rotationMatrix":[0.535351992,0.844656825,0,-0.844656825,0.535351992,0,0,0,1],"scale":0.775900006,"type":"tree_douglasfir_dead"}
{"pos":[548.539978,578.513,49.3732986],"rotationMatrix":[-0.630456805,0.776313365,0,-0.776313365,-0.630456805,0,0,0,1],"scale":1.18229997,"type":"tree_douglasfir_dead"}
{"pos":[536.70697,587.080017,49.0042],"rotationMatrix":[0.997874498,0.0651673973,0,-0.0651673973,0.997874498,0,0,0,1],"scale":0.771600008,"type":"tree_douglasfir_dead"}
{"pos":[507.311005,622.297974,47.5937996],"rotationMatrix":[-0.225551724,-0.974272966,0,0.974272966,-0.225551724,0,0,0,1],"scale":1.09159994,"type":"tree_douglasfir_dead"}
{"pos":[511.557007,619.585022,47.6380005],"rotationMatrix":[-0.997200966,0.0751473606,0,-0.0751473606,-0.997200966,0,0,0,1],"scale":0.516200006,"type":"tree_douglasfir_dead"}
{"pos":[513.664978,623.434021,47.5625],"rotationMatrix":[-0.00706422329,-0.999968231,0,0.999968231,-0.00706422329,0,0,0,1],"scale":0.519200027,"type":"tree_douglasfir_dead"}
{"pos":[526.947998,616.963989,47.5948982],"rotationMatrix":[0.750782013,-0.660533547,0,0.660533547,0.750782013,0,0,0,1],"scale":0.911899984,"type":"tree_douglasfir_dead"}
{"pos":[522.39801,617.335999,47.625],"rotationMatrix":[-0.589901209,0.807433009,0,-0.807433009,-0.589901209,0,0,0,1],"scale":0.904100001,"type":"tree_douglasfir_dead"}
{"pos":[527.559021,620.59198,47.5625],"rotationMatrix":[0.87005198,-0.492976606,0,0.492976606,0.87005198,0,0,0,1],"scale":0.548099995,"type":"tree_douglasfir_dead"}
{"pos":[524.359985,620.429993,47.5937996],"rotationMatrix":[-0.302175283,-0.953271627,0,0.953271627,-0.302175283,0,0,0,1],"scale":0.746900022,"type":"tree_douglasfir_dead"}
{"pos":[524.857971,618.81897,47.5948982],"rotationMatrix":[0.234915495,0.972034574,0,-0.972034574,0.234915495,0,0,0,1],"scale":0.610199988,"type":"tree_douglasfir_dead"}
{"pos":[529.138977,618.749023,47.5625],"rotationMatrix":[-0.803860188,-0.594892085,0,0.594892085,-0.803860188,0,0,0,1],"scale":0.79369998,"type":"tree_douglasfir_dead"}
{"pos":[530.965027,609.973022,47.7829018],"rotationMatrix":[-0.985625863,0.168790162,0,-0.168790162,-0.985625863,0,0,0,1],"scale":1.06120002,"type":"tree_douglasfir_dead"}
{"pos":[505.916992,595.695007,48.875],"rotationMatrix":[-0.885682106,-0.464526385,0,0.464526385,-0.885682106,0,0,0,1],"scale":0.806699991,"type":"tree_douglasfir_dead"}
{"pos":[509.901001,597.107971,48.7120018],"rotationMatrix":[-0.991209626,-0.131909162,0,0.131909162,-0.991209626,0,0,0,1],"scale":0.755800009,"type":"tree_douglasfir_dead"}
{"pos":[503.217987,616.46698,47.7666016],"rotationMatrix":[0.924261689,0.381766289,0,-0.381766289,0.924261689,0,0,0,1],"scale":0.720300019,"type":"tree_douglasfir_dead"}
{"pos":[507.298004,616.752991,47.8204002],"rotationMatrix":[0.603237689,0.797533214,0,-0.797533214,0.603237689,0,0,0,1],"scale":0.986199975,"type":"tree_douglasfir_dead"}
{"pos":[510.553986,586.161011,49.4586983],"rotationMatrix":[-0.412208319,-0.9110533,0,0.9110533,-0.412208319,0,0,0,1],"scale":1.12259996,"type":"tree_douglasfir_dead"}
{"pos":[511.630005,584.81897,49.6987991],"rotationMatrix":[-0.270417929,0.962775946,0,-0.962775946,-0.270417929,0,0,0,1],"scale":0.62349999,"type":"tree_douglasfir_dead"}
{"pos":[515.229004,587.487976,49.3133011],"rotationMatrix":[-0.730916142,-0.682282031,0,0.682282031,-0.730916142,0,0,0,1],"scale":0.649800003,"type":"tree_douglasfir_dead"}
{"pos":[515.945007,585.005981,49.5619011],"rotationMatrix":[-0.997600794,0.0689586028,0,-0.0689586028,-0.997600794,0,0,0,1],"scale":0.789499998,"type":"tree_douglasfir_dead"}
{"pos":[514.125,588.661987,49.2398987],"rotationMatrix":[0.712414742,0.701747537,0,-0.701747537,0.712414742,0,0,0,1],"scale":0.573499978,"type":"tree_douglasfir_dead"}
{"pos":[513.979004,585.39801,49.5709],"rotationMatrix":[0.973227024,0.229849622,0,-0.229849622,0.973227024,0,0,0,1],"scale":0.986599982,"type":"tree_douglasfir_dead"}
{"pos":[500.554993,586.945984,49.6110001],"rotationMatrix":[0.331369579,0.943506777,0,-0.943506777,0.331369579,0,0,0,1],"scale":1.17550004,"type":"tree_douglasfir_dead"}
{"pos":[501.710999,583.947021,49.7624016],"rotationMatrix":[0.361097991,0.932579935,0,-0.932579935,0.361097991,0,0,0,1],"scale":0.553300023,"type":"tree_douglasfir_dead"}
{"pos":[508.177002,572.409973,50.3750992],"rotationMatrix":[-0.888401866,0.458836764,0,-0.458836764,-0.888401866,0,0,0,1],"scale":0.924700022,"type":"tree_douglasfir_dead"}
{"pos":[502.221008,573.051025,50.4898987],"rotationMatrix":[0.576799989,0.816868007,0,-0.816868007,0.576799989,0,0,0,1],"scale":0.981700003,"type":"tree_douglasfir_dead"}
{"pos":[501.834991,576.216003,50.3479996],"rotationMatrix":[-0.945969939,-0.324328303,0,0.324328303,-0.945969939,0,0,0,1],"scale":0.741299987,"type":"tree_douglasfir_dead"}
{"pos":[505.80899,576.913025,50.1643982],"rotationMatrix":[-0.723481894,-0.690283895,0,0.690283895,-0.723481894,0,0,0,1],"scale":0.525399983,"type":"tree_douglasfir_dead"}
{"pos":[504.063995,572.929993,50.4418983],"rotationMatrix":[0.976973414,0.213355318,0,-0.213355318,0.976973414,0,0,0,1],"scale":0.82980001,"type":"tree_douglasfir_dead"}
{"pos":[519.083008,592.937012,48.9121017],"rotationMatrix":[0.65488565,0.755695701,0,-0.755695701,0.65488565,0,0,0,1],"scale":0.670599997,"type":"tree_douglasfir_dead"}
{"pos":[520.401001,589.232971,49.1218987],"rotationMatrix":[-0.512408257,0.858816981,0,-0.858816981,-0.512408257,0,0,0,1],"scale":0.504299998,"type":"tree_douglasfir_dead"}
{"pos":[520.942017,585.106995,49.7058983],"rotationMatrix":[0.975224614,0.221219867,0,-0.221219867,0.975224614,0,0,0,1],"scale":0.860700011,"type":"tree_douglasfir_dead"}
{"pos":[515.866028,574.257996,50.0817986],"rotationMatrix":[0.727235019,-0.686380982,0,0.686380982,0.727235019,0,0,0,1],"scale":0.947700024,"type":"tree_douglasfir_dead"}
{"pos":[517.179016,575.468018,49.9798012],"rotationMatrix":[0.999519527,-0.0309968982,0,0.0309968982,0.999519527,0,0,0,1],"scale":0.542900026,"type":"tree_douglasfir_dead"}
{"pos":[515.48999,578.476013,49.8611984],"rotationMatrix":[0.836751044,0.547572613,0,-0.547572613,0.836751044,0,0,0,1],"scale":0.908500016,"type":"tree_douglasfir_dead"}
{"pos":[513.16803,574.757996,50.1273003],"rotationMatrix":[-0.037664175,-0.999344289,0,0.999344289,-0.037664175,0,0,0,1],"scale":0.760900021,"type":"tree_douglasfir_dead"}
{"pos":[511.529999,572.528015,50.2793999],"rotationMatrix":[0.222994208,-0.974841237,0,0.974841237,0.222994208,0,0,0,1],"scale":0.864400029,"type":"tree_douglasfir_dead"}
{"pos":[509.01001,579.090027,50.0256996],"rotationMatrix":[0.614206672,0.789154589,0,-0.789154589,0.614206672,0,0,0,1],"scale":0.540600002,"type":"tree_douglasfir_dead"}
{"pos":[537.138367,324.623871,53.9375],"rotationMatrix":[0.986909688,0.161256701,0.00245808018,-0.161275417,0.98678869,0.0154514397,6.59999205e-05,-0.015645599,0.999877572],"scale":1.30659997,"type":"tree_douglasfir_dead"}
{"pos":[382.760986,767.882996,48.5200005],"rotationMatrix":[-0.137032032,-0.990605175,0,0.990605175,-0.137032032,0,0,0,1],"scale":1.14919996,"type":"tree_douglasfir_dead"}
{"pos":[379.875,765.728027,48.4693985],"rotationMatrix":[0.685416877,-0.72815758,0,0.72815758,0.685416877,0,0,0,1],"scale":1.13300002,"type":"tree_douglasfir_dead"}
{"pos":[364.591003,760.836975,47.2480011],"rotationMatrix":[0.983145535,-0.182828873,0,0.182828873,0.983145535,0,0,0,1],"scale":0.979300022,"type":"tree_douglasfir_dead"}
{"pos":[361.372009,764.987,46.8674011],"rotationMatrix":[-0.983235359,-0.182032242,0,0.182032242,-0.983235359,0,0,0,1],"scale":0.552900016,"type":"tree_douglasfir_dead"}
{"pos":[355.834015,753.804993,46.4905014],"rotationMatrix":[0.192279458,-0.981339097,0,0.981339097,0.192279458,0,0,0,1],"scale":0.573300004,"type":"tree_douglasfir_dead"}
{"pos":[363.309998,782.393005,47.6833992],"rotationMatrix":[0.850723505,0.525636792,0,-0.525636792,0.850723505,0,0,0,1],"scale":1.00250006,"type":"tree_douglasfir_dead"}
{"pos":[368.97699,767.718018,47.475399],"rotationMatrix":[0.728415489,-0.685115218,0,0.685115218,0.728415489,0,0,0,1],"scale":1.06579995,"type":"tree_douglasfir_dead"}
{"pos":[364.095001,784.903015,47.9595985],"rotationMatrix":[-0.369512439,-0.929116964,0,0.929116964,-0.369512439,0,0,0,1],"scale":1.04530001,"type":"tree_douglasfir_dead"}
{"pos":[325.162994,772.978027,47.3619995],"rotationMatrix":[0.866355479,0.499422044,0,-0.499422044,0.866355479,0,0,0,1],"scale":0.780499995,"type":"tree_douglasfir_dead"}
{"pos":[326.871002,751.161011,45.1027985],"rotationMatrix":[0.983619511,0.180257887,0,-0.180257887,0.983619511,0,0,0,1],"scale":0.868200004,"type":"tree_douglasfir_dead"}
{"pos":[341.132996,756.171021,45.486599],"rotationMatrix":[0.823938251,-0.566697001,0,0.566697001,0.823938251,0,0,0,1],"scale":0.51880002,"type":"tree_douglasfir_dead"}
{"pos":[344.713989,751.810974,45.800499],"rotationMatrix":[0.991782367,0.127930775,0,-0.127930775,0.991782367,0,0,0,1],"scale":0.763100028,"type":"tree_douglasfir_dead"}
{"pos":[321.022003,768.028992,47.2524986],"rotationMatrix":[-0.976867199,-0.214349523,0,0.214349523,-0.976867199,0,0,0,1],"scale":0.730099976,"type":"tree_douglasfir_dead"}
{"pos":[323.135986,764,46.4560013],"rotationMatrix":[-0.807280779,0.589942336,0,-0.589942336,-0.807280779,0,0,0,1],"scale":0.774900019,"type":"tree_douglasfir_dead"}
{"pos":[310.894012,767.065979,48.1418991],"rotationMatrix":[0.918553531,0.395285845,0,-0.395285845,0.918553531,0,0,0,1],"scale":0.890500009,"type":"tree_douglasfir_dead"}
{"pos":[285.362,763.338013,49.0922012],"rotationMatrix":[0.514493406,-0.85749507,0,0.85749507,0.514493406,0,0,0,1],"scale":0.836300015,"type":"tree_douglasfir_dead"}
{"pos":[289.541992,757.703979,48.3056984],"rotationMatrix":[-0.99520278,-0.0978823975,0,0.0978823975,-0.99520278,0,0,0,1],"scale":0.592999995,"type":"tree_douglasfir_dead"}
{"pos":[292.93399,772.392029,49.6299019],"rotationMatrix":[-0.598829627,0.800934792,0,-0.800934792,-0.598829627,0,0,0,1],"scale":0.570800006,"type":"tree_douglasfir_dead"}
{"pos":[300.015991,759.598999,47.5551987],"rotationMatrix":[0.190753579,-0.98162955,0,0.98162955,0.190753579,0,0,0,1],"scale":0.81370002,"type":"tree_douglasfir_dead"}
{"pos":[310.884003,759.940002,46.9961014],"rotationMatrix":[-0.990411639,-0.137469277,0,0.137469277,-0.990411639,0,0,0,1],"scale":1.07570004,"type":"tree_douglasfir_dead"}
{"pos":[298.112,773.338013,49.4347992],"rotationMatrix":[-0.940055966,-0.341366321,0,0.341366321,-0.940055966,0,0,0,1],"scale":0.675300002,"type":"tree_douglasfir_dead"}
{"pos":[469.074005,663.046997,49.9784012],"rotationMatrix":[-0.922760487,-0.385532618,0,0.385532618,-0.922760487,0,0,0,1],"scale":0.931599975,"type":"tree_douglasfir_dead"}
{"pos":[470.966003,658.513977,49.5307007],"rotationMatrix":[-0.870564938,0.491867065,0,-0.491867065,-0.870564938,0,0,0,1],"scale":0.671999991,"type":"tree_douglasfir_dead"}
{"pos":[471.56601,662.528015,50.1013985],"rotationMatrix":[-1,-0.00139999995,0,0.00139999995,-1,0,0,0,1],"scale":1.17820001,"type":"tree_douglasfir_dead"}
{"pos":[469.664001,664.666992,50.2915001],"rotationMatrix":[-0.892290592,-0.451721877,0,0.451721877,-0.892290592,0,0,0,1],"scale":0.6875,"type":"tree_douglasfir_dead"}
{"pos":[474.723999,666.320007,50.713501],"rotationMatrix":[-0.880636096,-0.473989338,0,0.473989338,-0.880636096,0,0,0,1],"scale":0.847199976,"type":"tree_douglasfir_dead"}
{"pos":[473.536987,660.86499,50.0460014],"rotationMatrix":[0.220499039,-0.975406289,0,0.975406289,0.220499039,0,0,0,1],"scale":0.757799983,"type":"tree_douglasfir_dead"}
{"pos":[471.911987,666.614014,50.7641983],"rotationMatrix":[0.735008001,-0.678059161,0,0.678059161,0.735008001,0,0,0,1],"scale":1.06089997,"type":"tree_douglasfir_dead"}
{"pos":[478.386993,659.598999,50.1127014],"rotationMatrix":[0.948351026,-0.317221791,0,0.317221791,0.948351026,0,0,0,1],"scale":0.872300029,"type":"tree_douglasfir_dead"}
{"pos":[478.436005,663.122009,50.5797005],"rotationMatrix":[-0.324215412,0.946007669,0,-0.946007669,-0.324215412,0,0,0,1],"scale":1.08399999,"type":"tree_douglasfir_dead"}
{"pos":[477.789001,672.54303,51.2499008],"rotationMatrix":[0.259455502,-0.96568954,0,0.96568954,0.259455502,0,0,0,1],"scale":0.957899988,"type":"tree_douglasfir_dead"}
{"pos":[486.528015,667.63501,51.1811981],"rotationMatrix":[0.84252727,-0.538639784,0,0.538639784,0.84252727,0,0,0,1],"scale":0.952899992,"type":"tree_douglasfir_dead"}
{"pos":[487.644012,659.791016,50.4757996],"rotationMatrix":[-1,-0.00520000001,0,0.00520000001,-1,0,0,0,1],"scale":1.11940002,"type":"tree_douglasfir_dead"}
{"pos":[473.268005,655.890015,49.141201],"rotationMatrix":[-0.809943438,-0.586761892,0,0.586761892,-0.809943438,0,0,0,1],"scale":0.783200026,"type":"tree_douglasfir_dead"}
{"pos":[478.915985,650.229004,49.0493011],"rotationMatrix":[0.661335468,-0.750082254,0,0.750082254,0.661335468,0,0,0,1],"scale":0.745199978,"type":"tree_douglasfir_dead"}
{"pos":[480.046997,644.616028,48.6158981],"rotationMatrix":[-0.986423016,0.164439008,0,-0.164439008,-0.986423016,0,0,0,1],"scale":0.725199997,"type":"tree_douglasfir_dead"}
{"pos":[473.947998,649.447998,48.4919014],"rotationMatrix":[-0.0495107174,-0.998802722,0,0.998802722,-0.0495107174,0,0,0,1],"scale":0.837300003,"type":"tree_douglasfir_dead"}
{"pos":[474.134003,647.177002,48.3277016],"rotationMatrix":[0.947317421,0.320282817,0,-0.320282817,0.947317421,0,0,0,1],"scale":1.03129995,"type":"tree_douglasfir_dead"}
{"pos":[481.602997,652.015015,49.4826012],"rotationMatrix":[0.958527982,0.285004795,0,-0.285004795,0.958527982,0,0,0,1],"scale":0.725899994,"type":"tree_douglasfir_dead"}
{"pos":[472.342987,650.461975,48.4360008],"rotationMatrix":[0.79276073,-0.60954988,0,0.60954988,0.79276073,0,0,0,1],"scale":0.799399972,"type":"tree_douglasfir_dead"}
{"pos":[474.256012,641.827026,48.25],"rotationMatrix":[0.665765107,-0.746141732,0,0.746141732,0.665765107,0,0,0,1],"scale":0.680700004,"type":"tree_douglasfir_dead"}
{"pos":[485.098999,647.114014,49.0547981],"rotationMatrix":[-0.391445637,-0.920179069,0,0.920179069,-0.391445637,0,0,0,1],"scale":0.892400026,"type":"tree_douglasfir_dead"}
{"pos":[483.252014,642.710022,48.6680984],"rotationMatrix":[-0.964161992,0.264795184,0,-0.264795184,-0.964161992,0,0,0,1],"scale":0.550199986,"type":"tree_douglasfir_dead"}
{"pos":[484.118011,650.853027,49.6130981],"rotationMatrix":[0.383727908,0.923464358,0,-0.923464358,0.383727908,0,0,0,1],"scale":0.55339998,"type":"tree_douglasfir_dead"}
{"pos":[473.640991,644.440002,48.1763],"rotationMatrix":[0.957775831,-0.287519664,0,0.287519664,0.957775831,0,0,0,1],"scale":0.574800014,"type":"tree_douglasfir_dead"}
{"pos":[477.067993,648.80603,48.5878983],"rotationMatrix":[-0.636240482,-0.771357596,0,0.771357596,-0.636240482,0,0,0,1],"scale":0.934499979,"type":"tree_douglasfir_dead"}
{"pos":[484.571991,645.335022,48.8512993],"rotationMatrix":[-0.964954734,-0.262271523,0,0.262271523,-0.964954734,0,0,0,1],"scale":0.782000005,"type":"tree_douglasfir_dead"}
{"pos":[487.29599,653.895996,50.1809998],"rotationMatrix":[0.709373116,-0.704838753,0,0.704838753,0.709373116,0,0,0,1],"scale":1.12240005,"type":"tree_douglasfir_dead"}
{"pos":[484.911011,640.991028,48.5619011],"rotationMatrix":[-0.995602369,0.0916990191,0,-0.0916990191,-0.995602369,0,0,0,1],"scale":0.656000018,"type":"tree_douglasfir_dead"}
{"pos":[476.544006,626.268005,48.4457016],"rotationMatrix":[-0.666042566,0.745858431,0,-0.745858431,-0.666042566,0,0,0,1],"scale":0.783200026,"type":"tree_douglasfir_dead"}
{"pos":[455.839996,662.617004,50.2778015],"rotationMatrix":[0.922437727,0.384354144,0.0372932032,-0.386159152,0.918105721,0.0892961994,7.98013061e-05,-0.0967708007,0.995307028],"scale":1.15320003,"type":"tree_douglasfir_dead"}
{"pos":[447.800995,669.02002,50.4081001],"rotationMatrix":[0.972104788,0.234546602,0,-0.234546602,0.972104788,0,0,0,1],"scale":1.14810002,"type":"tree_douglasfir_dead"}
{"pos":[451.928986,669.883972,50.9877014],"rotationMatrix":[-0.977265,0.212780207,0,-0.212780207,-0.977265,0,0,0,1],"scale":0.964100003,"type":"tree_douglasfir_dead"}
{"pos":[453.761993,660.973999,49.4490013],"rotationMatrix":[-0.203731298,-0.979059577,0,0.979059577,-0.203731298,0,0,0,1],"scale":1.18789995,"type":"tree_douglasfir_dead"}
{"pos":[451.359009,672.200989,51.3312988],"rotationMatrix":[-0.973687053,-0.227289915,0,0.227289915,-0.973687053,0,0,0,1],"scale":1.1142,"type":"tree_douglasfir_dead"}
{"pos":[453.270996,665.88501,49.9723015],"rotationMatrix":[0.904645264,-0.426160604,3.17767262e-06,0.420303434,0.892210841,-0.165227622,0.0704121888,0.149473369,0.986255169],"scale":1.18229997,"type":"tree_douglasfir_dead"}
{"pos":[456.812988,659.112976,49.5270004],"rotationMatrix":[0.366287172,0.930473685,0,-0.930473685,0.366287172,0,0,0,1],"scale":0.902400017,"type":"tree_douglasfir_dead"}
{"pos":[462.061005,659.642029,49.5065994],"rotationMatrix":[-0.0443015099,-0.99906671,0,0.99906671,-0.0443015099,0,0,0,1],"scale":1.19280005,"type":"tree_douglasfir_dead"}
{"pos":[465.05899,665.770996,50.4732018],"rotationMatrix":[-0.91101253,0.412700504,0,-0.412700504,-0.91101253,0,0,0,1],"scale":0.841000021,"type":"tree_douglasfir_dead"}
{"pos":[461.59201,667.330994,50.5667992],"rotationMatrix":[0.449379861,-0.893354177,0,0.893354177,0.449379861,0,0,0,1],"scale":0.740499973,"type":"tree_douglasfir_dead"}
{"pos":[468.237,668.903992,50.7350006],"rotationMatrix":[0.79430306,-0.607534051,0,0.607534051,0.79430306,0,0,0,1],"scale":1.02419996,"type":"tree_douglasfir_dead"}
{"pos":[458.171997,667.763977,50.8013992],"rotationMatrix":[0.537855029,0.843051672,0,-0.843051672,0.537855029,0,0,0,1],"scale":0.632700026,"type":"tree_douglasfir_dead"}
{"pos":[466.076996,668.403992,50.6399994],"rotationMatrix":[0.432248294,-0.901817322,0,0.901817322,0.432248294,0,0,0,1],"scale":0.551500022,"type":"tree_douglasfir_dead"}
{"pos":[466.967987,661.487,49.6879997],"rotationMatrix":[-0.925899386,0.377800494,0,-0.377800494,-0.925899386,0,0,0,1],"scale":0.908500016,"type":"tree_douglasfir_dead"}
{"pos":[464.095001,670.981018,50.8726006],"rotationMatrix":[-0.976072073,-0.218083605,0,0.218083605,-0.976072073,0,0,0,1],"scale":1.03480005,"type":"tree_douglasfir_dead"}
{"pos":[461.769012,664.54303,50.2865982],"rotationMatrix":[0.956428468,0.291952789,0,-0.291952789,0.956428468,0,0,0,1],"scale":0.917500019,"type":"tree_douglasfir_dead"}
{"pos":[468.514526,633.353455,47.9068604],"rotationMatrix":[-0.951497614,0.307798445,0,-0.307600349,-0.950885177,0.0358743519,0.0110420715,0.0341343656,0.99935621],"scale":0.642400026,"type":"tree_douglasfir_dead"}
{"pos":[447.385986,642.768982,48.526001],"rotationMatrix":[-0.295295596,-0.953517199,0.0598228052,0.934519172,-0.301294208,-0.189390898,0.198614419,-2.27019191e-05,0.980077505],"scale":0.603699982,"type":"tree_douglasfir_dead"}
{"pos":[453.399994,641.387024,47.962101],"rotationMatrix":[0.824056864,0.566506028,0,-0.566506028,0.824056864,0,0,0,1],"scale":0.971099973,"type":"tree_douglasfir_dead"}
{"pos":[451.687988,635.817017,47.8806992],"rotationMatrix":[-0.283522487,-0.958916724,0,0.958916724,-0.283522487,0,0,0,1],"scale":0.716400027,"type":"tree_douglasfir_dead"}
{"pos":[453.355988,643.659973,48.0111008],"rotationMatrix":[-0.164032817,-0.986429691,0,0.986429691,-0.164032817,0,0,0,1],"scale":0.808300018,"type":"tree_douglasfir_dead"}
{"pos":[451.966003,644.945984,48.0005989],"rotationMatrix":[-0.46615684,-0.884797096,0,0.884797096,-0.46615684,0,0,0,1],"scale":0.602800012,"type":"tree_douglasfir_dead"}
{"pos":[445.894012,627.869019,48.8321991],"rotationMatrix":[-0.817561746,0.575602531,0,-0.575602531,-0.817561746,0,0,0,1],"scale":0.880400002,"type":"tree_douglasfir_dead"}
{"pos":[452.737,627.572021,48.6315994],"rotationMatrix":[0.764290214,0.644854724,0,-0.644854724,0.764290214,0,0,0,1],"scale":0.974699974,"type":"tree_douglasfir_dead"}
{"pos":[447.683014,644.041992,49.2024002],"rotationMatrix":[-0.918432474,0.389947891,-0.0638927966,-0.388007998,-0.920563459,-0.0408937,-0.0747760832,-0.0127719417,0.997118294],"scale":1.43499994,"type":"tree_douglasfir_dead"}
{"pos":[379.375,704.661011,50.4168015],"rotationMatrix":[-0.415234804,0.909673691,0,-0.909673691,-0.415234804,0,0,0,1],"scale":0.969200015,"type":"tree_douglasfir_dead"}
{"pos":[375.415985,703.971985,50.5017014],"rotationMatrix":[-1,-0.00200000009,0,0.00200000009,-1,0,0,0,1],"scale":0.641200006,"type":"tree_douglasfir_dead"}
{"pos":[427.062988,670.005005,50.533699],"rotationMatrix":[0.666745543,0.745291531,0,-0.745291531,0.666745543,0,0,0,1],"scale":0.705799997,"type":"tree_douglasfir_dead"}
{"pos":[421.174011,658.328003,49.2854004],"rotationMatrix":[-0.470612526,0.882367551,0,-0.882367551,-0.470612526,0,0,0,1],"scale":1.15970004,"type":"tree_douglasfir_dead"}
{"pos":[419.149994,664.252991,49.7830009],"rotationMatrix":[-0.564326763,0.825498939,0,-0.825498939,-0.564326763,0,0,0,1],"scale":0.508700013,"type":"tree_douglasfir_dead"}
{"pos":[414.583008,666.729004,50.3568001],"rotationMatrix":[-0.978458285,0.207075715,0,-0.207075715,-0.978458285,0,0,0,1],"scale":0.940800011,"type":"tree_douglasfir_dead"}
{"pos":[420.696991,671.763,50.7048988],"rotationMatrix":[0.981606364,-0.190917715,0,0.190917715,0.981606364,0,0,0,1],"scale":0.871399999,"type":"tree_douglasfir_dead"}
{"pos":[412.746002,662.276978,50.125],"rotationMatrix":[-0.971700907,0.23670736,0,-0.23670736,-0.971700907,0,0,0,1],"scale":1.01520002,"type":"tree_douglasfir_dead"}
{"pos":[425.753998,674.539001,50.9043999],"rotationMatrix":[0.988779962,-0.149380565,0,0.149380565,0.988779962,0,0,0,1],"scale":0.592700005,"type":"tree_douglasfir_dead"}
{"pos":[412.501007,660.31897,49.9205017],"rotationMatrix":[-0.0611331463,-0.998199344,0,0.998199344,-0.0611331463,0,0,0,1],"scale":0.627399981,"type":"tree_douglasfir_dead"}
{"pos":[410.976013,656.34198,49.9192009],"rotationMatrix":[0.349287689,-0.937053084,0,0.937053084,0.349287689,0,0,0,1],"scale":0.851499975,"type":"tree_douglasfir_dead"}
{"pos":[408.451996,656.81897,50.2019005],"rotationMatrix":[0.80543679,0.592672348,0,-0.592672348,0.80543679,0,0,0,1],"scale":0.646200001,"type":"tree_douglasfir_dead"}
{"pos":[417.272003,661.434998,49.7517014],"rotationMatrix":[0.887187481,0.461414993,0,-0.461414993,0.887187481,0,0,0,1],"scale":0.880400002,"type":"tree_douglasfir_dead"}
{"pos":[409.369995,659.455017,50.0733986],"rotationMatrix":[-0.953869104,-0.300473571,0,0.300473571,-0.953869104,0,0,0,1],"scale":1.05480003,"type":"tree_douglasfir_dead"}
{"pos":[424.197998,664.098022,49.7089005],"rotationMatrix":[-0.60384047,0.797174096,0,-0.797174096,-0.60384047,0,0,0,1],"scale":0.907999992,"type":"tree_douglasfir_dead"}
{"pos":[425.875,666.817017,50.2723999],"rotationMatrix":[-0.096088171,-0.995407343,0,0.995407343,-0.096088171,0,0,0,1],"scale":0.679799974,"type":"tree_douglasfir_dead"}
{"pos":[419.848999,673.765015,51.2085991],"rotationMatrix":[-0.616761684,0.787251949,0,-0.787251949,-0.616761684,0,0,0,1],"scale":0.742399991,"type":"tree_douglasfir_dead"}
{"pos":[413.529999,671.546997,50.8790016],"rotationMatrix":[-0.467184544,-0.884250641,0,0.884250641,-0.467184544,0,0,0,1],"scale":0.602400005,"type":"tree_douglasfir_dead"}
{"pos":[422.605011,656.801025,49.0746994],"rotationMatrix":[0.254579544,-0.967031956,0,0.967031956,0.254579544,0,0,0,1],"scale":0.805100024,"type":"tree_douglasfir_dead"}
{"pos":[411.889008,668.994995,50.7006989],"rotationMatrix":[0.04337883,-0.999085367,0,0.999085367,0.04337883,0,0,0,1],"scale":0.847500026,"type":"tree_douglasfir_dead"}
{"pos":[417.177002,656.515991,49.4835014],"rotationMatrix":[0.903375924,-0.428829789,0,0.428829789,0.903375924,0,0,0,1],"scale":0.51789999,"type":"tree_douglasfir_dead"}
{"pos":[422.135986,661.458984,49.4095993],"rotationMatrix":[0.685575485,0.727973998,0,-0.727973998,0.685575485,0,0,0,1],"scale":0.919700027,"type":"tree_douglasfir_dead"}
{"pos":[409.549011,663.890015,50.2118988],"rotationMatrix":[-0.511365056,-0.85939002,0,0.85939002,-0.511365056,0,0,0,1],"scale":0.975600004,"type":"tree_douglasfir_dead"}
{"pos":[427.319,680.669006,51.8133011],"rotationMatrix":[0.0406104326,-0.999144793,0,0.999144793,0.0406104326,0,0,0,1],"scale":1.10640001,"type":"tree_douglasfir_dead"}
{"pos":[415.239014,680.669983,51.6924019],"rotationMatrix":[0.40834558,-0.912881792,0,0.912881792,0.40834558,0,0,0,1],"scale":1.16009998,"type":"tree_douglasfir_dead"}
{"pos":[419.924988,677.846008,51.7285004],"rotationMatrix":[0.912135661,-0.409893781,0,0.409893781,0.912135661,0,0,0,1],"scale":0.88499999,"type":"tree_douglasfir_dead"}
{"pos":[423.898987,668.64502,50.3951988],"rotationMatrix":[-0.875597119,0.483231604,0,-0.483231604,-0.875597119,0,0,0,1],"scale":0.836600006,"type":"tree_douglasfir_dead"}
{"pos":[414.428986,669.526978,50.5537987],"rotationMatrix":[-0.973289847,0.228856325,0,-0.228856325,-0.973289847,0,0,0,1],"scale":1.07000005,"type":"tree_douglasfir_dead"}
{"pos":[422.290985,683.859985,52.2765007],"rotationMatrix":[-0.998800278,-0.0495851226,0,0.0495851226,-0.998800278,0,0,0,1],"scale":0.979300022,"type":"tree_douglasfir_dead"}
{"pos":[421.644989,645.809998,48.9403],"rotationMatrix":[-0.830932379,0.556283474,0,-0.556283474,-0.830932379,0,0,0,1],"scale":0.586300015,"type":"tree_douglasfir_dead"}
{"pos":[409.730011,650.643005,49.9771996],"rotationMatrix":[-1,0.00520000001,0,-0.00520000001,-1,0,0,0,1],"scale":0.686600029,"type":"tree_douglasfir_dead"}
{"pos":[423.276001,654.697998,49.0577011],"rotationMatrix":[0.725903869,-0.68783164,0,0.68783164,0.725903869,0,0,0,1],"scale":0.870100021,"type":"tree_douglasfir_dead"}
{"pos":[418.388,653.416016,49.2821007],"rotationMatrix":[0.498799324,0.866738796,0,-0.866738796,0.498799324,0,0,0,1],"scale":0.722199976,"type":"tree_douglasfir_dead"}
{"pos":[413.677002,644.627991,49.7840004],"rotationMatrix":[0.471402347,-0.881887138,0,0.881887138,0.471402347,0,0,0,1],"scale":0.895299971,"type":"tree_douglasfir_dead"}
{"pos":[416.983002,641.401978,49.6701012],"rotationMatrix":[0.850286067,-0.526296973,0,0.526296973,0.850286067,0,0,0,1],"scale":0.50120002,"type":"tree_douglasfir_dead"}
{"pos":[409.475006,636.221985,50.7307014],"rotationMatrix":[0.92063874,0.39043203,0,-0.39043203,0.92063874,0,0,0,1],"scale":1.01999998,"type":"tree_douglasfir_dead"}
{"pos":[417.415009,646.750977,49.2396011],"rotationMatrix":[-0.989214659,0.146403641,0,-0.146403641,-0.989214659,0,0,0,1],"scale":0.704900026,"type":"tree_douglasfir_dead"}
{"pos":[414.175995,642.611023,49.8339005],"rotationMatrix":[-0.998800278,0.0509846993,0,-0.0509846993,-0.998800278,0,0,0,1],"scale":0.727100015,"type":"tree_douglasfir_dead"}
{"pos":[419.721008,649,49.0662003],"rotationMatrix":[-0.997600794,-0.0691584796,0,0.0691584796,-0.997600794,0,0,0,1],"scale":0.866100013,"type":"tree_douglasfir_dead"}
{"pos":[425.337006,640.138977,49.0343018],"rotationMatrix":[-0.91101253,0.412505001,0,-0.412505001,-0.91101253,0,0,0,1],"scale":0.750699997,"type":"tree_douglasfir_dead"}
{"pos":[423.674988,637.08197,49.5844002],"rotationMatrix":[-0.336939573,-0.941548169,0,0.941548169,-0.336939573,0,0,0,1],"scale":0.725399971,"type":"tree_douglasfir_dead"}
{"pos":[419.886993,642.52301,49.2904015],"rotationMatrix":[0.980674207,-0.195656314,0,0.195656314,0.980674207,0,0,0,1],"scale":0.735499978,"type":"tree_douglasfir_dead"}
{"pos":[419.062988,626.526001,50.9136009],"rotationMatrix":[-1,0.0143999998,0,-0.0143999998,-1,0,0,0,1],"scale":0.729499996,"type":"tree_douglasfir_dead"}
{"pos":[417.506012,628.822998,50.8750992],"rotationMatrix":[-0.360919952,0.93263191,0,-0.93263191,-0.360919952,0,0,0,1],"scale":1.05700004,"type":"tree_douglasfir_dead"}
{"pos":[412.875,627.075012,51.5093002],"rotationMatrix":[0.970718026,0.240233392,0,-0.240233392,0.970718026,0,0,0,1],"scale":0.661199987,"type":"tree_douglasfir_dead"}
{"pos":[409.338013,632.291992,51.4875984],"rotationMatrix":[-0.947153807,-0.320677489,0,0.320677489,-0.947153807,0,0,0,1],"scale":0.770900011,"type":"tree_douglasfir_dead"}
{"pos":[411.968994,628.968018,51.4756012],"rotationMatrix":[-0.958616376,-0.285004795,0,0.285004795,-0.958616376,0,0,0,1],"scale":0.571399987,"type":"tree_douglasfir_dead"}
{"pos":[406.854004,630.609009,51.9017982],"rotationMatrix":[-0.534752011,0.844989598,0,-0.844989598,-0.534752011,0,0,0,1],"scale":1.06480002,"type":"tree_douglasfir_dead"}
{"pos":[419.03299,632.874023,50.398201],"rotationMatrix":[0.821197987,0.570611596,0,-0.570611596,0.821197987,0,0,0,1],"scale":0.604900002,"type":"tree_douglasfir_dead"}
{"pos":[418.765991,639.25,49.7647018],"rotationMatrix":[0.327200055,0.944935977,0,-0.944935977,0.327200055,0,0,0,1],"scale":0.983699977,"type":"tree_douglasfir_dead"}
{"pos":[411.588989,643.955017,50.0141983],"rotationMatrix":[0.0129875541,0.999938488,0,-0.999938488,0.0129875541,0,0,0,1],"scale":1.16260004,"type":"tree_douglasfir_dead"}
{"pos":[408.989014,639.017029,50.5946007],"rotationMatrix":[0.969791174,0.243931919,0,-0.243931919,0.969791174,0,0,0,1],"scale":1.05280006,"type":"tree_douglasfir_dead"}
{"pos":[409.131989,653.484985,50.0542984],"rotationMatrix":[-0.893847227,0.448793709,0,-0.448793709,-0.893847227,0,0,0,1],"scale":0.736400008,"type":"tree_douglasfir_dead"}
{"pos":[412.39801,650.213013,49.7685013],"rotationMatrix":[-0.984828949,0.172940329,0,-0.172940329,-0.984828949,0,0,0,1],"scale":0.82130003,"type":"tree_douglasfir_dead"}
{"pos":[415.942993,649.007996,49.3824005],"rotationMatrix":[-0.816799283,-0.577006757,0,0.577006757,-0.816799283,0,0,0,1],"scale":0.715600014,"type":"tree_douglasfir_dead"}
{"pos":[415.850006,652.846985,49.4421005],"rotationMatrix":[0.142735898,-0.989775479,0,0.989775479,0.142735898,0,0,0,1],"scale":1.05610001,"type":"tree_douglasfir_dead"}
{"pos":[424.608002,650.460999,48.7165985],"rotationMatrix":[0.0489037037,0.998816669,0,-0.998816669,0.0489037037,0,0,0,1],"scale":1.19519997,"type":"tree_douglasfir_dead"}
{"pos":[423.678986,646.169006,48.8484993],"rotationMatrix":[-0.629012346,-0.777413487,0,0.777413487,-0.629012346,0,0,0,1],"scale":0.802399993,"type":"tree_douglasfir_dead"}
{"pos":[405.384003,626.547974,52.4600983],"rotationMatrix":[-0.504765511,-0.863062978,0,0.863062978,-0.504765511,0,0,0,1],"scale":0.953499973,"type":"tree_douglasfir_dead"}
{"pos":[404.002991,639.830994,51.1301003],"rotationMatrix":[0.111022234,0.993782997,0,-0.993782997,0.111022234,0,0,0,1],"scale":0.926999986,"type":"tree_douglasfir_dead"}
{"pos":[404.947998,636.963013,51.1334],"rotationMatrix":[-0.128302455,-0.991752446,0,0.991752446,-0.128302455,0,0,0,1],"scale":0.509899974,"type":"tree_douglasfir_dead"}
{"pos":[484.437988,608.44397,49.2575989],"rotationMatrix":[-0.991209626,-0.131510034,0,0.131510034,-0.991209626,0,0,0,1],"scale":0.825600028,"type":"tree_douglasfir_dead"}
{"pos":[481.26001,608.486023,49.3679008],"rotationMatrix":[-0.399129868,-0.916861653,0,0.916861653,-0.399129868,0,0,0,1],"scale":1.13699996,"type":"tree_douglasfir_dead"}
{"pos":[486.480988,609.872009,49.0131989],"rotationMatrix":[-0.987619281,0.156313926,0,-0.156313926,-0.987619281,0,0,0,1],"scale":0.88319999,"type":"tree_douglasfir_dead"}
{"pos":[481.498993,610.765991,49.1228981],"rotationMatrix":[-0.895404577,-0.444889486,0,0.444889486,-0.895404577,0,0,0,1],"scale":1.01660001,"type":"tree_douglasfir_dead"}
{"pos":[472.226013,615.109985,48.8261986],"rotationMatrix":[0.861977458,0.506958425,0,-0.506958425,0.861977458,0,0,0,1],"scale":1.03919995,"type":"tree_douglasfir_dead"}
{"pos":[472.86499,616.112976,48.9355011],"rotationMatrix":[-0.964161992,-0.264596999,0,0.264596999,-0.964161992,0,0,0,1],"scale":0.816500008,"type":"tree_douglasfir_dead"}
{"pos":[473.237,619.223022,48.6418991],"rotationMatrix":[0.743528783,0.668715954,0,-0.668715954,0.743528783,0,0,0,1],"scale":0.522199988,"type":"tree_douglasfir_dead"}
{"pos":[495.183014,616.948975,47.9572983],"rotationMatrix":[0.266497254,-0.96387291,0,0.96387291,0.266497254,0,0,0,1],"scale":1.0381,"type":"tree_douglasfir_dead"}
{"pos":[492.411987,614.924011,48.0984993],"rotationMatrix":[-0.954659939,-0.297964036,0,0.297964036,-0.954659939,0,0,0,1],"scale":0.612699986,"type":"tree_douglasfir_dead"}
{"pos":[490.910004,618.393982,47.915699],"rotationMatrix":[0.186932445,-0.982414067,0,0.982414067,0.186932445,0,0,0,1],"scale":0.885399997,"type":"tree_douglasfir_dead"}
{"pos":[496.855011,620.182007,47.75],"rotationMatrix":[-0.996002078,-0.0887112021,0,0.0887112021,-0.996002078,0,0,0,1],"scale":1.00639999,"type":"tree_douglasfir_dead"}
{"pos":[491.427002,609.255005,48.7386017],"rotationMatrix":[0.753036082,-0.657961369,0,0.657961369,0.753036082,0,0,0,1],"scale":1.00170004,"type":"tree_douglasfir_dead"}
{"pos":[494.431,612.250977,48.1761017],"rotationMatrix":[-0.930612564,0.366275996,0,-0.366275996,-0.930612564,0,0,0,1],"scale":1.19120002,"type":"tree_douglasfir_dead"}
