{"pos":[745.209045,-43.3698463,50.6560974],"rotationMatrix":[0.749671936,-0.661809504,0,0.661809504,0.749671936,0,0,0,0.999999881],"scale":1.34638345,"type":"tree_aspen_small_d"}
{"pos":[714.139648,-41.6272926,51.2453728],"rotationMatrix":[0.0675531998,-0.997715592,0,0.997715592,0.0675531998,0,0,0,0.999999881],"scale":1.37292778,"type":"tree_aspen_small_d"}
{"pos":[776.791138,-38.8863411,51.2453728],"rotationMatrix":[0.0675531998,-0.997715592,0,0.997715592,0.0675531998,0,0,0,0.999999881],"scale":1.37292778,"type":"tree_aspen_small_d"}
{"pos":[774.117126,-25.3142624,51.2453728],"rotationMatrix":[-0.500869334,0.865522742,0,-0.865522742,-0.500869334,0,0,0,0.999999762],"scale":1.73811567,"type":"tree_aspen_small_d"}
{"pos":[768.156738,-92.0954819,52.2846527],"rotationMatrix":[0.935100079,0.354383677,0,-0.354383677,0.935100079,0,0,0,0.999999881],"scale":0.90270257,"type":"tree_aspen_small_d"}
{"pos":[763.601135,-120.153,57.7517242],"rotationMatrix":[0.961547375,0.27463901,0,-0.27463901,0.961547375,0,0,0,0.999999881],"scale":1.11957979,"type":"tree_aspen_small_d"}
{"pos":[705.879883,39.6106987,54.7283554],"rotationMatrix":[0.819290876,0.573378086,0,-0.573378086,0.819290876,0,0,0,0.999999881],"scale":0.915646911,"type":"tree_aspen_small_d"}
{"pos":[817.823364,-127.807007,57.5964966],"rotationMatrix":[0.905012071,0.425385743,0,-0.425385743,0.905012071,0,0,0,0.999999881],"scale":1.13170338,"type":"tree_aspen_small_d"}
{"pos":[772.262817,-135.272964,57.4385338],"rotationMatrix":[-0.873533487,0.486763775,0,-0.486763775,-0.873533487,0,0,0,0.999999881],"scale":1.43098116,"type":"tree_aspen_small_d"}
