{"pos":[-9.94069958,-389.955994,48.9351997],"rotationMatrix":[0.294803083,0.955542982,0,-0.955542982,0.294803083,0,0,0,1],"scale":0.592599988,"type":"tree_beech_dead_a"}
{"pos":[-11.0945997,-384.464996,49.0696983],"rotationMatrix":[-0.83667779,0.547764301,0,-0.547764301,-0.83667779,0,0,0,1],"scale":1.15240002,"type":"tree_beech_dead_a"}
{"pos":[-30.6525002,-397.420013,54.9006996],"rotationMatrix":[-0.900080085,-0.435885817,0,0.435885817,-0.900080085,0,0,0,1],"scale":0.766300023,"type":"tree_beech_dead_a"}
{"pos":[-16.6289997,-391.605988,50.5667],"rotationMatrix":[-0.860906482,-0.509115934,0,0.509115934,-0.860906482,0,0,0,1],"scale":0.525699973,"type":"tree_beech_dead_a"}
{"pos":[-13.5200996,-398.468994,51.8681984],"rotationMatrix":[-0.789075255,0.614013374,0,-0.614013374,-0.789075255,0,0,0,1],"scale":1.1178,"type":"tree_beech_dead_a"}
{"pos":[5.82019997,-402.645996,50.082901],"rotationMatrix":[-0.525421023,-0.808616221,0.26462993,0.83760339,-0.546205878,-0.00595583767,0.149364322,0.218528658,0.96433115],"scale":0.856000006,"type":"tree_beech_dead_a"}
{"pos":[16.8775997,-412.471985,49.8871002],"rotationMatrix":[-0.328637481,-0.882397532,0.336237192,0.944288492,-0.307133079,0.116948918,0.000114187598,0.355995059,0.934479475],"scale":0.683700025,"type":"tree_beech_dead_a"}
{"pos":[-161.418015,58.6432228,45.0415268],"rotationMatrix":[0.526694298,0.850054741,0,-0.850054741,0.526694298,0,0,0,1],"scale":0.526175022,"type":"tree_beech_dead_a"}
{"pos":[-148.2742,22.5967045,48.2563324],"rotationMatrix":[-0.400832802,-0.916151226,0,0.916151226,-0.400832802,0,0,0,1],"scale":1.19358361,"type":"tree_beech_dead_a"}
{"pos":[-142.910614,24.6877003,47.0732002],"rotationMatrix":[0.586594284,-0.809880912,0,0.809880912,0.586594284,0,0,0,1],"scale":0.597170949,"type":"tree_beech_dead_a"}
{"pos":[-172.296509,55.9000092,46.9659615],"rotationMatrix":[0.784514487,-0.620110512,0,0.620110512,0.784514487,0,0,0,1],"scale":0.528668761,"type":"tree_beech_dead_a"}
{"pos":[-140.525681,28.2050972,45.7025528],"rotationMatrix":[0.669678748,0.742650926,0,-0.742650926,0.669678748,0,0,0,1],"scale":0.8914271,"type":"tree_beech_dead_a"}
{"pos":[-174.733688,38.2072563,51.5339737],"rotationMatrix":[-0.408828706,0.912611127,0,-0.912611127,-0.408828706,0,0,0,1],"scale":1.16528678,"type":"tree_beech_dead_a"}
{"pos":[-160.098099,18.4589634,49.0495491],"rotationMatrix":[-0.997297347,0.0734711736,0,-0.0734711736,-0.997297347,0,0,0,1],"scale":0.789248884,"type":"tree_beech_dead_a"}
{"pos":[-160.883835,60.7294617,44.3099518],"rotationMatrix":[0.36896649,0.929442704,0,-0.929442704,0.36896649,0,0,0,1],"scale":1.05460846,"type":"tree_beech_dead_a"}
{"pos":[-173.535202,53.29879,47.9766426],"rotationMatrix":[-0.999917567,-0.0128391152,0,0.0128391152,-0.999917567,0,0,0,1],"scale":1.0765574,"type":"tree_beech_dead_a"}
{"pos":[-150.676697,44.0421677,46.8904152],"rotationMatrix":[0.899453342,-0.437016815,0,0.437016815,0.899453342,0,0,0,1],"scale":0.579280019,"type":"tree_beech_dead_a"}
{"pos":[-173.130859,32.9550018,50.9082336],"rotationMatrix":[0.762990415,-0.64640981,0,0.64640981,0.762990415,0,0,0,1],"scale":0.84714818,"type":"tree_beech_dead_a"}
{"pos":[-160.908112,68.5632172,42.9226379],"rotationMatrix":[-0.356014788,-0.934480309,0,0.934480309,-0.356014788,0,0,0,1],"scale":0.551731229,"type":"tree_beech_dead_a"}
{"pos":[-165.936035,37.6111069,49.6286163],"rotationMatrix":[0.513826728,0.857894003,0,-0.857894003,0.513826728,0,0,0,1],"scale":0.539440513,"type":"tree_beech_dead_a"}
{"pos":[-186.475906,39.8803444,52.5099564],"rotationMatrix":[-0.999400854,0.0346115492,0,-0.0346115492,-0.999400854,0,0,0,1],"scale":0.639475882,"type":"tree_beech_dead_a"}
{"pos":[-168.2509,59.6652565,45.3952026],"rotationMatrix":[0.451867193,0.892085195,0,-0.892085195,0.451867193,0,0,0,1],"scale":1.06387007,"type":"tree_beech_dead_a"}
{"pos":[-176.002625,78.6628952,43.5999527],"rotationMatrix":[0.454792708,-0.890597343,0,0.890597343,0.454792708,0,0,0,1],"scale":0.670224786,"type":"tree_beech_dead_a"}
{"pos":[-159.592957,67.9509506,42.9186974],"rotationMatrix":[0.93537122,0.353667498,0,-0.353667498,0.93537122,0,0,0,1],"scale":0.893907249,"type":"tree_beech_dead_a"}
{"pos":[-156.271271,71.5651398,42.369175],"rotationMatrix":[-0.0322846547,-0.999478698,0,0.999478698,-0.0322846547,0,0,0,1],"scale":0.828589678,"type":"tree_beech_dead_a"}
{"pos":[-206.728851,75.2677689,52.3625374],"rotationMatrix":[0.992309451,0.123781741,0,-0.123781741,0.992309451,0,0,0,1],"scale":0.845871031,"type":"tree_beech_dead_a"}
{"pos":[-181.793335,78.4803619,44.7272072],"rotationMatrix":[0.896131635,-0.44378832,0,0.44378832,0.896131635,0,0,0,1],"scale":0.593407273,"type":"tree_beech_dead_a"}
{"pos":[-192.04248,45.0150948,53.2410698],"rotationMatrix":[0.621237278,-0.783622503,0,0.783622503,0.621237278,0,0,0,1],"scale":0.505264938,"type":"tree_beech_dead_a"}
{"pos":[-190.292511,80.8538818,47.2372437],"rotationMatrix":[-0.0840552375,-0.996461093,0,0.996461093,-0.0840552375,0,0,0,1],"scale":1.18603182,"type":"tree_beech_dead_a"}
{"pos":[-199.849564,63.4089432,52.4368668],"rotationMatrix":[0.343463391,0.939166069,0,-0.939166069,0.343463391,0,0,0,1],"scale":0.695789278,"type":"tree_beech_dead_a"}
{"pos":[-195.233368,79.7978516,48.5131187],"rotationMatrix":[-0.302291811,-0.95321542,0,0.95321542,-0.302291811,0,0,0,1],"scale":0.822282434,"type":"tree_beech_dead_a"}
{"pos":[-175.915955,75.5140076,43.6178093],"rotationMatrix":[0.916648388,0.399694622,0,-0.399694622,0.916648388,0,0,0,1],"scale":0.60070771,"type":"tree_beech_dead_a"}
{"pos":[-160.414612,675.249695,26.1825428],"rotationMatrix":[0.161996439,-0.986791313,0,0.986791313,0.161996439,0,0,0,1],"scale":0.849100113,"type":"tree_beech_dead_a"}
{"pos":[-121.643913,670.377808,31.1973839],"rotationMatrix":[-0.756049871,0.654514074,0,-0.654514074,-0.756049871,0,0,0,1],"scale":0.765097141,"type":"tree_beech_dead_a"}
{"pos":[-149.065063,667.142761,28.3076153],"rotationMatrix":[-0.224433631,-0.974489391,0,0.974489391,-0.224433631,0,0,0,1],"scale":0.550862372,"type":"tree_beech_dead_a"}
{"pos":[-128.422195,671.660767,30.1520805],"rotationMatrix":[-0.176907554,0.984227479,0,-0.984227479,-0.176907554,0,0,0,1],"scale":0.966049492,"type":"tree_beech_dead_a"}
{"pos":[-119.395042,695.053345,28.8288174],"rotationMatrix":[-0.484941393,0.874546647,0,-0.874546647,-0.484941393,0,0,0,1],"scale":0.978613019,"type":"tree_beech_dead_a"}
{"pos":[-125.438889,652.21698,34.7915459],"rotationMatrix":[0.178164735,0.984000683,0,-0.984000683,0.178164735,0,0,0,1],"scale":0.773445129,"type":"tree_beech_dead_a"}
{"pos":[-125.615891,641.343689,35.4087563],"rotationMatrix":[0.891723156,-0.452581257,0,0.452581257,0.891723156,0,0,0,1],"scale":1.15855598,"type":"tree_beech_dead_a"}
{"pos":[-157.398926,667.912476,27.1298046],"rotationMatrix":[-0.583513737,-0.812103271,0,0.812103271,-0.583513737,0,0,0,1],"scale":1.03886509,"type":"tree_beech_dead_a"}
{"pos":[-149.219376,657.505615,30.6972198],"rotationMatrix":[0.999960184,0.0089218067,0,-0.0089218067,0.999960184,0,0,0,1],"scale":0.517060399,"type":"tree_beech_dead_a"}
{"pos":[-129.265533,633.707703,34.7123718],"rotationMatrix":[-0.116308823,-0.993213117,0,0.993213117,-0.116308823,0,0,0,1],"scale":0.9982692,"type":"tree_beech_dead_a"}
{"pos":[-107.45282,691.970093,29.2023525],"rotationMatrix":[-0.423178554,-0.906046331,0,0.906046331,-0.423178554,0,0,0,1],"scale":0.797999859,"type":"tree_beech_dead_a"}
{"pos":[-95.834198,646.187622,36.2493935],"rotationMatrix":[-0.727974892,-0.685603797,0,0.685603797,-0.727974892,0,0,0,1],"scale":0.626315594,"type":"tree_beech_dead_a"}
{"pos":[-154.540909,670.481628,27.0440121],"rotationMatrix":[-0.812336564,0.583188951,0,-0.583188951,-0.812336564,0,0,0,1],"scale":0.827948809,"type":"tree_beech_dead_a"}
{"pos":[-129.860214,671.015198,30.0752316],"rotationMatrix":[-0.496295691,0.868153572,0,-0.868153572,-0.496295691,0,0,0,1],"scale":0.526016116,"type":"tree_beech_dead_a"}
{"pos":[-119.044189,663.849182,32.9295769],"rotationMatrix":[-0.321627557,0.946866274,0,-0.946866274,-0.321627557,0,0,0,1],"scale":0.798597932,"type":"tree_beech_dead_a"}
{"pos":[-108.303185,687.944275,29.492939],"rotationMatrix":[-0.997704983,0.0677110925,0,-0.0677110925,-0.997704983,0,0,0,1],"scale":0.864755452,"type":"tree_beech_dead_a"}
{"pos":[-121.675705,652.200073,35.1123352],"rotationMatrix":[0.227904662,0.973683476,0,-0.973683476,0.227904662,0,0,0,1],"scale":0.631318629,"type":"tree_beech_dead_a"}
{"pos":[-101.099785,671.735352,32.3598175],"rotationMatrix":[0.993743658,-0.111685127,0,0.111685127,0.993743658,0,0,0,1],"scale":0.540410697,"type":"tree_beech_dead_a"}
{"pos":[-103.48822,657.36908,35.4882698],"rotationMatrix":[-0.672890365,0.739742219,0,-0.739742219,-0.672890365,0,0,0,1],"scale":1.16085267,"type":"tree_beech_dead_a"}
{"pos":[-124.767441,673.377136,30.2697811],"rotationMatrix":[-0.2009473,0.979602039,0,-0.979602039,-0.2009473,0,0,0,1],"scale":1.17892861,"type":"tree_beech_dead_a"}
{"pos":[-82.4037323,636.256042,36.8590279],"rotationMatrix":[0.706510961,0.7077021,0,-0.7077021,0.706510961,0,0,0,1],"scale":1.18802726,"type":"tree_beech_dead_a"}
{"pos":[-93.87397,667.969849,33.7859154],"rotationMatrix":[-0.737363875,0.675495744,0,-0.675495744,-0.737363875,0,0,0,1],"scale":1.10420728,"type":"tree_beech_dead_a"}
{"pos":[-118.139351,655.796265,34.7464294],"rotationMatrix":[0.167508364,-0.985870659,0,0.985870659,0.167508364,0,0,0,1],"scale":0.584260046,"type":"tree_beech_dead_a"}
{"pos":[-98.3376007,659.865967,35.2895317],"rotationMatrix":[-0.300785094,0.953691959,0,-0.953691959,-0.300785094,0,0,0,1],"scale":0.702065945,"type":"tree_beech_dead_a"}
{"pos":[-123.167389,661.461548,33.0478897],"rotationMatrix":[-0.999011397,0.0444543138,0,-0.0444543138,-0.999011397,0,0,0,1],"scale":0.538540721,"type":"tree_beech_dead_a"}
{"pos":[-77.3554459,666.811523,34.1787949],"rotationMatrix":[0.733899653,-0.67925787,0,0.67925787,0.733899653,0,0,0,1],"scale":1.06191576,"type":"tree_beech_dead_a"}
{"pos":[-90.687439,644.136047,36.3757362],"rotationMatrix":[-0.563295305,0.826255679,0,-0.826255679,-0.563295305,0,0,0,1],"scale":0.588646352,"type":"tree_beech_dead_a"}
{"pos":[-138.165619,678.187256,28.0953541],"rotationMatrix":[-0.93450743,0.35594362,0,-0.35594362,-0.93450743,0,0,0,1],"scale":0.973837614,"type":"tree_beech_dead_a"}
{"pos":[-78.5895004,674.080078,33.0130386],"rotationMatrix":[-0.876847208,0.480769157,0,-0.480769157,-0.876847208,0,0,0,1],"scale":0.585695267,"type":"tree_beech_dead_a"}
{"pos":[-121.91832,663.734924,32.6578751],"rotationMatrix":[-0.979952872,0.1992293,0,-0.1992293,-0.979952872,0,0,0,1],"scale":0.501792729,"type":"tree_beech_dead_a"}
{"pos":[-96.9399261,651.616943,36.1449928],"rotationMatrix":[0.861434996,-0.507867873,0,0.507867873,0.861434996,0,0,0,1],"scale":1.03890407,"type":"tree_beech_dead_a"}
{"pos":[-91.7128296,647.447327,36.3066635],"rotationMatrix":[0.580784321,0.814057469,0,-0.814057469,0.580784321,0,0,0,1],"scale":0.679494858,"type":"tree_beech_dead_a"}
{"pos":[-96.526413,685.617493,30.1345425],"rotationMatrix":[-0.132910132,0.991128087,0,-0.991128087,-0.132910132,0,0,0,1],"scale":1.07142425,"type":"tree_beech_dead_a"}
{"pos":[-71.7653503,668.754761,34.0209961],"rotationMatrix":[-0.752202153,0.658932388,0,-0.658932388,-0.752202153,0,0,0,1],"scale":0.617442429,"type":"tree_beech_dead_a"}
{"pos":[-82.6117706,696.822876,29.2852631],"rotationMatrix":[0.822063744,-0.569395483,0,0.569395483,0.822063744,0,0,0,1],"scale":0.865711153,"type":"tree_beech_dead_a"}
{"pos":[-90.1631699,700.593201,29.1659737],"rotationMatrix":[-0.582374871,-0.812920392,0,0.812920392,-0.582374871,0,0,0,1],"scale":1.10298812,"type":"tree_beech_dead_a"}
{"pos":[-125.421928,678.617981,29.4115334],"rotationMatrix":[0.38415274,0.92326957,0,-0.92326957,0.38415274,0,0,0,1],"scale":0.529842377,"type":"tree_beech_dead_a"}
{"pos":[-120.751785,661.750916,33.2295914],"rotationMatrix":[-0.699661434,0.714474499,0,-0.714474499,-0.699661434,0,0,0,1],"scale":0.586859226,"type":"tree_beech_dead_a"}
{"pos":[-73.3803635,657.146118,35.998394],"rotationMatrix":[-0.715695083,0.698412836,0,-0.698412836,-0.715695083,0,0,0,1],"scale":1.10671711,"type":"tree_beech_dead_a"}
{"pos":[-111.570892,684.940247,29.6479092],"rotationMatrix":[-0.701343,0.712823927,0,-0.712823927,-0.701343,0,0,0,1],"scale":1.01242006,"type":"tree_beech_dead_a"}
{"pos":[-94.0334015,641.105835,36.2794724],"rotationMatrix":[0.386897773,0.922122598,0,-0.922122598,0.386897773,0,0,0,1],"scale":1.14893472,"type":"tree_beech_dead_a"}
{"pos":[-65.9355087,694.387573,29.7426605],"rotationMatrix":[0.631894946,-0.775054038,0,0.775054038,0.631894946,0,0,0,1],"scale":1.04368353,"type":"tree_beech_dead_a"}
{"pos":[-84.1541595,697.55304,29.2583847],"rotationMatrix":[0.778788865,-0.627286136,0,0.627286136,0.778788865,0,0,0,1],"scale":1.08012164,"type":"tree_beech_dead_a"}
{"pos":[-82.3359299,704.492737,29.1057796],"rotationMatrix":[-0.907188058,-0.420725405,0,0.420725405,-0.907188058,0,0,0,1],"scale":0.853102207,"type":"tree_beech_dead_a"}
{"pos":[-58.4694176,700.922974,29.2643051],"rotationMatrix":[-0.909336925,0.416060477,0,-0.416060477,-0.909336925,0,0,0,1],"scale":0.5323717,"type":"tree_beech_dead_a"}
{"pos":[-78.070015,657.681458,35.8501434],"rotationMatrix":[-0.631932259,0.77502358,0,-0.77502358,-0.631932259,0,0,0,1],"scale":0.602019668,"type":"tree_beech_dead_a"}
{"pos":[-41.8796692,680.880981,31.9249115],"rotationMatrix":[0.388973445,-0.921248972,0,0.921248972,0.388973445,0,0,0,1],"scale":1.01104307,"type":"tree_beech_dead_a"}
{"pos":[-90.7369843,640.019714,36.3866119],"rotationMatrix":[0.324121922,0.946015298,0,-0.946015298,0.324121922,0,0,0,1],"scale":0.738098741,"type":"tree_beech_dead_a"}
{"pos":[-93.096344,658.173218,35.6297073],"rotationMatrix":[0.752896607,0.658138812,0,-0.658138812,0.752896607,0,0,0,1],"scale":0.681711435,"type":"tree_beech_dead_a"}
{"pos":[-67.6291046,654.141418,36.4234314],"rotationMatrix":[-0.945683181,-0.325089693,0,0.325089693,-0.945683181,0,0,0,1],"scale":0.980344415,"type":"tree_beech_dead_a"}
{"pos":[-88.5341034,651.7099,36.2169724],"rotationMatrix":[0.0383840762,0.999263048,0,-0.999263048,0.0383840762,0,0,0,1],"scale":0.594062328,"type":"tree_beech_dead_a"}
{"pos":[-70.9899139,636.975037,37.2813644],"rotationMatrix":[0.774840534,-0.632156789,0,0.632156789,0.774840534,0,0,0,1],"scale":0.913475335,"type":"tree_beech_dead_a"}
{"pos":[-79.2310257,676.62738,32.0268555],"rotationMatrix":[0.0342692547,-0.999412656,0,0.999412656,0.0342692547,0,0,0,1],"scale":0.691508174,"type":"tree_beech_dead_a"}
{"pos":[-53.1176071,664.801819,35.2833557],"rotationMatrix":[-0.419486821,0.907761455,0,-0.907761455,-0.419486821,0,0,0,1],"scale":0.941070557,"type":"tree_beech_dead_a"}
{"pos":[-76.9742966,681.44635,31.196125],"rotationMatrix":[-0.928232789,-0.37199983,0,0.37199983,-0.928232789,0,0,0,1],"scale":1.18940389,"type":"tree_beech_dead_a"}
{"pos":[-59.045723,666.990845,34.8727226],"rotationMatrix":[0.940094233,0.340914696,0,-0.340914696,0.940094233,0,0,0,1],"scale":1.05843294,"type":"tree_beech_dead_a"}
{"pos":[-25.9477081,678.582031,32.6394081],"rotationMatrix":[-0.974002004,0.226539269,0,-0.226539269,-0.974002004,0,0,0,1],"scale":1.07885337,"type":"tree_beech_dead_a"}
{"pos":[-64.4488068,654.709351,36.4467354],"rotationMatrix":[0.573267341,0.819368362,0,-0.819368362,0.573267341,0,0,0,1],"scale":0.55445981,"type":"tree_beech_dead_a"}
{"pos":[-51.2372208,629.860229,38.2333488],"rotationMatrix":[0.13598381,0.990711033,0,-0.990711033,0.13598381,0,0,0,1],"scale":0.748416305,"type":"tree_beech_dead_a"}
{"pos":[-33.7041245,656.601868,36.4205437],"rotationMatrix":[0.993682444,0.112228274,0,-0.112228274,0.993682444,0,0,0,1],"scale":0.52834177,"type":"tree_beech_dead_a"}
{"pos":[-64.7180634,689.371643,30.3774414],"rotationMatrix":[0.99587369,0.0907504186,0,-0.0907504186,0.99587369,0,0,0,1],"scale":0.53112042,"type":"tree_beech_dead_a"}
{"pos":[-38.2891273,660.428345,35.8978577],"rotationMatrix":[-0.133088306,0.991104186,0,-0.991104186,-0.133088306,0,0,0,1],"scale":0.915112257,"type":"tree_beech_dead_a"}
{"pos":[-55.0677299,698.428101,29.3466187],"rotationMatrix":[0.925567031,-0.378583819,0,0.378583819,0.925567031,0,0,0,1],"scale":0.896307349,"type":"tree_beech_dead_a"}
{"pos":[-83.0452576,692.118408,29.5445042],"rotationMatrix":[-0.268007368,0.963416874,0,-0.963416874,-0.268007368,0,0,0,1],"scale":0.715263247,"type":"tree_beech_dead_a"}
{"pos":[-51.8908386,664.459045,35.3311653],"rotationMatrix":[-0.823719025,-0.566998184,0,0.566998184,-0.823719025,0,0,0,1],"scale":0.762697101,"type":"tree_beech_dead_a"}
{"pos":[-40.6906242,654.47467,36.6563454],"rotationMatrix":[0.632931828,0.774207532,0,-0.774207532,0.632931828,0,0,0,1],"scale":0.664230049,"type":"tree_beech_dead_a"}
{"pos":[-42.9908218,635.306213,38.1987114],"rotationMatrix":[-0.353249967,-0.935528994,0,0.935528994,-0.353249967,0,0,0,1],"scale":0.762071371,"type":"tree_beech_dead_a"}
{"pos":[-60.7060013,664.275635,35.3294792],"rotationMatrix":[0.0621804446,0.998064935,0,-0.998064935,0.0621804446,0,0,0,1],"scale":1.18997407,"type":"tree_beech_dead_a"}
{"pos":[-16.7846756,662.096313,35.6699448],"rotationMatrix":[-0.175336003,-0.984508634,0,0.984508634,-0.175336003,0,0,0,1],"scale":0.97846067,"type":"tree_beech_dead_a"}
{"pos":[-19.467186,645.092651,37.5644875],"rotationMatrix":[0.904340625,-0.426811516,0,0.426811516,0.904340625,0,0,0,1],"scale":0.66691792,"type":"tree_beech_dead_a"}
{"pos":[-43.247757,649.018616,37.1832924],"rotationMatrix":[0.715221405,0.698897958,0,-0.698897958,0.715221405,0,0,0,1],"scale":0.889945865,"type":"tree_beech_dead_a"}
{"pos":[-67.7815399,685.6922,30.8654747],"rotationMatrix":[0.248319566,0.968678176,0,-0.968678176,0.248319566,0,0,0,1],"scale":0.633813262,"type":"tree_beech_dead_a"}
{"pos":[-74.6118698,648.365723,36.7372169],"rotationMatrix":[-0.122232594,0.992501497,0,-0.992501497,-0.122232594,0,0,0,1],"scale":1.19028878,"type":"tree_beech_dead_a"}
{"pos":[-33.962513,678.086426,32.5445213],"rotationMatrix":[-0.90214026,0.431442827,0,-0.431442827,-0.90214026,0,0,0,1],"scale":0.798043132,"type":"tree_beech_dead_a"}
{"pos":[-62.0863342,645.05481,37.1117287],"rotationMatrix":[-0.66784215,0.744302928,0,-0.744302928,-0.66784215,0,0,0,1],"scale":0.664124727,"type":"tree_beech_dead_a"}
{"pos":[-52.0351105,704.00354,28.9364033],"rotationMatrix":[-0.545018315,-0.838424146,0,0.838424146,-0.545018315,0,0,0,1],"scale":0.640094697,"type":"tree_beech_dead_a"}
{"pos":[-42.394249,629.875488,38.4584045],"rotationMatrix":[-0.285204738,-0.958466649,0,0.958466649,-0.285204738,0,0,0,1],"scale":0.95268929,"type":"tree_beech_dead_a"}
{"pos":[-69.3637466,693.594788,29.7718029],"rotationMatrix":[-0.826543272,-0.562873185,0,0.562873185,-0.826543272,0,0,0,1],"scale":1.12523377,"type":"tree_beech_dead_a"}
{"pos":[-68.3304901,655.576355,36.2883453],"rotationMatrix":[-0.980770648,0.195163906,0,-0.195163906,-0.980770648,0,0,0,1],"scale":1.19438744,"type":"tree_beech_dead_a"}
{"pos":[-71.5639877,650.072998,36.6803665],"rotationMatrix":[-0.824197829,-0.566301942,0,0.566301942,-0.824197829,0,0,0,1],"scale":0.963722229,"type":"tree_beech_dead_a"}
{"pos":[-36.9066849,654.418396,36.6756973],"rotationMatrix":[-0.660676181,-0.750671029,0,0.750671029,-0.660676181,0,0,0,1],"scale":1.07972324,"type":"tree_beech_dead_a"}
{"pos":[-18.135006,674.083496,33.7012978],"rotationMatrix":[-0.862196922,0.506573319,0,-0.506573319,-0.862196922,0,0,0,1],"scale":0.870491982,"type":"tree_beech_dead_a"}
{"pos":[-38.1288185,634.046082,38.3665314],"rotationMatrix":[0.933978319,-0.357329756,0,0.357329756,0.933978319,0,0,0,1],"scale":0.791859686,"type":"tree_beech_dead_a"}
{"pos":[-62.3765564,690.324585,30.2690353],"rotationMatrix":[-0.0500435755,-0.998747051,0,0.998747051,-0.0500435755,0,0,0,1],"scale":0.720605195,"type":"tree_beech_dead_a"}
{"pos":[-2.52198029,654.193481,36.0479279],"rotationMatrix":[-0.780715406,0.624886751,0,-0.624886751,-0.780715406,0,0,0,1],"scale":0.902125955,"type":"tree_beech_dead_a"}
{"pos":[-62.7305374,668.918884,34.3981171],"rotationMatrix":[0.114482626,0.99342525,0,-0.99342525,0.114482626,0,0,0,1],"scale":0.936169446,"type":"tree_beech_dead_a"}
{"pos":[-24.8864365,670.765076,34.1988335],"rotationMatrix":[-0.359100848,0.933298767,0,-0.933298767,-0.359100848,0,0,0,1],"scale":1.04767978,"type":"tree_beech_dead_a"}
{"pos":[-27.4519005,642.481934,37.888958],"rotationMatrix":[-0.295632392,-0.955301762,0,0.955301762,-0.295632392,0,0,0,1],"scale":0.697113156,"type":"tree_beech_dead_a"}
{"pos":[-4.2499733,641.294861,37.0000725],"rotationMatrix":[-0.44150421,0.897259176,0,-0.897259176,-0.44150421,0,0,0,1],"scale":1.12633181,"type":"tree_beech_dead_a"}
{"pos":[-20.3729668,678.116638,32.8785973],"rotationMatrix":[-0.995782018,0.0917504728,0,-0.0917504728,-0.995782018,0,0,0,1],"scale":1.18756127,"type":"tree_beech_dead_a"}
{"pos":[-12.7132568,670.861877,34.3302307],"rotationMatrix":[-0.169076204,0.985602975,0,-0.985602975,-0.169076204,0,0,0,1],"scale":1.16223013,"type":"tree_beech_dead_a"}
{"pos":[9.61614609,673.188049,33.4397163],"rotationMatrix":[0.188951507,-0.981986403,0,0.981986403,0.188951507,0,0,0,1],"scale":1.03972125,"type":"tree_beech_dead_a"}
{"pos":[-22.3735161,646.915894,37.4535637],"rotationMatrix":[0.999322176,-0.0368123241,0,0.0368123241,0.999322176,0,0,0,1],"scale":1.05637741,"type":"tree_beech_dead_a"}
{"pos":[-15.1025085,642.765198,37.6079636],"rotationMatrix":[0.40975976,0.912193477,0,-0.912193477,0.40975976,0,0,0,1],"scale":0.552134871,"type":"tree_beech_dead_a"}
{"pos":[-7.8158226,674.115601,33.7905998],"rotationMatrix":[0.652423978,-0.757854164,0,0.757854164,0.652423978,0,0,0,1],"scale":0.588361621,"type":"tree_beech_dead_a"}
{"pos":[-39.736908,660.352539,35.9204941],"rotationMatrix":[0.646394074,0.763003767,0,-0.763003767,0.646394074,0,0,0,1],"scale":1.05249417,"type":"tree_beech_dead_a"}
{"pos":[-44.5084229,645.515137,37.4642639],"rotationMatrix":[0.286985129,0.957935035,0,-0.957935035,0.286985129,0,0,0,1],"scale":0.566708088,"type":"tree_beech_dead_a"}
{"pos":[4.26150894,661.742676,34.9654312],"rotationMatrix":[-0.79414916,-0.607722878,0,0.607722878,-0.79414916,0,0,0,1],"scale":0.714176357,"type":"tree_beech_dead_a"}
{"pos":[1.30025101,671.895691,33.9727516],"rotationMatrix":[-0.356009096,-0.934482515,0,0.934482515,-0.356009096,0,0,0,1],"scale":1.1239934,"type":"tree_beech_dead_a"}
{"pos":[-27.3931808,641.408203,37.9830399],"rotationMatrix":[-0.923518896,0.383552909,0,-0.383552909,-0.923518896,0,0,0,1],"scale":0.887795687,"type":"tree_beech_dead_a"}
{"pos":[-2.43675232,640.095337,36.892231],"rotationMatrix":[0.65042156,-0.7595734,0,0.7595734,0.65042156,0,0,0,1],"scale":0.576839685,"type":"tree_beech_dead_a"}
{"pos":[-253.471481,576.465576,28.7322693],"rotationMatrix":[-0.424763918,-0.905304134,0,0.905304134,-0.424763918,0,0,0,1],"scale":0.829701841,"type":"tree_beech_dead_a"}
{"pos":[-255.609558,543.70929,30.2651272],"rotationMatrix":[-0.0608221069,0.99814862,0,-0.99814862,-0.0608221069,0,0,0,1],"scale":0.512548506,"type":"tree_beech_dead_a"}
{"pos":[-248.878387,574.511108,28.7372646],"rotationMatrix":[-0.958720803,0.284349203,0,-0.284349203,-0.958720803,0,0,0,1],"scale":0.727986217,"type":"tree_beech_dead_a"}
{"pos":[-277.383423,570.408875,28.9607029],"rotationMatrix":[-0.993934333,-0.109975033,0,0.109975033,-0.993934333,0,0,0,1],"scale":0.850339413,"type":"tree_beech_dead_a"}
{"pos":[-252.150513,563.874634,29.0963993],"rotationMatrix":[-0.970691085,-0.240330637,0,0.240330637,-0.970691085,0,0,0,1],"scale":0.977066875,"type":"tree_beech_dead_a"}
{"pos":[-282.533051,556.660583,31.8725777],"rotationMatrix":[0.721078694,0.692853153,0,-0.692853153,0.721078694,0,0,0,1],"scale":0.685682118,"type":"tree_beech_dead_a"}
{"pos":[-272.734985,570.668396,29.2595882],"rotationMatrix":[-0.989224136,-0.146409109,0,0.146409109,-0.989224136,0,0,0,1],"scale":0.897798181,"type":"tree_beech_dead_a"}
{"pos":[-260.925262,580.772644,28.5530777],"rotationMatrix":[0.160546303,-0.987028301,0,0.987028301,0.160546303,0,0,0,1],"scale":0.68536818,"type":"tree_beech_dead_a"}
{"pos":[-242.061386,564.509033,29.0583057],"rotationMatrix":[0.735200763,-0.677849412,0,0.677849412,0.735200763,0,0,0,1],"scale":0.80994916,"type":"tree_beech_dead_a"}
{"pos":[-267.536804,555.332214,30.7578259],"rotationMatrix":[-0.955008984,0.296576917,0,-0.296576917,-0.955008984,0,0,0,1],"scale":0.899421811,"type":"tree_beech_dead_a"}
{"pos":[-258.004425,569.913757,29.1834831],"rotationMatrix":[-0.993070424,-0.117520548,0,0.117520548,-0.993070424,0,0,0,1],"scale":0.987899363,"type":"tree_beech_dead_a"}
{"pos":[-256.117035,565.165527,29.0868244],"rotationMatrix":[-0.661449432,0.749989808,0,-0.749989808,-0.661449432,0,0,0,1],"scale":0.831099033,"type":"tree_beech_dead_a"}
{"pos":[-279.152069,565.472107,30.5368576],"rotationMatrix":[-0.889955938,0.456046522,0,-0.456046522,-0.889955938,0,0,0,1],"scale":0.504256368,"type":"tree_beech_dead_a"}
{"pos":[-254.476898,581.049377,28.550806],"rotationMatrix":[0.019596288,0.999807954,0,-0.999807954,0.019596288,0,0,0,1],"scale":0.597888947,"type":"tree_beech_dead_a"}
{"pos":[-270.317261,571.909729,29.1826553],"rotationMatrix":[-0.956442893,-0.29191944,0,0.29191944,-0.956442893,0,0,0,1],"scale":1.13721621,"type":"tree_beech_dead_a"}
{"pos":[-274.983582,577.57019,27.6418362],"rotationMatrix":[-0.754834116,-0.655915737,0,0.655915737,-0.754834116,0,0,0,1],"scale":1.16379547,"type":"tree_beech_dead_a"}
{"pos":[-256.191162,553.821106,29.5464649],"rotationMatrix":[-0.984944522,-0.17287083,0,0.17287083,-0.984944522,0,0,0,1],"scale":1.09395456,"type":"tree_beech_dead_a"}
{"pos":[-253.2435,562.996765,29.1465721],"rotationMatrix":[0.985278189,0.170958906,0,-0.170958906,0.985278189,0,0,0,1],"scale":0.754810929,"type":"tree_beech_dead_a"}
{"pos":[-260.148254,572.813782,29.1439552],"rotationMatrix":[0.617975116,-0.786197662,0,0.786197662,0.617975116,0,0,0,1],"scale":0.635703206,"type":"tree_beech_dead_a"}
{"pos":[-259.330414,572.148743,29.1591072],"rotationMatrix":[-0.994902134,-0.100845195,0,0.100845195,-0.994902134,0,0,0,1],"scale":0.873514235,"type":"tree_beech_dead_a"}
{"pos":[-256.298981,597.402161,26.9738693],"rotationMatrix":[-0.372281849,0.928119719,0,-0.928119719,-0.372281849,0,0,0,1],"scale":0.912136972,"type":"tree_beech_dead_a"}
{"pos":[-280.477051,584.723083,26.6283054],"rotationMatrix":[0.0997759253,0.995009959,0,-0.995009959,0.0997759253,0,0,0,1],"scale":0.988410234,"type":"tree_beech_dead_a"}
{"pos":[-247.407852,564.749268,29.0442314],"rotationMatrix":[-0.439561546,-0.898212492,0,0.898212492,-0.439561546,0,0,0,1],"scale":1.120309,"type":"tree_beech_dead_a"}
{"pos":[-239.017639,581.10376,28.8105488],"rotationMatrix":[-0.915944517,-0.40130496,0,0.40130496,-0.915944517,0,0,0,1],"scale":1.16706192,"type":"tree_beech_dead_a"}
{"pos":[-238.416992,584.235291,28.8780003],"rotationMatrix":[-0.33720988,-0.941429496,0,0.941429496,-0.33720988,0,0,0,1],"scale":1.14852595,"type":"tree_beech_dead_a"}
{"pos":[-263.537811,560.371887,29.7323856],"rotationMatrix":[0.684689343,-0.728835046,0,0.728835046,0.684689343,0,0,0,1],"scale":1.03820121,"type":"tree_beech_dead_a"}
{"pos":[-245.48587,565.75824,29.021944],"rotationMatrix":[-0.862459719,0.506125689,0,-0.506125689,-0.862459719,0,0,0,1],"scale":0.6757406,"type":"tree_beech_dead_a"}
{"pos":[-219.924011,577.61853,30.0316639],"rotationMatrix":[-0.497078866,-0.867705345,0,0.867705345,-0.497078866,0,0,0,1],"scale":0.767893553,"type":"tree_beech_dead_a"}
{"pos":[-232.207535,608.708069,28.5592098],"rotationMatrix":[-0.928451002,-0.371454924,0,0.371454924,-0.928451002,0,0,0,1],"scale":1.14739847,"type":"tree_beech_dead_a"}
{"pos":[-257.821533,589.925049,27.5996475],"rotationMatrix":[-0.982419312,0.186687738,0,-0.186687738,-0.982419312,0,0,0,1],"scale":0.918429017,"type":"tree_beech_dead_a"}
{"pos":[-225.943924,611.186401,29.1177235],"rotationMatrix":[-0.828495979,0.559994996,0,-0.559994996,-0.828495979,0,0,0,1],"scale":1.09226489,"type":"tree_beech_dead_a"}
{"pos":[-239.574295,567.450439,29.0116653],"rotationMatrix":[0.8988657,0.438224256,0,-0.438224256,0.8988657,0,0,0,1],"scale":0.761758447,"type":"tree_beech_dead_a"}
{"pos":[-229.083252,570.430054,29.4928017],"rotationMatrix":[-0.964583218,0.263778716,0,-0.263778716,-0.964583218,0,0,0,1],"scale":1.12933564,"type":"tree_beech_dead_a"}
{"pos":[-225.344452,622.067017,28.290905],"rotationMatrix":[-0.999498904,-0.0316525586,0,0.0316525586,-0.999498904,0,0,0,1],"scale":0.808552325,"type":"tree_beech_dead_a"}
{"pos":[-214.795074,619.71167,29.7221222],"rotationMatrix":[0.535419524,0.844586253,0,-0.844586253,0.535419524,0,0,0,1],"scale":0.835084915,"type":"tree_beech_dead_a"}
{"pos":[-245.750717,607.967407,27.0252247],"rotationMatrix":[0.500167429,-0.86592871,0,0.86592871,0.500167429,0,0,0,1],"scale":0.560942411,"type":"tree_beech_dead_a"}
{"pos":[-215.568207,617.53772,29.7980385],"rotationMatrix":[-0.677750528,0.735291958,0,-0.735291958,-0.677750528,0,0,0,1],"scale":0.748962998,"type":"tree_beech_dead_a"}
{"pos":[-223.566864,628.213257,27.9385014],"rotationMatrix":[-0.930421412,-0.366491407,0,0.366491407,-0.930421412,0,0,0,1],"scale":0.905213714,"type":"tree_beech_dead_a"}
{"pos":[-213.794907,609.420654,30.3795948],"rotationMatrix":[-0.07645154,-0.997073293,0,0.997073293,-0.07645154,0,0,0,1],"scale":1.15028691,"type":"tree_beech_dead_a"}
{"pos":[-237.731247,599.415771,28.3848381],"rotationMatrix":[-0.956639707,-0.291273832,0,0.291273832,-0.956639707,0,0,0,1],"scale":0.510594249,"type":"tree_beech_dead_a"}
{"pos":[-229.602478,629.696777,26.9833317],"rotationMatrix":[0.971602798,0.236617804,0,-0.236617804,0.971602798,0,0,0,1],"scale":1.12002361,"type":"tree_beech_dead_a"}
{"pos":[-222.833588,643.317261,26.3601456],"rotationMatrix":[-0.362020105,-0.932170272,0,0.932170272,-0.362020105,0,0,0,1],"scale":1.03165567,"type":"tree_beech_dead_a"}
{"pos":[-215.683167,644.623413,27.0100117],"rotationMatrix":[0.786191642,0.617982745,0,-0.617982745,0.786191642,0,0,0,1],"scale":0.912493944,"type":"tree_beech_dead_a"}
{"pos":[-229.436523,621.886292,27.8298264],"rotationMatrix":[0.403618813,0.914927244,0,-0.914927244,0.403618813,0,0,0,1],"scale":1.06522918,"type":"tree_beech_dead_a"}
{"pos":[-197.785645,602.049744,30.966608],"rotationMatrix":[-0.572167099,-0.820137084,0,0.820137084,-0.572167099,0,0,0,1],"scale":1.01505828,"type":"tree_beech_dead_a"}
{"pos":[-198.733917,614.46759,31.1934643],"rotationMatrix":[0.0578963645,-0.998322606,0,0.998322606,0.0578963645,0,0,0,1],"scale":0.944906592,"type":"tree_beech_dead_a"}
{"pos":[-218.650955,644.920776,26.6635265],"rotationMatrix":[-0.549452901,-0.835524678,0,0.835524678,-0.549452901,0,0,0,1],"scale":0.707204223,"type":"tree_beech_dead_a"}
{"pos":[-222.032135,599.463501,30.0272961],"rotationMatrix":[-0.348066211,-0.937469959,0,0.937469959,-0.348066211,0,0,0,1],"scale":0.713806689,"type":"tree_beech_dead_a"}
{"pos":[-226.483307,608.561462,29.2147026],"rotationMatrix":[-0.516254544,0.85643518,0,-0.85643518,-0.516254544,0,0,0,1],"scale":0.915029883,"type":"tree_beech_dead_a"}
{"pos":[-213.026321,638.181274,28.0314045],"rotationMatrix":[0.978210092,0.207617447,0,-0.207617447,0.978210092,0,0,0,1],"scale":0.653844833,"type":"tree_beech_dead_a"}
{"pos":[-191.958511,637.229858,30.1856499],"rotationMatrix":[-0.996235251,0.0866909921,0,-0.0866909921,-0.996235251,0,0,0,1],"scale":0.867850065,"type":"tree_beech_dead_a"}
{"pos":[-209.850876,650.165466,26.8941574],"rotationMatrix":[0.374598831,0.927186966,0,-0.927186966,0.374598831,0,0,0,1],"scale":0.670819759,"type":"tree_beech_dead_a"}
{"pos":[-190.871597,635.045959,30.5667305],"rotationMatrix":[0.973260105,-0.229705915,0,0.229705915,0.973260105,0,0,0,1],"scale":1.15823138,"type":"tree_beech_dead_a"}
{"pos":[-192.306854,640.492249,29.6998863],"rotationMatrix":[0.977455497,-0.211141467,0,0.211141467,0.977455497,0,0,0,1],"scale":0.626256704,"type":"tree_beech_dead_a"}
{"pos":[-194.80545,638.608093,29.7645302],"rotationMatrix":[0.429364532,0.903131306,0,-0.903131306,0.429364532,0,0,0,1],"scale":0.573622048,"type":"tree_beech_dead_a"}
{"pos":[-202.044449,657.069824,26.5173111],"rotationMatrix":[0.0941952392,0.995553732,0,-0.995553732,0.0941952392,0,0,0,1],"scale":0.5308429,"type":"tree_beech_dead_a"}
{"pos":[-211.09462,626.908691,29.5274391],"rotationMatrix":[0.0707387999,0.997494876,0,-0.997494876,0.0707387999,0,0,0,1],"scale":0.986221552,"type":"tree_beech_dead_a"}
{"pos":[-188.757477,613.280212,31.3744659],"rotationMatrix":[0.924157381,0.38201192,0,-0.38201192,0.924157381,0,0,0,1],"scale":0.724391818,"type":"tree_beech_dead_a"}
{"pos":[-192.258347,644.140259,29.1371765],"rotationMatrix":[0.747466624,-0.664299369,0,0.664299369,0.747466624,0,0,0,1],"scale":1.04955673,"type":"tree_beech_dead_a"}
{"pos":[-189.191727,622.807434,31.5795746],"rotationMatrix":[0.621329367,-0.783549547,0,0.783549547,0.621329367,0,0,0,1],"scale":0.917724729,"type":"tree_beech_dead_a"}
{"pos":[-165.680054,666.388123,26.5328655],"rotationMatrix":[0.660315752,-0.750988066,0,0.750988066,0.660315752,0,0,0,1],"scale":1.06335223,"type":"tree_beech_dead_a"}
{"pos":[-164.442963,635.999573,32.6254234],"rotationMatrix":[0.763262153,-0.646088898,0,0.646088898,0.763262153,0,0,0,1],"scale":0.913078547,"type":"tree_beech_dead_a"}
{"pos":[-168.166275,640.434509,31.7090492],"rotationMatrix":[0.996829629,-0.0795657337,0,0.0795657337,0.996829629,0,0,0,1],"scale":0.685960293,"type":"tree_beech_dead_a"}
{"pos":[-154.462631,639.562927,33.4862175],"rotationMatrix":[-0.990902722,-0.134580061,0,0.134580061,-0.990902722,0,0,0,1],"scale":0.5543769,"type":"tree_beech_dead_a"}
{"pos":[-166.592346,645.408203,30.9275265],"rotationMatrix":[0.999674499,0.0255116597,0,-0.0255116597,0.999674499,0,0,0,1],"scale":0.907891512,"type":"tree_beech_dead_a"}
{"pos":[-171.710693,635.313416,32.018074],"rotationMatrix":[-0.368803799,0.929507256,0,-0.929507256,-0.368803799,0,0,0,1],"scale":1.07797861,"type":"tree_beech_dead_a"}
{"pos":[-184.828156,628.223206,31.7372723],"rotationMatrix":[0.992307544,0.12379735,0,-0.12379735,0.992307544,0,0,0,1],"scale":0.744557142,"type":"tree_beech_dead_a"}
{"pos":[-132.035339,629.140198,34.1071815],"rotationMatrix":[0.106667817,0.994294703,0,-0.994294703,0.106667817,0,0,0,1],"scale":0.959696889,"type":"tree_beech_dead_a"}
{"pos":[-141.035538,626.608643,33.707222],"rotationMatrix":[0.865275443,0.501296699,0,-0.501296699,0.865275443,0,0,0,1],"scale":1.19355512,"type":"tree_beech_dead_a"}
{"pos":[-160.926865,625.094177,32.2249908],"rotationMatrix":[0.702434182,-0.711748719,0,0.711748719,0.702434182,0,0,0,1],"scale":0.663645387,"type":"tree_beech_dead_a"}
{"pos":[-148.834991,621.401794,33.2210693],"rotationMatrix":[-0.980994284,-0.194036767,0,0.194036767,-0.980994284,0,0,0,1],"scale":0.954696298,"type":"tree_beech_dead_a"}
{"pos":[-162.450089,660.309387,27.9750843],"rotationMatrix":[-0.822119832,-0.56931448,0,0.56931448,-0.822119832,0,0,0,1],"scale":0.901557446,"type":"tree_beech_dead_a"}
{"pos":[-163.576904,630.061829,32.5492325],"rotationMatrix":[0.538613737,0.842552841,0,-0.842552841,0.538613737,0,0,0,1],"scale":0.579102039,"type":"tree_beech_dead_a"}
{"pos":[-121.5215,653.101746,34.9621887],"rotationMatrix":[0.472533435,0.881312728,0,-0.881312728,0.472533435,0,0,0,1],"scale":0.755074143,"type":"tree_beech_dead_a"}
{"pos":[-136.955643,627.358276,33.8026466],"rotationMatrix":[-0.410241574,-0.911976874,0,0.911976874,-0.410241574,0,0,0,1],"scale":0.784933209,"type":"tree_beech_dead_a"}
{"pos":[-141.689468,641.874268,34.6388321],"rotationMatrix":[-0.249793127,-0.96829921,0,0.96829921,-0.249793127,0,0,0,1],"scale":0.800363302,"type":"tree_beech_dead_a"}
{"pos":[-162.441833,668.951538,26.493906],"rotationMatrix":[0.905075788,0.425250262,0,-0.425250262,0.905075788,0,0,0,1],"scale":0.61537683,"type":"tree_beech_dead_a"}
{"pos":[-148.860184,647.735229,33.2654877],"rotationMatrix":[-0.813916087,-0.580982387,0,0.580982387,-0.813916087,0,0,0,1],"scale":0.63077414,"type":"tree_beech_dead_a"}
{"pos":[-114.322723,654.903381,35.2328873],"rotationMatrix":[0.0374524742,-0.999298394,0,0.999298394,0.0374524742,0,0,0,1],"scale":1.0888586,"type":"tree_beech_dead_a"}
{"pos":[-146.564392,663.237732,29.566555],"rotationMatrix":[-0.0426013693,-0.999092162,0,0.999092162,-0.0426013693,0,0,0,1],"scale":0.59384644,"type":"tree_beech_dead_a"}
{"pos":[-136.58168,648.584839,34.44664],"rotationMatrix":[0.391223729,-0.920295596,0,0.920295596,0.391223729,0,0,0,1],"scale":0.571984828,"type":"tree_beech_dead_a"}
{"pos":[39.1494141,551.906616,33.6143188],"rotationMatrix":[0.197876498,0.980226934,0,-0.980226934,0.197876498,0,0,0,1],"scale":1.0892905,"type":"tree_beech_dead_a"}
{"pos":[34.3120537,550.367126,33.5428467],"rotationMatrix":[0.129964814,-0.991518617,0,0.991518617,0.129964814,0,0,0,1],"scale":1.01280975,"type":"tree_beech_dead_a"}
{"pos":[27.835228,604.223877,33.7895584],"rotationMatrix":[-0.630791903,0.775952041,0,-0.775952041,-0.630791903,0,0,0,1],"scale":1.06853759,"type":"tree_beech_dead_a"}
{"pos":[-121.479996,596.514832,33.9542007],"rotationMatrix":[0.700968385,0.713192344,0,-0.713192344,0.700968385,0,0,0,1],"scale":0.945530772,"type":"tree_beech_dead_a"}
{"pos":[-15.7779541,547.797485,34.8231583],"rotationMatrix":[0.993720353,-0.111892425,0,0.111892425,0.993720353,0,0,0,1],"scale":0.938629389,"type":"tree_beech_dead_a"}
{"pos":[25.2571182,548.30603,33.2914963],"rotationMatrix":[0.207578853,-0.978218317,0,0.978218317,0.207578853,0,0,0,1],"scale":0.549210668,"type":"tree_beech_dead_a"}
{"pos":[-0.777301788,567.770203,35.0934944],"rotationMatrix":[-0.00690739602,0.999976158,0,-0.999976158,-0.00690739602,0,0,0,1],"scale":1.07142675,"type":"tree_beech_dead_a"}
{"pos":[13.946888,543.195374,33.5258408],"rotationMatrix":[-0.858082533,-0.513511837,0,0.513511837,-0.858082533,0,0,0,1],"scale":1.0475378,"type":"tree_beech_dead_a"}
{"pos":[2.13299179,575.064636,35.555191],"rotationMatrix":[0.915833771,0.401557535,0,-0.401557535,0.915833771,0,0,0,1],"scale":0.996217847,"type":"tree_beech_dead_a"}
{"pos":[12.2864151,559.651123,34.132946],"rotationMatrix":[0.79946208,0.600716531,0,-0.600716531,0.79946208,0,0,0,1],"scale":0.934982777,"type":"tree_beech_dead_a"}
{"pos":[1.12545395,567.367188,34.9934616],"rotationMatrix":[-0.973291159,-0.229574278,0,0.229574278,-0.973291159,0,0,0,1],"scale":0.781740069,"type":"tree_beech_dead_a"}
{"pos":[25.7653732,588.5672,34.2900276],"rotationMatrix":[0.731734514,0.681589782,0,-0.681589782,0.731734514,0,0,0,1],"scale":0.905890465,"type":"tree_beech_dead_a"}
{"pos":[38.4700699,552.33783,33.6831741],"rotationMatrix":[0.217233941,0.976119578,0,-0.976119578,0.217233941,0,0,0,1],"scale":0.542525589,"type":"tree_beech_dead_a"}
{"pos":[-18.0676079,597.5896,36.8870392],"rotationMatrix":[0.658110559,0.752921283,0,-0.752921283,0.658110559,0,0,0,1],"scale":0.954701543,"type":"tree_beech_dead_a"}
{"pos":[25.1592255,540.98877,33.2362175],"rotationMatrix":[0.895011783,0.446042538,0,-0.446042538,0.895011783,0,0,0,1],"scale":0.594272912,"type":"tree_beech_dead_a"}
{"pos":[1.92489624,587.629456,36.0711823],"rotationMatrix":[0.992729664,-0.120365195,0,0.120365195,0.992729664,0,0,0,1],"scale":0.838477015,"type":"tree_beech_dead_a"}
{"pos":[29.5975266,567.467163,34.0417938],"rotationMatrix":[0.590539932,0.807008445,0,-0.807008445,0.590539932,0,0,0,1],"scale":0.8894701,"type":"tree_beech_dead_a"}
{"pos":[23.5815659,545.260986,33.3579216],"rotationMatrix":[-0.553657949,0.832744181,0,-0.832744181,-0.553657949,0,0,0,1],"scale":0.835229158,"type":"tree_beech_dead_a"}
{"pos":[-27.8179092,560.628174,35.3396645],"rotationMatrix":[0.872488678,-0.488634378,0,0.488634378,0.872488678,0,0,0,1],"scale":1.0570699,"type":"tree_beech_dead_a"}
{"pos":[-20.7555161,542.263916,35.2000694],"rotationMatrix":[0.766298354,0.642484844,0,-0.642484844,0.766298354,0,0,0,1],"scale":0.713756025,"type":"tree_beech_dead_a"}
{"pos":[-17.5291481,557.834045,34.8361359],"rotationMatrix":[-0.876470506,0.481455564,0,-0.481455564,-0.876470506,0,0,0,1],"scale":0.968934655,"type":"tree_beech_dead_a"}
{"pos":[-40.7511902,576.957458,36.5425415],"rotationMatrix":[-0.900917947,-0.433989495,0,0.433989495,-0.900917947,0,0,0,1],"scale":0.766577125,"type":"tree_beech_dead_a"}
