{"pos":[761.540466,-94.8553085,52.7192764],"rotationMatrix":[-0.541147768,0.840927303,0,-0.840927303,-0.541147768,0,0,0,0.999999881],"scale":1,"type":"tree_beech_bush_b"}
{"pos":[770.13916,-93.3595123,53.6306572],"rotationMatrix":[-0.560126841,-0.828406692,0,0.828406692,-0.560126841,0,0,0,0.999999881],"scale":1,"type":"tree_beech_bush_b"}
{"pos":[759.138855,-89.6439514,52.2251205],"rotationMatrix":[0.344345152,0.938843071,0,-0.938843071,0.344345152,0,0,0,0.999999881],"scale":1,"type":"tree_beech_bush_b"}
{"pos":[780.179565,-88.299942,53.8983383],"rotationMatrix":[0.138662487,0.990339696,0,-0.990339696,0.138662487,0,0,0,0.999999881],"scale":1,"type":"tree_beech_bush_b"}
{"pos":[783.757446,-95.5655975,56.6468048],"rotationMatrix":[-0.56020385,-0.828354597,0,0.828354597,-0.56020385,0,0,0,0.999999881],"scale":1,"type":"tree_beech_bush_b"}
{"pos":[776.63208,-98.3934937,56.1128159],"rotationMatrix":[0.558068573,0.829794824,0,-0.829794824,0.558068573,0,0,0,0.999999881],"scale":1,"type":"tree_beech_bush_b"}
{"pos":[781.404785,-110.585281,58.0499268],"rotationMatrix":[0.381719589,-0.92427808,0,0.92427808,0.381719589,0,0,0,0.999999881],"scale":1,"type":"tree_beech_bush_b"}
{"pos":[775.841125,-86.3428802,53.7896996],"rotationMatrix":[-0.558016837,-0.829829514,0,0.829829514,-0.558016837,0,0,0,0.999999881],"scale":1,"type":"tree_beech_bush_b"}
{"pos":[764.034729,-93.1597977,52.7272606],"rotationMatrix":[0.998734891,0.0502830222,0,-0.0502830222,0.998734891,0,0,0,0.999999881],"scale":1,"type":"tree_beech_bush_b"}
{"pos":[766.533325,-78.3641891,52.1513672],"rotationMatrix":[-0.274656415,0.961542308,0,-0.961542308,-0.274656415,0,0,0,0.999999881],"scale":1,"type":"tree_beech_bush_b"}
{"pos":[691.711609,-109.777275,50.8475838],"rotationMatrix":[0.346927822,0.937891841,0,-0.937891841,0.346927822,0,0,0,0.999999881],"scale":1,"type":"tree_beech_bush_b"}
{"pos":[696.984802,-109.060989,52.4816437],"rotationMatrix":[0.641263664,-0.767320454,0,0.767320454,0.641263664,0,0,0,0.999999881],"scale":1,"type":"tree_beech_bush_b"}
{"pos":[697.358032,-106.391426,51.9207535],"rotationMatrix":[-0.97509563,0.221784666,0,-0.221784666,-0.97509563,0,0,0,0.999999881],"scale":1,"type":"tree_beech_bush_b"}
{"pos":[698.556274,-107.713211,52.4815331],"rotationMatrix":[0.858973145,0.512020528,0,-0.512020528,0.858973145,0,0,0,0.999999881],"scale":1,"type":"tree_beech_bush_b"}
{"pos":[721.677368,-104.682976,54.3730965],"rotationMatrix":[-0.26533252,-0.964156806,0,0.964156806,-0.26533252,0,0,0,0.999999881],"scale":1,"type":"tree_beech_bush_b"}
{"pos":[731.045776,-111.506516,54.3778687],"rotationMatrix":[0.980403841,0.196997955,0,-0.196997955,0.980403841,0,0,0,0.999999881],"scale":1,"type":"tree_beech_bush_b"}
{"pos":[751.990234,-107.056992,53.3914871],"rotationMatrix":[-0.643623769,-0.765341997,0,0.765341997,-0.643623769,0,0,0,0.999999881],"scale":1,"type":"tree_beech_bush_b"}
{"pos":[760.14325,-103.805099,57.1184998],"rotationMatrix":[0.765965283,0.64288193,0,-0.64288193,0.765965283,0,0,0,0.999999881],"scale":1,"type":"tree_beech_bush_b"}
{"pos":[706.710144,-117.087578,56.7643204],"rotationMatrix":[0.34526962,-0.938503444,0,0.938503444,0.34526962,0,0,0,0.999999881],"scale":1,"type":"tree_beech_bush_b"}
{"pos":[707.42804,-115.341202,56.0980034],"rotationMatrix":[0.993606865,-0.11289461,0,0.11289461,0.993606865,0,0,0,0.999999881],"scale":1,"type":"tree_beech_bush_b"}
{"pos":[723.802612,-112.833565,57.7026749],"rotationMatrix":[-0.212968662,-0.977058947,0,0.977058947,-0.212968662,0,0,0,0.999999881],"scale":1,"type":"tree_beech_bush_b"}
{"pos":[723.167114,-113.905136,57.90728],"rotationMatrix":[0.441975743,-0.897026896,0,0.897026896,0.441975743,0,0,0,0.999999881],"scale":1,"type":"tree_beech_bush_b"}
{"pos":[726.252747,-116.074608,57.9758148],"rotationMatrix":[-0.784442663,-0.62020129,0,0.62020129,-0.784442663,0,0,0,0.999999881],"scale":1,"type":"tree_beech_bush_b"}
{"pos":[734.814392,-117.441254,57.7262306],"rotationMatrix":[0.450594932,-0.892728329,0,0.892728329,0.450594932,0,0,0,0.999999881],"scale":1,"type":"tree_beech_bush_b"}
{"pos":[742.075317,-116.325714,57.6720428],"rotationMatrix":[0.944690287,0.32796371,0,-0.32796371,0.944690287,0,0,0,0.999999881],"scale":1,"type":"tree_beech_bush_b"}
{"pos":[756.829651,-110.032333,56.6313019],"rotationMatrix":[-0.45346868,0.891272068,0,-0.891272068,-0.45346868,0,0,0,0.999999881],"scale":1,"type":"tree_beech_bush_b"}
{"pos":[761.465515,-112.698715,58.0499268],"rotationMatrix":[0.992274106,-0.12406379,0,0.12406379,0.992274106,0,0,0,0.999999881],"scale":1,"type":"tree_beech_bush_b"}
{"pos":[758.550964,-110.806519,57.4362183],"rotationMatrix":[-0.759670317,0.650308251,0,-0.650308251,-0.759670317,0,0,0,0.999999881],"scale":1,"type":"tree_beech_bush_b"}
{"pos":[768.263977,-114.778885,58.0499268],"rotationMatrix":[0.472235173,0.881472647,0,-0.881472647,0.472235173,0,0,0,0.999999881],"scale":1,"type":"tree_beech_bush_b"}
{"pos":[765.626343,-115.730606,58.0499268],"rotationMatrix":[-0.095786199,-0.9954018,0,0.9954018,-0.095786199,0,0,0,0.999999881],"scale":1,"type":"tree_beech_bush_b"}
{"pos":[771.742554,-113.185966,58.0499268],"rotationMatrix":[0.995744765,0.0921535641,0,-0.0921535641,0.995744765,0,0,0,0.999999881],"scale":1,"type":"tree_beech_bush_b"}
{"pos":[775.350159,-112.003815,58.0499268],"rotationMatrix":[0.989313424,-0.145803556,0,0.145803556,0.989313424,0,0,0,0.999999881],"scale":1,"type":"tree_beech_bush_b"}
{"pos":[778.712402,-114.957108,58.0499268],"rotationMatrix":[-0.940948665,-0.338549048,0,0.338549048,-0.940948665,0,0,0,0.999999881],"scale":1,"type":"tree_beech_bush_b"}
{"pos":[775.122803,-107.056374,58.0499268],"rotationMatrix":[-0.9292081,-0.369556606,0,0.369556606,-0.9292081,0,0,0,0.999999881],"scale":1,"type":"tree_beech_bush_b"}
{"pos":[784.477844,-104.481262,58.0499268],"rotationMatrix":[-0.351818472,0.936068118,0,-0.936068118,-0.351818472,0,0,0,0.999999881],"scale":1,"type":"tree_beech_bush_b"}
{"pos":[783.869568,-110.482399,58.0499268],"rotationMatrix":[-0.874682546,-0.484696299,0,0.484696299,-0.874682546,0,0,0,0.999999881],"scale":1,"type":"tree_beech_bush_b"}
{"pos":[785.930542,-109.643784,58.0499268],"rotationMatrix":[-0.994860232,-0.101257198,0,0.101257198,-0.994860232,0,0,0,0.999999881],"scale":1,"type":"tree_beech_bush_b"}
{"pos":[786.528442,-106.632523,58.0499268],"rotationMatrix":[-0.874101102,-0.48574388,0,0.48574388,-0.874101102,0,0,0,0.999999881],"scale":1,"type":"tree_beech_bush_b"}
{"pos":[788.002686,-106.699631,58.0499268],"rotationMatrix":[-0.715783477,-0.698322237,0,0.698322237,-0.715783477,0,0,0,0.999999881],"scale":1,"type":"tree_beech_bush_b"}
{"pos":[790.233093,-99.3484573,57.5527687],"rotationMatrix":[0.164529487,0.986372173,0,-0.986372173,0.164529487,0,0,0,0.999999881],"scale":1,"type":"tree_beech_bush_b"}
{"pos":[763.52887,-14.9803562,52.0149727],"rotationMatrix":[-0.949393451,-0.314089268,0,0.314089268,-0.949393451,0,0,0,0.999999881],"scale":1,"type":"tree_beech_bush_b"}
{"pos":[764.541443,-17.3130531,51.9783707],"rotationMatrix":[0.990593374,0.136837676,0,-0.136837676,0.990593374,0,0,0,0.999999881],"scale":1,"type":"tree_beech_bush_b"}
{"pos":[765.349487,-15.9381123,52.0338326],"rotationMatrix":[0.569957376,0.821674228,0,-0.821674228,0.569957376,0,0,0,0.999999881],"scale":1,"type":"tree_beech_bush_b"}
{"pos":[758.151611,-9.97066021,52.1889534],"rotationMatrix":[-0.830297947,0.557319641,0,-0.557319641,-0.830297947,0,0,0,0.999999881],"scale":1,"type":"tree_beech_bush_b"}
{"pos":[760.020508,-7.19639826,52.2142372],"rotationMatrix":[-0.653243124,-0.757148027,0,0.757148027,-0.653243124,0,0,0,0.999999881],"scale":1,"type":"tree_beech_bush_b"}
{"pos":[757.965637,-8.0148201,52.2087364],"rotationMatrix":[-0.256531715,0.966535687,0,-0.966535687,-0.256531715,0,0,0,0.999999881],"scale":1,"type":"tree_beech_bush_b"}
{"pos":[749.545593,-11.0039425,51.9848251],"rotationMatrix":[0.444651395,-0.895703614,0,0.895703614,0.444651395,0,0,0,0.999999881],"scale":1,"type":"tree_beech_bush_b"}
{"pos":[694.277832,-115.016846,51.9733658],"rotationMatrix":[-0.206085816,0.978533804,0,-0.978533804,-0.206085816,0,0,0,0.999999881],"scale":1,"type":"tree_beech_bush_b"}
{"pos":[704.182739,61.5263481,54.9993896],"rotationMatrix":[-0.713052928,0.701109946,0,-0.701109946,-0.713052928,0,0,0,0.999999881],"scale":1,"type":"tree_beech_bush_b"}
{"pos":[704.876709,64.2918549,54.9993896],"rotationMatrix":[0.701737583,-0.712435246,0,0.712435246,0.701737583,0,0,0,0.999999881],"scale":1,"type":"tree_beech_bush_b"}
{"pos":[706.450867,61.4511871,54.9993896],"rotationMatrix":[-0.180085629,-0.983650863,0,0.983650863,-0.180085629,0,0,0,0.999999881],"scale":1,"type":"tree_beech_bush_b"}
{"pos":[812.13092,38.1260796,55.728466],"rotationMatrix":[-0.987254798,-0.159147307,0,0.159147307,-0.987254798,0,0,0,0.999999881],"scale":1,"type":"tree_beech_bush_b"}
{"pos":[817.182373,30.8572712,57.1832886],"rotationMatrix":[-0.490755707,0.871297061,0,-0.871297061,-0.490755707,0,0,0,0.999999881],"scale":1,"type":"tree_beech_bush_b"}
{"pos":[783.606689,-155.944855,58.0499268],"rotationMatrix":[0.717590809,0.696464956,0,-0.696464956,0.717590809,0,0,0,0.999999881],"scale":1,"type":"tree_beech_bush_b"}
{"pos":[801.602661,-145.677109,58.0462646],"rotationMatrix":[0.882225513,-0.470826834,0,0.470826834,0.882225513,0,0,0,0.999999881],"scale":1,"type":"tree_beech_bush_b"}
{"pos":[815.919617,-122.301003,58.0499268],"rotationMatrix":[-0.994736969,-0.102460407,0,0.102460407,-0.994736969,0,0,0,0.999999881],"scale":1,"type":"tree_beech_bush_b"}
{"pos":[799.265747,-2.09451199,51.9287109],"rotationMatrix":[0.973809183,0.227366775,0,-0.227366775,0.973809183,0,0,0,0.999999881],"scale":1,"type":"tree_beech_bush_b"}
{"pos":[799.675171,-0.47790432,51.9287109],"rotationMatrix":[0.351416618,0.936219156,0,-0.936219156,0.351416618,0,0,0,0.999999881],"scale":1,"type":"tree_beech_bush_b"}
{"pos":[797.154907,-19.6200409,51.9298439],"rotationMatrix":[-0.70659107,-0.707622111,0,0.707622111,-0.70659107,0,0,0,0.999999881],"scale":1,"type":"tree_beech_bush_b"}
{"pos":[800.597961,-53.2907639,51.9360352],"rotationMatrix":[0.963761985,-0.266763359,0,0.266763359,0.963761985,0,0,0,0.999999881],"scale":1,"type":"tree_beech_bush_b"}
{"pos":[797.008789,-64.5296326,52.0974846],"rotationMatrix":[-0.923575103,0.383417457,0,-0.383417457,-0.923575103,0,0,0,0.999999881],"scale":1,"type":"tree_beech_bush_b"}
{"pos":[805.085632,-76.9346313,54.0179138],"rotationMatrix":[-0.998523712,-0.0543156751,0,0.0543156751,-0.998523712,0,0,0,0.999999881],"scale":1,"type":"tree_beech_bush_b"}
{"pos":[805.449097,-84.2257309,56.0479126],"rotationMatrix":[-0.928197205,0.372088283,0,-0.372088283,-0.928197205,0,0,0,0.999999881],"scale":1,"type":"tree_beech_bush_b"}
{"pos":[782.286438,-127.753891,58.4298477],"rotationMatrix":[0.987378061,0.158380538,0,-0.158380538,0.987378061,0,0,0,0.999999881],"scale":1,"type":"tree_beech_bush_b"}
{"pos":[777.611572,-128.411942,58.5390549],"rotationMatrix":[0.98867923,0.15004386,0,-0.15004386,0.98867923,0,0,0,0.999999881],"scale":1,"type":"tree_beech_bush_b"}
{"pos":[773.638306,-128.575699,58.6001625],"rotationMatrix":[0.0305549316,-0.999532998,0,0.999532998,0.0305549316,0,0,0,0.999999881],"scale":1,"type":"tree_beech_bush_b"}
{"pos":[775.802551,-133.964996,58.4921684],"rotationMatrix":[-0.160002321,-0.987116516,0,0.987116516,-0.160002321,0,0,0,0.999999881],"scale":1,"type":"tree_beech_bush_b"}
{"pos":[777.719116,-132.55896,58.4351692],"rotationMatrix":[-0.721686423,-0.692220092,0,0.692220092,-0.721686423,0,0,0,0.999999881],"scale":1,"type":"tree_beech_bush_b"}
{"pos":[720.98999,-216.625229,60.3948364],"rotationMatrix":[0.568697095,0.822547019,0,-0.822547019,0.568697095,0,0,0,0.999999881],"scale":1,"type":"tree_beech_bush_b"}
{"pos":[863.890808,-84.5312195,66.6538391],"rotationMatrix":[0.853417993,-0.521227002,0,0.521227002,0.853417993,0,0,0,0.999999881],"scale":1,"type":"tree_beech_bush_b"}
{"pos":[850.302673,-80.1380005,64.8843079],"rotationMatrix":[0.894367754,-0.447332323,0,0.447332323,0.894367754,0,0,0,0.999999881],"scale":1,"type":"tree_beech_bush_b"}
{"pos":[854.820129,-79.5959702,65.6696243],"rotationMatrix":[-0.784701049,0.61987406,0,-0.61987406,-0.784701049,0,0,0,0.999999881],"scale":1,"type":"tree_beech_bush_b"}
{"pos":[867.171143,-81.6026764,66.7013321],"rotationMatrix":[0.975369871,0.220575333,0,-0.220575333,0.975369871,0,0,0,0.999999881],"scale":1,"type":"tree_beech_bush_b"}
{"pos":[864.925476,-84.6233826,66.6871643],"rotationMatrix":[-0.00747179333,0.999971926,0,-0.999971926,-0.00747179333,0,0,0,0.999999881],"scale":1,"type":"tree_beech_bush_b"}
