{"pos":[375.912109,72.1462936,258.377075],"rotationMatrix":[0.992044628,-0.125886038,0,0.125886038,0.992044628,0,0,0,0.999999881],"scale":1,"type":"tree_oak_large_c"}
{"pos":[328.496002,85.4449005,257.653656],"rotationMatrix":[-0.628289402,-0.777979553,0,0.777979553,-0.628289402,0,0,0,0.999999881],"scale":1,"type":"tree_oak_large_c"}
{"pos":[278.590637,135.484329,254.656494],"rotationMatrix":[0.905743837,0.423825502,0,-0.423825502,0.905743837,0,0,0,0.999999881],"scale":1,"type":"tree_oak_large_c"}
{"pos":[251.27774,120.73069,254.241943],"rotationMatrix":[0.0338319875,0.999427438,0,-0.999427438,0.0338319875,0,0,0,0.999999881],"scale":1,"type":"tree_oak_large_c"}
{"pos":[213.717239,90.0193558,254.272461],"rotationMatrix":[0.968097091,0.250575066,0,-0.250575066,0.968097091,0,0,0,0.999999881],"scale":1,"type":"tree_oak_large_c"}
{"pos":[156.757523,50.9934769,254.379272],"rotationMatrix":[0.992548168,-0.121852458,0,0.121852458,0.992548168,0,0,0,0.999999881],"scale":1,"type":"tree_oak_large_c"}
{"pos":[238.812347,192.98735,251.796783],"rotationMatrix":[-0.268070161,-0.963399351,0,0.963399351,-0.268070161,0,0,0,0.999999881],"scale":1,"type":"tree_oak_large_c"}
{"pos":[353.557953,66.694725,258.731873],"rotationMatrix":[-0.986311138,0.164894134,0,-0.164894134,-0.986311138,0,0,0,0.999999881],"scale":1,"type":"tree_oak_large_c"}
{"pos":[336.088989,67.2942429,258.141083],"rotationMatrix":[-0.53937304,-0.842066884,0,0.842066884,-0.53937304,0,0,0,0.999999881],"scale":1,"type":"tree_oak_large_c"}
{"pos":[339.72345,68.5431519,258.30069],"rotationMatrix":[0.929166973,0.369660199,0,-0.369660199,0.929166973,0,0,0,0.999999881],"scale":1,"type":"tree_oak_large_c"}
{"pos":[344.836487,71.4511719,258.475403],"rotationMatrix":[0.426977366,0.904262304,0,-0.904262304,0.426977366,0,0,0,0.999999881],"scale":1,"type":"tree_oak_large_c"}
{"pos":[346.173157,74.9230499,258.406708],"rotationMatrix":[0.191407159,-0.98151058,0,0.98151058,0.191407159,0,0,0,0.999999881],"scale":1,"type":"tree_oak_large_c"}
{"pos":[318.071625,68.4949646,257.449432],"rotationMatrix":[-0.747103631,-0.664707601,0,0.664707601,-0.747103631,0,0,0,0.999999881],"scale":1,"type":"tree_oak_large_c"}
{"pos":[325.952667,63.4764366,257.520447],"rotationMatrix":[-0.0908810273,-0.99586165,0,0.99586165,-0.0908810273,0,0,0,0.999999881],"scale":1,"type":"tree_oak_large_c"}
{"pos":[332.354126,72.5383377,257.978699],"rotationMatrix":[0.621592939,0.783340394,0,-0.783340394,0.621592939,0,0,0,0.999999881],"scale":1,"type":"tree_oak_large_c"}
{"pos":[335.912231,77.819252,258.270569],"rotationMatrix":[0.494273931,-0.869306087,0,0.869306087,0.494273931,0,0,0,0.999999881],"scale":1,"type":"tree_oak_large_c"}
{"pos":[335.071045,63.8667793,257.941071],"rotationMatrix":[0.816371858,0.577526629,0,-0.577526629,0.816371858,0,0,0,0.999999881],"scale":1,"type":"tree_oak_large_c"}
{"pos":[313.226746,71.6909103,257.124268],"rotationMatrix":[0.603787959,-0.79714489,0,0.79714489,0.603787959,0,0,0,0.999999881],"scale":1,"type":"tree_oak_large_c"}
{"pos":[312.297241,58.4826622,257.263733],"rotationMatrix":[0.165499926,-0.986209691,0,0.986209691,0.165499926,0,0,0,0.999999881],"scale":1,"type":"tree_oak_large_c"}
{"pos":[302.135406,76.7367859,256.401611],"rotationMatrix":[0.791916668,0.610629201,0,-0.610629201,0.791916668,0,0,0,0.999999881],"scale":1,"type":"tree_oak_large_c"}
{"pos":[295.507935,90.5991592,256.971619],"rotationMatrix":[-0.80166471,-0.597773731,0,0.597773731,-0.80166471,0,0,0,0.999999881],"scale":1,"type":"tree_oak_large_c"}
{"pos":[313.168945,84.3614655,256.660187],"rotationMatrix":[-0.88410753,0.467283458,0,-0.467283458,-0.88410753,0,0,0,0.999999881],"scale":1,"type":"tree_oak_large_c"}
{"pos":[317.629456,76.1328812,257.276306],"rotationMatrix":[0.242514282,0.970147848,0,-0.970147848,0.242514282,0,0,0,0.999999881],"scale":1,"type":"tree_oak_large_c"}
{"pos":[299.035065,70.1921387,256.358643],"rotationMatrix":[0.910886645,-0.412656516,0,0.412656516,0.910886645,0,0,0,0.999999881],"scale":1,"type":"tree_oak_large_c"}
{"pos":[334.776123,73.5542908,258.110718],"rotationMatrix":[0.729527652,-0.683951139,0,0.683951139,0.729527652,0,0,0,0.999999881],"scale":1,"type":"tree_oak_large_c"}
{"pos":[325.286621,72.1638947,257.697327],"rotationMatrix":[-0.510348439,0.85996753,0,-0.85996753,-0.510348439,0,0,0,0.999999881],"scale":1,"type":"tree_oak_large_c"}
{"pos":[323.798523,76.0371552,257.605164],"rotationMatrix":[-0.158194095,0.987407923,0,-0.987407923,-0.158194095,0,0,0,0.999999881],"scale":1,"type":"tree_oak_large_c"}
{"pos":[169.687408,96.6079102,254.379272],"rotationMatrix":[-0.689151227,0.724617422,0,-0.724617422,-0.689151227,0,0,0,0.999999881],"scale":1,"type":"tree_oak_large_c"}
{"pos":[161.061157,105.24588,254.379272],"rotationMatrix":[0.905682981,-0.423955411,0,0.423955411,0.905682981,0,0,0,0.999999881],"scale":1,"type":"tree_oak_large_c"}
{"pos":[219.031128,143.141312,254.379272],"rotationMatrix":[0.980666101,0.195688337,0,-0.195688337,0.980666101,0,0,0,0.999999881],"scale":1,"type":"tree_oak_large_c"}
{"pos":[202.817123,109.241837,254.318237],"rotationMatrix":[-0.36385873,-0.931454003,0,0.931454003,-0.36385873,0,0,0,0.999999881],"scale":1,"type":"tree_oak_large_c"}
{"pos":[208.5121,147.595612,254.379272],"rotationMatrix":[0.637277305,0.770634532,0,-0.770634532,0.637277305,0,0,0,0.999999881],"scale":1,"type":"tree_oak_large_c"}
{"pos":[213.573425,163.282745,254.374969],"rotationMatrix":[0.724236906,0.689551234,0,-0.689551234,0.724236906,0,0,0,0.999999881],"scale":1,"type":"tree_oak_large_c"}
{"pos":[209.234283,150.876297,254.379272],"rotationMatrix":[0.778714359,0.627378643,0,-0.627378643,0.778714359,0,0,0,0.999999881],"scale":1,"type":"tree_oak_large_c"}
{"pos":[214.322433,167.178101,254.323639],"rotationMatrix":[-0.368619919,-0.929580152,0,0.929580152,-0.368619919,0,0,0,0.999999881],"scale":1,"type":"tree_oak_large_c"}
{"pos":[221.082382,156.851257,254.319244],"rotationMatrix":[0.275854141,0.961199462,0,-0.961199462,0.275854141,0,0,0,0.999999881],"scale":1,"type":"tree_oak_large_c"}
{"pos":[196.987534,173.821045,254.379272],"rotationMatrix":[0.512764692,-0.858529091,0,0.858529091,0.512764692,0,0,0,0.999999881],"scale":1,"type":"tree_oak_large_c"}
{"pos":[191.01709,178.679214,254.379272],"rotationMatrix":[0.993553221,0.113365375,0,-0.113365375,0.993553221,0,0,0,0.999999881],"scale":1,"type":"tree_oak_large_c"}
{"pos":[186.492996,147.225067,254.379272],"rotationMatrix":[-0.6302917,0.776358187,0,-0.776358187,-0.6302917,0,0,0,0.999999881],"scale":1,"type":"tree_oak_large_c"}
{"pos":[190.510101,146.954681,254.379272],"rotationMatrix":[0.494692117,-0.869068146,0,0.869068146,0.494692117,0,0,0,0.999999881],"scale":1,"type":"tree_oak_large_c"}
{"pos":[170.348999,149.296936,254.379272],"rotationMatrix":[-0.635232389,-0.772321045,0,0.772321045,-0.635232389,0,0,0,0.999999881],"scale":1,"type":"tree_oak_large_c"}
{"pos":[199.186768,126.649841,254.333496],"rotationMatrix":[-0.251336247,-0.96789974,0,0.96789974,-0.251336247,0,0,0,0.999999881],"scale":1,"type":"tree_oak_large_c"}
{"pos":[336.482605,221.801544,263.99231],"rotationMatrix":[0.796405673,-0.604762673,0,0.604762673,0.796405673,0,0,0,0.999999881],"scale":1,"type":"tree_oak_large_c"}
{"pos":[342.882874,227.996765,263.99231],"rotationMatrix":[0.779460192,-0.626451612,0,0.626451612,0.779460192,0,0,0,0.999999881],"scale":1,"type":"tree_oak_large_c"}
{"pos":[376.107697,167.971725,263.526306],"rotationMatrix":[0.307990342,-0.951389372,0,0.951389372,0.307990342,0,0,0,0.999999881],"scale":1,"type":"tree_oak_large_c"}
{"pos":[369.573303,178.178482,263.99231],"rotationMatrix":[0.534174562,-0.845374048,0,0.845374048,0.534174562,0,0,0,0.999999881],"scale":1,"type":"tree_oak_large_c"}
{"pos":[402.309387,210.445206,263.99231],"rotationMatrix":[-0.0144646754,-0.999895275,0,0.999895275,-0.0144646754,0,0,0,0.999999881],"scale":1,"type":"tree_oak_large_c"}
{"pos":[407.738983,196.921921,263.501801],"rotationMatrix":[-0.279772818,-0.96006614,0,0.96006614,-0.279772818,0,0,0,0.999999881],"scale":1,"type":"tree_oak_large_c"}
{"pos":[391.426636,205.932434,263.977051],"rotationMatrix":[-0.946546853,0.322566152,0,-0.322566152,-0.946546853,0,0,0,0.999999881],"scale":1,"type":"tree_oak_large_c"}
{"pos":[341.931824,203.571075,263.99231],"rotationMatrix":[-0.97463733,0.223790035,0,-0.223790035,-0.97463733,0,0,0,0.999999881],"scale":1,"type":"tree_oak_large_c"}
{"pos":[329.439972,199.366577,263.99231],"rotationMatrix":[0.964376509,-0.264533132,0,0.264533132,0.964376509,0,0,0,0.999999881],"scale":1,"type":"tree_oak_large_c"}
{"pos":[321.042786,206.460495,263.99231],"rotationMatrix":[-0.254791915,0.966995776,0,-0.966995776,-0.254791915,0,0,0,0.999999881],"scale":1,"type":"tree_oak_large_c"}
{"pos":[322.81778,223.431946,263.99231],"rotationMatrix":[0.55927521,0.828982055,0,-0.828982055,0.55927521,0,0,0,0.999999881],"scale":1,"type":"tree_oak_large_c"}
{"pos":[415.397614,104.405518,258.439209],"rotationMatrix":[0.353913516,-0.935278118,0,0.935278118,0.353913516,0,0,0,0.999999881],"scale":1,"type":"tree_oak_large_c"}
{"pos":[427.299377,92.3232269,257.597992],"rotationMatrix":[0.66043216,-0.750885606,0,0.750885606,0.66043216,0,0,0,0.999999881],"scale":1,"type":"tree_oak_large_c"}
{"pos":[-130.647675,-0.120780945,250],"rotationMatrix":[0.258400857,-0.966037691,0,0.966037691,0.258400857,0,0,0,0.999999881],"scale":1,"type":"tree_oak_large_c"}
{"pos":[-160.79422,7.35278511,250],"rotationMatrix":[-0.939221025,-0.343313038,0,0.343313038,-0.939221025,0,0,0,0.999999881],"scale":1,"type":"tree_oak_large_c"}
{"pos":[-170.465485,1.7957201,250],"rotationMatrix":[0.591683626,-0.806170166,0,0.806170166,0.591683626,0,0,0,0.999999881],"scale":1,"type":"tree_oak_large_c"}
{"pos":[-230.815216,7.45509148,250.164902],"rotationMatrix":[-0.96972847,0.244185671,0,-0.244185671,-0.96972847,0,0,0,0.999999881],"scale":1,"type":"tree_oak_large_c"}
{"pos":[-213.010468,-58.6230812,255.981445],"rotationMatrix":[-0.878502667,-0.477737308,0,0.477737308,-0.878502667,0,0,0,0.999999881],"scale":1,"type":"tree_oak_large_c"}
{"pos":[-184.704437,-59.0205765,255.985931],"rotationMatrix":[-0.728726089,-0.684805095,0,0.684805095,-0.728726089,0,0,0,0.999999881],"scale":1,"type":"tree_oak_large_c"}
{"pos":[-165.319809,-58.3015862,255.996704],"rotationMatrix":[0.151971176,0.988384902,0,-0.988384902,0.151971176,0,0,0,0.999999881],"scale":1,"type":"tree_oak_large_c"}
{"pos":[-166.625183,-55.8382034,255.996704],"rotationMatrix":[-0.821998596,0.569489419,0,-0.569489419,-0.821998596,0,0,0,0.999999881],"scale":1,"type":"tree_oak_large_c"}
{"pos":[-144.090881,-44.8391571,255.996704],"rotationMatrix":[0.821712196,-0.56990236,0,0.56990236,0.821712196,0,0,0,0.999999881],"scale":1,"type":"tree_oak_large_c"}
{"pos":[-110.277473,-75.3778458,255.996704],"rotationMatrix":[-0.25975734,0.965673804,0,-0.965673804,-0.25975734,0,0,0,0.999999881],"scale":1,"type":"tree_oak_large_c"}
{"pos":[-105.696129,-82.644165,255.996704],"rotationMatrix":[-0.956791818,0.290773511,0,-0.290773511,-0.956791818,0,0,0,0.999999881],"scale":1,"type":"tree_oak_large_c"}
{"pos":[-101.972672,-88.4864731,255.996704],"rotationMatrix":[0.538993835,0.842309773,0,-0.842309773,0.538993835,0,0,0,0.999999881],"scale":1,"type":"tree_oak_large_c"}
{"pos":[-279.617035,-21.5246525,255.982208],"rotationMatrix":[-0.460485578,-0.88766706,0,0.88766706,-0.460485578,0,0,0,0.999999881],"scale":1,"type":"tree_oak_large_c"}
{"pos":[-308.878265,0.422449112,256.897552],"rotationMatrix":[0.955441713,-0.295179486,0,0.295179486,0.955441713,0,0,0,0.999999881],"scale":1,"type":"tree_oak_large_c"}
{"pos":[-343.005798,-1.42628002,259.478149],"rotationMatrix":[0.830218434,-0.557438076,0,0.557438076,0.830218434,0,0,0,0.999999881],"scale":1,"type":"tree_oak_large_c"}
{"pos":[-427.881317,9.30907059,262.750214],"rotationMatrix":[0.28207162,0.959393322,0,-0.959393322,0.28207162,0,0,0,0.999999881],"scale":1,"type":"tree_oak_large_c"}
{"pos":[-453.182434,-151.905869,261.947632],"rotationMatrix":[0.937810123,0.347148418,0,-0.347148418,0.937810123,0,0,0,0.999999881],"scale":1,"type":"tree_oak_large_c"}
{"pos":[-456.132263,-157.810272,261.947632],"rotationMatrix":[0.607071102,0.794647515,0,-0.794647515,0.607071102,0,0,0,0.999999881],"scale":1,"type":"tree_oak_large_c"}
{"pos":[-300.706635,-152.568939,286.839478],"rotationMatrix":[0.772535145,-0.634971917,0,0.634971917,0.772535145,0,0,0,0.999999881],"scale":1,"type":"tree_oak_large_c"}
{"pos":[-289.195221,-152.27005,288.438416],"rotationMatrix":[-0.948945105,0.315441132,0,-0.315441132,-0.948945105,0,0,0,0.999999881],"scale":1,"type":"tree_oak_large_c"}
{"pos":[-279.765411,-142.354706,288.075378],"rotationMatrix":[-0.391144484,-0.920329273,0,0.920329273,-0.391144484,0,0,0,0.999999881],"scale":1,"type":"tree_oak_large_c"}
{"pos":[-323.599182,-167.237488,288.560516],"rotationMatrix":[0.790819824,-0.612048805,0,0.612048805,0.790819824,0,0,0,0.999999881],"scale":1,"type":"tree_oak_large_c"}
{"pos":[-112.789818,-160.309586,273.760986],"rotationMatrix":[0.97609973,-0.217322722,0,0.217322722,0.97609973,0,0,0,0.999999881],"scale":1,"type":"tree_oak_large_c"}
{"pos":[-200.290146,-166.688995,278.584595],"rotationMatrix":[0.592802286,-0.805347979,0,0.805347979,0.592802286,0,0,0,0.999999881],"scale":1,"type":"tree_oak_large_c"}
{"pos":[-246.09668,-178.463486,282.987946],"rotationMatrix":[0.989715278,0.143050611,0,-0.143050611,0.989715278,0,0,0,0.999999881],"scale":1,"type":"tree_oak_large_c"}
{"pos":[-298.456604,-190.240845,283.772308],"rotationMatrix":[-0.941563785,-0.336834759,0,0.336834759,-0.941563785,0,0,0,0.999999881],"scale":1,"type":"tree_oak_large_c"}
{"pos":[-344.51532,-184.735916,283.821533],"rotationMatrix":[0.776051462,0.630669594,0,-0.630669594,0.776051462,0,0,0,0.999999881],"scale":1,"type":"tree_oak_large_c"}
{"pos":[-363.178192,-212.426437,283.602448],"rotationMatrix":[-0.0185796916,-0.999827325,0,0.999827325,-0.0185796916,0,0,0,0.999999881],"scale":1,"type":"tree_oak_large_c"}
{"pos":[-380.429413,-207.316376,280.243469],"rotationMatrix":[0.5930987,0.805129707,0,-0.805129707,0.5930987,0,0,0,0.999999881],"scale":1,"type":"tree_oak_large_c"}
{"pos":[-427.083252,-201.735764,270.546356],"rotationMatrix":[0.848319352,-0.529484689,0,0.529484689,0.848319352,0,0,0,0.999999881],"scale":1,"type":"tree_oak_large_c"}
{"pos":[-457.351471,-219.248383,268.493652],"rotationMatrix":[0.739543438,0.673108816,0,-0.673108816,0.739543438,0,0,0,0.999999881],"scale":1,"type":"tree_oak_large_c"}
{"pos":[-333.697968,-90.8095169,261.48526],"rotationMatrix":[-0.298555344,-0.954392254,0,0.954392254,-0.298555344,0,0,0,0.999999881],"scale":1,"type":"tree_oak_large_c"}
{"pos":[-330.835541,-123.340569,262.623047],"rotationMatrix":[-0.962379038,-0.271710277,0,0.271710277,-0.962379038,0,0,0,0.999999881],"scale":1,"type":"tree_oak_large_c"}
{"pos":[-59.8456116,-295.088104,263.99231],"rotationMatrix":[0.704725325,0.709480226,0,-0.709480226,0.704725325,0,0,0,0.999999881],"scale":1,"type":"tree_oak_large_c"}
{"pos":[-72.3557434,-287.035248,264.605408],"rotationMatrix":[-0.0421916731,0.999109447,0,-0.999109447,-0.0421916731,0,0,0,0.999999881],"scale":1,"type":"tree_oak_large_c"}
{"pos":[-79.8491592,-271.628815,265.201019],"rotationMatrix":[-0.668852627,0.743394732,0,-0.743394732,-0.668852627,0,0,0,0.999999881],"scale":1,"type":"tree_oak_large_c"}
{"pos":[-89.9936218,-271.167786,265.383514],"rotationMatrix":[0.0544494689,-0.998516381,0,0.998516381,0.0544494689,0,0,0,0.999999881],"scale":1,"type":"tree_oak_large_c"}
{"pos":[-102.47654,-270.608978,264.545746],"rotationMatrix":[0.662490606,0.749070227,0,-0.749070227,0.662490606,0,0,0,0.999999881],"scale":1,"type":"tree_oak_large_c"}
{"pos":[-105.12429,-263.839813,263.99231],"rotationMatrix":[0.374365062,0.927281439,0,-0.927281439,0.374365062,0,0,0,0.999999881],"scale":1,"type":"tree_oak_large_c"}
{"pos":[-103.816711,-265.379883,263.99231],"rotationMatrix":[-0.999771357,0.0213795956,0,-0.0213795956,-0.999771357,0,0,0,0.999999881],"scale":1,"type":"tree_oak_large_c"}
{"pos":[-114.128548,-272.390991,264.105774],"rotationMatrix":[-0.935624838,0.352995932,0,-0.352995932,-0.935624838,0,0,0,0.999999881],"scale":1,"type":"tree_oak_large_c"}
{"pos":[-132.654266,-267.368835,263.99231],"rotationMatrix":[0.954150498,0.299327046,0,-0.299327046,0.954150498,0,0,0,0.999999881],"scale":1,"type":"tree_oak_large_c"}
{"pos":[-138.302414,-263.609741,263.99231],"rotationMatrix":[-0.44418937,-0.895932913,0,0.895932913,-0.44418937,0,0,0,0.999999881],"scale":1,"type":"tree_oak_large_c"}
{"pos":[-155.379974,-273.044678,263.99231],"rotationMatrix":[0.86571914,-0.500529885,0,0.500529885,0.86571914,0,0,0,0.999999881],"scale":1,"type":"tree_oak_large_c"}
{"pos":[-176.39563,-270.706635,264.648376],"rotationMatrix":[-0.819156706,0.573569477,0,-0.573569477,-0.819156706,0,0,0,0.999999881],"scale":1,"type":"tree_oak_large_c"}
{"pos":[-182.569611,-276.276978,265.047272],"rotationMatrix":[0.287632465,0.957740843,0,-0.957740843,0.287632465,0,0,0,0.999999881],"scale":1,"type":"tree_oak_large_c"}
{"pos":[-181.821915,-273.787262,264.987457],"rotationMatrix":[0.764053047,0.645153403,0,-0.645153403,0.764053047,0,0,0,0.999999881],"scale":1,"type":"tree_oak_large_c"}
{"pos":[-201.417801,-264.458893,263.99231],"rotationMatrix":[0.934272707,0.356559098,0,-0.356559098,0.934272707,0,0,0,0.999999881],"scale":1,"type":"tree_oak_large_c"}
{"pos":[-220.214325,-274.979492,265.103699],"rotationMatrix":[0.442364126,0.896835566,0,-0.896835566,0.442364126,0,0,0,0.999999881],"scale":1,"type":"tree_oak_large_c"}
{"pos":[-248.981049,-285.01532,265.441833],"rotationMatrix":[-0.488945723,0.872314036,0,-0.872314036,-0.488945723,0,0,0,0.999999881],"scale":1,"type":"tree_oak_large_c"}
{"pos":[-248.904617,-278.40564,265.67984],"rotationMatrix":[0.625244796,-0.780428648,0,0.780428648,0.625244796,0,0,0,0.999999881],"scale":1,"type":"tree_oak_large_c"}
{"pos":[-262.294647,-277.566406,264.007202],"rotationMatrix":[-0.502088189,0.864816248,0,-0.864816248,-0.502088189,0,0,0,0.999999881],"scale":1,"type":"tree_oak_large_c"}
{"pos":[-265.948883,-278.049225,263.99231],"rotationMatrix":[0.998077333,-0.0619795136,0,0.0619795136,0.998077333,0,0,0,0.999999881],"scale":1,"type":"tree_oak_large_c"}
{"pos":[-272.986786,-270.622223,263.99231],"rotationMatrix":[0.341781348,-0.939779341,0,0.939779341,0.341781348,0,0,0,0.999999881],"scale":1,"type":"tree_oak_large_c"}
{"pos":[-275.886902,-268.812988,263.99231],"rotationMatrix":[0.28696838,0.957940042,0,-0.957940042,0.28696838,0,0,0,0.999999881],"scale":1,"type":"tree_oak_large_c"}
{"pos":[-268.947784,-265.218201,263.99231],"rotationMatrix":[0.896081984,0.443888575,0,-0.443888575,0.896081984,0,0,0,0.999999881],"scale":1,"type":"tree_oak_large_c"}
{"pos":[-278.054443,-267.024933,263.99231],"rotationMatrix":[-0.488294601,0.872678697,0,-0.872678697,-0.488294601,0,0,0,0.999999881],"scale":1,"type":"tree_oak_large_c"}
{"pos":[-273.802521,-264.734436,263.99231],"rotationMatrix":[-0.705833495,0.708377481,0,-0.708377481,-0.705833495,0,0,0,0.999999881],"scale":1,"type":"tree_oak_large_c"}
{"pos":[-242.862289,-293.761871,265.029053],"rotationMatrix":[-0.165685624,-0.986178577,0,0.986178577,-0.165685624,0,0,0,0.999999881],"scale":1,"type":"tree_oak_large_c"}
{"pos":[-243.956253,-284.037598,265.683533],"rotationMatrix":[-0.126283452,0.991994083,0,-0.991994083,-0.126283452,0,0,0,0.999999881],"scale":1,"type":"tree_oak_large_c"}
{"pos":[-224.936432,-295.37204,265.292419],"rotationMatrix":[0.0449493118,-0.998989165,0,0.998989165,0.0449493118,0,0,0,0.999999881],"scale":1,"type":"tree_oak_large_c"}
{"pos":[-227.989822,-287.668427,265.594635],"rotationMatrix":[-0.991442025,-0.130547106,0,0.130547106,-0.991442025,0,0,0,0.999999881],"scale":1,"type":"tree_oak_large_c"}
{"pos":[-232.345276,-295.809357,265.054962],"rotationMatrix":[0.10619951,-0.994344711,0,0.994344711,0.10619951,0,0,0,0.999999881],"scale":1,"type":"tree_oak_large_c"}
{"pos":[-203.253235,-294.359039,265.398346],"rotationMatrix":[-0.977836072,0.209371418,0,-0.209371418,-0.977836072,0,0,0,0.999999881],"scale":1,"type":"tree_oak_large_c"}
{"pos":[-205.705688,-295.532593,265.42926],"rotationMatrix":[-0.0475468934,-0.998868883,0,0.998868883,-0.0475468934,0,0,0,0.999999881],"scale":1,"type":"tree_oak_large_c"}
{"pos":[-213.578201,-288.761658,265.533447],"rotationMatrix":[-0.651414752,-0.758721828,0,0.758721828,-0.651414752,0,0,0,0.999999881],"scale":1,"type":"tree_oak_large_c"}
{"pos":[-194.96048,-308.660187,264.073792],"rotationMatrix":[-0.726612866,-0.687046945,0,0.687046945,-0.726612866,0,0,0,0.999999881],"scale":1,"type":"tree_oak_large_c"}
{"pos":[-188.852478,-312.645721,264.73291],"rotationMatrix":[-0.640212476,0.768197596,0,-0.768197596,-0.640212476,0,0,0,0.999999881],"scale":1,"type":"tree_oak_large_c"}
{"pos":[-174.312302,-294.597839,264.263031],"rotationMatrix":[-0.71477145,0.699357986,0,-0.699357986,-0.71477145,0,0,0,0.999999881],"scale":1,"type":"tree_oak_large_c"}
{"pos":[-190.561707,-298.59314,264.861115],"rotationMatrix":[-0.904870152,-0.425687671,0,0.425687671,-0.904870152,0,0,0,0.999999881],"scale":1,"type":"tree_oak_large_c"}
{"pos":[-170.540054,-294.550476,264.114044],"rotationMatrix":[-0.550429702,0.834881306,0,-0.834881306,-0.550429702,0,0,0,0.999999881],"scale":1,"type":"tree_oak_large_c"}
{"pos":[-159.344513,-289.342407,263.992371],"rotationMatrix":[-0.994465411,0.10506358,0,-0.10506358,-0.994465411,0,0,0,0.999999881],"scale":1,"type":"tree_oak_large_c"}
{"pos":[-93.5924454,-282.362732,265.02359],"rotationMatrix":[-0.888981104,0.457943857,0,-0.457943857,-0.888981104,0,0,0,0.999999881],"scale":1,"type":"tree_oak_large_c"}
{"pos":[-74.1585236,-292.459351,264.161469],"rotationMatrix":[-0.974190533,-0.225726932,0,0.225726932,-0.974190533,0,0,0,0.999999881],"scale":1,"type":"tree_oak_large_c"}
{"pos":[-617.164124,-322.645721,284.122864],"rotationMatrix":[0.086781539,-0.996227264,0,0.996227264,0.086781539,0,0,0,0.999999881],"scale":1,"type":"tree_oak_large_c"}
{"pos":[-588.327881,-343.239655,285.45697],"rotationMatrix":[0.848850429,-0.528632939,0,0.528632939,0.848850429,0,0,0,0.999999881],"scale":1,"type":"tree_oak_large_c"}
{"pos":[-569.988586,-353.941406,286.816254],"rotationMatrix":[0.835372269,-0.549684405,0,0.549684405,0.835372269,0,0,0,0.999999881],"scale":1,"type":"tree_oak_large_c"}
{"pos":[-563.111328,-344.335144,284.695862],"rotationMatrix":[-0.330722541,-0.94372797,0,0.94372797,-0.330722541,0,0,0,0.999999881],"scale":1,"type":"tree_oak_large_c"}
{"pos":[-633.213135,-311.152985,284.164948],"rotationMatrix":[-0.99999994,-0.000252636237,0,0.000252636237,-0.99999994,0,0,0,0.999999881],"scale":1,"type":"tree_oak_large_c"}
{"pos":[-695.629089,-161.590042,272.031738],"rotationMatrix":[0.976964295,-0.213402674,0,0.213402674,0.976964295,0,0,0,0.999999881],"scale":1,"type":"tree_oak_large_c"}
{"pos":[-686.092529,-163.540359,270.452148],"rotationMatrix":[-0.808221161,0.588878751,0,-0.588878751,-0.808221161,0,0,0,0.999999881],"scale":1,"type":"tree_oak_large_c"}
{"pos":[-691.912781,-152.750732,271.064026],"rotationMatrix":[-0.659431994,0.751763999,0,-0.751763999,-0.659431994,0,0,0,0.999999881],"scale":1,"type":"tree_oak_large_c"}
{"pos":[-702.402771,-148.844681,272.86441],"rotationMatrix":[0.998102903,-0.0615657829,0,0.0615657829,0.998102903,0,0,0,0.999999881],"scale":1,"type":"tree_oak_large_c"}
{"pos":[-700.076416,-138.056412,273.473053],"rotationMatrix":[-0.987201154,0.159479365,0,-0.159479365,-0.987201154,0,0,0,0.999999881],"scale":1,"type":"tree_oak_large_c"}
{"pos":[-677.975342,-114.579613,270.453766],"rotationMatrix":[-0.817695439,-0.575650811,0,0.575650811,-0.817695439,0,0,0,0.999999881],"scale":1,"type":"tree_oak_large_c"}
{"pos":[-648.95929,-124.480278,268.364288],"rotationMatrix":[-0.996762931,-0.0803950503,0,0.0803950503,-0.996762931,0,0,0,0.999999881],"scale":1,"type":"tree_oak_large_c"}
{"pos":[-640.610596,-116.737366,268.341064],"rotationMatrix":[0.997365177,-0.0725436062,0,0.0725436062,0.997365177,0,0,0,0.999999881],"scale":1,"type":"tree_oak_large_c"}
{"pos":[-648.265442,-110.92968,268.643372],"rotationMatrix":[-0.981387317,0.192038193,0,-0.192038193,-0.981387317,0,0,0,0.999999881],"scale":1,"type":"tree_oak_large_c"}
{"pos":[-656.423279,-119.965988,268.439606],"rotationMatrix":[0.99340719,-0.114638209,0,0.114638209,0.99340719,0,0,0,0.999999881],"scale":1,"type":"tree_oak_large_c"}
{"pos":[-679.552185,-162.983353,269.187042],"rotationMatrix":[0.735066175,-0.677995145,0,0.677995145,0.735066175,0,0,0,0.999999881],"scale":1,"type":"tree_oak_large_c"}
{"pos":[-674.244141,-169.049576,268.839111],"rotationMatrix":[0.862033308,-0.506851375,0,0.506851375,0.862033308,0,0,0,0.999999881],"scale":1,"type":"tree_oak_large_c"}
{"pos":[-674.776855,-158.889069,268.486847],"rotationMatrix":[0.984685898,-0.174337253,0,0.174337253,0.984685898,0,0,0,0.999999881],"scale":1,"type":"tree_oak_large_c"}
{"pos":[-641.240051,-121.06147,268.37439],"rotationMatrix":[0.664649189,0.747155607,0,-0.747155607,0.664649189,0,0,0,0.999999881],"scale":1,"type":"tree_oak_large_c"}
{"pos":[-631.63208,-113.054688,268.49115],"rotationMatrix":[-0.969899952,-0.243503392,0,0.243503392,-0.969899952,0,0,0,0.999999881],"scale":1,"type":"tree_oak_large_c"}
{"pos":[-85.1250076,-213.73819,271.238342],"rotationMatrix":[0.993589282,-0.113048919,0,0.113048919,0.993589282,0,0,0,0.999999881],"scale":1,"type":"tree_oak_large_c"}
{"pos":[-155.699753,-215.841873,273.986816],"rotationMatrix":[-0.0554437488,0.998461723,0,-0.998461723,-0.0554437488,0,0,0,0.999999881],"scale":1,"type":"tree_oak_large_c"}
{"pos":[-82.8808136,-179.360046,268.681213],"rotationMatrix":[0.926012158,0.37749356,0,-0.37749356,0.926012158,0,0,0,0.999999881],"scale":1,"type":"tree_oak_large_c"}
{"pos":[-71.2226181,-173.974594,266.362427],"rotationMatrix":[-0.744701922,0.667397141,0,-0.667397141,-0.744701922,0,0,0,0.999999881],"scale":1,"type":"tree_oak_large_c"}
{"pos":[-59.8072205,-174.95018,263.981964],"rotationMatrix":[-0.191570178,0.98147881,0,-0.98147881,-0.191570178,0,0,0,0.999999881],"scale":1,"type":"tree_oak_large_c"}
{"pos":[-94.566597,-177.617126,271.682678],"rotationMatrix":[0.99886328,-0.0476646274,0,0.0476646274,0.99886328,0,0,0,0.999999881],"scale":1,"type":"tree_oak_large_c"}
{"pos":[-339.650146,-48.9343224,259.075836],"rotationMatrix":[0.780033112,0.625738204,0,-0.625738204,0.780033112,0,0,0,0.999999881],"scale":1,"type":"tree_oak_large_c"}
{"pos":[-280.620789,-312.920166,303.613037],"rotationMatrix":[0.838324785,0.545171082,0,-0.545171082,0.838324785,0,0,0,0.999999881],"scale":1,"type":"tree_oak_large_c"}
{"pos":[-310.380219,-324.337341,303.157501],"rotationMatrix":[-0.415892839,0.909413517,0,-0.909413517,-0.415892839,0,0,0,0.999999881],"scale":1,"type":"tree_oak_large_c"}
{"pos":[-107.932526,-314.485596,285.858887],"rotationMatrix":[0.955976188,0.293444067,0,-0.293444067,0.955976188,0,0,0,0.999999881],"scale":1,"type":"tree_oak_large_c"}
{"pos":[-90.2578201,-335.159027,285.976898],"rotationMatrix":[0.987601578,0.156981111,0,-0.156981111,0.987601578,0,0,0,0.999999881],"scale":1,"type":"tree_oak_large_c"}
{"pos":[-144.337799,-312.801483,290.637329],"rotationMatrix":[-0.831683934,-0.555249333,0,0.555249333,-0.831683934,0,0,0,0.999999881],"scale":1,"type":"tree_oak_large_c"}
{"pos":[-151.029007,-341.245667,290.694366],"rotationMatrix":[-0.92300421,0.384789526,0,-0.384789526,-0.92300421,0,0,0,0.999999881],"scale":1,"type":"tree_oak_large_c"}
{"pos":[-196.934998,-337.882355,292.833344],"rotationMatrix":[-0.161827371,0.986818969,0,-0.986818969,-0.161827371,0,0,0,0.999999881],"scale":1,"type":"tree_oak_large_c"}
{"pos":[-175.771103,-327.389893,291.274658],"rotationMatrix":[-0.0968011767,-0.995303571,0,0.995303571,-0.0968011767,0,0,0,0.999999881],"scale":1,"type":"tree_oak_large_c"}
{"pos":[-139.907181,-365.02002,291.691071],"rotationMatrix":[-0.835882306,-0.54890871,0,0.54890871,-0.835882306,0,0,0,0.999999881],"scale":1,"type":"tree_oak_large_c"}
{"pos":[-143.153214,-360.248749,291.288666],"rotationMatrix":[0.503859043,0.863785923,0,-0.863785923,0.503859043,0,0,0,0.999999881],"scale":1,"type":"tree_oak_large_c"}
{"pos":[-138.995972,-373.689392,291.855896],"rotationMatrix":[0.75409925,0.656760454,0,-0.656760454,0.75409925,0,0,0,0.999999881],"scale":1,"type":"tree_oak_large_c"}
{"pos":[-303.055664,-343.069702,303.136658],"rotationMatrix":[0.994362056,-0.106037207,0,0.106037207,0.994362056,0,0,0,0.999999881],"scale":1,"type":"tree_oak_large_c"}
{"pos":[-308.966431,-352.607697,304.911499],"rotationMatrix":[0.992708027,-0.12054272,0,0.12054272,0.992708027,0,0,0,0.999999881],"scale":1,"type":"tree_oak_large_c"}
{"pos":[-311.801971,-353.525391,304.965973],"rotationMatrix":[0.919202268,-0.393785417,0,0.393785417,0.919202268,0,0,0,0.999999881],"scale":1,"type":"tree_oak_large_c"}
{"pos":[-268.015137,-345.692078,303.407135],"rotationMatrix":[-0.219622716,0.975584805,0,-0.975584805,-0.219622716,0,0,0,0.999999881],"scale":1,"type":"tree_oak_large_c"}
{"pos":[-33.299942,-368.051636,283.903442],"rotationMatrix":[-0.99500829,0.099791415,0,-0.099791415,-0.99500829,0,0,0,0.999999881],"scale":1,"type":"tree_oak_large_c"}
{"pos":[87.1626282,-293.884766,275.307617],"rotationMatrix":[0.872477233,-0.488654524,0,0.488654524,0.872477233,0,0,0,0.999999881],"scale":1,"type":"tree_oak_large_c"}
{"pos":[72.1020813,-323.619965,275.474274],"rotationMatrix":[0.414470732,0.910062671,0,-0.910062671,0.414470732,0,0,0,0.999999881],"scale":1,"type":"tree_oak_large_c"}
{"pos":[66.6666946,-342.101776,273.976654],"rotationMatrix":[-0.912698984,-0.408632547,0,0.408632547,-0.912698984,0,0,0,0.999999881],"scale":1,"type":"tree_oak_large_c"}
{"pos":[184.895218,-175.267334,274.484497],"rotationMatrix":[0.849356949,-0.52781862,0,0.52781862,0.849356949,0,0,0,0.999999881],"scale":1,"type":"tree_oak_large_c"}
{"pos":[167.6763,-147.987671,274.84729],"rotationMatrix":[-0.82709378,0.562063634,0,-0.562063634,-0.82709378,0,0,0,0.999999881],"scale":1,"type":"tree_oak_large_c"}
{"pos":[182.051453,-140.839386,274.772217],"rotationMatrix":[0.863460779,0.50441587,0,-0.50441587,0.863460779,0,0,0,0.999999881],"scale":1,"type":"tree_oak_large_c"}
{"pos":[182.52774,-155.000702,275.077423],"rotationMatrix":[-0.679992139,-0.733219385,0,0.733219385,-0.679992139,0,0,0,0.999999881],"scale":1,"type":"tree_oak_large_c"}
{"pos":[171.259964,-136.581512,275.095001],"rotationMatrix":[0.879327655,0.476217151,0,-0.476217151,0.879327655,0,0,0,0.999999881],"scale":1,"type":"tree_oak_large_c"}
{"pos":[191.330383,-125.497719,273.946228],"rotationMatrix":[0.908164322,-0.418613642,0,0.418613642,0.908164322,0,0,0,0.999999881],"scale":1,"type":"tree_oak_large_c"}
{"pos":[219.398376,-88.2826233,273.925201],"rotationMatrix":[0.739603817,0.673042536,0,-0.673042536,0.739603817,0,0,0,0.999999881],"scale":1,"type":"tree_oak_large_c"}
{"pos":[198.181396,-187.449036,273.898041],"rotationMatrix":[0.252600938,0.967570543,0,-0.967570543,0.252600938,0,0,0,0.999999881],"scale":1,"type":"tree_oak_large_c"}
{"pos":[197.270905,-149.625092,273.925781],"rotationMatrix":[-0.293850899,-0.955851197,0,0.955851197,-0.293850899,0,0,0,0.999999881],"scale":1,"type":"tree_oak_large_c"}
{"pos":[-474.340027,141.086166,273.593964],"rotationMatrix":[0.355825573,-0.934552372,0,0.934552372,0.355825573,0,0,0,0.999999881],"scale":1,"type":"tree_oak_large_c"}
{"pos":[-600.542358,183.625061,262.786865],"rotationMatrix":[0.899726927,0.436453193,0,-0.436453193,0.899726927,0,0,0,0.999999881],"scale":1,"type":"tree_oak_large_c"}
{"pos":[-608.363525,77.5962601,262.786865],"rotationMatrix":[-0.107822999,-0.99417001,0,0.99417001,-0.107822999,0,0,0,0.999999881],"scale":1,"type":"tree_oak_large_c"}
{"pos":[-616.974243,172.447632,262.786865],"rotationMatrix":[-0.0689790994,0.99761796,0,-0.99761796,-0.0689790994,0,0,0,0.999999881],"scale":1,"type":"tree_oak_large_c"}
