{"pos":[-17.6240997,-1.45280004,46.3714981],"rotationMatrix":[-0.689489603,0.724250793,0,-0.724250793,-0.689489603,0,0,0,1],"scale":0.951399982,"type":"tree_oak_large_b"}
{"pos":[-36.4623985,-99.4770966,49.6431999],"rotationMatrix":[0.283834875,-0.958876133,0,0.958876133,0.283834875,0,0,0,1],"scale":1.16579998,"type":"tree_oak_large_b"}
{"pos":[-48.5410995,-75.8192978,50.0368996],"rotationMatrix":[-0.587405682,0.809293568,0,-0.809293568,-0.587405682,0,0,0,1],"scale":1.59370005,"type":"tree_oak_large_b"}
{"pos":[-107.728996,-86.8426971,44.8918991],"rotationMatrix":[0.739695489,-0.672952235,-0.000110894442,0.667255819,0.7334553,-0.129720837,0.0873749033,0.0958808437,0.991550803],"scale":1.32620001,"type":"tree_oak_large_b"}
{"pos":[-46.0223999,-232.850006,33.3363991],"rotationMatrix":[-0.578926563,-0.810218334,-0.0915569663,0.800250888,-0.586121678,0.12669751,-0.156316772,8.03247094e-05,0.987706959],"scale":1.07560003,"type":"tree_oak_large_b"}
{"pos":[-165.132996,-51.4776993,36.5691986],"rotationMatrix":[0.732617855,-0.679961324,-0.0309839956,0.674199343,0.731164336,-0.104357496,0.0936091989,0.055568099,0.994057477],"scale":0.95450002,"type":"tree_oak_large_b"}
{"pos":[-41.5413017,-306.225006,43.7757988],"rotationMatrix":[0.474277377,-0.880408525,0,0.880408525,0.474277377,0,0,0,1],"scale":1.24080002,"type":"tree_oak_large_b"}
{"pos":[-13.4895,-455.553009,52.1789017],"rotationMatrix":[-0.470612526,0.882367551,0,-0.882367551,-0.470612526,0,0,0,1],"scale":0.958400011,"type":"tree_oak_large_b"}
{"pos":[-217.664001,-358.303986,37.4263],"rotationMatrix":[0.999996066,-0.0027999999,0,0.0027999999,0.999996066,0,0,0,1],"scale":0.992999971,"type":"tree_oak_large_b"}
{"pos":[-241.662003,-390.654999,39.9059982],"rotationMatrix":[-0.478855968,0.87795794,0,-0.87795794,-0.478855968,0,0,0,1],"scale":1.28149998,"type":"tree_oak_large_b"}
{"pos":[-272.17099,-25.2387009,32.2941017],"rotationMatrix":[-0.976072073,0.218282416,0,-0.218282416,-0.976072073,0,0,0,1],"scale":0.822899997,"type":"tree_oak_large_b"}
{"pos":[-318.971008,-70.4520035,34.6390991],"rotationMatrix":[-0.63298583,-0.774385154,0,0.774385154,-0.63298583,0,0,0,1],"scale":0.931999981,"type":"tree_oak_large_b"}
{"pos":[-392.859009,-159.554993,33.1469002],"rotationMatrix":[0.470991015,0.882127285,0,-0.882127285,0.470991015,0,0,0,1],"scale":1.13979995,"type":"tree_oak_large_b"}
{"pos":[-303.047699,-268.568787,37.4751015],"rotationMatrix":[-0.627207994,-0.778786778,0,0.778786778,-0.627207994,0,0,0,1],"scale":1.14970005,"type":"tree_oak_large_b"}
{"pos":[-496.317993,-355.220001,34.5153008],"rotationMatrix":[-0.399129868,-0.916861653,0,0.916861653,-0.399129868,0,0,0,1],"scale":0.95599997,"type":"tree_oak_large_b"}
{"pos":[-445.899994,-358.040009,33.9832001],"rotationMatrix":[-0.942814708,0.333527058,0,-0.333527058,-0.942814708,0,0,0,1],"scale":1.3096,"type":"tree_oak_large_b"}
{"pos":[-450.528015,-264.321869,32.5038986],"rotationMatrix":[-0.988954484,-0.148345277,0,0.148345277,-0.988954484,0,0,0,1],"scale":1.28180003,"type":"tree_oak_large_b"}
{"pos":[-74.040802,-587.190002,56.1990013],"rotationMatrix":[0.0389475226,0.999178529,0,-0.999178529,0.0389475226,0,0,0,1],"scale":1.05789995,"type":"tree_oak_large_b"}
{"pos":[-41.4474983,-592.515015,52.7344017],"rotationMatrix":[0.998769939,0.0495851226,0,-0.0495851226,0.998769939,0,0,0,1],"scale":1.04369998,"type":"tree_oak_large_b"}
{"pos":[-76.7847977,-616.773987,49.3778992],"rotationMatrix":[-0.773974419,0.633077979,0,-0.633077979,-0.773974419,0,0,0,1],"scale":1.19140005,"type":"tree_oak_large_b"}
{"pos":[-99.5,-608.028015,52.4079018],"rotationMatrix":[0.526635528,-0.850110114,0,0.850110114,0.526635528,0,0,0,1],"scale":1.31879997,"type":"tree_oak_large_b"}
{"pos":[-25.5965004,-644.185974,42.2219009],"rotationMatrix":[0.0757439733,0.997130573,0,-0.997130573,0.0757439733,0,0,0,1],"scale":1.25109994,"type":"tree_oak_large_b"}
{"pos":[-5.44500017,-660.051025,38.3746986],"rotationMatrix":[0.998175919,-0.0603698008,0,0.0603698008,0.998175919,0,0,0,1],"scale":0.89410001,"type":"tree_oak_large_b"}
{"pos":[-0.0362000018,-635.89502,45.8293991],"rotationMatrix":[-0.806900501,0.590640724,0,-0.590640724,-0.806900501,0,0,0,1],"scale":1.06009996,"type":"tree_oak_large_b"}
{"pos":[-109.559998,-641.942017,39.2434998],"rotationMatrix":[-0.981244206,0.192690074,0,-0.192690074,-0.981244206,0,0,0,1],"scale":1.02180004,"type":"tree_oak_large_b"}
{"pos":[-118.391998,-703.95697,29],"rotationMatrix":[-0.997600794,-0.068159081,0,0.068159081,-0.997600794,0,0,0,1],"scale":1.36539996,"type":"tree_oak_large_b"}
{"pos":[-88.634697,-695.690979,29.0097008],"rotationMatrix":[-0.881412029,-0.472535282,0,0.472535282,-0.881412029,0,0,0,1],"scale":0.925000012,"type":"tree_oak_large_b"}
{"pos":[-129.007996,-592.640991,55.9982986],"rotationMatrix":[-0.66348803,-0.748387158,0,0.748387158,-0.66348803,0,0,0,1],"scale":1.25539994,"type":"tree_oak_large_b"}
{"pos":[-155.328995,-606.315979,54.4398003],"rotationMatrix":[-0.608859181,-0.793218374,0,0.793218374,-0.608859181,0,0,0,1],"scale":1.12109995,"type":"tree_oak_large_b"}
{"pos":[-222.998001,-592.083008,64.8704987],"rotationMatrix":[0.344258487,-0.938834965,0,0.938834965,0.344258487,0,0,0,1],"scale":1.2744,"type":"tree_oak_large_b"}
{"pos":[-248.897003,-607.132019,60.7370987],"rotationMatrix":[-0.218048215,0.975968182,0,-0.975968182,-0.218048215,0,0,0,1],"scale":0.847000003,"type":"tree_oak_large_b"}
{"pos":[-223.841995,-570.447998,66.351799],"rotationMatrix":[-0.376472235,0.926331341,0,-0.926331341,-0.376472235,0,0,0,1],"scale":0.888400018,"type":"tree_oak_large_b"}
{"pos":[-5.93879986,-771.525024,17.2187996],"rotationMatrix":[-0.761564493,-0.648128092,0,0.648128092,-0.761564493,0,0,0,1],"scale":0.845899999,"type":"tree_oak_large_b"}
{"pos":[-39.0186996,-762.171997,17.1557007],"rotationMatrix":[0.634155393,0.773457587,0,-0.773457587,0.634155393,0,0,0,1],"scale":1.17579997,"type":"tree_oak_large_b"}
{"pos":[-70.0807037,-759.051025,16.7483997],"rotationMatrix":[-0.935331345,0.353935272,0,-0.353935272,-0.935331345,0,0,0,1],"scale":1.34949994,"type":"tree_oak_large_b"}
{"pos":[-232.259003,-771.219971,31.5345001],"rotationMatrix":[0.704627037,-0.70957154,0,0.70957154,0.704627037,0,0,0,1],"scale":1.37300003,"type":"tree_oak_large_b"}
{"pos":[-353.248993,-548.642029,46.0395012],"rotationMatrix":[-0.696113586,0.717933655,0,-0.717933655,-0.696113586,0,0,0,1],"scale":0.905799985,"type":"tree_oak_large_b"}
{"pos":[-282.343994,-540.413025,50.1497993],"rotationMatrix":[-0.74882412,0.662611842,0,-0.662611842,-0.74882412,0,0,0,1],"scale":1.37469995,"type":"tree_oak_large_b"}
{"pos":[-269.32901,-597.497986,61.353199],"rotationMatrix":[0.199381351,0.979925811,0,-0.979925811,0.199381351,0,0,0,1],"scale":0.985800028,"type":"tree_oak_large_b"}
{"pos":[-252.259995,-568.726013,60.9833984],"rotationMatrix":[0.502596617,0.864546299,0,-0.864546299,0.502596617,0,0,0,1],"scale":1.0007,"type":"tree_oak_large_b"}
{"pos":[-295.244995,-596.228027,59.7132988],"rotationMatrix":[-0.949917555,0.312610835,0,-0.312610835,-0.949917555,0,0,0,1],"scale":1.1789,"type":"tree_oak_large_b"}
{"pos":[-302.68399,-615.148987,59.405201],"rotationMatrix":[0.0419952273,0.999115586,0,-0.999115586,0.0419952273,0,0,0,1],"scale":0.855499983,"type":"tree_oak_large_b"}
{"pos":[-272.157013,-641.482971,54.2330017],"rotationMatrix":[0.167950034,0.985817909,0,-0.985817909,0.167950034,0,0,0,1],"scale":1.15960002,"type":"tree_oak_large_b"}
{"pos":[-307.949005,-638.536987,57.2272987],"rotationMatrix":[-0.997600794,0.0701578856,0,-0.0701578856,-0.997600794,0,0,0,1],"scale":1.15069997,"type":"tree_oak_large_b"}
{"pos":[-298.079987,-632.627014,58.2358017],"rotationMatrix":[0.782595813,0.62253952,0,-0.62253952,0.782595813,0,0,0,1],"scale":0.964299977,"type":"tree_oak_large_b"}
{"pos":[-296.675995,-720.289978,46.6018982],"rotationMatrix":[-0.964558482,-0.263236165,0,0.263236165,-0.964558482,0,0,0,1],"scale":0.914300025,"type":"tree_oak_large_b"}
{"pos":[-349.747009,-637.547974,54.4892006],"rotationMatrix":[-0.105584502,0.994505584,0,-0.994505584,-0.105584502,0,0,0,1],"scale":1.07889998,"type":"tree_oak_large_b"}
{"pos":[-325.699005,-627.797974,56.3060989],"rotationMatrix":[-0.376472235,-0.926497221,0,0.926497221,-0.376472235,0,0,0,1],"scale":1.22660005,"type":"tree_oak_large_b"}
{"pos":[-443.687012,-528.512024,34.8312988],"rotationMatrix":[-0.470269561,-0.882436037,0,0.882436037,-0.470269561,0,0,0,1],"scale":1.02590001,"type":"tree_oak_large_b"}
{"pos":[-391.122986,-692.703979,56.1348],"rotationMatrix":[-0.997600794,-0.0711572766,0,0.0711572766,-0.997600794,0,0,0,1],"scale":0.976899981,"type":"tree_oak_large_b"}
{"pos":[-308.872986,-793.846008,42.6842995],"rotationMatrix":[-0.850888014,0.525636792,0,-0.525636792,-0.850888014,0,0,0,1],"scale":0.843200028,"type":"tree_oak_large_b"}
{"pos":[-308.330994,-818.143005,41.0996017],"rotationMatrix":[0.999918103,0.0127999997,0,-0.0127999997,0.999918103,0,0,0,1],"scale":1.39030004,"type":"tree_oak_large_b"}
{"pos":[-370.110992,-835.328979,42.4696007],"rotationMatrix":[-0.999200225,-0.0377924405,0,0.0377924405,-0.999200225,0,0,0,1],"scale":1.35580003,"type":"tree_oak_large_b"}
{"pos":[-355.502014,-854.419983,34.7829018],"rotationMatrix":[0.452104867,-0.891978323,0,0.891978323,0.452104867,0,0,0,1],"scale":1.19319999,"type":"tree_oak_large_b"}
{"pos":[-363.993988,-838.679993,41.5281982],"rotationMatrix":[-0.922368407,0.386081517,0,-0.386081517,-0.922368407,0,0,0,1],"scale":1.28250003,"type":"tree_oak_large_b"}
{"pos":[-412.734009,-830.15802,46.4468002],"rotationMatrix":[0.999896348,-0.0143999998,0,0.0143999998,0.999896348,0,0,0,1],"scale":1.07599998,"type":"tree_oak_large_b"}
{"pos":[-384.690002,-823.90802,45.8075981],"rotationMatrix":[0.856673419,-0.515857875,0,0.515857875,0.856673419,0,0,0,1],"scale":1.22780001,"type":"tree_oak_large_b"}
{"pos":[-550.495972,-18.4584999,29.3967991],"rotationMatrix":[0.945417941,-0.325873494,0,0.325873494,0.945417941,0,0,0,1],"scale":0.971400023,"type":"tree_oak_large_b"}
{"pos":[-547.226013,-36.3979988,29.3078003],"rotationMatrix":[-0.976469517,-0.215520874,0,0.215520874,-0.976469517,0,0,0,1],"scale":1.01310003,"type":"tree_oak_large_b"}
{"pos":[-597.489014,-78.7352982,28.2455997],"rotationMatrix":[-0.93966198,-0.342513412,0,0.342513412,-0.93966198,0,0,0,1],"scale":1.33850002,"type":"tree_oak_large_b"}
{"pos":[-537.327026,-124.466003,32.6444016],"rotationMatrix":[-0.909839511,0.414919108,0,-0.414919108,-0.909839511,0,0,0,1],"scale":0.946699977,"type":"tree_oak_large_b"}
{"pos":[-540.054016,-139.421005,32.8995018],"rotationMatrix":[-0.265322447,-0.964183927,0,0.964183927,-0.265322447,0,0,0,1],"scale":1.11450005,"type":"tree_oak_large_b"}
{"pos":[-643.447998,-103.331001,23.2140007],"rotationMatrix":[-0.231822014,0.972681105,0,-0.972681105,-0.231822014,0,0,0,1],"scale":0.870400012,"type":"tree_oak_large_b"}
{"pos":[-729.049988,-12.9335003,20.6865997],"rotationMatrix":[-0.914141655,0.405016184,0,-0.405016184,-0.914141655,0,0,0,1],"scale":0.833800018,"type":"tree_oak_large_b"}
{"pos":[-660.40802,-23.7719994,25.6033993],"rotationMatrix":[0.292901635,0.956116855,0,-0.956116855,0.292901635,0,0,0,1],"scale":1.1846,"type":"tree_oak_large_b"}
{"pos":[-698.195007,-237.300995,26.6439991],"rotationMatrix":[0.206452012,-0.978486657,0,0.978486657,0.206452012,0,0,0,1],"scale":1.19389999,"type":"tree_oak_large_b"}
{"pos":[-692.377991,-185.621002,25.0610008],"rotationMatrix":[0.145091116,0.989460886,0,-0.989460886,0.145091116,0,0,0,1],"scale":0.83160001,"type":"tree_oak_large_b"}
{"pos":[-680.997009,-214.531998,28.5440998],"rotationMatrix":[-0.330080509,-0.943859756,0,0.943859756,-0.330080509,0,0,0,1],"scale":1.36549997,"type":"tree_oak_large_b"}
{"pos":[-706.973999,-221.113998,24.7618999],"rotationMatrix":[0.288614035,0.957460582,0,-0.957460582,0.288614035,0,0,0,1],"scale":1.18340003,"type":"tree_oak_large_b"}
{"pos":[-697.846985,-207.559006,25.9169006],"rotationMatrix":[-0.155200005,-0.987848043,0,0.987848043,-0.155200005,0,0,0,1],"scale":1.30280006,"type":"tree_oak_large_b"}
{"pos":[-522.244995,-252.964996,30.1049995],"rotationMatrix":[-0.84128058,0.540774226,0,-0.540774226,-0.84128058,0,0,0,1],"scale":1.12,"type":"tree_oak_large_b"}
{"pos":[-603.047974,-417.186005,35.6593018],"rotationMatrix":[-0.659477592,-0.7514925,0,0.7514925,-0.659477592,0,0,0,1],"scale":0.994899988,"type":"tree_oak_large_b"}
{"pos":[-698.22998,-275.880005,25.7863998],"rotationMatrix":[0.595899522,-0.803076684,0,0.803076684,0.595899522,0,0,0,1],"scale":1.20319998,"type":"tree_oak_large_b"}
{"pos":[-726.458984,-370.269012,24.8782005],"rotationMatrix":[-0.339229822,0.940717697,0,-0.940717697,-0.339229822,0,0,0,1],"scale":1.0115,"type":"tree_oak_large_b"}
{"pos":[-712.713989,-422.391998,25.6564007],"rotationMatrix":[0.0135493875,-0.999934733,0,0.999934733,0.0135493875,0,0,0,1],"scale":1.3829,"type":"tree_oak_large_b"}
{"pos":[-712.564026,-397.315002,26.0468006],"rotationMatrix":[0.99736464,-0.0725491792,0,0.0725491792,0.99736464,0,0,0,1],"scale":1.34220004,"type":"tree_oak_large_b"}
{"pos":[-685.861023,-389.483002,29.5799007],"rotationMatrix":[0.249687493,-0.96836251,0,0.96836251,0.249687493,0,0,0,1],"scale":1.19430006,"type":"tree_oak_large_b"}
{"pos":[-854.872009,-55.4836998,43.5252991],"rotationMatrix":[0.912721574,0.408566654,0,-0.408566654,0.912721574,0,0,0,1],"scale":0.930700004,"type":"tree_oak_large_b"}
{"pos":[-865.596008,-42.4845009,44.4574013],"rotationMatrix":[-0.991608858,0.130525321,0,-0.130525321,-0.991608858,0,0,0,1],"scale":1.06190002,"type":"tree_oak_large_b"}
{"pos":[-853.851013,-107.195999,41.0632019],"rotationMatrix":[-0.815655589,0.57834959,0,-0.57834959,-0.815655589,0,0,0,1],"scale":0.88349998,"type":"tree_oak_large_b"}
{"pos":[-864.479004,-79.3945999,47.3041],"rotationMatrix":[0.783254743,0.621727109,0,-0.621727109,0.783254743,0,0,0,1],"scale":0.807699978,"type":"tree_oak_large_b"}
{"pos":[-857.276978,-91.3209991,46.4514008],"rotationMatrix":[-0.941632152,0.336972594,0,-0.336972594,-0.941632152,0,0,0,1],"scale":0.973399997,"type":"tree_oak_large_b"}
{"pos":[-825.788025,-112.419998,28.0937996],"rotationMatrix":[-0.872112393,-0.489554971,0,0.489554971,-0.872112393,0,0,0,1],"scale":1.13300002,"type":"tree_oak_large_b"}
{"pos":[-826.458008,-99.5105972,29.8794994],"rotationMatrix":[-0.999599934,-0.0291970801,0,0.0291970801,-0.999599934,0,0,0,1],"scale":0.860899985,"type":"tree_oak_large_b"}
{"pos":[-958.36499,-11.5391998,41.1483002],"rotationMatrix":[-0.134620428,0.990909934,0,-0.990909934,-0.134620428,0,0,0,1],"scale":1.16289997,"type":"tree_oak_large_b"}
{"pos":[-956.882019,-116.181,53.3848],"rotationMatrix":[-0.053861618,0.998548031,0,-0.998548031,-0.053861618,0,0,0,1],"scale":0.909799993,"type":"tree_oak_large_b"}
{"pos":[-863.203003,-358.670013,27.7010002],"rotationMatrix":[-0.827871919,0.560980737,0,-0.560980737,-0.827871919,0,0,0,1],"scale":0.995500028,"type":"tree_oak_large_b"}
{"pos":[-776.552979,-382.959015,20.7527008],"rotationMatrix":[-0.0725265741,-0.997392595,0,0.997392595,-0.0725265741,0,0,0,1],"scale":0.86589998,"type":"tree_oak_large_b"}
{"pos":[-764.09198,-490.619995,20.4162006],"rotationMatrix":[-0.565388203,0.824717343,0,-0.824717343,-0.565388203,0,0,0,1],"scale":1.12820005,"type":"tree_oak_large_b"}
{"pos":[-881.327026,-362.045013,27.6233997],"rotationMatrix":[0.240102053,0.970706761,0,-0.970706761,0.240102053,0,0,0,1],"scale":1.19729996,"type":"tree_oak_large_b"}
{"pos":[-980.760986,-440.037994,51.8574982],"rotationMatrix":[0.52175802,0.853109419,0,-0.853109419,0.52175802,0,0,0,1],"scale":1.23839998,"type":"tree_oak_large_b"}
{"pos":[-533.822021,-711.171997,38.0699005],"rotationMatrix":[-0.595612407,-0.803165436,0,0.803165436,-0.595612407,0,0,0,1],"scale":0.907199979,"type":"tree_oak_large_b"}
{"pos":[-608.088989,-686.453979,35.1192017],"rotationMatrix":[-0.050090313,0.998788655,0,-0.998788655,-0.050090313,0,0,0,1],"scale":0.953400016,"type":"tree_oak_large_b"}
{"pos":[-597.546021,-713.291016,36.4080009],"rotationMatrix":[0.766071975,0.642754793,0,-0.642754793,0.766071975,0,0,0,1],"scale":0.946799994,"type":"tree_oak_large_b"}
{"pos":[-692.567017,-624.992004,19.8027],"rotationMatrix":[0.795455933,-0.606020987,0,0.606020987,0.795455933,0,0,0,1],"scale":0.876299977,"type":"tree_oak_large_b"}
{"pos":[-744.276001,-502.984009,23.0289993],"rotationMatrix":[0.895940781,0.444156319,0,-0.444156319,0.895940781,0,0,0,1],"scale":0.940599978,"type":"tree_oak_large_b"}
{"pos":[-711.770996,-615.585022,18.9036999],"rotationMatrix":[0.743031681,-0.66924876,0,0.66924876,0.743031681,0,0,0,1],"scale":1.11759996,"type":"tree_oak_large_b"}
{"pos":[-720.60498,-544.81897,23.9888],"rotationMatrix":[0.971102357,-0.207437396,-0.118010879,0.205922872,0.978246987,-0.0250208396,0.120634198,-4.80003655e-06,0.992696583],"scale":1.23269999,"type":"tree_oak_large_b"}
{"pos":[-627.312012,-643.203003,33.2216988],"rotationMatrix":[0.748375833,-0.663289011,0,0.663289011,0.748375833,0,0,0,1],"scale":1.11129999,"type":"tree_oak_large_b"}
{"pos":[-682.226013,-655.640015,23.2679996],"rotationMatrix":[0.494786441,-0.868995428,0,0.868995428,0.494786441,0,0,0,1],"scale":0.807399988,"type":"tree_oak_large_b"}
{"pos":[-705.977966,-690.821411,23.3911343],"rotationMatrix":[0.988644063,0.150340542,0,-0.150340542,0.988644063,0,0,0,1],"scale":1.20799994,"type":"tree_oak_large_b"}
{"pos":[-532.721252,-873.928223,38.7183647],"rotationMatrix":[-0.932184935,-0.362100363,0,0.362100363,-0.932184935,0,0,0,1],"scale":1.10039997,"type":"tree_oak_large_b"}
{"pos":[-571.302979,-846.737,44.3027992],"rotationMatrix":[-0.570346355,0.821414709,0,-0.821414709,-0.570346355,0,0,0,1],"scale":1.26329994,"type":"tree_oak_large_b"}
{"pos":[-620.469971,-830.015991,44.5211983],"rotationMatrix":[-0.790967464,-0.611688316,0,0.611688316,-0.790967464,0,0,0,1],"scale":1.12489998,"type":"tree_oak_large_b"}
{"pos":[-623.478027,-853.609985,44.2170982],"rotationMatrix":[0.743010104,0.667356908,-0.0509936623,-0.669302285,0.740864992,-0.0564212203,0.000129260123,0.0760505795,0.997104108],"scale":1.13769996,"type":"tree_oak_large_b"}
{"pos":[-866.786987,-614.351013,21.1942997],"rotationMatrix":[0.979232788,-0.202740222,0,0.202740222,0.979232788,0,0,0,1],"scale":1.15439999,"type":"tree_oak_large_b"}
{"pos":[-858.684021,-606.60199,19.7460995],"rotationMatrix":[0.716043532,0.698059678,0,-0.698059678,0.716043532,0,0,0,1],"scale":1.19219995,"type":"tree_oak_large_b"}
{"pos":[-821.185791,-574.655457,16.8686695],"rotationMatrix":[0.70845753,0.705719113,0,-0.705719113,0.70845753,0,0,0,1],"scale":1.0618,"type":"tree_oak_large_b"}
{"pos":[-830.140991,-621.934998,10.3870001],"rotationMatrix":[-0.711250067,-0.702814996,0,0.702814996,-0.711250067,0,0,0,1],"scale":1.09920001,"type":"tree_oak_large_b"}
{"pos":[-849.46698,-629.932983,16.8502007],"rotationMatrix":[-0.988017917,-0.154136196,0,0.154136196,-0.988017917,0,0,0,1],"scale":0.857200027,"type":"tree_oak_large_b"}
{"pos":[-862.112,-645.629761,20.2788734],"rotationMatrix":[0.678961337,0.731120765,-0.0671755672,-0.733485341,0.67141819,-0.10600251,-0.0323914289,0.121242791,0.992094755],"scale":1.34560001,"type":"tree_oak_large_b"}
{"pos":[-835.04303,-642.663025,9.47840023],"rotationMatrix":[0.414854407,-0.909901917,0,0.909901917,0.414854407,0,0,0,1],"scale":1.07990003,"type":"tree_oak_large_b"}
{"pos":[-862.861023,-740.200012,34.3331985],"rotationMatrix":[0.594819963,-0.803878605,0,0.803878605,0.594819963,0,0,0,1],"scale":0.997399986,"type":"tree_oak_large_b"}
{"pos":[-911.718018,-540.892029,31.7576008],"rotationMatrix":[-0.567512155,-0.823151886,0,0.823151886,-0.567512155,0,0,0,1],"scale":1.30939996,"type":"tree_oak_large_b"}
{"pos":[-921.835022,-617.866028,28.4500008],"rotationMatrix":[-0.791724563,-0.610681832,0,0.610681832,-0.791724563,0,0,0,1],"scale":0.925999999,"type":"tree_oak_large_b"}
{"pos":[-911.065979,-625.182007,28.1303005],"rotationMatrix":[0.488535047,-0.872534752,0,0.872534752,0.488535047,0,0,0,1],"scale":0.816100001,"type":"tree_oak_large_b"}
{"pos":[-900.711975,-746.242981,36.0507011],"rotationMatrix":[-0.323889971,0.946054041,0,-0.946054041,-0.323889971,0,0,0,1],"scale":1.11650002,"type":"tree_oak_large_b"}
{"pos":[-904.011169,-720.318054,35.2386017],"rotationMatrix":[-1,0.0074,0,-0.0074,-1,0,0,0,1],"scale":0.835699975,"type":"tree_oak_large_b"}
{"pos":[-893.559021,-700.187988,33.5056],"rotationMatrix":[0.446858346,0.894555926,0,-0.894555926,0.446858346,0,0,0,1],"scale":1.17620003,"type":"tree_oak_large_b"}
{"pos":[-883.685242,-713.658203,33.4113998],"rotationMatrix":[-0.463076234,0.886432886,0,-0.886432886,-0.463076234,0,0,0,1],"scale":1.00189996,"type":"tree_oak_large_b"}
{"pos":[-890.023987,-727.939026,34.0028],"rotationMatrix":[-0.707552075,0.706860006,0,-0.706860006,-0.707552075,0,0,0,1],"scale":0.891499996,"type":"tree_oak_large_b"}
{"pos":[-952.646973,-700.424011,32.743],"rotationMatrix":[-0.611371517,0.791324198,0,-0.791324198,-0.611371517,0,0,0,1],"scale":0.93720001,"type":"tree_oak_large_b"}
{"pos":[-947.991028,-727.580017,34.1206017],"rotationMatrix":[-0.451467156,0.892450452,0,-0.892450452,-0.451467156,0,0,0,1],"scale":1.30420005,"type":"tree_oak_large_b"}
{"pos":[-964.820984,-725.288025,32.4264984],"rotationMatrix":[-0.994803429,-0.100469217,0,0.100469217,-0.994803429,0,0,0,1],"scale":1.1573,"type":"tree_oak_large_b"}
{"pos":[-837.89502,-815.033997,35.9320984],"rotationMatrix":[-0.543875933,-0.839238763,0,0.839238763,-0.543875933,0,0,0,1],"scale":1.09580004,"type":"tree_oak_large_b"}
{"pos":[-940.828003,-775.903015,35.5587006],"rotationMatrix":[-0.419612408,-0.90770942,0,0.90770942,-0.419612408,0,0,0,1],"scale":1.22660005,"type":"tree_oak_large_b"}
{"pos":[-110.269997,939.156006,21.6523991],"rotationMatrix":[-0.723110557,0.690952122,0,-0.690952122,-0.723110557,0,0,0,1],"scale":1.046,"type":"tree_oak_large_b"}
{"pos":[-8.80150032,859.322998,26.9729996],"rotationMatrix":[0.15109551,0.988586068,0,-0.988586068,0.15109551,0,0,0,1],"scale":1.17820001,"type":"tree_oak_large_b"}
{"pos":[-145.375,906.684021,22.5937996],"rotationMatrix":[-0.90788579,-0.419004291,0,0.419004291,-0.90788579,0,0,0,1],"scale":0.982900023,"type":"tree_oak_large_b"}
{"pos":[-157.533005,926.601013,23.281601],"rotationMatrix":[-0.997200966,-0.0771459639,0,0.0771459639,-0.997200966,0,0,0,1],"scale":1.38419998,"type":"tree_oak_large_b"}
{"pos":[-223.888,847.838013,19.8076992],"rotationMatrix":[0.298124433,-0.954474866,0,0.954474866,0.298124433,0,0,0,1],"scale":1.30480003,"type":"tree_oak_large_b"}
{"pos":[-306.028992,880.007019,32.2888985],"rotationMatrix":[-0.13793695,-0.990395844,0,0.990395844,-0.13793695,0,0,0,1],"scale":0.896600008,"type":"tree_oak_large_b"}
{"pos":[-311.119995,910.564026,29.1291008],"rotationMatrix":[-0.951892853,-0.30703932,0,0.30703932,-0.951892853,0,0,0,1],"scale":1.36090004,"type":"tree_oak_large_b"}
{"pos":[-279.028992,901.028015,28.4419003],"rotationMatrix":[-0.250729203,-0.968097329,0,0.968097329,-0.250729203,0,0,0,1],"scale":1.12080002,"type":"tree_oak_large_b"}
{"pos":[-271.005005,905.091003,28.7131996],"rotationMatrix":[0.846874237,-0.531817377,0,0.531817377,0.846874237,0,0,0,1],"scale":1.10640001,"type":"tree_oak_large_b"}
{"pos":[-307.78299,929.64801,30.5380993],"rotationMatrix":[-0.99980092,-0.00444033975,-3.76399257e-05,0.00426814007,-0.958616614,-0.28401652,0.00122515997,-0.284013897,0.958815336],"scale":1.10000002,"type":"tree_oak_large_b"}
{"pos":[-363.329987,901.143982,30.7588005],"rotationMatrix":[0.217999816,0.975968182,0,-0.975968182,0.217999816,0,0,0,1],"scale":1.24360001,"type":"tree_oak_large_b"}
{"pos":[-341.757996,888.161987,29.875],"rotationMatrix":[0.890955508,0.454110801,0,-0.454110801,0.890955508,0,0,0,1],"scale":0.884599984,"type":"tree_oak_large_b"}
{"pos":[-329.51001,892.896973,30.2136993],"rotationMatrix":[0.998090386,-0.061769098,0,0.061769098,0.998090386,0,0,0,1],"scale":1.17939997,"type":"tree_oak_large_b"}
{"pos":[-331.419006,911.218018,30.2682991],"rotationMatrix":[-0.197532892,-0.980249882,0,0.980249882,-0.197532892,0,0,0,1],"scale":1.23769999,"type":"tree_oak_large_b"}
{"pos":[-326.246002,931.676025,31.8085003],"rotationMatrix":[-0.956242085,0.291952789,0,-0.291952789,-0.956242085,0,0,0,1],"scale":0.886799991,"type":"tree_oak_large_b"}
{"pos":[-373.863007,929.015991,32.0716019],"rotationMatrix":[0.981835842,0.189723238,0,-0.189723238,0.981835842,0,0,0,1],"scale":1.23930001,"type":"tree_oak_large_b"}
{"pos":[-288.604004,865.757019,20.8596992],"rotationMatrix":[0.23119998,0.972904027,0,-0.972904027,0.23119998,0,0,0,1],"scale":0.852199972,"type":"tree_oak_large_b"}
{"pos":[-368.487,864.19397,28.1410007],"rotationMatrix":[-0.117213488,0.993145049,0,-0.993145049,-0.117213488,0,0,0,1],"scale":1.06459999,"type":"tree_oak_large_b"}
{"pos":[-369.980011,817.210999,23.9719009],"rotationMatrix":[0.61139071,0.791324198,0,-0.791324198,0.61139071,0,0,0,1],"scale":1.24020004,"type":"tree_oak_large_b"}
{"pos":[-435.105011,947.159973,37.1795006],"rotationMatrix":[0.642141998,-0.766560614,0,0.766560614,0.642141998,0,0,0,1],"scale":1.21679997,"type":"tree_oak_large_b"}
{"pos":[-390.251007,914.416016,30.0797005],"rotationMatrix":[-0.856279135,0.5167678,0,-0.5167678,-0.856279135,0,0,0,1],"scale":0.863399982,"type":"tree_oak_large_b"}
{"pos":[-408.915985,936.325989,30.5221996],"rotationMatrix":[0.664783299,0.746991217,0,-0.746991217,0.664783299,0,0,0,1],"scale":1.01160002,"type":"tree_oak_large_b"}
{"pos":[-486.519012,944.31897,33.2069016],"rotationMatrix":[-0.524607182,0.851447105,0,-0.851447105,-0.524607182,0,0,0,1],"scale":1.1559,"type":"tree_oak_large_b"}
{"pos":[-432.670013,845.872986,25.8619995],"rotationMatrix":[0.843871295,-0.536559761,0,0.536559761,0.843871295,0,0,0,1],"scale":1.20299995,"type":"tree_oak_large_b"}
{"pos":[-491.084991,815.370972,27.8673992],"rotationMatrix":[-0.980448127,-0.196830779,0,0.196830779,-0.980448127,0,0,0,1],"scale":1.15090001,"type":"tree_oak_large_b"}
{"pos":[-442.803009,829.270996,27.5450993],"rotationMatrix":[-0.120504498,-0.992660701,0,0.992660701,-0.120504498,0,0,0,1],"scale":1.01639998,"type":"tree_oak_large_b"}
{"pos":[-488.959991,800.065979,29.2159004],"rotationMatrix":[0.532648921,-0.846336722,0,0.846336722,0.532648921,0,0,0,1],"scale":1.04130006,"type":"tree_oak_large_b"}
{"pos":[-261.434998,737.760986,30.1012993],"rotationMatrix":[0.916359484,0.400370121,0,-0.400370121,0.916359484,0,0,0,1],"scale":0.82160002,"type":"tree_oak_large_b"}
{"pos":[-265.545013,734.77002,29.8518009],"rotationMatrix":[-0.747702241,0.663895011,0,-0.663895011,-0.747702241,0,0,0,1],"scale":1.18110001,"type":"tree_oak_large_b"}
{"pos":[-308.52301,689.541016,27.5498009],"rotationMatrix":[0.463973403,0.885888278,0,-0.885888278,0.463973403,0,0,0,1],"scale":0.825600028,"type":"tree_oak_large_b"}
{"pos":[-305.917999,695.682983,28.4029007],"rotationMatrix":[-0.70496583,-0.709094405,0,0.709094405,-0.70496583,0,0,0,1],"scale":0.846199989,"type":"tree_oak_large_b"}
{"pos":[-357.140015,747.640991,23.8134003],"rotationMatrix":[0.85581553,0.517292082,0,-0.517292082,0.85581553,0,0,0,1],"scale":1.09010005,"type":"tree_oak_large_b"}
{"pos":[-394.625,651.135986,22.5937996],"rotationMatrix":[-0.14307189,-0.989755213,0,0.989755213,-0.14307189,0,0,0,1],"scale":0.951399982,"type":"tree_oak_large_b"}
{"pos":[-51.9888,481.819,38.0881004],"rotationMatrix":[-0.864766717,-0.502498209,0,0.502498209,-0.864766717,0,0,0,1],"scale":1.28840005,"type":"tree_oak_large_b"}
{"pos":[-44.407299,419.453003,52.9094009],"rotationMatrix":[-0.736502528,0.676300406,0,-0.676300406,-0.736502528,0,0,0,1],"scale":1.31729996,"type":"tree_oak_large_b"}
{"pos":[-115.650002,441.432007,41.6036987],"rotationMatrix":[-0.606348872,-0.795287848,0,0.795287848,-0.606348872,0,0,0,1],"scale":1.3441,"type":"tree_oak_large_b"}
{"pos":[-99.7287979,472.390991,40.4542999],"rotationMatrix":[-0.604556918,0.796456397,0,-0.796456397,-0.604556918,0,0,0,1],"scale":1.14820004,"type":"tree_oak_large_b"}
{"pos":[-71.4094009,475.59201,38.5008011],"rotationMatrix":[-0.998000383,0.0647675991,0,-0.0647675991,-0.998000383,0,0,0,1],"scale":1.01619995,"type":"tree_oak_large_b"}
{"pos":[-90.3635025,460.27301,39.6402016],"rotationMatrix":[0.135888875,0.913922429,-0.38249439,-0.989131212,0.147108912,8.68290663e-05,0.0563518256,0.378320575,0.923958838],"scale":0.859200001,"type":"tree_oak_large_b"}
{"pos":[-83.8471985,333.345001,56.1773987],"rotationMatrix":[0.126950979,0.991842866,0,-0.991842866,0.126950979,0,0,0,1],"scale":1.06200004,"type":"tree_oak_large_b"}
{"pos":[-66.3874969,296.390015,62.8126984],"rotationMatrix":[-0.214928746,0.97658819,0,-0.97658819,-0.214928746,0,0,0,1],"scale":1.25,"type":"tree_oak_large_b"}
{"pos":[-71.7052002,306.303009,59.2989006],"rotationMatrix":[0.593919277,0.804501235,0,-0.804501235,0.593919277,0,0,0,1],"scale":0.911300004,"type":"tree_oak_large_b"}
{"pos":[-86.4414978,288.868988,59.7930984],"rotationMatrix":[-0.220859408,-0.975374937,0,0.975374937,-0.220859408,0,0,0,1],"scale":0.852199972,"type":"tree_oak_large_b"}
{"pos":[-134.643997,447.054993,41.1026993],"rotationMatrix":[0.99944222,0.0333966576,0,-0.0333966576,0.99944222,0,0,0,1],"scale":1.27970004,"type":"tree_oak_large_b"}
{"pos":[-153.210007,417.411011,37.0934982],"rotationMatrix":[-0.75668776,-0.653603256,0,0.653603256,-0.75668776,0,0,0,1],"scale":1.15579998,"type":"tree_oak_large_b"}
{"pos":[-126.871002,391.816986,42.6623001],"rotationMatrix":[0.578638017,-0.815551221,0,0.815551221,0.578638017,0,0,0,1],"scale":0.925599992,"type":"tree_oak_large_b"}
{"pos":[-175.569,418.312988,36.1762009],"rotationMatrix":[0.996353447,-0.08532314,0,0.08532314,0.996353447,0,0,0,1],"scale":1.37539995,"type":"tree_oak_large_b"}
{"pos":[-247.507996,402.364014,38.5119019],"rotationMatrix":[0.967078209,0.254470199,0,-0.254470199,0.967078209,0,0,0,1],"scale":1.2299,"type":"tree_oak_large_b"}
{"pos":[-246.987,375.303009,38.1318016],"rotationMatrix":[-0.896183372,0.444007188,0,-0.444007188,-0.896183372,0,0,0,1],"scale":1.12360001,"type":"tree_oak_large_b"}
{"pos":[-193.376007,435.324005,34.4304008],"rotationMatrix":[-0.307991505,0.951354682,0,-0.951354682,-0.307991505,0,0,0,1],"scale":0.925700009,"type":"tree_oak_large_b"}
{"pos":[-204.348007,424.779999,35.0544014],"rotationMatrix":[-0.947943091,-0.318176568,0,0.318176568,-0.947943091,0,0,0,1],"scale":0.840399981,"type":"tree_oak_large_b"}
{"pos":[-132.716995,371.644989,45.1982994],"rotationMatrix":[0.317654371,-0.948227942,0,0.948227942,0.317654371,0,0,0,1],"scale":1.39839995,"type":"tree_oak_large_b"}
{"pos":[-214.337006,363.631012,36.5290985],"rotationMatrix":[0.43925947,-0.898349702,0,0.898349702,0.43925947,0,0,0,1],"scale":1.36570001,"type":"tree_oak_large_b"}
{"pos":[-227.369995,342.967987,36.9897003],"rotationMatrix":[-0.679211378,-0.734139562,0,0.734139562,-0.679211378,0,0,0,1],"scale":0.844099998,"type":"tree_oak_large_b"}
{"pos":[-0.159400001,239.737,72.789299],"rotationMatrix":[0.945813656,-0.324722886,0,0.324722886,0.945813656,0,0,0,1],"scale":0.92019999,"type":"tree_oak_large_b"}
{"pos":[-42.0001984,239.438004,70.365097],"rotationMatrix":[-0.49195528,0.870436847,0,-0.870436847,-0.49195528,0,0,0,1],"scale":0.839399993,"type":"tree_oak_large_b"}
{"pos":[-77.0262985,204.061996,43.8097992],"rotationMatrix":[0.532455504,-0.846511841,0,0.846511841,0.532455504,0,0,0,1],"scale":1.04809999,"type":"tree_oak_large_b"}
{"pos":[-47.1128006,159.617004,48.2056007],"rotationMatrix":[0.932214379,-0.361903787,0,0.361903787,0.932214379,0,0,0,1],"scale":1.15779996,"type":"tree_oak_large_b"}
{"pos":[-19.2266006,106.064003,48.4715996],"rotationMatrix":[0.974144638,0.225921899,0,-0.225921899,0.974144638,0,0,0,1],"scale":1.06840003,"type":"tree_oak_large_b"}
{"pos":[-26.8160992,42.1216011,43.6543999],"rotationMatrix":[0.0984440446,0.995149136,0,-0.995149136,0.0984440446,0,0,0,1],"scale":1.21259999,"type":"tree_oak_large_b"}
{"pos":[-60.5182991,26.7950001,44.0937996],"rotationMatrix":[0.977612734,-0.21041505,0,0.21041505,0.977612734,0,0,0,1],"scale":0.925899982,"type":"tree_oak_large_b"}
{"pos":[-117.572998,28.6012001,43.8867989],"rotationMatrix":[-0.194748759,0.980810106,0,-0.980810106,-0.194748759,0,0,0,1],"scale":1.00329995,"type":"tree_oak_large_b"}
{"pos":[-106.373001,38.3264999,44.5102005],"rotationMatrix":[0.792889535,0.609360456,0,-0.609360456,0.792889535,0,0,0,1],"scale":1.01250005,"type":"tree_oak_large_b"}
{"pos":[-100.199997,30.8987999,44.3092995],"rotationMatrix":[0.851923168,0.523683667,0,-0.523683667,0.851923168,0,0,0,1],"scale":1.30270004,"type":"tree_oak_large_b"}
{"pos":[-116.505997,54.8321991,44.0569],"rotationMatrix":[0.660841525,-0.750546694,0,0.750546694,0.660841525,0,0,0,1],"scale":0.89319998,"type":"tree_oak_large_b"}
{"pos":[-71.7012024,101.794998,41.9193001],"rotationMatrix":[0.0320030451,0.999442577,0,-0.999442577,0.0320030451,0,0,0,1],"scale":0.795799971,"type":"tree_oak_large_b"}
{"pos":[-77.341301,30.302,40.4108009],"rotationMatrix":[-0.158241987,-0.987321377,0,0.987321377,-0.158241987,0,0,0,1],"scale":1.00399995,"type":"tree_oak_large_b"}
{"pos":[-130.766998,171.563004,41.1568985],"rotationMatrix":[0.329981089,-0.944022834,0,0.944022834,0.329981089,0,0,0,1],"scale":0.983299971,"type":"tree_oak_large_b"}
{"pos":[-229.031998,133.598007,47.1167984],"rotationMatrix":[0.924960613,0.380078137,0,-0.380078137,0.924960613,0,0,0,1],"scale":1.29439998,"type":"tree_oak_large_b"}
{"pos":[-177.302002,141.087997,40.8772011],"rotationMatrix":[-0.978458285,0.206478953,0,-0.206478953,-0.978458285,0,0,0,1],"scale":1.25580001,"type":"tree_oak_large_b"}
{"pos":[-215.192993,149.528,40.7541008],"rotationMatrix":[-0.953473926,-0.302024484,0,0.302024484,-0.953473926,0,0,0,1],"scale":1.03849995,"type":"tree_oak_large_b"}
{"pos":[-206.382996,163.671997,39.9499016],"rotationMatrix":[-0.35103929,0.936308444,0,-0.936308444,-0.35103929,0,0,0,1],"scale":1.08560002,"type":"tree_oak_large_b"}
{"pos":[-130.343002,80.0475006,42.4536018],"rotationMatrix":[0.963279486,0.268506795,0,-0.268506795,0.963279486,0,0,0,1],"scale":0.827899992,"type":"tree_oak_large_b"}
{"pos":[-142.647003,100.497002,42.571701],"rotationMatrix":[-0.557965517,-0.829820514,0,0.829820514,-0.557965517,0,0,0,1],"scale":1.35599995,"type":"tree_oak_large_b"}
{"pos":[-156.554001,85.9615021,42.5586014],"rotationMatrix":[0.656876683,-0.754009724,0,0.754009724,0.656876683,0,0,0,1],"scale":1.25209999,"type":"tree_oak_large_b"}
{"pos":[-211.367996,10.0572996,36.9118996],"rotationMatrix":[-0.738739491,-0.673752189,0,0.673752189,-0.738739491,0,0,0,1],"scale":1.32690001,"type":"tree_oak_large_b"}
{"pos":[-233.197998,17.5114994,35.6178017],"rotationMatrix":[-0.53691864,0.843727291,-6.06775284e-05,-0.83365351,-0.530519724,-0.154036716,-0.129990518,-0.0826424807,0.98806572],"scale":0.930800021,"type":"tree_oak_large_b"}
{"pos":[-267.924011,131.561996,52.1665001],"rotationMatrix":[-0.956593871,0.289160788,-0.0373443216,-0.291387975,-0.952575922,0.088160798,-0.01007968,0.0952119976,0.995406091],"scale":1.03390002,"type":"tree_oak_large_b"}
{"pos":[-372.63501,206.362,57.8525009],"rotationMatrix":[-0.983632863,-0.179752514,0,0.179752514,-0.983632863,0,0,0,1],"scale":1.34870005,"type":"tree_oak_large_b"}
{"pos":[-370.968994,182.044998,58.9858017],"rotationMatrix":[0.229214668,0.973414421,0,-0.973414421,0.229214668,0,0,0,1],"scale":1.36080003,"type":"tree_oak_large_b"}
{"pos":[-258.772003,21.2612,33.1576996],"rotationMatrix":[0.375932038,0.926605701,0,-0.926605701,0.375932038,0,0,0,1],"scale":1.24339998,"type":"tree_oak_large_b"}
{"pos":[-409.080994,218.533005,56.0369987],"rotationMatrix":[-0.341194391,0.940097213,0,-0.940097213,-0.341194391,0,0,0,1],"scale":1.01289999,"type":"tree_oak_large_b"}
{"pos":[-382.516998,164.916,43.5312996],"rotationMatrix":[-0.944580197,-0.305683464,-0.119663037,0.303270131,-0.952129602,0.0383357629,-0.125653759,-7.89593905e-05,0.992074132],"scale":1.09519994,"type":"tree_oak_large_b"}
{"pos":[-414.126007,249.889008,50.5954018],"rotationMatrix":[-0.988416791,0.151160359,0,-0.151160359,-0.988416791,0,0,0,1],"scale":1.02909994,"type":"tree_oak_large_b"}
{"pos":[-504.247986,924.59198,33.5891991],"rotationMatrix":[-0.996801257,0.078537114,0,-0.078537114,-0.996801257,0,0,0,1],"scale":0.969200015,"type":"tree_oak_large_b"}
{"pos":[-511.024994,858.242004,26.1257992],"rotationMatrix":[-0.993410945,0.11373724,4.14066017e-06,-0.112440363,-0.982077599,-0.150609881,-0.0171267409,-0.149632931,0.988592684],"scale":1.28489995,"type":"tree_oak_large_b"}
{"pos":[-542.309021,758.244995,31.9740009],"rotationMatrix":[0.368087173,-0.929825783,0,0.929825783,0.368087173,0,0,0,1],"scale":0.935800016,"type":"tree_oak_large_b"}
{"pos":[-531.35498,780.932007,30.0762005],"rotationMatrix":[-0.552321911,-0.83360219,0,0.83360219,-0.552321911,0,0,0,1],"scale":1.35119998,"type":"tree_oak_large_b"}
{"pos":[-566.539001,828.392029,25.5926991],"rotationMatrix":[0.998951197,-0.0457862616,0,0.0457862616,0.998951197,0,0,0,1],"scale":1.09730005,"type":"tree_oak_large_b"}
{"pos":[-597.111023,811.054016,29.6191006],"rotationMatrix":[0.844652653,-0.535326958,0,0.535326958,0.844652653,0,0,0,1],"scale":1.20159996,"type":"tree_oak_large_b"}
{"pos":[-737.775024,979.929016,39.4305992],"rotationMatrix":[0.47037375,-0.882436037,0,0.882436037,0.47037375,0,0,0,1],"scale":0.9375,"type":"tree_oak_large_b"}
{"pos":[-675.528015,839.166016,41.0405006],"rotationMatrix":[-0.420960784,0.90712899,0,-0.90712899,-0.420960784,0,0,0,1],"scale":0.998399973,"type":"tree_oak_large_b"}
{"pos":[-632.413025,769.68103,33.7475014],"rotationMatrix":[0.803435504,0.595399141,0,-0.595399141,0.803435504,0,0,0,1],"scale":0.841600001,"type":"tree_oak_large_b"}
{"pos":[-627.992981,782.640991,33.5997009],"rotationMatrix":[-0.117854118,-0.993048549,-2.5562942e-05,0.989788294,-0.117465138,-0.080969885,0.0804027617,-0.00956651941,0.996716619],"scale":0.950500011,"type":"tree_oak_large_b"}
{"pos":[-540.343994,694.809021,34.4911995],"rotationMatrix":[-0.666407704,-0.74557507,0,0.74557507,-0.666407704,0,0,0,1],"scale":1.12230003,"type":"tree_oak_large_b"}
{"pos":[-536.455017,713.442017,32.9667015],"rotationMatrix":[-0.168264627,-0.985667944,-5.45829535e-05,0.980592847,-0.167392373,-0.101349682,0.0998942181,-0.0171144828,0.994850516],"scale":1.27999997,"type":"tree_oak_large_b"}
{"pos":[-560.343994,698.862,34.7943001],"rotationMatrix":[0.723529518,-0.690283895,0,0.690283895,0.723529518,0,0,0,1],"scale":1.31529999,"type":"tree_oak_large_b"}
{"pos":[-535.375977,649.151978,31.6247005],"rotationMatrix":[-1,-0.00579999993,0,0.00579999993,-1,0,0,0,1],"scale":0.866699994,"type":"tree_oak_large_b"}
{"pos":[-597.710022,738.815002,33.4990997],"rotationMatrix":[0.517445087,-0.855768621,0,0.855768621,0.517445087,0,0,0,1],"scale":1.33449996,"type":"tree_oak_large_b"}
{"pos":[-599.64801,634.124023,31.6438007],"rotationMatrix":[-0.496450067,0.868113995,0,-0.868113995,-0.496450067,0,0,0,1],"scale":1.25650001,"type":"tree_oak_large_b"}
{"pos":[-564.752014,660.754028,34.1627998],"rotationMatrix":[0.996605098,-0.0823340788,0,0.0823340788,0.996605098,0,0,0,1],"scale":0.883300006,"type":"tree_oak_large_b"}
{"pos":[-549.414001,731.697998,32.9981995],"rotationMatrix":[-0.00111246109,0.999980509,0,-0.999980509,-0.00111246109,0,0,0,1],"scale":1.28960001,"type":"tree_oak_large_b"}
{"pos":[-575.900024,747.268005,33.0032005],"rotationMatrix":[0.999394,0.0348106213,-9.68000386e-05,-0.0347476192,0.997409999,-0.0629796013,-0.00209560012,0.0629448071,0.998014987],"scale":1.09660006,"type":"tree_oak_large_b"}
{"pos":[-549.471008,746.116028,32.8047981],"rotationMatrix":[-0.607424498,0.794298947,0,-0.794298947,-0.607424498,0,0,0,1],"scale":1.15509999,"type":"tree_oak_large_b"}
{"pos":[-591.401978,710.758972,34.3933983],"rotationMatrix":[-0.06959939,-0.997493148,0,0.997493148,-0.06959939,0,0,0,1],"scale":0.974399984,"type":"tree_oak_large_b"}
{"pos":[-509.897064,608.566345,25.4333],"rotationMatrix":[-0.729775071,-0.683686137,0.0107817426,0.670934916,-0.719027877,-0.181546479,0.131868452,-0.125244081,0.983323812],"scale":1.39579999,"type":"tree_oak_large_b"}
{"pos":[-565.184998,522.039978,26.0049992],"rotationMatrix":[0.858807027,-0.512322783,0,0.512322783,0.858807027,0,0,0,1],"scale":1.3477,"type":"tree_oak_large_b"}
