{"pos":[347.101715,87.670578,257.995972],"rotationMatrix":[0.942921162,0.333015889,0,-0.333015889,0.942921162,0,0,0,0.999999881],"scale":1.46688795,"type":"tree_aspen_small_c"}
{"pos":[155.038254,115.733551,254.04863],"rotationMatrix":[-0.829554975,0.558424711,0,-0.558424711,-0.829554975,0,0,0,0.999999881],"scale":1.44181454,"type":"tree_aspen_small_c"}
{"pos":[150.365814,114.965462,254.168289],"rotationMatrix":[-0.972734213,0.231922582,0,-0.231922582,-0.972734213,0,0,0,0.999999881],"scale":1.41867375,"type":"tree_aspen_small_c"}
{"pos":[224.776718,108.615402,254.192047],"rotationMatrix":[-0.851737559,-0.523968637,0,0.523968637,-0.851737559,0,0,0,0.999999881],"scale":1.44301367,"type":"tree_aspen_small_c"}
{"pos":[204.635193,73.1156464,254.227676],"rotationMatrix":[-0.479679346,0.877443731,0,-0.877443731,-0.479679346,0,0,0,0.999999881],"scale":1.46497357,"type":"tree_aspen_small_c"}
{"pos":[403.777985,99.1827393,250.047806],"rotationMatrix":[-0.685732245,-0.727853715,0,0.727853715,-0.685732245,0,0,0,0.999999881],"scale":1.45504141,"type":"tree_aspen_small_c"}
{"pos":[302.278412,234.984848,254.428528],"rotationMatrix":[0.0641636103,0.997939289,0,-0.997939289,0.0641636103,0,0,0,0.999999881],"scale":1.48053312,"type":"tree_aspen_small_c"}
{"pos":[322.113525,244.906326,256.963806],"rotationMatrix":[-0.994248927,0.107093163,0,-0.107093163,-0.994248927,0,0,0,0.999999881],"scale":1.48771536,"type":"tree_aspen_small_c"}
{"pos":[281.010376,232.467514,249.964142],"rotationMatrix":[-0.540400922,-0.841407597,0,0.841407597,-0.540400922,0,0,0,0.999999881],"scale":1.44127858,"type":"tree_aspen_small_c"}
{"pos":[360.647827,243.441544,263.568085],"rotationMatrix":[-0.220857188,-0.975306094,0,0.975306094,-0.220857188,0,0,0,0.999999881],"scale":1.43782854,"type":"tree_aspen_small_c"}
{"pos":[335.846069,254.408936,258.617065],"rotationMatrix":[0.864781439,0.50214839,0,-0.50214839,0.864781439,0,0,0,0.999999881],"scale":1.47585511,"type":"tree_aspen_small_c"}
{"pos":[252.186493,206.20784,249.993179],"rotationMatrix":[0.694233775,-0.719749451,0,0.719749451,0.694233775,0,0,0,0.999999881],"scale":1.41440678,"type":"tree_aspen_small_c"}
{"pos":[334.099762,198.331345,263.844238],"rotationMatrix":[-0.42833522,0.903619766,0,-0.903619766,-0.42833522,0,0,0,0.999999881],"scale":1.40407777,"type":"tree_aspen_small_c"}
{"pos":[443.052429,68.9183044,257.952026],"rotationMatrix":[0.456825316,0.889556468,0,-0.889556468,0.456825316,0,0,0,0.999999881],"scale":1.46523666,"type":"tree_aspen_small_c"}
{"pos":[435.916321,35.4072647,257.774719],"rotationMatrix":[-0.190754414,-0.981637657,0,0.981637657,-0.190754414,0,0,0,0.999999881],"scale":1.48798013,"type":"tree_aspen_small_c"}
{"pos":[420.206177,108.265022,258.223145],"rotationMatrix":[0.9189592,-0.394352347,0,0.394352347,0.9189592,0,0,0,0.999999881],"scale":1.49947715,"type":"tree_aspen_small_c"}
{"pos":[413.492554,147.547897,258.856171],"rotationMatrix":[0.0978474319,-0.995201349,0,0.995201349,0.0978474319,0,0,0,0.999999881],"scale":1.48348308,"type":"tree_aspen_small_c"}
{"pos":[390.835144,158.710907,261.519409],"rotationMatrix":[0.997626126,-0.0688610077,0,0.0688610077,0.997626126,0,0,0,0.999999881],"scale":1.41600859,"type":"tree_aspen_small_c"}
{"pos":[374.426666,150.795944,263.087067],"rotationMatrix":[-0.886455715,0.462813258,0,-0.462813258,-0.886455715,0,0,0,0.999999881],"scale":1.46536505,"type":"tree_aspen_small_c"}
{"pos":[378.393616,159.211975,263.329193],"rotationMatrix":[0.884291172,0.466935813,0,-0.466935813,0.884291172,0,0,0,0.999999881],"scale":1.4886961,"type":"tree_aspen_small_c"}
{"pos":[378.873352,164.034424,263.106018],"rotationMatrix":[-0.413960457,0.910294712,0,-0.910294712,-0.413960457,0,0,0,0.999999881],"scale":1.45433664,"type":"tree_aspen_small_c"}
{"pos":[383.185089,191.7146,263.469299],"rotationMatrix":[0.288395703,-0.957511246,0,0.957511246,0.288395703,0,0,0,0.999999881],"scale":1.46454704,"type":"tree_aspen_small_c"}
{"pos":[386.277985,210.994263,263.622345],"rotationMatrix":[0.85059464,-0.525821805,0,0.525821805,0.85059464,0,0,0,0.999999881],"scale":1.4649303,"type":"tree_aspen_small_c"}
{"pos":[396.500641,187.417191,262.414154],"rotationMatrix":[-0.0315535739,0.999501944,0,-0.999501944,-0.0315535739,0,0,0,0.999999881],"scale":1.46107078,"type":"tree_aspen_small_c"}
{"pos":[418.976837,190.715561,263.167175],"rotationMatrix":[-0.954298675,-0.298854619,0,0.298854619,-0.954298675,0,0,0,0.999999881],"scale":1.48645282,"type":"tree_aspen_small_c"}
{"pos":[406.790375,174.965607,260.127625],"rotationMatrix":[0.957677782,-0.287841976,0,0.287841976,0.957677782,0,0,0,0.999999881],"scale":1.40780234,"type":"tree_aspen_small_c"}
{"pos":[413.030151,183.656296,260.866089],"rotationMatrix":[-0.793532252,-0.608527958,0,0.608527958,-0.793532252,0,0,0,0.999999881],"scale":1.48364341,"type":"tree_aspen_small_c"}
{"pos":[416.123352,160.785706,258.258179],"rotationMatrix":[0.525055468,-0.851067901,0,0.851067901,0.525055468,0,0,0,0.999999881],"scale":1.47556472,"type":"tree_aspen_small_c"}
{"pos":[173.363205,0.548841596,256.578552],"rotationMatrix":[0.529712856,-0.848176897,0,0.848176897,0.529712856,0,0,0,0.999999881],"scale":1.48088145,"type":"tree_aspen_small_c"}
{"pos":[455.63324,97.1255798,263.653259],"rotationMatrix":[-0.346810341,-0.937935174,0,0.937935174,-0.346810341,0,0,0,0.999999881],"scale":1.44348061,"type":"tree_aspen_small_c"}
{"pos":[474.939575,64.9299011,263.888702],"rotationMatrix":[0.464006573,-0.885831654,0,0.885831654,0.464006573,0,0,0,0.999999881],"scale":1.42155194,"type":"tree_aspen_small_c"}
{"pos":[236.611481,91.8461914,254.189896],"rotationMatrix":[0.886604488,0.462528318,0,-0.462528318,0.886604488,0,0,0,0.999999881],"scale":1.48144662,"type":"tree_aspen_small_c"}
{"pos":[292.07962,146.755157,249.640457],"rotationMatrix":[-0.99693048,-0.078290984,0,0.078290984,-0.99693048,0,0,0,0.999999881],"scale":1.42378676,"type":"tree_aspen_small_c"}
{"pos":[-303.077454,447.96933,273.413757],"rotationMatrix":[-0.0763248503,0.997082949,0,-0.997082949,-0.0763248503,0,0,0,0.999999881],"scale":1.40728486,"type":"tree_aspen_small_c"}
{"pos":[31.0705166,-322.871185,257.542786],"rotationMatrix":[-0.54307431,0.839684427,0,-0.839684427,-0.54307431,0,0,0,0.999999881],"scale":1.46655774,"type":"tree_aspen_small_c"}
{"pos":[-64.2871933,-172.787689,264.562164],"rotationMatrix":[0.544186234,-0.838964343,0,0.838964343,0.544186234,0,0,0,0.999999881],"scale":1.46399283,"type":"tree_aspen_small_c"}
{"pos":[-150.513702,-75.9075623,255.833893],"rotationMatrix":[0.97637254,-0.216093734,0,0.216093734,0.97637254,0,0,0,0.999999881],"scale":1.40348887,"type":"tree_aspen_small_c"}
{"pos":[-134.556107,-83.3896255,255.727493],"rotationMatrix":[0.22220923,0.974998951,0,-0.974998951,0.22220923,0,0,0,0.999999881],"scale":1.42223263,"type":"tree_aspen_small_c"}
{"pos":[-88.7418671,-83.6309586,255.913681],"rotationMatrix":[0.159358665,-0.987220645,0,0.987220645,0.159358665,0,0,0,0.999999881],"scale":1.46073174,"type":"tree_aspen_small_c"}
{"pos":[-161.182159,-56.8452797,255.786484],"rotationMatrix":[-0.991723001,0.128394753,0,-0.128394753,-0.991723001,0,0,0,0.999999881],"scale":1.40610754,"type":"tree_aspen_small_c"}
{"pos":[-204.707932,-62.2486763,255.618607],"rotationMatrix":[0.26677978,-0.963757396,0,0.963757396,0.26677978,0,0,0,0.999999881],"scale":1.4587245,"type":"tree_aspen_small_c"}
{"pos":[-248.693542,-1.4237833,251.870102],"rotationMatrix":[-0.500114083,0.865959346,0,-0.865959346,-0.500114083,0,0,0,0.999999881],"scale":1.4743588,"type":"tree_aspen_small_c"}
{"pos":[-235.241211,-1.00628567,250.491531],"rotationMatrix":[0.134739056,0.990881026,0,-0.990881026,0.134739056,0,0,0,0.999999881],"scale":1.49488723,"type":"tree_aspen_small_c"}
{"pos":[-173.004547,0.74085331,249.712173],"rotationMatrix":[0.914702177,0.404128551,0,-0.404128551,0.914702177,0,0,0,0.999999881],"scale":1.43032467,"type":"tree_aspen_small_c"}
{"pos":[-153.725174,4.84492302,249.604248],"rotationMatrix":[-0.41822058,-0.908345342,0,0.908345342,-0.41822058,0,0,0,0.999999881],"scale":1.40793681,"type":"tree_aspen_small_c"}
{"pos":[-145.756577,7.01681757,249.903992],"rotationMatrix":[0.1550574,-0.987905383,0,0.987905383,0.1550574,0,0,0,0.999999881],"scale":1.41867816,"type":"tree_aspen_small_c"}
{"pos":[-134.384399,6.43066788,249.828827],"rotationMatrix":[0.15251264,-0.988301396,0,0.988301396,0.15251264,0,0,0,0.999999881],"scale":1.4378736,"type":"tree_aspen_small_c"}
{"pos":[-276.629883,-24.5735016,255.890594],"rotationMatrix":[-0.999421954,0.0339922607,0,-0.0339922607,-0.999421954,0,0,0,0.999999881],"scale":1.44060326,"type":"tree_aspen_small_c"}
{"pos":[-293.738373,-10.8888178,255.60144],"rotationMatrix":[0.908019125,0.418928593,0,-0.418928593,0.908019125,0,0,0,0.999999881],"scale":1.42312038,"type":"tree_aspen_small_c"}
{"pos":[-313.59845,-5.20299053,257.482635],"rotationMatrix":[-0.522367597,-0.852720201,0,0.852720201,-0.522367597,0,0,0,0.999999881],"scale":1.44656885,"type":"tree_aspen_small_c"}
{"pos":[-325.704315,-12.0307207,259.524078],"rotationMatrix":[0.689134538,0.724633396,0,-0.724633396,0.689134538,0,0,0,0.999999881],"scale":1.46395159,"type":"tree_aspen_small_c"}
{"pos":[-328.253632,5.40695381,257.7323],"rotationMatrix":[0.476101309,0.879390419,0,-0.879390419,0.476101309,0,0,0,0.999999881],"scale":1.41127872,"type":"tree_aspen_small_c"}
{"pos":[-340.995605,15.5475111,257.840576],"rotationMatrix":[-0.967940092,0.251180708,0,-0.251180708,-0.967940092,0,0,0,0.999999881],"scale":1.49943769,"type":"tree_aspen_small_c"}
{"pos":[-312.401703,7.24165249,256.270813],"rotationMatrix":[-0.820257664,-0.571994185,0,0.571994185,-0.820257664,0,0,0,0.999999881],"scale":1.48069763,"type":"tree_aspen_small_c"}
{"pos":[-342.456207,-7.74550629,259.587494],"rotationMatrix":[-0.157237306,-0.987560809,0,0.987560809,-0.157237306,0,0,0,0.999999881],"scale":1.45742643,"type":"tree_aspen_small_c"}
{"pos":[-342.565674,10.9292784,257.947845],"rotationMatrix":[-0.950854957,0.309636354,0,-0.309636354,-0.950854957,0,0,0,0.999999881],"scale":1.48779655,"type":"tree_aspen_small_c"}
{"pos":[-348.622559,11.8956032,258.451538],"rotationMatrix":[0.96894449,0.247278109,0,-0.247278109,0.96894449,0,0,0,0.999999881],"scale":1.47299123,"type":"tree_aspen_small_c"}
{"pos":[-440.069855,14.6987724,261.679993],"rotationMatrix":[-0.242181301,0.970230877,0,-0.970230877,-0.242181301,0,0,0,0.999999881],"scale":1.48588943,"type":"tree_aspen_small_c"}
{"pos":[-594.790833,54.9140472,262.757141],"rotationMatrix":[-0.840538681,-0.541751444,0,0.541751444,-0.840538681,0,0,0,0.999999881],"scale":1.46330738,"type":"tree_aspen_small_c"}
{"pos":[-295.271851,45.8043175,255.14064],"rotationMatrix":[0.987913132,0.155008093,0,-0.155008093,0.987913132,0,0,0,0.999999881],"scale":1.42055225,"type":"tree_aspen_small_c"}
{"pos":[-356.80542,-99.0150528,261.516632],"rotationMatrix":[0.908058405,-0.418843359,0,0.418843359,0.908058405,0,0,0,0.999999881],"scale":1.47929597,"type":"tree_aspen_small_c"}
{"pos":[-316.977905,-92.6070328,259.490051],"rotationMatrix":[0.36803174,0.929813206,0,-0.929813206,0.36803174,0,0,0,0.999999881],"scale":1.45016003,"type":"tree_aspen_small_c"}
{"pos":[-287.52298,-144.228775,286.584503],"rotationMatrix":[-0.746614337,-0.665256917,0,0.665256917,-0.746614337,0,0,0,0.999999881],"scale":1.42855215,"type":"tree_aspen_small_c"}
{"pos":[-291.502991,-138.217773,284.706146],"rotationMatrix":[-0.0186683685,-0.999825656,0,0.999825656,-0.0186683685,0,0,0,0.999999881],"scale":1.48312485,"type":"tree_aspen_small_c"}
{"pos":[-290.812347,-155.647903,288.934448],"rotationMatrix":[-0.848364413,0.529412448,0,-0.529412448,-0.848364413,0,0,0,0.999999881],"scale":1.41298342,"type":"tree_aspen_small_c"}
{"pos":[-309.881744,-199.927841,283.54483],"rotationMatrix":[0.674212813,0.738537133,0,-0.738537133,0.674212813,0,0,0,0.999999881],"scale":1.43021464,"type":"tree_aspen_small_c"}
{"pos":[-173.795029,-168.963867,273.609161],"rotationMatrix":[0.736810982,-0.676098645,0,0.676098645,0.736810982,0,0,0,0.999999881],"scale":1.4712075,"type":"tree_aspen_small_c"}
{"pos":[-166.652573,-172.019424,273.65979],"rotationMatrix":[-0.648602128,0.761127412,0,-0.761127412,-0.648602128,0,0,0,0.999999881],"scale":1.46918976,"type":"tree_aspen_small_c"}
{"pos":[-108.810394,-169.000427,273.488983],"rotationMatrix":[0.916665852,-0.399654329,0,0.399654329,0.916665852,0,0,0,0.999999881],"scale":1.48980534,"type":"tree_aspen_small_c"}
{"pos":[-110.049408,-161.110458,273.336182],"rotationMatrix":[0.998451054,0.0556356199,0,-0.0556356199,0.998451054,0,0,0,0.999999881],"scale":1.41981721,"type":"tree_aspen_small_c"}
{"pos":[-411.001648,-193.760162,271.616852],"rotationMatrix":[0.82030338,-0.571928322,0,0.571928322,0.82030338,0,0,0,0.999999881],"scale":1.45743227,"type":"tree_aspen_small_c"}
{"pos":[-415.153198,-188.990295,269.465759],"rotationMatrix":[0.793456137,0.608627379,0,-0.608627379,0.793456137,0,0,0,0.999999881],"scale":1.44410729,"type":"tree_aspen_small_c"}
{"pos":[-400.834961,-193.30246,274.72348],"rotationMatrix":[-0.622440934,-0.782666802,0,0.782666802,-0.622440934,0,0,0,0.999999881],"scale":1.41267502,"type":"tree_aspen_small_c"}
{"pos":[-404.281494,-204.458542,275.770813],"rotationMatrix":[-0.153273851,-0.988183677,0,0.988183677,-0.153273851,0,0,0,0.999999881],"scale":1.43642223,"type":"tree_aspen_small_c"}
{"pos":[-408.783813,-208.098709,275.326233],"rotationMatrix":[0.126696736,0.991941392,0,-0.991941392,0.126696736,0,0,0,0.999999881],"scale":1.4056946,"type":"tree_aspen_small_c"}
{"pos":[-427.699219,-185.955841,267.295807],"rotationMatrix":[-0.390383393,0.92065227,0,-0.92065227,-0.390383393,0,0,0,0.999999881],"scale":1.49248075,"type":"tree_aspen_small_c"}
{"pos":[-416.190918,-185.090637,267.942719],"rotationMatrix":[-0.694508553,-0.719484389,0,0.719484389,-0.694508553,0,0,0,0.999999881],"scale":1.46311498,"type":"tree_aspen_small_c"}
{"pos":[-397.002228,-169.365692,267.795319],"rotationMatrix":[0.99762696,0.0688492358,0,-0.0688492358,0.99762696,0,0,0,0.999999881],"scale":1.42607057,"type":"tree_aspen_small_c"}
{"pos":[-299.504547,-111.240746,260.88678],"rotationMatrix":[0.026349267,-0.999652743,0,0.999652743,0.026349267,0,0,0,0.999999881],"scale":1.47488594,"type":"tree_aspen_small_c"}
{"pos":[-331.456665,-177.731491,283.482269],"rotationMatrix":[-0.984534204,-0.175191849,0,0.175191849,-0.984534204,0,0,0,0.999999881],"scale":1.42432261,"type":"tree_aspen_small_c"}
{"pos":[-592.390564,-214.499527,268.109924],"rotationMatrix":[-0.828939617,0.559337974,0,-0.559337974,-0.828939617,0,0,0,0.999999881],"scale":1.41231334,"type":"tree_aspen_small_c"}
{"pos":[-83.4184723,-288.204132,264.439789],"rotationMatrix":[0.568308711,-0.822815299,0,0.822815299,0.568308711,0,0,0,0.999999881],"scale":1.46655178,"type":"tree_aspen_small_c"}
{"pos":[-96.2906265,-290.422913,263.784058],"rotationMatrix":[-0.245783612,0.969324648,0,-0.969324648,-0.245783612,0,0,0,0.999999881],"scale":1.41073716,"type":"tree_aspen_small_c"}
{"pos":[-116.601158,-290.497131,263.88681],"rotationMatrix":[-0.568654001,0.822576582,0,-0.822576582,-0.568654001,0,0,0,0.999999881],"scale":1.46207118,"type":"tree_aspen_small_c"}
{"pos":[-124.863602,-281.41629,264.032104],"rotationMatrix":[-0.432587564,-0.901591897,0,0.901591897,-0.432587564,0,0,0,0.999999881],"scale":1.4089154,"type":"tree_aspen_small_c"}
{"pos":[-121.776321,-285.767914,263.67334],"rotationMatrix":[0.980471075,0.196663216,0,-0.196663216,0.980471075,0,0,0,0.999999881],"scale":1.42197752,"type":"tree_aspen_small_c"}
{"pos":[-161.870056,-294.839264,263.688477],"rotationMatrix":[0.95710963,-0.28972587,0,0.28972587,0.95710963,0,0,0,0.999999881],"scale":1.40142035,"type":"tree_aspen_small_c"}
{"pos":[-154.356003,-291.19162,263.846161],"rotationMatrix":[-0.786180556,-0.617996812,0,0.617996812,-0.786180556,0,0,0,0.999999881],"scale":1.42274261,"type":"tree_aspen_small_c"}
{"pos":[-185.569717,-290.901642,264.535126],"rotationMatrix":[-0.995590866,-0.093801342,0,0.093801342,-0.995590866,0,0,0,0.999999881],"scale":1.49354863,"type":"tree_aspen_small_c"}
{"pos":[-206.733017,-299.480499,265.273163],"rotationMatrix":[-0.141569063,0.989928305,0,-0.989928305,-0.141569063,0,0,0,0.999999881],"scale":1.42161036,"type":"tree_aspen_small_c"}
{"pos":[-199.387451,-302.416138,264.743774],"rotationMatrix":[-0.0245187171,0.999699235,0,-0.999699235,-0.0245187171,0,0,0,0.999999881],"scale":1.40999806,"type":"tree_aspen_small_c"}
{"pos":[-202.984894,-296.413055,264.880707],"rotationMatrix":[-0.994329512,0.106341928,0,-0.106341928,-0.994329512,0,0,0,0.999999881],"scale":1.49415123,"type":"tree_aspen_small_c"}
{"pos":[-211.783905,-304.998444,264.60553],"rotationMatrix":[-0.813454032,0.581629097,0,-0.581629097,-0.813454032,0,0,0,0.999999881],"scale":1.41936779,"type":"tree_aspen_small_c"}
{"pos":[-253.776199,-286.783813,264.865417],"rotationMatrix":[-0.219839975,-0.975535929,0,0.975535929,-0.219839975,0,0,0,0.999999881],"scale":1.40630293,"type":"tree_aspen_small_c"}
{"pos":[-220.149521,-287.870911,265.220886],"rotationMatrix":[-0.498659521,0.866797805,0,-0.866797805,-0.498659521,0,0,0,0.999999881],"scale":1.41865742,"type":"tree_aspen_small_c"}
{"pos":[-216.681335,-277.950806,265.142731],"rotationMatrix":[0.249323726,-0.968420148,0,0.968420148,0.249323726,0,0,0,0.999999881],"scale":1.40913606,"type":"tree_aspen_small_c"}
{"pos":[-212.384415,-286.391907,265.189545],"rotationMatrix":[-0.207970515,0.97813499,0,-0.97813499,-0.207970515,0,0,0,0.999999881],"scale":1.41925263,"type":"tree_aspen_small_c"}
{"pos":[-207.174011,-275.929993,264.707825],"rotationMatrix":[-0.463670701,-0.886007488,0,0.886007488,-0.463670701,0,0,0,0.999999881],"scale":1.41811717,"type":"tree_aspen_small_c"}
{"pos":[-155.516129,-267.956757,263.676056],"rotationMatrix":[0.946618795,-0.322354972,0,0.322354972,0.946618795,0,0,0,0.999999881],"scale":1.41317749,"type":"tree_aspen_small_c"}
{"pos":[-155.906967,-279.902283,263.9711],"rotationMatrix":[-0.999139726,0.0414670594,0,-0.0414670594,-0.999139726,0,0,0,0.999999881],"scale":1.40172577,"type":"tree_aspen_small_c"}
{"pos":[-148.169128,-270.117645,263.938263],"rotationMatrix":[-0.449473917,-0.89329344,0,0.89329344,-0.449473917,0,0,0,0.999999881],"scale":1.44435716,"type":"tree_aspen_small_c"}
{"pos":[-114.540558,-269.773224,263.778809],"rotationMatrix":[0.257006258,0.966409743,0,-0.966409743,0.257006258,0,0,0,0.999999881],"scale":1.45135653,"type":"tree_aspen_small_c"}
{"pos":[-97.4824142,-278.206573,264.823853],"rotationMatrix":[0.505818069,-0.862640083,0,0.862640083,0.505818069,0,0,0,0.999999881],"scale":1.40890992,"type":"tree_aspen_small_c"}
{"pos":[-82.6835556,-282.921204,264.878082],"rotationMatrix":[0.983791173,-0.179317281,0,0.179317281,0.983791173,0,0,0,0.999999881],"scale":1.49227488,"type":"tree_aspen_small_c"}
{"pos":[-76.960907,-277.234253,264.80365],"rotationMatrix":[-0.81567955,0.578503668,0,-0.578503668,-0.81567955,0,0,0,0.999999881],"scale":1.47609818,"type":"tree_aspen_small_c"}
{"pos":[-101.997627,-287.1716,263.806458],"rotationMatrix":[-0.156260073,0.987715781,0,-0.987715781,-0.156260073,0,0,0,0.999999881],"scale":1.47478247,"type":"tree_aspen_small_c"}
{"pos":[-230.232651,-306.633148,263.771179],"rotationMatrix":[0.94426614,-0.329182655,0,0.329182655,0.94426614,0,0,0,0.999999881],"scale":1.44309831,"type":"tree_aspen_small_c"}
{"pos":[-229.717407,-311.082977,263.593536],"rotationMatrix":[-0.284384817,0.958710074,0,-0.958710074,-0.284384817,0,0,0,0.999999881],"scale":1.44358253,"type":"tree_aspen_small_c"}
{"pos":[-266.979492,-280.778961,263.929749],"rotationMatrix":[0.122666262,0.992447913,0,-0.992447913,0.122666262,0,0,0,0.999999881],"scale":1.4065814,"type":"tree_aspen_small_c"}
{"pos":[-271.510254,-282.581329,263.562042],"rotationMatrix":[-0.683701336,-0.729761958,0,0.729761958,-0.683701336,0,0,0,0.999999881],"scale":1.45448315,"type":"tree_aspen_small_c"}
{"pos":[-282.149384,-268.272552,263.701508],"rotationMatrix":[0.721803188,0.69209832,0,-0.69209832,0.721803188,0,0,0,0.999999881],"scale":1.49042451,"type":"tree_aspen_small_c"}
{"pos":[-383.534302,-299.066528,284.451324],"rotationMatrix":[-0.996108234,0.0881381109,0,-0.0881381109,-0.996108234,0,0,0,0.999999881],"scale":1.40888226,"type":"tree_aspen_small_c"}
{"pos":[-460.535095,-319.789215,283.101562],"rotationMatrix":[0.550563335,-0.834793329,0,0.834793329,0.550563335,0,0,0,0.999999881],"scale":1.44051552,"type":"tree_aspen_small_c"}
{"pos":[-438.504456,-322.484253,283.166443],"rotationMatrix":[-0.919515312,0.393054187,0,-0.393054187,-0.919515312,0,0,0,0.999999881],"scale":1.40150106,"type":"tree_aspen_small_c"}
{"pos":[-303.480255,-283.397034,282.543671],"rotationMatrix":[-0.0247704107,0.999693036,0,-0.999693036,-0.0247704107,0,0,0,0.999999881],"scale":1.49763072,"type":"tree_aspen_small_c"}
{"pos":[-581.544922,-347.078491,286.028503],"rotationMatrix":[-0.659641683,-0.75158006,0,0.75158006,-0.659641683,0,0,0,0.999999881],"scale":1.40357018,"type":"tree_aspen_small_c"}
{"pos":[-593.018799,-334.677734,283.248901],"rotationMatrix":[-0.850048482,-0.526704311,0,0.526704311,-0.850048482,0,0,0,0.999999881],"scale":1.4944979,"type":"tree_aspen_small_c"}
{"pos":[-682.705627,-186.518524,271.420898],"rotationMatrix":[0.937005222,-0.349315107,0,0.349315107,0.937005222,0,0,0,0.999999881],"scale":1.42839921,"type":"tree_aspen_small_c"}
{"pos":[-680.788574,-160.826218,269.037842],"rotationMatrix":[0.650220513,-0.759745479,0,0.759745479,0.650220513,0,0,0,0.999999881],"scale":1.45397973,"type":"tree_aspen_small_c"}
{"pos":[-662.205444,-124.958313,268.123138],"rotationMatrix":[-0.632650971,-0.774436891,0,0.774436891,-0.632650971,0,0,0,0.999999881],"scale":1.40124214,"type":"tree_aspen_small_c"}
{"pos":[-669.978882,-133.682175,268.179565],"rotationMatrix":[-0.953591406,0.301103234,0,-0.301103234,-0.953591406,0,0,0,0.999999881],"scale":1.41415381,"type":"tree_aspen_small_c"}
{"pos":[-644.600403,-121.805016,268.18515],"rotationMatrix":[-0.836269438,-0.548318684,0,0.548318684,-0.836269438,0,0,0,0.999999881],"scale":1.46815288,"type":"tree_aspen_small_c"}
{"pos":[-621.563904,-111.253319,268.149719],"rotationMatrix":[-0.772797048,0.634652972,0,-0.634652972,-0.772797048,0,0,0,0.999999881],"scale":1.4717679,"type":"tree_aspen_small_c"}
{"pos":[-633.900818,-115.784874,268.33606],"rotationMatrix":[0.806949139,0.590620875,0,-0.590620875,0.806949139,0,0,0,0.999999881],"scale":1.46809173,"type":"tree_aspen_small_c"}
{"pos":[-591.232727,-98.2386475,265.759399],"rotationMatrix":[-0.71526885,0.698849142,0,-0.698849142,-0.71526885,0,0,0,0.999999881],"scale":1.45458841,"type":"tree_aspen_small_c"}
{"pos":[-682.866333,-196.738815,271.760254],"rotationMatrix":[0.839107215,-0.543965995,0,0.543965995,0.839107215,0,0,0,0.999999881],"scale":1.4788388,"type":"tree_aspen_small_c"}
{"pos":[-690.869019,-188.570358,272.618103],"rotationMatrix":[-0.0104423678,0.999945343,0,-0.999945343,-0.0104423678,0,0,0,0.999999881],"scale":1.43584394,"type":"tree_aspen_small_c"}
{"pos":[-695.070007,-185.689545,273.010651],"rotationMatrix":[-0.991305888,0.131576627,0,-0.131576627,-0.991305888,0,0,0,0.999999881],"scale":1.43140709,"type":"tree_aspen_small_c"}
{"pos":[-706.992065,-179.002502,273.818512],"rotationMatrix":[0.763485909,-0.645824254,0,0.645824254,0.763485909,0,0,0,0.999999881],"scale":1.4552002,"type":"tree_aspen_small_c"}
{"pos":[-690.38269,-180.201309,272.417664],"rotationMatrix":[0.366968274,-0.930233359,0,0.930233359,0.366968274,0,0,0,0.999999881],"scale":1.41154337,"type":"tree_aspen_small_c"}
{"pos":[-694.260132,-147.86795,271.55545],"rotationMatrix":[-0.948624253,0.31640476,0,-0.31640476,-0.948624253,0,0,0,0.999999881],"scale":1.46079826,"type":"tree_aspen_small_c"}
{"pos":[-684.003296,-135.633392,270.486328],"rotationMatrix":[0.834811389,-0.550535917,0,0.550535917,0.834811389,0,0,0,0.999999881],"scale":1.46971035,"type":"tree_aspen_small_c"}
{"pos":[-646.3479,-109.28511,268.675293],"rotationMatrix":[-0.165295735,0.986243904,0,-0.986243904,-0.165295735,0,0,0,0.999999881],"scale":1.44264913,"type":"tree_aspen_small_c"}
{"pos":[-651.63092,-97.8004227,270.167786],"rotationMatrix":[-0.884627461,-0.466298431,0,0.466298431,-0.884627461,0,0,0,0.999999881],"scale":1.44332457,"type":"tree_aspen_small_c"}
{"pos":[-654.488892,-108.444687,268.869385],"rotationMatrix":[0.996151388,-0.0876475349,0,0.0876475349,0.996151388,0,0,0,0.999999881],"scale":1.43716657,"type":"tree_aspen_small_c"}
{"pos":[-671.286743,-94.6549149,271.876495],"rotationMatrix":[-0.63051486,-0.776176989,0,0.776176989,-0.63051486,0,0,0,0.999999881],"scale":1.47755063,"type":"tree_aspen_small_c"}
{"pos":[-701.924194,-156.716339,272.41037],"rotationMatrix":[0.968023241,0.250860333,0,-0.250860333,0.968023241,0,0,0,0.999999881],"scale":1.46843815,"type":"tree_aspen_small_c"}
{"pos":[-687.245972,-182.1978,271.959473],"rotationMatrix":[0.63818711,0.769881308,0,-0.769881308,0.63818711,0,0,0,0.999999881],"scale":1.46966219,"type":"tree_aspen_small_c"}
{"pos":[-89.44664,-213.931183,270.932953],"rotationMatrix":[-0.998586953,0.0531407148,0,-0.0531407148,-0.998586953,0,0,0,0.999999881],"scale":1.44142103,"type":"tree_aspen_small_c"}
{"pos":[-78.4140091,-210.312302,269.892487],"rotationMatrix":[0.814108849,0.580712318,0,-0.580712318,0.814108849,0,0,0,0.999999881],"scale":1.43447781,"type":"tree_aspen_small_c"}
{"pos":[-338.08609,-63.7140999,258.180634],"rotationMatrix":[-0.997757971,0.0669241846,0,-0.0669241846,-0.997757971,0,0,0,0.999999881],"scale":1.41419339,"type":"tree_aspen_small_c"}
{"pos":[-359.640869,-55.9514236,259.832764],"rotationMatrix":[-0.943223894,0.332157671,0,-0.332157671,-0.943223894,0,0,0,0.999999881],"scale":1.48421001,"type":"tree_aspen_small_c"}
{"pos":[-303.017395,-313.280975,302.447205],"rotationMatrix":[-0.98685509,-0.161606759,0,0.161606759,-0.98685509,0,0,0,0.999999881],"scale":1.40135729,"type":"tree_aspen_small_c"}
{"pos":[-270.791534,-319.570648,303.891571],"rotationMatrix":[0.158573925,0.987347066,0,-0.987347066,0.158573925,0,0,0,0.999999881],"scale":1.45067525,"type":"tree_aspen_small_c"}
{"pos":[-264.234802,-323.87326,303.224762],"rotationMatrix":[0.192787394,-0.981240451,0,0.981240451,0.192787394,0,0,0,0.999999881],"scale":1.4808867,"type":"tree_aspen_small_c"}
{"pos":[-298.937561,-325.536194,304.17511],"rotationMatrix":[-0.220981792,0.975277841,0,-0.975277841,-0.220981792,0,0,0,0.999999881],"scale":1.46556258,"type":"tree_aspen_small_c"}
{"pos":[-178.383331,-339.129486,291.539276],"rotationMatrix":[-0.113953292,0.993485987,0,-0.993485987,-0.113953292,0,0,0,0.999999881],"scale":1.49539268,"type":"tree_aspen_small_c"}
{"pos":[-142.506927,-368.545959,291.599213],"rotationMatrix":[0.854323149,0.519742131,0,-0.519742131,0.854323149,0,0,0,0.999999881],"scale":1.401788,"type":"tree_aspen_small_c"}
{"pos":[-163.398071,-362.328308,291.576477],"rotationMatrix":[-0.135037795,0.990840375,0,-0.990840375,-0.135037795,0,0,0,0.999999881],"scale":1.41187382,"type":"tree_aspen_small_c"}
{"pos":[-99.253624,-354.257385,283.536102],"rotationMatrix":[0.478150934,0.878277719,0,-0.878277719,0.478150934,0,0,0,0.999999881],"scale":1.47866344,"type":"tree_aspen_small_c"}
{"pos":[-94.645607,-352.651733,283.779358],"rotationMatrix":[0.00980283506,0.999951839,0,-0.999951839,0.00980283506,0,0,0,0.999999881],"scale":1.40020037,"type":"tree_aspen_small_c"}
{"pos":[-69.6520996,-328.868927,285.369751],"rotationMatrix":[-0.76935184,-0.638825238,0,0.638825238,-0.76935184,0,0,0,0.999999881],"scale":1.49908292,"type":"tree_aspen_small_c"}
{"pos":[-89.3522949,-330.775757,285.907288],"rotationMatrix":[0.825217068,-0.564815581,0,0.564815581,0.825217068,0,0,0,0.999999881],"scale":1.44227076,"type":"tree_aspen_small_c"}
{"pos":[-106.085258,-329.648834,285.538879],"rotationMatrix":[-0.999433815,-0.0336415768,0,0.0336415768,-0.999433815,0,0,0,0.999999881],"scale":1.4481895,"type":"tree_aspen_small_c"}
{"pos":[-121.296204,-325.417145,283.913391],"rotationMatrix":[0.466066033,0.884749949,0,-0.884749949,0.466066033,0,0,0,0.999999881],"scale":1.40829933,"type":"tree_aspen_small_c"}
{"pos":[112.114082,-310.522308,274.219727],"rotationMatrix":[0.640044987,0.768337429,0,-0.768337429,0.640044987,0,0,0,0.999999881],"scale":1.48844862,"type":"tree_aspen_small_c"}
{"pos":[147.571381,-316.38858,273.897644],"rotationMatrix":[-0.999602854,0.028176479,0,-0.028176479,-0.999602854,0,0,0,0.999999881],"scale":1.44768357,"type":"tree_aspen_small_c"}
{"pos":[184.014633,-114.290695,273.664642],"rotationMatrix":[0.867654204,-0.497167915,0,0.497167915,0.867654204,0,0,0,0.999999881],"scale":1.44183457,"type":"tree_aspen_small_c"}
{"pos":[179.425751,-158.289658,274.8797],"rotationMatrix":[-0.995335042,-0.0964775532,0,0.0964775532,-0.995335042,0,0,0,0.999999881],"scale":1.46327567,"type":"tree_aspen_small_c"}
{"pos":[176.045532,-159.852692,275.122314],"rotationMatrix":[0.601127625,0.79915303,0,-0.79915303,0.601127625,0,0,0,0.999999881],"scale":1.4042145,"type":"tree_aspen_small_c"}
{"pos":[178.970886,-175.291641,274.338531],"rotationMatrix":[-0.139303863,0.990249574,0,-0.990249574,-0.139303863,0,0,0,0.999999881],"scale":1.40546763,"type":"tree_aspen_small_c"}
{"pos":[184.038605,-203.693649,273.270111],"rotationMatrix":[0.338850558,-0.940840125,0,0.940840125,0.338850558,0,0,0,0.999999881],"scale":1.40248454,"type":"tree_aspen_small_c"}
{"pos":[-511.696106,182.87677,261.788452],"rotationMatrix":[-0.624592721,0.780950427,0,-0.780950427,-0.624592721,0,0,0,0.999999881],"scale":1.42439103,"type":"tree_aspen_small_c"}
{"pos":[-610.946045,142.901779,262.672913],"rotationMatrix":[-0.796196163,0.605038404,0,-0.605038404,-0.796196163,0,0,0,0.999999881],"scale":1.47110772,"type":"tree_aspen_small_c"}
{"pos":[-624.084473,149.705139,262.67569],"rotationMatrix":[-0.723165512,0.690674663,0,-0.690674663,-0.723165512,0,0,0,0.999999881],"scale":1.42059302,"type":"tree_aspen_small_c"}
{"pos":[-692.503174,179.164398,289.755463],"rotationMatrix":[0.334644228,0.942344546,0,-0.942344546,0.334644228,0,0,0,0.999999881],"scale":1.41004276,"type":"tree_aspen_small_c"}
{"pos":[-707.830505,188.454285,289.48587],"rotationMatrix":[0.96007967,-0.279726386,0,0.279726386,0.96007967,0,0,0,0.999999881],"scale":1.42136097,"type":"tree_aspen_small_c"}
{"pos":[-663.993652,225.237854,291.518005],"rotationMatrix":[-0.913660586,0.406477928,0,-0.406477928,-0.913660586,0,0,0,0.999999881],"scale":1.43567955,"type":"tree_aspen_small_c"}
{"pos":[-746.716064,259.094421,295.658783],"rotationMatrix":[0.0945115238,-0.995523632,0,0.995523632,0.0945115238,0,0,0,0.999999881],"scale":1.40850687,"type":"tree_aspen_small_c"}
{"pos":[-761.38501,267.570801,296.526276],"rotationMatrix":[0.727433264,-0.686178386,0,0.686178386,0.727433264,0,0,0,0.999999881],"scale":1.44105244,"type":"tree_aspen_small_c"}
{"pos":[-781.094482,261.68219,297.608887],"rotationMatrix":[-0.963897884,0.266271889,0,-0.266271889,-0.963897884,0,0,0,0.999999881],"scale":1.42927122,"type":"tree_aspen_small_c"}
{"pos":[-805.07843,242.627991,297.9505],"rotationMatrix":[0.150936082,-0.988543451,0,0.988543451,0.150936082,0,0,0,0.999999881],"scale":1.41000581,"type":"tree_aspen_small_c"}
{"pos":[-812.049866,184.649414,290.870667],"rotationMatrix":[-0.472812682,0.881162822,0,-0.881162822,-0.472812682,0,0,0,0.999999881],"scale":1.47337508,"type":"tree_aspen_small_c"}
{"pos":[-624.060486,208.330368,283.302399],"rotationMatrix":[-0.974668562,0.223653868,0,-0.223653868,-0.974668562,0,0,0,0.999999881],"scale":1.4058516,"type":"tree_aspen_small_c"}
{"pos":[-671.480896,127.205238,278.752441],"rotationMatrix":[-0.161444828,-0.986881673,0,0.986881673,-0.161444828,0,0,0,0.999999881],"scale":1.44846082,"type":"tree_aspen_small_c"}
{"pos":[-932.825623,-129.033981,362.994965],"rotationMatrix":[-0.647191346,-0.762327552,0,0.762327552,-0.647191346,0,0,0,0.999999881],"scale":1.40232944,"type":"tree_aspen_small_c"}
{"pos":[-924.668701,-156.209625,365.825989],"rotationMatrix":[0.996282756,-0.0861426294,0,0.0861426294,0.996282756,0,0,0,0.999999881],"scale":1.45735061,"type":"tree_aspen_small_c"}
{"pos":[-944.353455,-111.255463,359.929565],"rotationMatrix":[0.994188607,0.107651368,0,-0.107651368,0.994188607,0,0,0,0.999999881],"scale":1.43936634,"type":"tree_aspen_small_c"}
{"pos":[123.584976,391.143463,255.658691],"rotationMatrix":[0.796459615,-0.604691565,0,0.604691565,0.796459615,0,-0,0,0.999999881],"scale":1.47116017,"type":"tree_aspen_small_c"}
{"pos":[140.476456,373.712524,251.914154],"rotationMatrix":[0.487698495,-0.873012006,0,0.873012006,0.487698495,0,-0,0,0.999999881],"scale":1.4881624,"type":"tree_aspen_small_c"}
{"pos":[123.165512,365.046906,253.075562],"rotationMatrix":[-0.787166774,0.616739929,-0,-0.616739929,-0.787166774,0,-0,0,0.999999881],"scale":1.46223044,"type":"tree_aspen_small_c"}
{"pos":[118.486069,361.664032,252.977402],"rotationMatrix":[-0.418950707,-0.908008873,0,0.908008873,-0.418950707,0,-0,0,0.999999881],"scale":1.4483521,"type":"tree_aspen_small_c"}
{"pos":[133.815674,361.493164,251.732346],"rotationMatrix":[-0.230506942,-0.973070621,0,0.973070621,-0.230506942,0,-0,0,0.999999881],"scale":1.48909461,"type":"tree_aspen_small_c"}
{"pos":[137.942703,325.419739,248.422287],"rotationMatrix":[-0.913732827,-0.406315267,0,0.406315267,-0.913732827,0,-0,0,0.999999881],"scale":1.42064655,"type":"tree_aspen_small_c"}
