{"pos":[311.739624,97.9193039,256.349518],"rotationMatrix":[0.98572439,0.16836679,0,-0.16836679,0.98572439,0,0,0,0.999999881],"scale":1.0869453,"type":"tree_oak_forest_a"}
{"pos":[227.488495,91.4630585,254.333496],"rotationMatrix":[-0.134254396,0.99094677,0,-0.99094677,-0.134254396,0,0,0,0.999999881],"scale":1.2522049,"type":"tree_oak_forest_a"}
{"pos":[215.17363,75.53302,254.020538],"rotationMatrix":[0.830688894,-0.556736648,0,0.556736648,0.830688894,0,0,0,0.999999881],"scale":1.15818155,"type":"tree_oak_forest_a"}
{"pos":[246.696259,122.715042,254.211426],"rotationMatrix":[0.878691077,0.477390766,0,-0.477390766,0.878691077,0,0,0,0.999999881],"scale":1.12053287,"type":"tree_oak_forest_a"}
{"pos":[243.656006,127.353539,254.196014],"rotationMatrix":[0.701113284,0.713049889,0,-0.713049889,0.701113284,0,0,0,0.999999881],"scale":1.04478908,"type":"tree_oak_forest_a"}
{"pos":[149.032425,61.1854858,254.379272],"rotationMatrix":[0.99668771,0.0813227072,0,-0.0813227072,0.99668771,0,0,0,0.999999881],"scale":1.1595856,"type":"tree_oak_forest_a"}
{"pos":[153.609436,79.0789642,254.379272],"rotationMatrix":[-0.929416597,0.369032115,0,-0.369032115,-0.929416597,0,0,0,0.999999881],"scale":1.12611043,"type":"tree_oak_forest_a"}
{"pos":[148.564148,120.30954,254.379272],"rotationMatrix":[0.976952136,0.213458255,0,-0.213458255,0.976952136,0,0,0,0.999999881],"scale":1.08212936,"type":"tree_oak_forest_a"}
{"pos":[180.125656,164.137695,254.379272],"rotationMatrix":[-0.555295825,-0.831652761,0,0.831652761,-0.555295825,0,0,0,0.999999881],"scale":0.943699121,"type":"tree_oak_forest_a"}
{"pos":[185.882141,166.361694,254.379272],"rotationMatrix":[-0.690344095,-0.723481178,0,0.723481178,-0.690344095,0,0,0,0.999999881],"scale":1.01050162,"type":"tree_oak_forest_a"}
{"pos":[205.483917,174.938919,254.379272],"rotationMatrix":[0.684427798,-0.729080498,0,0.729080498,0.684427798,0,0,0,0.999999881],"scale":1.12551403,"type":"tree_oak_forest_a"}
{"pos":[19.0008602,-64.6931686,254.76004],"rotationMatrix":[-0.376839966,0.926278234,0,-0.926278234,-0.376839966,0,0,0,0.999999881],"scale":0.903169751,"type":"tree_oak_forest_a"}
{"pos":[338.394287,251.852158,259.622681],"rotationMatrix":[0.478894979,0.877872229,0,-0.877872229,0.478894979,0,0,0,0.999999881],"scale":0.910539806,"type":"tree_oak_forest_a"}
{"pos":[282.737488,216.955444,250.662003],"rotationMatrix":[0.256696582,0.966491997,0,-0.966491997,0.256696582,0,0,0,0.999999881],"scale":1.23333311,"type":"tree_oak_forest_a"}
{"pos":[279.487946,228.060883,249.941757],"rotationMatrix":[0.675966799,0.736932099,0,-0.736932099,0.675966799,0,0,0,0.999999881],"scale":1.00335038,"type":"tree_oak_forest_a"}
{"pos":[387.588379,218.182602,263.99231],"rotationMatrix":[-0.18702428,0.982355177,0,-0.982355177,-0.18702428,0,0,0,0.999999881],"scale":1.10698938,"type":"tree_oak_forest_a"}
{"pos":[390.150177,227.070038,263.99231],"rotationMatrix":[-0.264357239,0.964424729,0,-0.964424729,-0.264357239,0,0,0,0.999999881],"scale":0.973858237,"type":"tree_oak_forest_a"}
{"pos":[411.832977,186.628433,261.934967],"rotationMatrix":[-0.407247841,-0.913317561,0,0.913317561,-0.407247841,0,0,0,0.999999881],"scale":1.19549608,"type":"tree_oak_forest_a"}
{"pos":[414.079651,154.968262,258.533997],"rotationMatrix":[0.773643672,0.633620977,0,-0.633620977,0.773643672,0,0,0,0.999999881],"scale":0.979953647,"type":"tree_oak_forest_a"}
{"pos":[396.823578,157.796829,260.943146],"rotationMatrix":[0.990262508,-0.139211819,0,0.139211819,0.990262508,0,0,0,0.999999881],"scale":0.909060061,"type":"tree_oak_forest_a"}
{"pos":[391.323883,212.475647,263.99231],"rotationMatrix":[-0.575947404,0.817486525,0,-0.817486525,-0.575947404,0,0,0,0.999999881],"scale":0.939582705,"type":"tree_oak_forest_a"}
{"pos":[403.317566,164.825287,260.041962],"rotationMatrix":[-0.215864182,0.976423323,0,-0.976423323,-0.215864182,0,0,0,0.999999881],"scale":1.09102345,"type":"tree_oak_forest_a"}
{"pos":[400.404358,164.041809,260.412018],"rotationMatrix":[0.987954199,-0.1547461,0,0.1547461,0.987954199,0,0,0,0.999999881],"scale":0.932471216,"type":"tree_oak_forest_a"}
{"pos":[319.150848,208.946548,263.99231],"rotationMatrix":[0.835633755,0.549287021,0,-0.549287021,0.835633755,0,0,0,0.999999881],"scale":1.08493006,"type":"tree_oak_forest_a"}
{"pos":[253.840057,48.6017647,252.413605],"rotationMatrix":[0.0112990672,0.999936044,0,-0.999936044,0.0112990672,0,0,0,0.999999881],"scale":1.15156341,"type":"tree_oak_forest_a"}
{"pos":[59.4781418,-71.2428207,254.787003],"rotationMatrix":[-0.993734539,0.111764617,0,-0.111764617,-0.993734539,0,0,0,0.999999762],"scale":0.7140432,"type":"tree_oak_forest_a"}
{"pos":[463.880341,65.9189148,263.99231],"rotationMatrix":[0.0118373558,-0.999929905,0,0.999929905,0.0118373558,0,0,0,0.999999881],"scale":0.962889254,"type":"tree_oak_forest_a"}
{"pos":[-82.4318314,-98.3996506,255.80896],"rotationMatrix":[0.560880423,-0.827896774,0,0.827896774,0.560880423,0,0,0,0.999999881],"scale":1.01656246,"type":"tree_oak_forest_a"}
{"pos":[-237.772919,1.21658325,250.96109],"rotationMatrix":[0.802967906,0.596022248,0,-0.596022248,0.802967906,0,0,0,0.999999881],"scale":0.967175424,"type":"tree_oak_forest_a"}
{"pos":[-126.162102,-67.6170959,255.996704],"rotationMatrix":[-0.914117813,-0.405448467,0,0.405448467,-0.914117813,0,0,0,0.999999881],"scale":0.927675009,"type":"tree_oak_forest_a"}
{"pos":[-311.123779,5.74734783,256.710114],"rotationMatrix":[0.435064435,-0.900399208,0,0.900399208,0.435064435,0,0,0,0.999999881],"scale":0.932100654,"type":"tree_oak_forest_a"}
{"pos":[-325.070923,4.24859238,257.977173],"rotationMatrix":[0.910432756,0.41365701,0,-0.41365701,0.910432756,0,0,0,0.999999881],"scale":0.985324979,"type":"tree_oak_forest_a"}
{"pos":[-328.549622,1.45012712,258.452576],"rotationMatrix":[0.481963724,0.876191199,0,-0.876191199,0.481963724,0,0,0,0.999999881],"scale":1.19606352,"type":"tree_oak_forest_a"}
{"pos":[-321.210815,8.93674088,257.254547],"rotationMatrix":[0.996231437,0.0867337212,0,-0.0867337212,0.996231437,0,0,0,0.999999881],"scale":0.960878789,"type":"tree_oak_forest_a"}
{"pos":[-367.076019,-11.3299379,262.183868],"rotationMatrix":[-0.716617107,0.697466671,0,-0.697466671,-0.716617107,0,0,0,0.999999881],"scale":1.10692859,"type":"tree_oak_forest_a"}
{"pos":[-306.051422,57.0221176,256.752136],"rotationMatrix":[0.996759057,-0.0804436877,0,0.0804436877,0.996759057,0,0,0,0.999999881],"scale":0.994203925,"type":"tree_oak_forest_a"}
{"pos":[-375.830505,50.7472343,261.21225],"rotationMatrix":[0.602262974,-0.798297584,0,0.798297584,0.602262974,0,0,0,0.999999881],"scale":1.11164141,"type":"tree_oak_forest_a"}
{"pos":[-553.711975,13.2799816,262.786865],"rotationMatrix":[-0.993463576,0.114148729,0,-0.114148729,-0.993463576,0,0,0,0.999999881],"scale":1.20915341,"type":"tree_oak_forest_a"}
{"pos":[-597.096191,36.6684532,262.786865],"rotationMatrix":[0.513084173,0.858338296,0,-0.858338296,0.513084173,0,0,0,0.999999881],"scale":1.02062476,"type":"tree_oak_forest_a"}
{"pos":[-610.767944,77.8144073,262.786865],"rotationMatrix":[0.65681541,0.754051387,0,-0.754051387,0.65681541,0,0,0,0.999999881],"scale":1.04695082,"type":"tree_oak_forest_a"}
{"pos":[-481.404022,-147.36412,261.953796],"rotationMatrix":[-0.0783424824,0.996926367,0,-0.996926367,-0.0783424824,0,0,0,0.999999881],"scale":1.08969522,"type":"tree_oak_forest_a"}
{"pos":[-460.077576,-150.01915,261.963196],"rotationMatrix":[0.998143017,-0.0609115697,0,0.0609115697,0.998143017,0,0,0,0.999999881],"scale":1.21156454,"type":"tree_oak_forest_a"}
{"pos":[-273.848785,-159.896835,292.235901],"rotationMatrix":[0.324376911,0.945927918,0,-0.945927918,0.324376911,0,0,0,0.999999881],"scale":0.959659576,"type":"tree_oak_forest_a"}
{"pos":[-261.126923,-127.962822,290.075348],"rotationMatrix":[0.0964457542,-0.995338142,0,0.995338142,0.0964457542,0,0,0,0.999999881],"scale":0.923978925,"type":"tree_oak_forest_a"}
{"pos":[-119.135788,-172.21199,273.93988],"rotationMatrix":[0.845550835,-0.533894658,0,0.533894658,0.845550835,0,0,0,0.999999881],"scale":1.12605214,"type":"tree_oak_forest_a"}
{"pos":[-137.01799,-168.45993,273.986816],"rotationMatrix":[0.551073968,-0.834456384,0,0.834456384,0.551073968,0,0,0,0.999999881],"scale":1.20470071,"type":"tree_oak_forest_a"}
{"pos":[-161.70929,-173.645126,273.986816],"rotationMatrix":[0.996802151,0.0799077824,0,-0.0799077824,0.996802151,0,0,0,0.999999881],"scale":1.29626179,"type":"tree_oak_forest_a"}
{"pos":[-175.048859,-167.147995,273.986816],"rotationMatrix":[-0.0156897679,-0.999876797,0,0.999876797,-0.0156897679,0,0,0,0.999999881],"scale":1.10961306,"type":"tree_oak_forest_a"}
{"pos":[-206.622253,-167.574768,280.496643],"rotationMatrix":[-0.162957057,0.986633062,0,-0.986633062,-0.162957057,0,0,0,0.999999881],"scale":1.12399769,"type":"tree_oak_forest_a"}
{"pos":[-282.164734,-195.784164,283.70993],"rotationMatrix":[-0.781412423,-0.624014854,0,0.624014854,-0.781412423,0,0,0,0.999999881],"scale":0.910746217,"type":"tree_oak_forest_a"}
{"pos":[-324.075317,-189.040451,283.723724],"rotationMatrix":[-0.803999007,-0.59463042,0,0.59463042,-0.803999007,0,0,0,0.999999881],"scale":1.24400973,"type":"tree_oak_forest_a"}
{"pos":[-340.649506,-192.301285,283.7883],"rotationMatrix":[-0.883620441,-0.468203992,0,0.468203992,-0.883620441,0,0,0,0.999999881],"scale":1.11681187,"type":"tree_oak_forest_a"}
{"pos":[-340.33136,-212.211792,283.896667],"rotationMatrix":[0.191299051,-0.981531739,0,0.981531739,0.191299051,0,0,0,0.999999881],"scale":1.04153633,"type":"tree_oak_forest_a"}
{"pos":[-361.116638,-203.907242,283.391541],"rotationMatrix":[-0.272059858,0.962280214,0,-0.962280214,-0.272059858,0,0,0,0.999999881],"scale":0.901969373,"type":"tree_oak_forest_a"}
{"pos":[-381.152557,-214.254303,278.352112],"rotationMatrix":[0.239512682,0.970893204,0,-0.970893204,0.239512682,0,0,0,0.999999881],"scale":0.9950701,"type":"tree_oak_forest_a"}
{"pos":[-296.617828,-113.647629,261.714905],"rotationMatrix":[-0.814614236,-0.580002964,0,0.580002964,-0.814614236,0,0,0,0.999999881],"scale":1.09889281,"type":"tree_oak_forest_a"}
{"pos":[-309.647156,-112.44928,260.928253],"rotationMatrix":[0.273239255,0.96194607,0,-0.96194607,0.273239255,0,0,0,0.999999881],"scale":1.0846473,"type":"tree_oak_forest_a"}
{"pos":[-307.550568,-77.7025146,257.991241],"rotationMatrix":[0.550775468,-0.834653258,0,0.834653258,0.550775468,0,0,0,0.999999881],"scale":0.95320785,"type":"tree_oak_forest_a"}
{"pos":[-306.766235,-80.1083832,258.125275],"rotationMatrix":[-0.966783166,-0.255597472,0,0.255597472,-0.966783166,0,0,0,0.999999881],"scale":1.22795761,"type":"tree_oak_forest_a"}
{"pos":[-335.409973,-130.430573,264.5177],"rotationMatrix":[0.0324436985,-0.999473453,0,0.999473453,0.0324436985,0,0,0,0.999999881],"scale":1.2153157,"type":"tree_oak_forest_a"}
{"pos":[-336.200195,-136.420654,266.501678],"rotationMatrix":[0.964412987,-0.264400303,0,0.264400303,0.964412987,0,0,0,0.999999881],"scale":1.00736427,"type":"tree_oak_forest_a"}
{"pos":[-375.088318,-158.857956,268.390289],"rotationMatrix":[0.751165807,0.660113513,0,-0.660113513,0.751165807,0,0,0,0.999999881],"scale":1.00546861,"type":"tree_oak_forest_a"}
{"pos":[-387.177887,-161.689911,268.06076],"rotationMatrix":[0.218887955,-0.97574991,0,0.97574991,0.218887955,0,0,0,0.999999881],"scale":1.24312794,"type":"tree_oak_forest_a"}
{"pos":[-403.957153,-172.926117,267.724365],"rotationMatrix":[-0.997101665,0.0760790631,0,-0.0760790631,-0.997101665,0,0,0,0.999999881],"scale":1.0673722,"type":"tree_oak_forest_a"}
{"pos":[-421.425598,-176.948013,265.928162],"rotationMatrix":[-0.559293866,0.82896924,0,-0.82896924,-0.559293866,0,0,0,0.999999881],"scale":1.06085873,"type":"tree_oak_forest_a"}
{"pos":[-401.392365,-203.273529,276.535858],"rotationMatrix":[-0.896171749,0.443706989,0,-0.443706989,-0.896171749,0,0,0,0.999999881],"scale":1.20885837,"type":"tree_oak_forest_a"}
{"pos":[-398.093964,-204.217682,277.158691],"rotationMatrix":[-0.999914885,0.0130383521,0,-0.0130383521,-0.999914885,0,0,0,0.999999881],"scale":1.28341329,"type":"tree_oak_forest_a"}
{"pos":[-71.3379364,-272.875214,263.99231],"rotationMatrix":[0.72740674,-0.686206341,0,0.686206341,0.72740674,0,0,0,0.999999881],"scale":1.13933682,"type":"tree_oak_forest_a"}
{"pos":[-71.5853348,-283.773834,264.786896],"rotationMatrix":[0.381767184,-0.924258471,0,0.924258471,0.381767184,0,0,0,0.999999881],"scale":0.968304217,"type":"tree_oak_forest_a"}
{"pos":[-74.5053787,-288.186554,264.562775],"rotationMatrix":[0.436342388,0.89978075,0,-0.89978075,0.436342388,0,0,0,0.999999881],"scale":1.10996544,"type":"tree_oak_forest_a"}
{"pos":[-82.6304932,-271.480042,265.292084],"rotationMatrix":[0.317549497,0.948241711,0,-0.948241711,0.317549497,0,0,0,0.999999881],"scale":1.19874334,"type":"tree_oak_forest_a"}
{"pos":[-78.551033,-270.093781,265.081421],"rotationMatrix":[0.971506059,-0.237014279,0,0.237014279,0.971506059,0,0,0,0.999999881],"scale":0.984313369,"type":"tree_oak_forest_a"}
{"pos":[-84.5185852,-268.146973,264.895721],"rotationMatrix":[-0.869607747,0.493742943,0,-0.493742943,-0.869607747,0,0,0,0.999999881],"scale":1.17133355,"type":"tree_oak_forest_a"}
{"pos":[-141.74263,-264.019928,263.99231],"rotationMatrix":[0.602326751,-0.798249543,0,0.798249543,0.602326751,0,0,0,0.999999881],"scale":0.934826195,"type":"tree_oak_forest_a"}
{"pos":[-149.119019,-273.184357,263.99231],"rotationMatrix":[-0.565755844,0.824572623,0,-0.824572623,-0.565755844,0,0,0,0.999999881],"scale":1.11803353,"type":"tree_oak_forest_a"}
{"pos":[-173.856354,-271.089569,264.522522],"rotationMatrix":[0.999494553,-0.0317873992,0,0.0317873992,0.999494553,0,0,0,0.999999881],"scale":0.928688049,"type":"tree_oak_forest_a"}
{"pos":[-160.554718,-275.555695,264.148224],"rotationMatrix":[-0.64861083,0.761119962,0,-0.761119962,-0.64861083,0,0,0,0.999999881],"scale":1.24120903,"type":"tree_oak_forest_a"}
{"pos":[-173.770401,-276.066986,264.684692],"rotationMatrix":[0.689755917,0.724041939,0,-0.724041939,0.689755917,0,0,0,0.999999881],"scale":1.05283237,"type":"tree_oak_forest_a"}
{"pos":[-192.903625,-274.366547,265.139709],"rotationMatrix":[-0.923985064,0.382428318,0,-0.382428318,-0.923985064,0,0,0,0.999999881],"scale":0.99680841,"type":"tree_oak_forest_a"}
{"pos":[-205.034988,-272.437653,264.802551],"rotationMatrix":[-0.902660847,-0.430352479,0,0.430352479,-0.902660847,0,0,0,0.999999881],"scale":0.910550356,"type":"tree_oak_forest_a"}
{"pos":[-210.99292,-273.561462,264.930603],"rotationMatrix":[0.870699823,0.491814792,0,-0.491814792,0.870699823,0,0,0,0.999999881],"scale":1.26897907,"type":"tree_oak_forest_a"}
{"pos":[-250.429886,-281.711365,265.533539],"rotationMatrix":[-0.630430877,0.776245177,0,-0.776245177,-0.630430877,0,0,0,0.999999881],"scale":1.24177182,"type":"tree_oak_forest_a"}
{"pos":[-239.738007,-277.164551,265.474731],"rotationMatrix":[-0.457833856,-0.889037669,0,0.889037669,-0.457833856,0,0,0,0.999999881],"scale":0.900501192,"type":"tree_oak_forest_a"}
{"pos":[-243.349182,-287.089325,265.522644],"rotationMatrix":[0.923496187,-0.383607239,0,0.383607239,0.923496187,0,0,0,0.999999881],"scale":1.15401626,"type":"tree_oak_forest_a"}
{"pos":[-227.804199,-292.027313,265.458466],"rotationMatrix":[0.967233658,-0.253887534,0,0.253887534,0.967233658,0,0,0,0.999999881],"scale":0.96715647,"type":"tree_oak_forest_a"}
{"pos":[-233.36824,-290.401154,265.463684],"rotationMatrix":[0.839598656,0.543207228,0,-0.543207228,0.839598656,0,0,0,0.999999881],"scale":0.964143515,"type":"tree_oak_forest_a"}
{"pos":[-215.740463,-295.467102,265.363464],"rotationMatrix":[0.402547181,0.915399253,0,-0.915399253,0.402547181,0,0,0,0.999999881],"scale":1.2953254,"type":"tree_oak_forest_a"}
{"pos":[-222.394867,-308.011078,263.99231],"rotationMatrix":[-0.891171932,0.453665674,0,-0.453665674,-0.891171932,0,0,0,0.999999881],"scale":0.949198544,"type":"tree_oak_forest_a"}
{"pos":[-193.805527,-289.574677,265.213593],"rotationMatrix":[-0.88177669,0.471667141,0,-0.471667141,-0.88177669,0,0,0,0.999999881],"scale":0.911936879,"type":"tree_oak_forest_a"}
{"pos":[-193.689651,-293.899414,265.115051],"rotationMatrix":[-0.591205597,-0.806520879,0,0.806520879,-0.591205597,0,0,0,0.999999881],"scale":1.20053434,"type":"tree_oak_forest_a"}
{"pos":[-181.636627,-307.855988,264.2883],"rotationMatrix":[-0.259885401,-0.965639412,0,0.965639412,-0.259885401,0,0,0,0.999999881],"scale":1.25443065,"type":"tree_oak_forest_a"}
{"pos":[-181.111588,-287.461548,264.815521],"rotationMatrix":[0.863301516,0.504688442,0,-0.504688442,0.863301516,0,0,0,0.999999881],"scale":1.25144339,"type":"tree_oak_forest_a"}
{"pos":[-179.97406,-301.766357,264.131012],"rotationMatrix":[-0.84680748,0.531899214,0,-0.531899214,-0.84680748,0,0,0,0.999999881],"scale":1.28818679,"type":"tree_oak_forest_a"}
{"pos":[-158.993835,-291.619873,263.99231],"rotationMatrix":[0.633845866,0.773459375,0,-0.773459375,0.633845866,0,0,0,0.999999881],"scale":1.092399,"type":"tree_oak_forest_a"}
{"pos":[-144.124298,-289.987091,263.99231],"rotationMatrix":[0.995456517,0.0952165872,0,-0.0952165872,0.995456517,0,0,0,0.999999881],"scale":0.938362241,"type":"tree_oak_forest_a"}
{"pos":[-148.210541,-287.352386,263.99231],"rotationMatrix":[0.892092168,0.451853395,0,-0.451853395,0.892092168,0,0,0,0.999999881],"scale":1.22083604,"type":"tree_oak_forest_a"}
{"pos":[-98.7483368,-291.43866,264.261658],"rotationMatrix":[-0.994852006,-0.101338081,0,0.101338081,-0.994852006,0,0,0,0.999999881],"scale":1.22167099,"type":"tree_oak_forest_a"}
{"pos":[-73.9595642,-294.595428,264.005859],"rotationMatrix":[0.943845689,0.330386549,0,-0.330386549,0.943845689,0,0,0,0.999999881],"scale":0.925295651,"type":"tree_oak_forest_a"}
{"pos":[-80.3302612,-294.986969,264.072784],"rotationMatrix":[-0.42218408,-0.906509995,0,0.906509995,-0.42218408,0,0,0,0.999999881],"scale":0.978510737,"type":"tree_oak_forest_a"}
{"pos":[-341.825714,-275.616821,284.231415],"rotationMatrix":[0.213862017,0.976863801,0,-0.976863801,0.213862017,0,0,0,0.999999881],"scale":0.830431342,"type":"tree_oak_forest_a"}
{"pos":[-607.273621,-328.486084,283.769531],"rotationMatrix":[-0.630031765,-0.776569188,0,0.776569188,-0.630031765,0,0,0,0.999999881],"scale":0.948183954,"type":"tree_oak_forest_a"}
{"pos":[-587.135864,-347.030487,285.899109],"rotationMatrix":[0.0200941693,0.999798,0,-0.999798,0.0200941693,0,0,0,0.999999881],"scale":1.07086098,"type":"tree_oak_forest_a"}
{"pos":[-559.480469,-339.427917,283.187866],"rotationMatrix":[0.00219457736,0.999997497,0,-0.999997497,0.00219457736,0,0,0,0.999999881],"scale":0.983357072,"type":"tree_oak_forest_a"}
{"pos":[-579.597656,-343.413025,284.772461],"rotationMatrix":[0.505752265,-0.862678647,0,0.862678647,0.505752265,0,0,0,0.999999881],"scale":1.06256318,"type":"tree_oak_forest_a"}
{"pos":[-572.535095,-344.281677,284.757629],"rotationMatrix":[0.519726157,-0.854332864,0,0.854332864,0.519726157,0,0,0,0.999999881],"scale":1.18535185,"type":"tree_oak_forest_a"}
{"pos":[-686.70752,-188.151733,272.115723],"rotationMatrix":[0.551639855,-0.834082305,0,0.834082305,0.551639855,0,-0,0,0.999999881],"scale":1.00525904,"type":"tree_oak_forest_a"}
{"pos":[-685.642395,-186.163361,271.892548],"rotationMatrix":[0.901072443,0.433668464,0,-0.433668464,0.901072443,-0,-0,0,0.999999881],"scale":1.25654852,"type":"tree_oak_forest_a"}
{"pos":[-689.108521,-186.176636,272.437134],"rotationMatrix":[0.909457684,-0.41579625,0,0.41579625,0.909457684,0,-0,0,0.999999881],"scale":1.29738939,"type":"tree_oak_forest_a"}
{"pos":[-700.304871,-175.94902,273.626312],"rotationMatrix":[-0.93396765,0.357357562,-0,-0.357357562,-0.93396765,0,-0,0,0.999999881],"scale":1.11893332,"type":"tree_oak_forest_a"}
{"pos":[-696.939026,-181.912201,273.412109],"rotationMatrix":[0.587716699,-0.809066653,0,0.809066653,0.587716699,0,-0,0,0.999999881],"scale":1.25949717,"type":"tree_oak_forest_a"}
{"pos":[-698.536682,-152.193481,272.216492],"rotationMatrix":[0.949959874,0.31237179,0,-0.31237179,0.949959874,-0,-0,0,0.999999881],"scale":1.01976287,"type":"tree_oak_forest_a"}
{"pos":[-705.124695,-144.092514,273.485718],"rotationMatrix":[-0.0175603554,0.999845743,-0,-0.999845743,-0.0175603554,0,-0,0,0.999999881],"scale":1.17624128,"type":"tree_oak_forest_a"}
{"pos":[-691.861267,-121.894241,272.78598],"rotationMatrix":[0.921105564,0.389312834,0,-0.389312834,0.921105564,-0,-0,0,0.999999881],"scale":1.29658043,"type":"tree_oak_forest_a"}
{"pos":[-675.839172,-121.523621,269.681091],"rotationMatrix":[0.994810998,-0.101739161,0,0.101739161,0.994810998,0,-0,0,0.999999881],"scale":1.10816538,"type":"tree_oak_forest_a"}
{"pos":[-670.97583,-129.621063,268.726471],"rotationMatrix":[0.779565156,-0.626320899,0,0.626320899,0.779565156,0,-0,0,0.999999881],"scale":1.09627974,"type":"tree_oak_forest_a"}
{"pos":[-652.154663,-125.319435,268.345947],"rotationMatrix":[-0.00392420823,-0.999992192,0,0.999992192,-0.00392420823,0,-0,0,0.999999881],"scale":1.04529595,"type":"tree_oak_forest_a"}
{"pos":[-657.935608,-134.588242,268.457825],"rotationMatrix":[-0.457229197,0.889348745,-0,-0.889348745,-0.457229197,0,-0,0,0.999999881],"scale":1.19126344,"type":"tree_oak_forest_a"}
{"pos":[-663.792725,-132.25383,268.371582],"rotationMatrix":[0.341100335,-0.94002682,0,0.94002682,0.341100335,0,-0,0,0.999999881],"scale":1.09171164,"type":"tree_oak_forest_a"}
{"pos":[-672.657349,-176.031052,268.972137],"rotationMatrix":[0.13970226,0.990193486,0,-0.990193486,0.13970226,-0,-0,0,0.999999881],"scale":0.988324225,"type":"tree_oak_forest_a"}
{"pos":[-664.411621,-124.706345,268.489166],"rotationMatrix":[-0.999735713,-0.0229859669,0,0.0229859669,-0.999735713,0,-0,0,0.999999881],"scale":1.08620381,"type":"tree_oak_forest_a"}
