{"pos":[723.937683,-58.1363716,51.1764221],"rotationMatrix":[-0.591698587,0.80615896,0,-0.80615896,-0.591698587,0,0,0,0.999999642],"scale":1.15437448,"type":"tree_beech_bush_c"}
{"pos":[706.207153,-64.7023468,51.5365067],"rotationMatrix":[0.79484117,-0.606817365,0,0.606817365,0.79484117,0,0,0,0.999999762],"scale":0.883184493,"type":"tree_beech_bush_c"}
{"pos":[715.579651,-62.626915,51.1764221],"rotationMatrix":[-0.935930908,0.352182329,0,-0.352182329,-0.935930908,0,0,0,0.999999404],"scale":1.15437448,"type":"tree_beech_bush_c"}
{"pos":[704.204529,-70.0761566,51.5365067],"rotationMatrix":[0.79484117,-0.606817365,0,0.606817365,0.79484117,0,0,0,0.999999762],"scale":0.883184493,"type":"tree_beech_bush_c"}
{"pos":[710.413635,-79.4565582,51.1764221],"rotationMatrix":[-0.935930908,0.352182329,0,-0.352182329,-0.935930908,0,0,0,0.999999404],"scale":1.15437448,"type":"tree_beech_bush_c"}
{"pos":[738.790466,-57.5127907,51.1764221],"rotationMatrix":[-0.591698587,0.80615896,0,-0.80615896,-0.591698587,0,0,0,0.999999642],"scale":1.15437448,"type":"tree_beech_bush_c"}
{"pos":[757.417419,-52.1559067,51.5365067],"rotationMatrix":[0.79484117,-0.606817365,0,0.606817365,0.79484117,0,0,0,0.999999762],"scale":0.883184493,"type":"tree_beech_bush_c"}
{"pos":[776.048645,-38.8854561,51.5365067],"rotationMatrix":[0.79484117,-0.606817365,0,0.606817365,0.79484117,0,0,0,0.999999762],"scale":0.883184493,"type":"tree_beech_bush_c"}
{"pos":[764.467041,-38.5414505,51.5365067],"rotationMatrix":[0.79484117,-0.606817365,0,0.606817365,0.79484117,0,0,0,0.999999762],"scale":0.56580168,"type":"tree_beech_bush_c"}
{"pos":[763.958069,-18.7097034,51.5365067],"rotationMatrix":[0.79484117,-0.606817365,0,0.606817365,0.79484117,0,0,0,0.999999762],"scale":0.883184493,"type":"tree_beech_bush_c"}
{"pos":[762.3349,-16.9592915,51.1764221],"rotationMatrix":[-0.935930908,0.352182329,0,-0.352182329,-0.935930908,0,0,0,0.999999404],"scale":1.69402301,"type":"tree_beech_bush_c"}
{"pos":[729.341797,4.72167206,51.1764221],"rotationMatrix":[-0.935930908,0.352182329,0,-0.352182329,-0.935930908,0,0,0,0.999999404],"scale":1.15437448,"type":"tree_beech_bush_c"}
{"pos":[725.277344,3.97762299,51.5365067],"rotationMatrix":[0.79484117,-0.606817365,0,0.606817365,0.79484117,0,0,0,0.999999762],"scale":0.883184493,"type":"tree_beech_bush_c"}
{"pos":[767.077271,-95.9686127,53.4386292],"rotationMatrix":[-0.335246652,-0.942130327,0,0.942130327,-0.335246652,0,0,0,0.999999881],"scale":0.809531927,"type":"tree_beech_bush_c"}
{"pos":[758.818542,-94.6367035,52.1773605],"rotationMatrix":[-0.45541659,0.89027828,0,-0.89027828,-0.45541659,0,0,0,0.999999881],"scale":1.01685047,"type":"tree_beech_bush_c"}
{"pos":[780.37854,-75.3013,53.3874207],"rotationMatrix":[-0.996658564,0.0816791728,0,-0.0816791728,-0.996658564,0,0,0,0.999999881],"scale":0.99369657,"type":"tree_beech_bush_c"}
{"pos":[784.209045,-89.250267,53.6580124],"rotationMatrix":[-0.854180753,-0.51997602,0,0.51997602,-0.854180753,0,0,0,0.999999881],"scale":0.887024522,"type":"tree_beech_bush_c"}
{"pos":[788.543152,-104.671341,57.5989151],"rotationMatrix":[-0.873404443,0.486995548,0,-0.486995548,-0.873404443,0,0,0,0.999999881],"scale":1.03004336,"type":"tree_beech_bush_c"}
{"pos":[782.954773,-99.8026123,57.9378014],"rotationMatrix":[-0.763609946,-0.645677626,0,0.645677626,-0.763609946,0,0,0,0.999999881],"scale":0.863069594,"type":"tree_beech_bush_c"}
{"pos":[784.256836,-106.393768,58.0060425],"rotationMatrix":[0.99967736,-0.0253961943,0,0.0253961943,0.99967736,0,0,0,0.999999881],"scale":0.874947369,"type":"tree_beech_bush_c"}
{"pos":[780.290344,-109.715034,57.7139473],"rotationMatrix":[0.0939494595,-0.995576918,0,0.995576918,0.0939494595,0,0,0,0.999999881],"scale":0.965828419,"type":"tree_beech_bush_c"}
{"pos":[774.586426,-109.891815,57.98629],"rotationMatrix":[-0.995597541,0.0937300771,0,-0.0937300771,-0.995597541,0,0,0,0.999999881],"scale":0.907744169,"type":"tree_beech_bush_c"}
{"pos":[780.169983,-102.863739,57.9039955],"rotationMatrix":[0.793268085,-0.608872294,0,0.608872294,0.793268085,0,0,0,0.999999881],"scale":0.887661755,"type":"tree_beech_bush_c"}
{"pos":[777.757751,-98.7517319,56.4923477],"rotationMatrix":[-0.995811045,-0.0914338157,0,0.0914338157,-0.995811045,0,0,0,0.999999881],"scale":0.843204498,"type":"tree_beech_bush_c"}
{"pos":[782.647888,-107.529037,57.765007],"rotationMatrix":[-0.972785592,0.231706887,0,-0.231706887,-0.972785592,0,0,0,0.999999881],"scale":0.93286401,"type":"tree_beech_bush_c"}
{"pos":[766.758057,-114.336922,57.7361412],"rotationMatrix":[0.298991621,0.95425576,0,-0.95425576,0.298991621,0,0,0,0.999999881],"scale":0.863300443,"type":"tree_beech_bush_c"}
{"pos":[772.272339,-106.525902,57.7674751],"rotationMatrix":[0.999802828,0.0198506806,0,-0.0198506806,0.999802828,0,0,0,0.999999881],"scale":0.952543259,"type":"tree_beech_bush_c"}
{"pos":[788.573364,-103.667885,57.8254318],"rotationMatrix":[-0.680150867,0.733071923,0,-0.733071923,-0.680150867,0,0,0,0.999999881],"scale":0.931121588,"type":"tree_beech_bush_c"}
{"pos":[781.94165,-90.9328003,53.9155731],"rotationMatrix":[0.917025685,0.398828089,0,-0.398828089,0.917025685,0,0,0,0.999999881],"scale":1.12003541,"type":"tree_beech_bush_c"}
{"pos":[778.758972,-84.1182938,53.7411308],"rotationMatrix":[0.944261134,0.329197228,0,-0.329197228,0.944261134,0,0,0,0.999999881],"scale":0.90898484,"type":"tree_beech_bush_c"}
{"pos":[778.758667,-93.2140579,53.6223412],"rotationMatrix":[0.475613534,-0.879654169,0,0.879654169,0.475613534,0,0,0,0.999999881],"scale":0.9148525,"type":"tree_beech_bush_c"}
{"pos":[772.641907,-90.8284378,53.6133308],"rotationMatrix":[-0.965324879,0.261051059,0,-0.261051059,-0.965324879,0,0,0,0.999999881],"scale":0.987707615,"type":"tree_beech_bush_c"}
{"pos":[762.048706,-102.823425,53.6813698],"rotationMatrix":[-0.83057636,0.556904614,0,-0.556904614,-0.83057636,0,0,0,0.999999881],"scale":0.877717257,"type":"tree_beech_bush_c"}
{"pos":[755.73175,-91.9934616,51.7744141],"rotationMatrix":[0.882740676,0.469860435,0,-0.469860435,0.882740676,0,0,0,0.999999881],"scale":1.04764283,"type":"tree_beech_bush_c"}
{"pos":[756.682739,-89.8835983,51.8208389],"rotationMatrix":[-0.74072063,0.671813071,0,-0.671813071,-0.74072063,0,0,0,0.999999881],"scale":0.936262608,"type":"tree_beech_bush_c"}
{"pos":[698.445679,-106.577728,52.0143852],"rotationMatrix":[-0.812276185,-0.583272994,0,0.583272994,-0.812276185,0,0,0,0.999999881],"scale":0.92628634,"type":"tree_beech_bush_c"}
{"pos":[700.566589,-108.008987,52.6631889],"rotationMatrix":[0.684149265,-0.729341805,0,0.729341805,0.684149265,0,0,0,0.999999881],"scale":0.823849082,"type":"tree_beech_bush_c"}
{"pos":[701.399353,-111.533928,53.2676735],"rotationMatrix":[0.939689934,0.342027485,0,-0.342027485,0.939689934,0,0,0,0.999999881],"scale":0.905126989,"type":"tree_beech_bush_c"}
{"pos":[721.486389,-108.565331,56.3149376],"rotationMatrix":[-0.149652079,0.988738596,0,-0.988738596,-0.149652079,0,0,0,0.999999881],"scale":1.17835343,"type":"tree_beech_bush_c"}
{"pos":[737.124634,-110.831841,52.8386574],"rotationMatrix":[0.87342447,-0.486959308,0,0.486959308,0.87342447,0,0,0,0.999999881],"scale":0.944095016,"type":"tree_beech_bush_c"}
{"pos":[741.136475,-110.965721,53.2193108],"rotationMatrix":[-0.861142337,-0.508363724,0,0.508363724,-0.861142337,0,0,0,0.999999881],"scale":1.00779152,"type":"tree_beech_bush_c"}
{"pos":[741.437073,-113.561462,55.4275589],"rotationMatrix":[-0.836871624,-0.547399223,0,0.547399223,-0.836871624,0,0,0,0.999999881],"scale":1.12206972,"type":"tree_beech_bush_c"}
{"pos":[743.434082,-114.606041,56.9670143],"rotationMatrix":[-0.653869331,-0.756607354,0,0.756607354,-0.653869331,0,0,0,0.999999881],"scale":1.17227626,"type":"tree_beech_bush_c"}
{"pos":[755.711731,-105.435844,52.4391212],"rotationMatrix":[0.176752359,-0.984255254,0,0.984255254,0.176752359,0,0,0,0.999999881],"scale":0.872254074,"type":"tree_beech_bush_c"}
{"pos":[755.314453,-111.472733,56.9837914],"rotationMatrix":[-0.966360152,-0.257192165,0,0.257192165,-0.966360152,0,0,0,0.999999881],"scale":1.10652244,"type":"tree_beech_bush_c"}
{"pos":[762.063477,-107.224922,56.3265305],"rotationMatrix":[0.997398019,0.0720907971,0,-0.0720907971,0.997398019,0,0,0,0.999999881],"scale":1.17965138,"type":"tree_beech_bush_c"}
{"pos":[711.966919,-112.407318,55.6808853],"rotationMatrix":[-0.727279544,-0.686341345,0,0.686341345,-0.727279544,0,0,0,0.999999881],"scale":0.886654973,"type":"tree_beech_bush_c"}
{"pos":[713.514587,-112.811356,56.378315],"rotationMatrix":[0.868588507,0.495534033,0,-0.495534033,0.868588507,0,0,0,0.999999881],"scale":1.0287199,"type":"tree_beech_bush_c"}
{"pos":[714.546326,-112.292709,56.1657143],"rotationMatrix":[0.754352987,-0.656468868,0,0.656468868,0.754352987,0,0,0,0.999999881],"scale":0.973522425,"type":"tree_beech_bush_c"}
{"pos":[713.015442,-111.571236,55.779705],"rotationMatrix":[-0.181073308,0.983469546,0,-0.983469546,-0.181073308,0,0,0,0.999999881],"scale":0.876806378,"type":"tree_beech_bush_c"}
{"pos":[727.404846,-117.683372,57.9344025],"rotationMatrix":[0.929723918,-0.368256837,0,0.368256837,0.929723918,0,0,0,0.999999881],"scale":1.14095688,"type":"tree_beech_bush_c"}
{"pos":[732.092285,-115.975624,56.4524345],"rotationMatrix":[0.999127805,-0.0417543538,0,0.0417543538,0.999127805,0,0,0,0.999999881],"scale":1.06569672,"type":"tree_beech_bush_c"}
{"pos":[737.667358,-116.572655,57.3135262],"rotationMatrix":[0.861393034,-0.507938743,0,0.507938743,0.861393034,0,0,0,0.999999881],"scale":0.834180713,"type":"tree_beech_bush_c"}
{"pos":[736.668823,-118.230148,57.4661407],"rotationMatrix":[0.761401296,-0.648280621,0,0.648280621,0.761401296,0,0,0,0.999999881],"scale":0.99424684,"type":"tree_beech_bush_c"}
{"pos":[750.272217,-116.359833,57.8801422],"rotationMatrix":[0.680580258,-0.732673407,0,0.732673407,0.680580258,0,0,0,0.999999881],"scale":0.976553798,"type":"tree_beech_bush_c"}
{"pos":[756.907837,-113.675865,57.7619743],"rotationMatrix":[-0.782732427,-0.622358382,0,0.622358382,-0.782732427,0,0,0,0.999999881],"scale":1.14691508,"type":"tree_beech_bush_c"}
{"pos":[760.749329,-107.776764,55.8060646],"rotationMatrix":[0.975279868,0.22097297,0,-0.22097297,0.975279868,0,0,0,0.999999881],"scale":1.10771585,"type":"tree_beech_bush_c"}
{"pos":[759.476074,-116.802841,58.0324364],"rotationMatrix":[-0.364556819,0.931181014,0,-0.931181014,-0.364556819,0,0,0,0.999999881],"scale":1.15801835,"type":"tree_beech_bush_c"}
{"pos":[766.023621,-112.493317,57.7690086],"rotationMatrix":[-0.173212618,0.984884322,0,-0.984884322,-0.173212618,0,0,0,0.999999881],"scale":0.991814494,"type":"tree_beech_bush_c"}
{"pos":[769.893372,-109.132797,57.6915665],"rotationMatrix":[-0.317745388,0.948175967,0,-0.948175967,-0.317745388,0,0,0,0.999999881],"scale":0.952573419,"type":"tree_beech_bush_c"}
{"pos":[768.136841,-108.002609,57.4750748],"rotationMatrix":[-0.88204211,0.471170485,0,-0.471170485,-0.88204211,0,0,0,0.999999881],"scale":1.10458159,"type":"tree_beech_bush_c"}
{"pos":[772.586243,-117.395027,57.905941],"rotationMatrix":[0.179119632,0.983827293,0,-0.983827293,0.179119632,0,0,0,0.999999881],"scale":1.07320213,"type":"tree_beech_bush_c"}
{"pos":[775.989746,-115.389214,58.0098457],"rotationMatrix":[0.0782482252,0.996933877,0,-0.996933877,0.0782482252,0,0,0,0.999999881],"scale":0.853408575,"type":"tree_beech_bush_c"}
{"pos":[782.571228,-111.332825,57.8804169],"rotationMatrix":[-0.787867367,-0.615844965,0,0.615844965,-0.787867367,0,0,0,0.999999881],"scale":1.01270509,"type":"tree_beech_bush_c"}
{"pos":[776.575317,-102.084816,57.4578819],"rotationMatrix":[-0.734490514,-0.678618968,0,0.678618968,-0.734490514,0,0,0,0.999999881],"scale":0.875698745,"type":"tree_beech_bush_c"}
{"pos":[785.583923,-98.4876099,57.7027245],"rotationMatrix":[0.732096314,-0.681200922,0,0.681200922,0.732096314,0,0,0,0.999999881],"scale":0.95996809,"type":"tree_beech_bush_c"}
{"pos":[789.037903,-101.567802,57.6906776],"rotationMatrix":[0.735392272,0.67764163,0,-0.67764163,0.735392272,0,0,0,0.999999881],"scale":0.901681781,"type":"tree_beech_bush_c"}
{"pos":[784.150391,-98.9922638,57.3880615],"rotationMatrix":[0.99125272,-0.131976739,0,0.131976739,0.99125272,0,0,0,0.999999881],"scale":0.865900695,"type":"tree_beech_bush_c"}
{"pos":[764.120117,-12.2198343,51.8020935],"rotationMatrix":[0.228415966,0.973563612,0,-0.973563612,0.228415966,0,0,0,0.999999881],"scale":0.969340444,"type":"tree_beech_bush_c"}
{"pos":[762.393555,-14.1906376,51.9022179],"rotationMatrix":[0.887287438,0.461216807,0,-0.461216807,0.887287438,0,0,0,0.999999881],"scale":1.0416863,"type":"tree_beech_bush_c"}
{"pos":[762.809875,-13.0029745,51.6609573],"rotationMatrix":[-0.653896034,0.756584167,0,-0.756584167,-0.653896034,0,0,0,0.999999881],"scale":1.18742085,"type":"tree_beech_bush_c"}
{"pos":[766.707581,-14.4582272,51.812973],"rotationMatrix":[-0.772521913,0.63498801,0,-0.63498801,-0.772521913,0,0,0,0.999999881],"scale":1.09233785,"type":"tree_beech_bush_c"}
{"pos":[751.41803,-9.40464878,51.9353752],"rotationMatrix":[-0.566979587,0.823731601,0,-0.823731601,-0.566979587,0,0,0,0.999999881],"scale":0.914601922,"type":"tree_beech_bush_c"}
{"pos":[753.829712,-8.70947933,52.1244202],"rotationMatrix":[-0.0486613773,0.998815179,0,-0.998815179,-0.0486613773,0,0,0,0.999999881],"scale":1.00196445,"type":"tree_beech_bush_c"}
{"pos":[750.89386,-12.7320518,51.8265343],"rotationMatrix":[0.925626457,-0.378438115,0,0.378438115,0.925626457,0,0,0,0.999999881],"scale":1.10999954,"type":"tree_beech_bush_c"}
{"pos":[749.303284,-11.9857836,51.7375031],"rotationMatrix":[-0.303401798,0.952862561,0,-0.952862561,-0.303401798,0,0,0,0.999999881],"scale":0.804371178,"type":"tree_beech_bush_c"}
{"pos":[752.028015,-12.8520031,51.7167816],"rotationMatrix":[0.308721572,0.951152444,0,-0.951152444,0.308721572,0,0,0,0.999999881],"scale":0.905665696,"type":"tree_beech_bush_c"}
{"pos":[749.480713,-13.2230349,51.7266464],"rotationMatrix":[0.255038708,-0.966930807,0,0.966930807,0.255038708,0,0,0,0.999999881],"scale":0.854972363,"type":"tree_beech_bush_c"}
{"pos":[751.046509,-22.585907,52.1058807],"rotationMatrix":[0.927013278,-0.375028282,0,0.375028282,0.927013278,0,0,0,0.999999881],"scale":1.01727128,"type":"tree_beech_bush_c"}
{"pos":[707.192871,35.8360825,54.8642235],"rotationMatrix":[-0.665137589,0.746720731,0,-0.746720731,-0.665137589,0,0,0,0.999999881],"scale":1.17746723,"type":"tree_beech_bush_c"}
{"pos":[703.217407,35.679039,54.1586037],"rotationMatrix":[0.544504821,0.838757694,0,-0.838757694,0.544504821,0,0,0,0.999999881],"scale":0.914630234,"type":"tree_beech_bush_c"}
{"pos":[705.944275,73.1658401,54.8775597],"rotationMatrix":[-0.410669744,0.911784053,0,-0.911784053,-0.410669744,0,0,0,0.999999881],"scale":0.999874949,"type":"tree_beech_bush_c"}
{"pos":[707.506042,69.4707031,54.8818169],"rotationMatrix":[0.976701438,0.214602694,0,-0.214602694,0.976701438,0,0,0,0.999999881],"scale":1.17135,"type":"tree_beech_bush_c"}
{"pos":[814.993103,29.1981773,56.6209106],"rotationMatrix":[0.00797089934,0.999968112,0,-0.999968112,0.00797089934,-0,-0,0,0.999999881],"scale":0.932418764,"type":"tree_beech_bush_c"}
{"pos":[816.358826,32.4882698,57.0511703],"rotationMatrix":[-0.747485697,-0.664277852,0,0.664277852,-0.747485697,0,-0,0,0.999999881],"scale":1.15347838,"type":"tree_beech_bush_c"}
{"pos":[818.277893,37.0373268,57.2104378],"rotationMatrix":[-0.179429874,-0.983770728,0,0.983770728,-0.179429874,0,-0,0,0.999999881],"scale":0.947540879,"type":"tree_beech_bush_c"}
{"pos":[789.417603,25.0692539,51.5562286],"rotationMatrix":[-0.999808311,0.0195737164,-0,-0.0195737164,-0.999808311,0,-0,0,0.999999881],"scale":1.12432837,"type":"tree_beech_bush_c"}
{"pos":[794.128723,-150.17804,57.7858658],"rotationMatrix":[0.975200236,0.221324056,0,-0.221324056,0.975200236,-0,-0,0,0.999999881],"scale":0.80046773,"type":"tree_beech_bush_c"}
{"pos":[790.813171,-154.466904,57.4932213],"rotationMatrix":[0.61597997,-0.787761688,0,0.787761688,0.61597997,0,-0,0,0.999999881],"scale":1.19402468,"type":"tree_beech_bush_c"}
{"pos":[800.781799,-61.2586784,51.7427063],"rotationMatrix":[0.384698719,0.923042238,0,-0.923042238,0.384698719,-0,-0,0,0.999999881],"scale":0.955135465,"type":"tree_beech_bush_c"}
{"pos":[799.535889,-60.6815376,51.5460968],"rotationMatrix":[-0.995020568,-0.0996685848,0,0.0996685848,-0.995020568,0,-0,0,0.999999881],"scale":0.815920949,"type":"tree_beech_bush_c"}
{"pos":[801.713257,-76.4366074,53.5292702],"rotationMatrix":[-0.892752171,-0.450547904,0,0.450547904,-0.892752171,0,-0,0,0.999999881],"scale":1.11749864,"type":"tree_beech_bush_c"}
{"pos":[817.616516,-106.887161,57.9643822],"rotationMatrix":[-0.783214748,0.62175101,-0,-0.62175101,-0.783214748,0,-0,0,0.999999881],"scale":1.02859926,"type":"tree_beech_bush_c"}
{"pos":[822.300537,-114.490868,57.725441],"rotationMatrix":[-0.99524802,0.0973716304,-0,-0.0973716304,-0.99524802,0,-0,0,0.999999881],"scale":0.942266643,"type":"tree_beech_bush_c"}
{"pos":[816.664612,-117.618889,57.9893532],"rotationMatrix":[-0.992948353,0.118547507,-0,-0.118547507,-0.992948353,0,-0,0,0.999999881],"scale":0.874067664,"type":"tree_beech_bush_c"}
{"pos":[789.341248,-118.321602,57.8416939],"rotationMatrix":[0.792204261,0.610256016,0,-0.610256016,0.792204261,-0,-0,0,0.999999881],"scale":0.946401715,"type":"tree_beech_bush_c"}
{"pos":[783.191284,-125.464874,57.9643135],"rotationMatrix":[-0.158395126,0.987375677,-0,-0.987375677,-0.158395126,0,-0,0,0.999999881],"scale":0.972639203,"type":"tree_beech_bush_c"}
{"pos":[777.630249,-134.529144,57.91222],"rotationMatrix":[0.9620772,0.272776961,0,-0.272776961,0.9620772,-0,-0,0,0.999999881],"scale":1.00635862,"type":"tree_beech_bush_c"}
{"pos":[775.788696,-136.932922,58.0648956],"rotationMatrix":[0.574546874,-0.818471551,0,0.818471551,0.574546874,0,-0,0,0.999999881],"scale":0.821641505,"type":"tree_beech_bush_c"}
{"pos":[896.359802,-68.1010056,68.8819351],"rotationMatrix":[-0.849592805,-0.527438998,0,0.527438998,-0.849592805,0,-0,0,0.999999881],"scale":1.16008151,"type":"tree_beech_bush_c"}
{"pos":[894.660461,-69.0751572,68.927803],"rotationMatrix":[-0.999777555,-0.0210848022,0,0.0210848022,-0.999777555,0,-0,0,0.999999881],"scale":1.14954662,"type":"tree_beech_bush_c"}
{"pos":[895.754211,-66.7188416,68.7769623],"rotationMatrix":[-0.904052496,0.427421361,-0,-0.427421361,-0.904052496,0,-0,0,0.999999881],"scale":1.16606128,"type":"tree_beech_bush_c"}
{"pos":[716.262207,-219.217789,60.2524567],"rotationMatrix":[0.917740822,-0.397179484,0,0.397179484,0.917740822,0,-0,0,0.999999881],"scale":1.09420168,"type":"tree_beech_bush_c"}
{"pos":[866.954468,-86.9610138,66.8387222],"rotationMatrix":[-0.124059975,-0.992274702,0,0.992274702,-0.124059975,0,-0,0,0.999999881],"scale":0.97934711,"type":"tree_beech_bush_c"}
