{"pos":[764.578369,-111.784035,58.0499268],"rotationMatrix":[0.418197483,-0.908356011,0,0.908356011,0.418197483,0,0,0,0.999999881],"scale":0.754225492,"type":"tree_oak_forest_a"}
{"pos":[813.131104,-85.5874252,58.013588],"rotationMatrix":[-0.930417597,0.366501093,0,-0.366501093,-0.930417597,0,0,0,0.999999881],"scale":1.11642325,"type":"tree_oak_forest_a"}
{"pos":[822.283386,-123.92997,58.0499268],"rotationMatrix":[0.972007513,0.234949574,0,-0.234949574,0.972007513,0,0,0,0.999999881],"scale":1.21669996,"type":"tree_oak_forest_a"}
{"pos":[802.184692,-60.3361816,51.9360352],"rotationMatrix":[0.11208383,-0.993698657,0,0.993698657,0.11208383,0,0,0,0.999999881],"scale":1.0208596,"type":"tree_oak_forest_a"}
{"pos":[810.193909,-59.4557495,51.995285],"rotationMatrix":[-0.951536238,0.307536364,0,-0.307536364,-0.951536238,0,0,0,0.999999881],"scale":1.21414483,"type":"tree_oak_forest_a"}
{"pos":[796.42981,-43.204319,51.9360352],"rotationMatrix":[0.999989986,-0.00444958778,0,0.00444958778,0.999989986,0,0,0,0.999999881],"scale":1.22628009,"type":"tree_oak_forest_a"}
{"pos":[799.176941,-36.7112694,51.9395828],"rotationMatrix":[-0.975811779,-0.218611807,0,0.218611807,-0.975811779,0,0,0,0.999999881],"scale":0.96478951,"type":"tree_oak_forest_a"}
{"pos":[796.463623,-17.3035545,51.9287109],"rotationMatrix":[-0.998786747,-0.0492427498,0,0.0492427498,-0.998786747,0,0,0,0.999999881],"scale":1.12098384,"type":"tree_oak_forest_a"}
{"pos":[796.71228,4.66586781,51.9287109],"rotationMatrix":[-0.583352089,0.812219203,0,-0.812219203,-0.583352089,0,0,0,0.999999881],"scale":1.09920514,"type":"tree_oak_forest_a"}
{"pos":[743.90741,-200.3022,53.3893356],"rotationMatrix":[0.11208383,-0.993698657,0,0.993698657,0.11208383,0,0,0,0.999999881],"scale":1.0208596,"type":"tree_oak_forest_a"}
{"pos":[733.088013,-152.678391,58.8419571],"rotationMatrix":[-0.583352089,0.812219203,0,-0.812219203,-0.583352089,0,0,0,0.999999881],"scale":1.09920514,"type":"tree_oak_forest_a"}
{"pos":[803.627136,-191.650589,71.1987305],"rotationMatrix":[0.268415898,0.963303089,0,-0.963303089,0.268415898,0,0,0,0.999999881],"scale":1.06239069,"type":"tree_oak_forest_a"}
{"pos":[702.776001,-224.627884,63.7688904],"rotationMatrix":[-0.720010817,0.693962514,0,-0.693962514,-0.720010817,0,0,0,0.999999881],"scale":1.02275729,"type":"tree_oak_forest_a"}
