{"pos":[-195.251999,-0.185800001,37.3022995],"rotationMatrix":[0.969446063,-0.245296553,0,0.245296553,0.969446063,0,0,0,1],"scale":0.849399984,"type":"tree_oak_large_c"}
{"pos":[-131.524994,-241.666,38.1607018],"rotationMatrix":[0.501199305,0.86536032,0,-0.86536032,0.501199305,0,0,0,1],"scale":0.800300002,"type":"tree_oak_large_c"}
{"pos":[-136.516006,-241.272003,38.0709991],"rotationMatrix":[0.487928033,-0.872850001,0,0.872850001,0.487928033,0,0,0,1],"scale":1.04809999,"type":"tree_oak_large_c"}
{"pos":[-32.9816017,-423.403992,57.1230011],"rotationMatrix":[0.866665542,0.498894006,0,-0.498894006,0.866665542,0,0,0,1],"scale":0.760500014,"type":"tree_oak_large_c"}
{"pos":[-37.6795998,-455.690002,52.8823013],"rotationMatrix":[-0.307991505,0.951354682,0,-0.951354682,-0.307991505,0,0,0,1],"scale":1.27620006,"type":"tree_oak_large_c"}
{"pos":[-228.774002,-370.602997,37.8949013],"rotationMatrix":[-0.246620536,-0.969032228,0,0.969032228,-0.246620536,0,0,0,1],"scale":0.745899975,"type":"tree_oak_large_c"}
{"pos":[-241.139008,-395.179993,40.0537987],"rotationMatrix":[0.0601794124,0.998225152,0,-0.998225152,0.0601794124,0,0,0,1],"scale":1.05789995,"type":"tree_oak_large_c"}
{"pos":[-230.876007,-380.678009,39.2661018],"rotationMatrix":[0.998895526,0.0469858982,0,-0.0469858982,0.998895526,0,0,0,1],"scale":0.727299988,"type":"tree_oak_large_c"}
{"pos":[-402.299011,-169.518005,32.6819992],"rotationMatrix":[0.351795018,-0.936043024,0,0.936043024,0.351795018,0,0,0,1],"scale":1.17780006,"type":"tree_oak_large_c"}
{"pos":[-326.756012,-59.3760986,34.8819008],"rotationMatrix":[0.977949977,0.20884499,0,-0.20884499,0.977949977,0,0,0,1],"scale":0.824000001,"type":"tree_oak_large_c"}
{"pos":[-308.574005,-288.317993,37.8636017],"rotationMatrix":[0.408998013,-0.912595689,0,0.912595689,0.408998013,0,0,0,1],"scale":0.940800011,"type":"tree_oak_large_c"}
{"pos":[-305.824005,-371.013,35.5360985],"rotationMatrix":[0.429474413,-0.903056264,0,0.903056264,0.429474413,0,0,0,1],"scale":1.29110003,"type":"tree_oak_large_c"}
{"pos":[-461.192596,-260.710693,32.1715012],"rotationMatrix":[0.979223788,-0.202864245,0,0.202864245,0.979223788,0,0,0,1],"scale":0.71359998,"type":"tree_oak_large_c"}
{"pos":[-2.24900007,-599.705017,46.4515991],"rotationMatrix":[-0.959408045,-0.282686889,0,0.282686889,-0.959408045,0,0,0,1],"scale":1.34130001,"type":"tree_oak_large_c"}
{"pos":[-120.778999,-722.244995,27.8484993],"rotationMatrix":[0.133018911,0.991155326,0,-0.991155326,0.133018911,0,0,0,1],"scale":0.764100015,"type":"tree_oak_large_c"}
{"pos":[-109.460999,-723.799011,26.5529003],"rotationMatrix":[-0.92040801,-0.390784115,0,0.390784115,-0.92040801,0,0,0,1],"scale":1.36210001,"type":"tree_oak_large_c"}
{"pos":[-100.376999,-722.619995,26.9160995],"rotationMatrix":[0.827010393,-0.56220156,0,0.56220156,0.827010393,0,0,0,1],"scale":1.37179995,"type":"tree_oak_large_c"}
{"pos":[-80.8881989,-724.059998,27.7782993],"rotationMatrix":[-0.350053191,0.936623991,0,-0.936623991,-0.350053191,0,0,0,1],"scale":1.11170006,"type":"tree_oak_large_c"}
{"pos":[-89.9623032,-698.234985,27.2521992],"rotationMatrix":[0.725311279,-0.688426495,0,0.688426495,0.725311279,0,0,0,1],"scale":1.02900004,"type":"tree_oak_large_c"}
{"pos":[-224.160995,-797.387024,18.6791992],"rotationMatrix":[-0.993605018,0.114416637,0,-0.114416637,-0.993605018,0,0,0,1],"scale":1.32659996,"type":"tree_oak_large_c"}
{"pos":[-240.125,-817.275024,16.7266006],"rotationMatrix":[0.737042487,0.675886393,0,-0.675886393,0.737042487,0,0,0,1],"scale":1.14230001,"type":"tree_oak_large_c"}
{"pos":[-363.036011,-528.242981,43.6208],"rotationMatrix":[-0.636964083,0.770985305,0,-0.770985305,-0.636964083,0,0,0,1],"scale":0.837000012,"type":"tree_oak_large_c"}
{"pos":[-367.811005,-511.540009,41.4662018],"rotationMatrix":[-0.979254007,0.203337118,0,-0.203337118,-0.979254007,0,0,0,1],"scale":1.25510001,"type":"tree_oak_large_c"}
{"pos":[-296.468994,-712.927002,47.3349991],"rotationMatrix":[-0.780384421,0.625351787,0,-0.625351787,-0.780384421,0,0,0,1],"scale":1.24409997,"type":"tree_oak_large_c"}
{"pos":[-339.822998,-625.802979,55.0619011],"rotationMatrix":[0.997647047,0.0685588419,0,-0.0685588419,0.997647047,0,0,0,1],"scale":1.20829999,"type":"tree_oak_large_c"}
{"pos":[-445.942993,-551.559021,34.1929016],"rotationMatrix":[0.693455517,-0.720516562,0,0.720516562,0.693455517,0,0,0,1],"scale":0.966799974,"type":"tree_oak_large_c"}
{"pos":[-449.365997,-575.732971,34.0228996],"rotationMatrix":[-0.894236565,0.447672009,0,-0.447672009,-0.894236565,0,0,0,1],"scale":1.39740002,"type":"tree_oak_large_c"}
{"pos":[-306.200012,-801.671021,42.1875],"rotationMatrix":[-0.975674391,-0.218856782,0,0.218856782,-0.975674391,0,0,0,1],"scale":0.759000003,"type":"tree_oak_large_c"}
{"pos":[-310.553009,-861.939026,22.3698006],"rotationMatrix":[-0.511365056,0.85939002,0,-0.85939002,-0.511365056,0,0,0,1],"scale":1.28139997,"type":"tree_oak_large_c"}
{"pos":[-319.852997,-837.20697,35.7714005],"rotationMatrix":[0.310157418,0.950721264,0,-0.950721264,0.310157418,0,0,0,1],"scale":0.832799971,"type":"tree_oak_large_c"}
{"pos":[-361.533997,-844.973999,39.0116005],"rotationMatrix":[0.874198675,0.485548824,0,-0.485548824,0.874198675,0,0,0,1],"scale":0.739000022,"type":"tree_oak_large_c"}
{"pos":[-408.216003,-828.205994,46.2313995],"rotationMatrix":[0.730181456,-0.6832515,0,0.6832515,0.730181456,0,0,0,1],"scale":0.825299978,"type":"tree_oak_large_c"}
{"pos":[-401.962006,-824.606995,46.9874992],"rotationMatrix":[-0.942026377,0.335233092,0,-0.335233092,-0.942026377,0,0,0,1],"scale":1.00390005,"type":"tree_oak_large_c"}
{"pos":[-376.951996,-826.65802,44.7989006],"rotationMatrix":[0.702162385,0.711985469,0,-0.711985469,0.702162385,0,0,0,1],"scale":1.03690004,"type":"tree_oak_large_c"}
{"pos":[-663.888,-54.3993988,22.5370998],"rotationMatrix":[-0.0556044579,0.998356283,0,-0.998356283,-0.0556044579,0,0,0,1],"scale":1.37989998,"type":"tree_oak_large_c"}
{"pos":[-654.27356,-64.8633423,19.4239006],"rotationMatrix":[0.389045477,0.92124033,0,-0.92124033,0.389045477,0,0,0,1],"scale":0.938899994,"type":"tree_oak_large_c"}
{"pos":[-505.582001,-365.325989,35.7821007],"rotationMatrix":[-0.63515532,0.772186816,0,-0.772186816,-0.63515532,0,0,0,1],"scale":0.955799997,"type":"tree_oak_large_c"}
{"pos":[-604.333984,-493.735992,32.7265015],"rotationMatrix":[0.223492801,-0.974777579,0,0.974777579,0.223492801,0,0,0,1],"scale":0.838100016,"type":"tree_oak_large_c"}
{"pos":[-732.005981,-481.115997,24.2154999],"rotationMatrix":[0.822391987,0.568941593,0,-0.568941593,0.822391987,0,0,0,1],"scale":0.993099988,"type":"tree_oak_large_c"}
{"pos":[-732.525024,-478.018005,24.3913994],"rotationMatrix":[-0.830932379,-0.556283474,0,0.556283474,-0.830932379,0,0,0,1],"scale":1.20819998,"type":"tree_oak_large_c"}
{"pos":[-793.455994,-108.554001,26.4186001],"rotationMatrix":[0.160969377,0.986965299,0,-0.986965299,0.160969377,0,0,0,1],"scale":0.869099975,"type":"tree_oak_large_c"}
{"pos":[-854.471008,-92.8607025,45.4925995],"rotationMatrix":[-0.955846429,0.293307751,0,-0.293307751,-0.955846429,0,0,0,1],"scale":0.708000004,"type":"tree_oak_large_c"}
{"pos":[-841.114014,-70.9449997,40.8348999],"rotationMatrix":[0.125629127,0.992064416,0,-0.992064416,0.125629127,0,0,0,1],"scale":0.9472,"type":"tree_oak_large_c"}
{"pos":[-856.260986,-107.308998,41.5862007],"rotationMatrix":[-0.709400415,0.704838753,0,-0.704838753,-0.709400415,0,0,0,1],"scale":0.724099994,"type":"tree_oak_large_c"}
{"pos":[-869.882996,-77.4456024,47.4057999],"rotationMatrix":[0.180800021,0.983551979,0,-0.983551979,0.180800021,0,0,0,1],"scale":0.931900024,"type":"tree_oak_large_c"}
{"pos":[-808.669006,-233.544006,25.7275009],"rotationMatrix":[-0.474731326,-0.880167484,0,0.880167484,-0.474731326,0,0,0,1],"scale":0.957000017,"type":"tree_oak_large_c"}
{"pos":[-880.5,-19.1975994,50.0004005],"rotationMatrix":[0.111288905,-0.993767262,0,0.993767262,0.111288905,0,0,0,1],"scale":1.05490005,"type":"tree_oak_large_c"}
{"pos":[-875.362976,-78.406601,47.8129005],"rotationMatrix":[0.955836058,-0.293901086,0,0.293901086,0.955836058,0,0,0,1],"scale":0.710200012,"type":"tree_oak_large_c"}
{"pos":[-876.184998,-194.744995,31.5419006],"rotationMatrix":[0.603771925,0.797174096,0,-0.797174096,0.603771925,0,0,0,1],"scale":0.709699988,"type":"tree_oak_large_c"}
{"pos":[-804.843994,-354.046997,19.2082005],"rotationMatrix":[-0.00763213634,-0.999966264,0,0.999966264,-0.00763213634,0,0,0,1],"scale":0.856700003,"type":"tree_oak_large_c"}
{"pos":[-823.492981,-347.153992,23.9687996],"rotationMatrix":[-0.594183564,0.804412782,0,-0.804412782,-0.594183564,0,0,0,1],"scale":1.04820001,"type":"tree_oak_large_c"}
{"pos":[-857.570984,-386.233002,26.0429993],"rotationMatrix":[-0.212124586,-0.977173269,0,0.977173269,-0.212124586,0,0,0,1],"scale":1.3506,"type":"tree_oak_large_c"}
{"pos":[-850.741028,-394.197998,26.3167992],"rotationMatrix":[0.831219554,0.555958867,0,-0.555958867,0.831219554,0,0,0,1],"scale":1.11450005,"type":"tree_oak_large_c"}
{"pos":[-600.945984,-701.91803,35.8944016],"rotationMatrix":[-0.584199905,-0.811502039,0,0.811502039,-0.584199905,0,0,0,1],"scale":0.728299975,"type":"tree_oak_large_c"}
{"pos":[-589.286011,-726.129028,36.3781013],"rotationMatrix":[0.487523079,0.873093784,0,-0.873093784,0.487523079,0,0,0,1],"scale":1.16009998,"type":"tree_oak_large_c"}
{"pos":[-593.13501,-719.190979,36.387001],"rotationMatrix":[-0.743217945,-0.669017792,0,0.669017792,-0.743217945,0,0,0,1],"scale":0.781899989,"type":"tree_oak_large_c"}
{"pos":[-701.815002,-568.867004,22.2945004],"rotationMatrix":[0.837435961,-0.546536744,0,0.546536744,0.837435961,0,0,0,1],"scale":0.927200019,"type":"tree_oak_large_c"}
{"pos":[-523.242981,-852.924988,46.7848015],"rotationMatrix":[0.999630094,0.027197279,0,-0.027197279,0.999630094,0,0,0,1],"scale":0.968200028,"type":"tree_oak_large_c"}
{"pos":[-634.375977,-822.301025,42.8218994],"rotationMatrix":[0.691887498,0.721964538,0,-0.721964538,0.691887498,0,0,0,1],"scale":0.773000002,"type":"tree_oak_large_c"}
{"pos":[-644.057983,-812.85498,42.9733009],"rotationMatrix":[-0.694272399,-0.719568729,0,0.719568729,-0.694272399,0,0,0,1],"scale":0.849300027,"type":"tree_oak_large_c"}
{"pos":[-810.648987,-580.393982,14.1160002],"rotationMatrix":[0.476735473,0.879063904,0,-0.879063904,0.476735473,0,0,0,1],"scale":1.21099997,"type":"tree_oak_large_c"}
{"pos":[-815.901978,-551.40802,18.7373009],"rotationMatrix":[-0.662029147,0.749335229,0,-0.749335229,-0.662029147,0,0,0,1],"scale":1.15120006,"type":"tree_oak_large_c"}
{"pos":[-800.442017,-783.674988,35.1867981],"rotationMatrix":[-0.978856206,0.204510316,0,-0.204510316,-0.978856206,0,0,0,1],"scale":0.805700004,"type":"tree_oak_large_c"}
{"pos":[-810.728027,-810.596985,36],"rotationMatrix":[-0.561497927,0.827579796,0,-0.827579796,-0.561497927,0,0,0,1],"scale":1.08290005,"type":"tree_oak_large_c"}
{"pos":[-906.400024,-757.864014,34.6954994],"rotationMatrix":[-0.12140286,0.992609262,0,-0.992609262,-0.12140286,0,0,0,1],"scale":1.1329,"type":"tree_oak_large_c"}
{"pos":[-185.158005,908.612976,24.1532001],"rotationMatrix":[0.888324618,0.459225446,0,-0.459225446,0.888324618,0,0,0,1],"scale":1.2277,"type":"tree_oak_large_c"}
{"pos":[-121.815002,526.752014,32.6755981],"rotationMatrix":[0.80180192,0.597616315,0,-0.597616315,0.80180192,0,0,0,1],"scale":0.745599985,"type":"tree_oak_large_c"}
{"pos":[-119.057999,520.002991,33.0275002],"rotationMatrix":[0.664947033,0.746890664,0,-0.746890664,0.664947033,0,0,0,1],"scale":0.91930002,"type":"tree_oak_large_c"}
{"pos":[-113.194,540.080994,32.949501],"rotationMatrix":[-0.172286749,0.985020995,0,-0.985020995,-0.172286749,0,0,0,1],"scale":1.35790002,"type":"tree_oak_large_c"}
{"pos":[-306.911011,911.861023,29.5552998],"rotationMatrix":[0.234173179,-0.972258568,0,0.972258568,0.234173179,0,0,0,1],"scale":0.810800016,"type":"tree_oak_large_c"}
{"pos":[-309.822998,874.856995,32.1332016],"rotationMatrix":[0.316719472,-0.948526621,0,0.948526621,0.316719472,0,0,0,1],"scale":1.01010001,"type":"tree_oak_large_c"}
{"pos":[-305.634003,699.161011,28.7828999],"rotationMatrix":[-0.989613414,0.14342612,0,-0.14342612,-0.989613414,0,0,0,1],"scale":1.10739994,"type":"tree_oak_large_c"}
{"pos":[-310.701996,688.189026,27.2551994],"rotationMatrix":[-0.0141729116,0.999930859,0,-0.999930859,-0.0141729116,0,0,0,1],"scale":0.887300014,"type":"tree_oak_large_c"}
{"pos":[-98.5901031,480.636993,35.9045982],"rotationMatrix":[0.379947484,0.925067484,0,-0.925067484,0.379947484,0,0,0,1],"scale":0.985099971,"type":"tree_oak_large_c"}
{"pos":[-112.536003,461.626007,41.2839012],"rotationMatrix":[-0.668964505,0.743223608,0,-0.743223608,-0.668964505,0,0,0,1],"scale":1.14090002,"type":"tree_oak_large_c"}
{"pos":[-124.755997,449.812012,39.0746994],"rotationMatrix":[0.306502759,0.951834977,-2.44937837e-05,-0.945671022,0.304515243,-0.113624111,-0.108149096,0.0348455049,0.993523479],"scale":1.29849994,"type":"tree_oak_large_c"}
{"pos":[-175.740997,438.53299,34.4387016],"rotationMatrix":[-0.658749104,0.752602458,0,-0.752602458,-0.658749104,0,0,0,1],"scale":0.869799972,"type":"tree_oak_large_c"}
{"pos":[-191.179001,454.709991,33.5642014],"rotationMatrix":[0.92557919,-0.378546953,0,0.378546953,0.92557919,0,0,0,1],"scale":1.37109995,"type":"tree_oak_large_c"}
{"pos":[-231.233002,491.816986,32.9625015],"rotationMatrix":[-0.86592567,-0.499949843,0,0.499949843,-0.86592567,0,0,0,1],"scale":1.18780005,"type":"tree_oak_large_c"}
{"pos":[-228.199997,248.026001,29.4179001],"rotationMatrix":[0.321154475,0.946958005,0,-0.946958005,0.321154475,0,0,0,1],"scale":0.739099979,"type":"tree_oak_large_c"}
{"pos":[-221.393997,20.5254002,37.462101],"rotationMatrix":[0.899827123,0.436230987,0,-0.436230987,0.899827123,0,0,0,1],"scale":0.939300001,"type":"tree_oak_large_c"}
{"pos":[-700.338989,451.867004,22.4806004],"rotationMatrix":[-0.488847733,0.87229085,0,-0.87229085,-0.488847733,0,0,0,1],"scale":0.777400017,"type":"tree_oak_large_c"}
{"pos":[-730.526978,149.468002,28.9550991],"rotationMatrix":[-0.863994241,0.503359497,0,-0.503359497,-0.863994241,0,0,0,1],"scale":1.17859995,"type":"tree_oak_large_c"}
{"pos":[-696.731995,111.043999,26.4771004],"rotationMatrix":[-0.145492435,0.989288926,0,-0.989288926,-0.145492435,0,0,0,1],"scale":0.914099991,"type":"tree_oak_large_c"}
{"pos":[-733.541992,106.871002,28.4125004],"rotationMatrix":[-0.991209626,0.133106515,0,-0.133106515,-0.991209626,0,0,0,1],"scale":1.16069996,"type":"tree_oak_large_c"}
{"pos":[-738.620972,109.799004,28.5228996],"rotationMatrix":[-0.981244206,0.192092896,0,-0.192092896,-0.981244206,0,0,0,1],"scale":0.883300006,"type":"tree_oak_large_c"}
{"pos":[-742.257996,110.084,28.2357998],"rotationMatrix":[-0.210567951,-0.977634788,0,0.977634788,-0.210567951,0,0,0,1],"scale":0.782199979,"type":"tree_oak_large_c"}
{"pos":[-850.414001,489.34201,28.5111008],"rotationMatrix":[0.878080785,-0.4784922,0,0.4784922,0.878080785,0,0,0,1],"scale":1.30019999,"type":"tree_oak_large_c"}
{"pos":[-844.617004,469.489014,29.3164997],"rotationMatrix":[-0.71606338,0.698244929,0,-0.698244929,-0.71606338,0,0,0,1],"scale":0.791800022,"type":"tree_oak_large_c"}
{"pos":[-838.921997,458.38501,29.2043991],"rotationMatrix":[0.446647942,0.894726038,0,-0.894726038,0.446647942,0,0,0,1],"scale":1.25440001,"type":"tree_oak_large_c"}
{"pos":[-833.039978,448.595001,29.2215996],"rotationMatrix":[-0.622520924,0.782708287,0,-0.782708287,-0.622520924,0,0,0,1],"scale":1.18410003,"type":"tree_oak_large_c"}
{"pos":[-867.869995,425.51001,30.1823997],"rotationMatrix":[-0.261507273,0.965111792,0,-0.965111792,-0.261507273,0,0,0,1],"scale":0.843800008,"type":"tree_oak_large_c"}
{"pos":[-776.815979,364.303009,37.0756989],"rotationMatrix":[0.958872855,0.283845961,0,-0.283845961,0.958872855,0,0,0,1],"scale":0.916000009,"type":"tree_oak_large_c"}
{"pos":[-784.685974,350.164001,36.1544991],"rotationMatrix":[-0.229939342,0.973192275,0,-0.973192275,-0.229939342,0,0,0,1],"scale":1.37269998,"type":"tree_oak_large_c"}
{"pos":[-789.663025,342.954987,36.1797981],"rotationMatrix":[0.225485325,0.974272966,0,-0.974272966,0.225485325,0,0,0,1],"scale":1.39919996,"type":"tree_oak_large_c"}
{"pos":[-771.846985,327.854004,35.0922012],"rotationMatrix":[-0.108858347,0.994041026,0,-0.994041026,-0.108858347,0,0,0,1],"scale":0.990499973,"type":"tree_oak_large_c"}
{"pos":[-928.771973,329.95401,30.3082008],"rotationMatrix":[0.997232318,-0.0743479207,0,0.0743479207,0.997232318,0,0,0,1],"scale":1.39040005,"type":"tree_oak_large_c"}
{"pos":[-912.148987,267.152008,33.949501],"rotationMatrix":[-0.72273922,0.691063225,0,-0.691063225,-0.72273922,0,0,0,1],"scale":0.762300014,"type":"tree_oak_large_c"}
{"pos":[-928.401978,170.485001,38.9098015],"rotationMatrix":[-0.994803429,-0.103065848,0,0.103065848,-0.994803429,0,0,0,1],"scale":1.36240005,"type":"tree_oak_large_c"}
{"pos":[-875.83197,109.838997,32.8398018],"rotationMatrix":[-0.453512549,-0.891203523,0,0.891203523,-0.453512549,0,0,0,1],"scale":1.31589997,"type":"tree_oak_large_c"}
{"pos":[-883.432007,118.225998,35.0937996],"rotationMatrix":[-0.479200006,0.877544045,0,-0.877544045,-0.479200006,0,0,0,1],"scale":1.20239997,"type":"tree_oak_large_c"}
{"pos":[853.432495,-198.455612,53.3757019],"rotationMatrix":[-0.995776415,0.0917963311,0,-0.0917963311,-0.995776415,0,0,0,1],"scale":1.2198,"type":"tree_oak_large_c"}
{"pos":[794.161987,-499.57901,55.5051003],"rotationMatrix":[0.0800895095,-0.996818364,0,0.996818364,0.0800895095,0,0,0,1],"scale":1.14269996,"type":"tree_oak_large_c"}
{"pos":[667.330017,-58.8792992,52.2221985],"rotationMatrix":[-0.758187532,-0.65219456,0,0.65219456,-0.758187532,0,0,0,1],"scale":0.829999983,"type":"tree_oak_large_c"}
{"pos":[686.500977,-83.6733017,52.7589989],"rotationMatrix":[0.233182728,0.972391665,0,-0.972391665,0.233182728,0,0,0,1],"scale":1.06690001,"type":"tree_oak_large_c"}
{"pos":[680.171021,-70.9237976,52.8039017],"rotationMatrix":[0.318121612,0.948019981,0,-0.948019981,0.318121612,0,0,0,1],"scale":1.04369998,"type":"tree_oak_large_c"}
{"pos":[710.265198,-460.066559,52.4473],"rotationMatrix":[-0.958616376,0.284806907,0,-0.284806907,-0.958616376,0,0,0,1],"scale":0.818418443,"type":"tree_oak_large_c"}
{"pos":[765.182983,-522.659973,56.4952011],"rotationMatrix":[-0.432108879,0.901710749,0,-0.901710749,-0.432108879,0,0,0,1],"scale":1.33050001,"type":"tree_oak_large_c"}
{"pos":[703.622131,-520.062988,57.6537018],"rotationMatrix":[0.577535689,-0.816341519,0,0.816341519,0.577535689,0,0,0,1],"scale":1.02939999,"type":"tree_oak_large_c"}
{"pos":[734.445984,-522.559998,57.1259003],"rotationMatrix":[-0.924722075,-0.380431801,0,0.380431801,-0.924722075,0,0,0,1],"scale":1.21720004,"type":"tree_oak_large_c"}
{"pos":[662.013,-706.302979,45.3891983],"rotationMatrix":[-0.282561302,-0.959358394,0,0.959358394,-0.282561302,0,0,0,1],"scale":1.35640001,"type":"tree_oak_large_c"}
{"pos":[551.192017,-587.552002,51.3149986],"rotationMatrix":[-0.709400415,0.704653919,0,-0.704653919,-0.709400415,0,0,0,1],"scale":1.39119995,"type":"tree_oak_large_c"}
{"pos":[605.72998,-668.195984,48.2949982],"rotationMatrix":[0.448329926,0.89389044,0,-0.89389044,0.448329926,0,0,0,1],"scale":1.29369998,"type":"tree_oak_large_c"}
{"pos":[611.252991,-673.594971,48.1551018],"rotationMatrix":[-0.0440125465,0.999073029,0,-0.999073029,-0.0440125465,0,0,0,1],"scale":1.3901,"type":"tree_oak_large_c"}
{"pos":[595.911987,-636.380981,48.3153],"rotationMatrix":[0.702162385,0.711985469,0,-0.711985469,0.702162385,0,0,0,1],"scale":0.748300016,"type":"tree_oak_large_c"}
{"pos":[466.877991,-497.856995,56.3443985],"rotationMatrix":[0.594099522,-0.804412782,0,0.804412782,0.594099522,0,0,0,1],"scale":1.32710004,"type":"tree_oak_large_c"}
{"pos":[314.862,-447.665009,43.0415993],"rotationMatrix":[0.443065405,-0.896456778,0,0.896456778,0.443065405,0,0,0,1],"scale":0.961099982,"type":"tree_oak_large_c"}
{"pos":[131.020996,-230.322006,56.2877007],"rotationMatrix":[0.958412707,0.28537178,0,-0.28537178,0.958412707,0,0,0,1],"scale":1.20169997,"type":"tree_oak_large_c"}
{"pos":[106.109001,-204.371994,56.3157005],"rotationMatrix":[-0.874047995,0.486129612,0,-0.486129612,-0.874047995,0,0,0,1],"scale":1.26289999,"type":"tree_oak_large_c"}
{"pos":[150.414993,-480.76001,42.3102989],"rotationMatrix":[0.944555521,-0.328337997,0,0.328337997,0.944555521,0,0,0,1],"scale":0.78609997,"type":"tree_oak_large_c"}
{"pos":[490.261993,-505.970001,56.7927017],"rotationMatrix":[-0.763066411,-0.646150947,0,0.646150947,-0.763066411,0,0,0,1],"scale":1.23409998,"type":"tree_oak_large_c"}
{"pos":[483.696991,-611.130981,50.9662018],"rotationMatrix":[-0.634431958,-0.773100793,0,0.773100793,-0.634431958,0,0,0,1],"scale":1.23310006,"type":"tree_oak_large_c"}
{"pos":[393.957001,-591.505005,46.6884995],"rotationMatrix":[-0.979651928,-0.200571835,0,0.200571835,-0.979651928,0,0,0,1],"scale":0.8125,"type":"tree_oak_large_c"}
{"pos":[407.001007,-585.458984,46.4831009],"rotationMatrix":[-0.319987416,-0.947420895,0,0.947420895,-0.319987416,0,0,0,1],"scale":1.31550002,"type":"tree_oak_large_c"}
{"pos":[311.841003,-705.677979,42],"rotationMatrix":[0.960181594,0.279377997,0,-0.279377997,0.960181594,0,0,0,1],"scale":0.849300027,"type":"tree_oak_large_c"}
{"pos":[303.23407,-684.375,42],"rotationMatrix":[-0.0819203854,-0.996602476,0,0.996602476,-0.0819203854,0,0,0,1],"scale":1.33500004,"type":"tree_oak_large_c"}
{"pos":[383.682007,-754.929993,38.8451004],"rotationMatrix":[-0.977662802,0.210812807,0,-0.210812807,-0.977662802,0,0,0,1],"scale":0.851499975,"type":"tree_oak_large_c"}
{"pos":[256.372009,-878.674988,50.0391998],"rotationMatrix":[-0.835144758,-0.550026119,0,0.550026119,-0.835144758,0,0,0,1],"scale":1.32739997,"type":"tree_oak_large_c"}
{"pos":[196.082001,-521.491028,39.6966019],"rotationMatrix":[-0.994004488,0.109635301,0,-0.109635301,-0.994004488,0,0,0,1],"scale":0.993600011,"type":"tree_oak_large_c"}
{"pos":[241.061996,-538.179016,37.6194],"rotationMatrix":[0.731208861,-0.682169318,0,0.682169318,0.731208861,0,0,0,1],"scale":1.0934,"type":"tree_oak_large_c"}
{"pos":[102.401001,-706.778015,38.1750984],"rotationMatrix":[0.398076057,-0.917368948,0,0.917368948,0.398076057,0,0,0,1],"scale":0.810299993,"type":"tree_oak_large_c"}
{"pos":[199.192001,-884.429016,49.1217995],"rotationMatrix":[0.89766711,-0.440682828,0,0.440682828,0.89766711,0,0,0,1],"scale":1.35370004,"type":"tree_oak_large_c"}
{"pos":[23.2339382,-811.394653,19.1161003],"rotationMatrix":[-0.968921781,0.247454688,0,-0.247454688,-0.968921781,0,0,0,1],"scale":0.934899986,"type":"tree_oak_large_c"}
{"pos":[27.4578991,-788.934998,18.906601],"rotationMatrix":[-0.881412029,0.472147316,0,-0.472147316,-0.881412029,0,0,0,1],"scale":0.889299989,"type":"tree_oak_large_c"}
{"pos":[758.58197,576.247009,67.2182007],"rotationMatrix":[0.459823847,-0.887959421,0,0.887959421,0.459823847,0,0,0,1],"scale":1.31889999,"type":"tree_oak_large_c"}
{"pos":[616.830994,952.369019,75.1472015],"rotationMatrix":[0.523711979,-0.851852775,0,0.851852775,0.523711979,0,0,0,1],"scale":1.30410004,"type":"tree_oak_large_c"}
{"pos":[544.830017,949.314026,62.7268982],"rotationMatrix":[-0.812988758,0.582494795,0,-0.582494795,-0.812988758,0,0,0,1],"scale":1.17120004,"type":"tree_oak_large_c"}
{"pos":[539.333984,947.978027,62.6882019],"rotationMatrix":[-0.0448796749,-0.998909593,0,0.998909593,-0.0448796749,0,0,0,1],"scale":0.930100024,"type":"tree_oak_large_c"}
{"pos":[720.089355,518.48999,65.1056366],"rotationMatrix":[-0.929040909,0.370448142,0,-0.370448142,-0.929040909,0,0,0,1],"scale":0.943099976,"type":"tree_oak_large_c"}
{"pos":[720.75824,511.792999,63.5451012],"rotationMatrix":[-0.538608789,-0.842542291,0,0.842542291,-0.538608789,0,0,0,1],"scale":1.07029998,"type":"tree_oak_large_c"}
{"pos":[805.034973,293.927002,69.9304962],"rotationMatrix":[0.617362499,0.78670764,0,-0.78670764,0.617362499,0,0,0,1],"scale":1.23169994,"type":"tree_oak_large_c"}
{"pos":[809.30603,284.532013,69.2781982],"rotationMatrix":[-0.365543485,0.930909634,0,-0.930909634,-0.365543485,0,0,0,1],"scale":1.30569994,"type":"tree_oak_large_c"}
{"pos":[806.997009,287.825012,69.3952026],"rotationMatrix":[-0.572119236,-0.820105016,0,0.820105016,-0.572119236,0,0,0,1],"scale":0.760399997,"type":"tree_oak_large_c"}
{"pos":[722.170654,449.617065,62.635601],"rotationMatrix":[0.267223775,-0.96363759,0,0.96363759,0.267223775,0,0,0,1],"scale":1.05499995,"type":"tree_oak_large_c"}
{"pos":[523.484009,455.817993,56.0113983],"rotationMatrix":[0.994424343,0.105452158,0,-0.105452158,0.994424343,0,0,0,1],"scale":1.18509996,"type":"tree_oak_large_c"}
{"pos":[549.323975,377.755005,54.0531998],"rotationMatrix":[0.630028009,0.776588559,0,-0.776588559,0.630028009,0,0,0,1],"scale":0.910300016,"type":"tree_oak_large_c"}
{"pos":[503.756012,414.462006,56.0381012],"rotationMatrix":[0.880537271,-0.473989338,0,0.473989338,0.880537271,0,0,0,1],"scale":1.36860001,"type":"tree_oak_large_c"}
{"pos":[539.77002,257.993011,52.5526009],"rotationMatrix":[0.417447865,0.908638835,0,-0.908638835,0.417447865,0,0,0,1],"scale":0.906799972,"type":"tree_oak_large_c"}
{"pos":[455.875,802.023987,55.7507019],"rotationMatrix":[0.660841525,-0.750546694,0,0.750546694,0.660841525,0,0,0,1],"scale":1.38540006,"type":"tree_oak_large_c"}
{"pos":[433.820007,802.085999,53.8156013],"rotationMatrix":[0.995619535,-0.0934970379,0,0.0934970379,0.995619535,0,0,0,1],"scale":1.12699997,"type":"tree_oak_large_c"}
{"pos":[454.540985,736.698975,54.6950989],"rotationMatrix":[-0.793618083,0.608163416,0,-0.608163416,-0.793618083,0,0,0,1],"scale":1.31710005,"type":"tree_oak_large_c"}
{"pos":[375.872009,648.054993,51.8153992],"rotationMatrix":[0.43925947,-0.898349702,0,0.898349702,0.43925947,0,0,0,1],"scale":1.00740004,"type":"tree_oak_large_c"}
{"pos":[329.013,592.307983,57.8773994],"rotationMatrix":[-0.999200225,-0.0377924405,0,0.0377924405,-0.999200225,0,0,0,1],"scale":1.00849998,"type":"tree_oak_large_c"}
{"pos":[318.873993,572.929993,60.5583992],"rotationMatrix":[0.943619192,0.33103165,0,-0.33103165,0.943619192,0,0,0,1],"scale":1.36570001,"type":"tree_oak_large_c"}
{"pos":[312.820007,572.390991,60.9836998],"rotationMatrix":[-0.945575356,-0.325676233,0,0.325676233,-0.945575356,0,0,0,1],"scale":0.860199988,"type":"tree_oak_large_c"}
{"pos":[346.304993,554.823975,60.9701996],"rotationMatrix":[-0.340866804,0.940146148,0,-0.940146148,-0.340866804,0,0,0,1],"scale":0.774699986,"type":"tree_oak_large_c"}
{"pos":[308.640015,568.156982,62.0080986],"rotationMatrix":[0.9212749,0.388903677,0,-0.388903677,0.9212749,0,0,0,1],"scale":0.826900005,"type":"tree_oak_large_c"}
{"pos":[205.440002,841.614014,43.2542],"rotationMatrix":[-0.622881293,-0.782434881,0,0.782434881,-0.622881293,0,0,0,1],"scale":1.18949997,"type":"tree_oak_large_c"}
{"pos":[134.992996,837.085022,43.3768005],"rotationMatrix":[-0.00479495525,-0.999975026,0,0.999975026,-0.00479495525,0,0,0,1],"scale":1.14409995,"type":"tree_oak_large_c"}
{"pos":[27.7395992,879.294006,25.2796993],"rotationMatrix":[0.861451507,0.507818103,0,-0.507818103,0.861451507,0,0,0,1],"scale":1.01849997,"type":"tree_oak_large_c"}
{"pos":[40.5713997,710.002991,23.8090992],"rotationMatrix":[0.912387013,0.409307092,0,-0.409307092,0.912387013,0,0,0,1],"scale":0.804099977,"type":"tree_oak_large_c"}
{"pos":[119.100998,538.323975,31.4454002],"rotationMatrix":[0.256531775,0.966496468,0,-0.966496468,0.256531775,0,0,0,1],"scale":0.908699989,"type":"tree_oak_large_c"}
{"pos":[188.895004,221.197998,45.5662003],"rotationMatrix":[0.988234222,-0.152955145,0,0.152955145,0.988234222,0,0,0,1],"scale":0.951600015,"type":"tree_oak_large_c"}
{"pos":[217.664001,153.016998,49.365799],"rotationMatrix":[0.989254236,0.146204174,0,-0.146204174,0.989254236,0,0,0,1],"scale":1.29229999,"type":"tree_oak_large_c"}
{"pos":[68.3061295,521.901794,31.3806229],"rotationMatrix":[-0.561164677,-0.827706277,0,0.827706277,-0.561164677,0,0,0,1],"scale":1.49515736,"type":"tree_oak_large_c"}
{"pos":[689.682922,-268.301575,53.5480804],"rotationMatrix":[0.567819357,-0.798703372,0.199131995,0.810726881,0.584512234,0.0326708443,-0.142489493,0.142890513,0.979427874],"scale":1,"type":"tree_oak_large_c"}
