{"pos":[338.439178,86.9932175,258.11441],"rotationMatrix":[-0.481126755,0.87665087,0,-0.87665087,-0.481126755,0,0,0,0.999999881],"scale":1,"type":"tree_oak_sml_b"}
{"pos":[167.057709,72.2608337,254.272461],"rotationMatrix":[0.829845846,-0.557992518,0,0.557992518,0.829845846,0,0,0,0.999999881],"scale":1,"type":"tree_oak_sml_b"}
{"pos":[158.165894,132.736969,254.379272],"rotationMatrix":[-0.399347961,-0.916799426,0,0.916799426,-0.399347961,0,0,0,0.999999881],"scale":1,"type":"tree_oak_sml_b"}
{"pos":[174.278488,167.830658,254.379272],"rotationMatrix":[-0.305302471,-0.952255368,0,0.952255368,-0.305302471,0,0,0,0.999999881],"scale":1,"type":"tree_oak_sml_b"}
{"pos":[211.47464,187.021805,254.296844],"rotationMatrix":[0.122493528,0.992469251,0,-0.992469251,0.122493528,0,0,0,0.999999881],"scale":1,"type":"tree_oak_sml_b"}
{"pos":[235.140884,196.602081,252.060608],"rotationMatrix":[-0.930212796,0.367020547,0,-0.367020547,-0.930212796,0,0,0,0.999999881],"scale":1,"type":"tree_oak_sml_b"}
{"pos":[418.89917,65.5564117,250.396729],"rotationMatrix":[-0.818121791,-0.57504493,0,0.57504493,-0.818121791,0,0,0,0.999999881],"scale":1,"type":"tree_oak_sml_b"}
{"pos":[412.507629,79.2782822,250.381714],"rotationMatrix":[-0.416870475,-0.908965766,0,0.908965766,-0.416870475,0,0,0,0.999999881],"scale":1,"type":"tree_oak_sml_b"}
{"pos":[304.77005,242.736862,253.960541],"rotationMatrix":[-0.313044816,0.949738204,0,-0.949738204,-0.313044816,0,0,0,0.999999881],"scale":1,"type":"tree_oak_sml_b"}
{"pos":[297.314697,230.058807,254.780197],"rotationMatrix":[0.110839225,-0.993838251,0,0.993838251,0.110839225,0,0,0,0.999999881],"scale":1,"type":"tree_oak_sml_b"}
{"pos":[412.602905,150.31958,258.86554],"rotationMatrix":[0.681143224,0.732150137,0,-0.732150137,0.681143224,0,0,0,0.999999881],"scale":1,"type":"tree_oak_sml_b"}
{"pos":[400.028625,149.503189,260.821625],"rotationMatrix":[-0.934369147,0.356306076,0,-0.356306076,-0.934369147,0,0,0,0.999999881],"scale":1,"type":"tree_oak_sml_b"}
{"pos":[372.118134,195.059677,263.99231],"rotationMatrix":[0.529901683,-0.848058999,0,0.848058999,0.529901683,0,0,0,0.999999881],"scale":1,"type":"tree_oak_sml_b"}
{"pos":[392.816467,231.090027,263.99231],"rotationMatrix":[0.589196563,-0.807989657,0,0.807989657,0.589196563,0,0,0,0.999999881],"scale":1,"type":"tree_oak_sml_b"}
{"pos":[411.891785,174.078476,259.798706],"rotationMatrix":[-0.37401849,0.927421093,0,-0.927421093,-0.37401849,0,0,0,0.999999881],"scale":1,"type":"tree_oak_sml_b"}
{"pos":[391.302887,155.513123,261.87793],"rotationMatrix":[0.67391938,0.738804877,0,-0.738804877,0.67391938,0,0,0,0.999999881],"scale":1,"type":"tree_oak_sml_b"}
{"pos":[386.393982,199.694336,263.870148],"rotationMatrix":[-0.671922028,0.740621805,0,-0.740621805,-0.671922028,0,0,0,0.999999881],"scale":1,"type":"tree_oak_sml_b"}
{"pos":[394.93927,208.306839,263.99231],"rotationMatrix":[-0.673705995,0.738999248,0,-0.738999248,-0.673705995,0,0,0,0.999999881],"scale":1,"type":"tree_oak_sml_b"}
{"pos":[337.192871,212.405716,263.99231],"rotationMatrix":[-0.986387134,0.164438859,0,-0.164438859,-0.986387134,0,0,0,0.999999881],"scale":1,"type":"tree_oak_sml_b"}
{"pos":[348.242096,232.661011,263.956665],"rotationMatrix":[-0.608195245,0.793787241,0,-0.793787241,-0.608195245,0,0,0,0.999999881],"scale":1,"type":"tree_oak_sml_b"}
{"pos":[413.943939,112.294662,259.688782],"rotationMatrix":[0.999035537,0.0439057425,0,-0.0439057425,0.999035537,0,0,0,0.999999881],"scale":1,"type":"tree_oak_sml_b"}
{"pos":[84.0799637,-15.7555914,254.379272],"rotationMatrix":[-0.950866163,-0.309601963,0,0.309601963,-0.950866163,0,0,0,0.999999881],"scale":1,"type":"tree_oak_sml_b"}
{"pos":[258.868591,71.2078781,254.294403],"rotationMatrix":[0.263065994,-0.964777768,0,0.964777768,0.263065994,0,0,0,0.999999881],"scale":1,"type":"tree_oak_sml_b"}
{"pos":[-104.824875,-5.21236134,250],"rotationMatrix":[0.129686907,0.991554916,0,-0.991554916,0.129686907,0,0,0,0.999999881],"scale":1,"type":"tree_oak_sml_b"}
{"pos":[-138.991486,5.4164896,250],"rotationMatrix":[0.877172172,0.480175912,0,-0.480175912,0.877172172,0,0,0,0.999999881],"scale":1,"type":"tree_oak_sml_b"}
{"pos":[-161.693436,-3.87963295,250],"rotationMatrix":[-0.951344192,-0.308130056,0,0.308130056,-0.951344192,0,0,0,0.999999881],"scale":1,"type":"tree_oak_sml_b"}
{"pos":[-121.83783,-69.5995483,255.996704],"rotationMatrix":[-0.210054427,0.977689564,0,-0.977689564,-0.210054427,0,0,0,0.999999881],"scale":1,"type":"tree_oak_sml_b"}
{"pos":[-287.58194,-9.77964306,255.668701],"rotationMatrix":[0.923968434,-0.382468432,0,0.382468432,0.923968434,0,0,0,0.999999881],"scale":1,"type":"tree_oak_sml_b"}
{"pos":[-359.148102,6.08087063,260.264587],"rotationMatrix":[0.911187112,0.411992759,0,-0.411992759,0.911187112,0,0,0,0.999999881],"scale":1,"type":"tree_oak_sml_b"}
{"pos":[-262.112244,-150.382065,292.421844],"rotationMatrix":[-0.152463302,0.988308966,0,-0.988308966,-0.152463302,0,0,0,0.999999881],"scale":1,"type":"tree_oak_sml_b"}
{"pos":[-260.458313,-153.913025,293.026917],"rotationMatrix":[-0.975240529,0.221146688,0,-0.221146688,-0.975240529,0,0,0,0.999999881],"scale":1,"type":"tree_oak_sml_b"}
{"pos":[-233.456253,-137.277054,293.724701],"rotationMatrix":[-0.831771791,0.555117369,0,-0.555117369,-0.831771791,0,0,0,0.999999881],"scale":1,"type":"tree_oak_sml_b"}
{"pos":[-205.742355,-126.174507,293.857697],"rotationMatrix":[-0.943332255,0.331849337,0,-0.331849337,-0.943332255,0,0,0,0.999999881],"scale":1,"type":"tree_oak_sml_b"}
{"pos":[-353.897583,-173.632858,283.981323],"rotationMatrix":[0.992700994,0.120600455,0,-0.120600455,0.992700994,0,0,0,0.999999881],"scale":1,"type":"tree_oak_sml_b"}
{"pos":[-376.465149,-205.173447,281.360779],"rotationMatrix":[-0.946923435,-0.321459055,0,0.321459055,-0.946923435,0,0,0,0.999999881],"scale":1,"type":"tree_oak_sml_b"}
{"pos":[-117.662224,-163.131699,273.92981],"rotationMatrix":[-0.52121973,0.853422344,0,-0.853422344,-0.52121973,0,0,0,0.999999881],"scale":1,"type":"tree_oak_sml_b"}
{"pos":[-168.473526,-162.486313,273.986816],"rotationMatrix":[0.999969006,0.00785849616,0,-0.00785849616,0.999969006,0,0,0,0.999999881],"scale":1,"type":"tree_oak_sml_b"}
{"pos":[-183.4599,-159.541611,273.986816],"rotationMatrix":[-0.831363976,-0.555728137,0,0.555728137,-0.831363976,0,0,0,0.999999881],"scale":1,"type":"tree_oak_sml_b"}
{"pos":[-243.067017,-179.726013,282.781433],"rotationMatrix":[0.853509068,-0.521077693,0,0.521077693,0.853509068,0,0,0,0.999999881],"scale":1,"type":"tree_oak_sml_b"}
{"pos":[-261.761444,-98.1140747,258.096405],"rotationMatrix":[-0.0621678829,0.998065591,0,-0.998065591,-0.0621678829,0,0,0,0.999999881],"scale":1,"type":"tree_oak_sml_b"}
{"pos":[-272.811615,-95.0863495,257.634369],"rotationMatrix":[-0.732182682,0.681108057,0,-0.681108057,-0.732182682,0,0,0,0.999999881],"scale":1,"type":"tree_oak_sml_b"}
{"pos":[-280.620697,-89.756012,257.196655],"rotationMatrix":[0.689443767,0.724339187,0,-0.724339187,0.689443767,0,0,0,0.999999881],"scale":1,"type":"tree_oak_sml_b"}
{"pos":[-331.754333,-94.4706421,260.951569],"rotationMatrix":[0.739272773,0.673406065,0,-0.673406065,0.739272773,0,0,0,0.999999881],"scale":1,"type":"tree_oak_sml_b"}
{"pos":[-353.847748,-86.3699646,263.039886],"rotationMatrix":[0.987618864,-0.156872019,0,0.156872019,0.987618864,0,0,0,0.999999881],"scale":1,"type":"tree_oak_sml_b"}
{"pos":[-369.427673,-110.823418,261.548218],"rotationMatrix":[-0.986037552,0.166522592,0,-0.166522592,-0.986037552,0,0,0,0.999999881],"scale":1,"type":"tree_oak_sml_b"}
{"pos":[-356.107697,-146.79567,268.033752],"rotationMatrix":[-0.839909673,-0.542726219,0,0.542726219,-0.839909673,0,0,0,0.999999881],"scale":1,"type":"tree_oak_sml_b"}
{"pos":[-433.818817,-190.179626,267.829987],"rotationMatrix":[0.626994908,0.779023349,0,-0.779023349,0.626994908,0,0,0,0.999999881],"scale":1,"type":"tree_oak_sml_b"}
{"pos":[-450.386444,-204.036102,268.872467],"rotationMatrix":[0.469014496,0.883190513,0,-0.883190513,0.469014496,0,0,0,0.999999881],"scale":1,"type":"tree_oak_sml_b"}
{"pos":[-68.6419907,-270.964691,264.814087],"rotationMatrix":[-0.68343991,0.730006516,0,-0.730006516,-0.68343991,0,0,0,0.999999881],"scale":1,"type":"tree_oak_sml_b"}
{"pos":[-65.7445526,-270.721466,264.674377],"rotationMatrix":[-0.742031038,0.670365393,0,-0.670365393,-0.742031038,0,0,0,0.999999881],"scale":1,"type":"tree_oak_sml_b"}
{"pos":[-76.7749634,-291.116089,264.283295],"rotationMatrix":[0.999992967,-0.00371299172,0,0.00371299172,0.999992967,0,0,0,0.999999881],"scale":1,"type":"tree_oak_sml_b"}
{"pos":[-82.1283875,-274.651825,265.379486],"rotationMatrix":[0.287127078,-0.957892418,0,0.957892418,0.287127078,0,0,0,0.999999881],"scale":1,"type":"tree_oak_sml_b"}
{"pos":[-84.4497223,-262.836792,263.99231],"rotationMatrix":[0.586464286,0.809975088,0,-0.809975088,0.586464286,0,0,0,0.999999881],"scale":1,"type":"tree_oak_sml_b"}
{"pos":[-77.3632278,-266.078278,264.480865],"rotationMatrix":[-0.999208272,-0.0397826619,0,0.0397826619,-0.999208272,0,0,0,0.999999881],"scale":1,"type":"tree_oak_sml_b"}
{"pos":[-91.9512405,-275.861694,265.34082],"rotationMatrix":[-0.69830358,0.715801656,0,-0.715801656,-0.69830358,0,0,0,0.999999881],"scale":1,"type":"tree_oak_sml_b"}
{"pos":[-105.663574,-273.611908,264.656342],"rotationMatrix":[0.979293168,0.20244725,0,-0.20244725,0.979293168,0,0,0,0.999999881],"scale":1,"type":"tree_oak_sml_b"}
{"pos":[-104.021683,-272.340607,264.678314],"rotationMatrix":[0.77915138,-0.626835704,0,0.626835704,0.77915138,0,0,0,0.999999881],"scale":1,"type":"tree_oak_sml_b"}
{"pos":[-122.633728,-269.674072,263.99231],"rotationMatrix":[-0.963468134,-0.267822593,0,0.267822593,-0.963468134,0,0,0,0.999999881],"scale":1,"type":"tree_oak_sml_b"}
{"pos":[-207.228943,-264.299347,263.99231],"rotationMatrix":[-0.504644811,0.863326907,0,-0.863326907,-0.504644811,0,0,0,0.999999881],"scale":1,"type":"tree_oak_sml_b"}
{"pos":[-219.292526,-280.242462,265.430298],"rotationMatrix":[0.932399988,-0.361427784,0,0.361427784,0.932399988,0,0,0,0.999999881],"scale":1,"type":"tree_oak_sml_b"}
{"pos":[-229.596588,-281.583588,265.523468],"rotationMatrix":[-0.953415394,0.30166021,0,-0.30166021,-0.953415394,0,0,0,0.999999881],"scale":1,"type":"tree_oak_sml_b"}
{"pos":[-254.151749,-279.67337,265.347076],"rotationMatrix":[0.927464068,-0.373911977,0,0.373911977,0.927464068,0,0,0,0.999999881],"scale":1,"type":"tree_oak_sml_b"}
{"pos":[-229.43219,-285.656677,265.601074],"rotationMatrix":[-0.544519722,-0.838748038,0,0.838748038,-0.544519722,0,0,0,0.999999881],"scale":1,"type":"tree_oak_sml_b"}
{"pos":[-222.022339,-290.324005,265.523895],"rotationMatrix":[0.751120806,0.660164773,0,-0.660164773,0.751120806,0,0,0,0.999999881],"scale":1,"type":"tree_oak_sml_b"}
{"pos":[-230.382156,-303.366455,264.119019],"rotationMatrix":[0.376678616,0.926343977,0,-0.926343977,0.376678616,0,0,0,0.999999881],"scale":1,"type":"tree_oak_sml_b"}
{"pos":[-224.531891,-303.051575,264.426575],"rotationMatrix":[0.474187225,0.880424082,0,-0.880424082,0.474187225,0,0,0,0.999999881],"scale":1,"type":"tree_oak_sml_b"}
{"pos":[-212.879791,-291.048218,265.519287],"rotationMatrix":[0.933033645,-0.359788924,0,0.359788924,0.933033645,0,0,0,0.999999881],"scale":1,"type":"tree_oak_sml_b"}
{"pos":[-219.780884,-302.821686,264.69278],"rotationMatrix":[0.684960246,-0.728580415,0,0.728580415,0.684960246,0,0,0,0.999999881],"scale":1,"type":"tree_oak_sml_b"}
{"pos":[-215.922989,-288.071045,265.532379],"rotationMatrix":[-0.152577385,-0.988291442,0,0.988291442,-0.152577385,0,0,0,0.999999881],"scale":1,"type":"tree_oak_sml_b"}
{"pos":[-218.499832,-297.092834,265.23645],"rotationMatrix":[0.508292437,0.861184537,0,-0.861184537,0.508292437,0,0,0,0.999999881],"scale":1,"type":"tree_oak_sml_b"}
{"pos":[-231.921036,-292.411774,265.365906],"rotationMatrix":[0.240325063,-0.970692396,0,0.970692396,0.240325063,0,0,0,0.999999881],"scale":1,"type":"tree_oak_sml_b"}
{"pos":[-212.186279,-307.211243,264.387726],"rotationMatrix":[-0.813544452,-0.581502497,0,0.581502497,-0.813544452,0,0,0,0.999999881],"scale":1,"type":"tree_oak_sml_b"}
{"pos":[-214.618103,-303.899353,264.748657],"rotationMatrix":[-0.164229527,0.986422002,0,-0.986422002,-0.164229527,0,0,0,0.999999881],"scale":1,"type":"tree_oak_sml_b"}
{"pos":[-219.593796,-305.275909,264.389221],"rotationMatrix":[-0.024794722,0.99969244,0,-0.99969244,-0.024794722,0,0,0,0.999999881],"scale":1,"type":"tree_oak_sml_b"}
{"pos":[-201.137863,-292.039093,265.38446],"rotationMatrix":[0.991734564,-0.12830539,0,0.12830539,0.991734564,0,0,0,0.999999881],"scale":1,"type":"tree_oak_sml_b"}
{"pos":[-213.266235,-293.531525,265.475525],"rotationMatrix":[0.96418637,0.265225381,0,-0.265225381,0.96418637,0,0,0,0.999999881],"scale":1,"type":"tree_oak_sml_b"}
{"pos":[-162.225937,-281.479706,264.193695],"rotationMatrix":[0.528260946,-0.849081933,0,0.849081933,0.528260946,0,0,0,0.999999881],"scale":1,"type":"tree_oak_sml_b"}
{"pos":[-151.173325,-280.187988,263.99231],"rotationMatrix":[0.902507603,0.430673897,0,-0.430673897,0.902507603,0,0,0,0.999999881],"scale":1,"type":"tree_oak_sml_b"}
{"pos":[-91.5214996,-286.493317,264.739258],"rotationMatrix":[-0.496949881,0.867779076,0,-0.867779076,-0.496949881,0,0,0,0.999999881],"scale":1,"type":"tree_oak_sml_b"}
{"pos":[-71.7861328,-291.71402,264.225616],"rotationMatrix":[0.868416131,0.49583596,0,-0.49583596,0.868416131,0,0,0,0.999999881],"scale":1,"type":"tree_oak_sml_b"}
{"pos":[-65.3833237,-289.073547,264.304688],"rotationMatrix":[0.15486756,-0.987935185,0,0.987935185,0.15486756,0,0,0,0.999999881],"scale":1,"type":"tree_oak_sml_b"}
{"pos":[-571.630127,-349.670258,286.433289],"rotationMatrix":[0.0755068958,-0.997145176,0,0.997145176,0.0755068958,0,0,0,0.999999881],"scale":1,"type":"tree_oak_sml_b"}
{"pos":[-554.715698,-339.648682,283.306671],"rotationMatrix":[-0.999937415,0.0111783473,0,-0.0111783473,-0.999937415,0,0,0,0.999999881],"scale":1,"type":"tree_oak_sml_b"}
{"pos":[-563.655029,-346.640045,285.623566],"rotationMatrix":[-0.759585679,0.650406957,0,-0.650406957,-0.759585679,0,0,0,0.999999881],"scale":1,"type":"tree_oak_sml_b"}
{"pos":[-649.775635,-286.944946,283.279419],"rotationMatrix":[0.919562221,0.392944306,0,-0.392944306,0.919562221,0,0,0,0.999999881],"scale":1,"type":"tree_oak_sml_b"}
{"pos":[-537.586243,-286.45578,282.983246],"rotationMatrix":[-0.57800144,0.816035509,0,-0.816035509,-0.57800144,0,0,0,0.999999881],"scale":1,"type":"tree_oak_sml_b"}
{"pos":[-676.8396,-212.235016,273.300842],"rotationMatrix":[0.552523077,0.833497584,0,-0.833497584,0.552523077,0,0,0,0.999999881],"scale":1,"type":"tree_oak_sml_b"}
{"pos":[-672.61377,-194.273438,270.782196],"rotationMatrix":[0.980890751,-0.194558859,0,0.194558859,0.980890751,0,0,0,0.999999881],"scale":1,"type":"tree_oak_sml_b"}
{"pos":[-682.526733,-190.171143,271.567169],"rotationMatrix":[-0.236075237,0.971734703,0,-0.971734703,-0.236075237,0,0,0,0.999999881],"scale":1,"type":"tree_oak_sml_b"}
{"pos":[-693.523804,-164.081665,271.916718],"rotationMatrix":[0.834782302,0.550580144,0,-0.550580144,0.834782302,0,0,0,0.999999881],"scale":1,"type":"tree_oak_sml_b"}
{"pos":[-665.396362,-127.397919,268.463104],"rotationMatrix":[-0.938623071,0.344944209,0,-0.344944209,-0.938623071,0,0,0,0.999999881],"scale":1,"type":"tree_oak_sml_b"}
{"pos":[-662.705078,-114.63279,268.987885],"rotationMatrix":[0.875906646,0.482480586,0,-0.482480586,0.875906646,0,0,0,0.999999881],"scale":1,"type":"tree_oak_sml_b"}
{"pos":[-656.22583,-123.184845,268.387482],"rotationMatrix":[0.568782568,0.822487891,0,-0.822487891,0.568782568,0,0,0,0.999999881],"scale":1,"type":"tree_oak_sml_b"}
{"pos":[-668.695435,-122.526939,268.797241],"rotationMatrix":[0.405032814,-0.914301991,0,0.914301991,0.405032814,0,0,0,0.999999881],"scale":1,"type":"tree_oak_sml_b"}
{"pos":[-635.17688,-110.214081,268.414093],"rotationMatrix":[0.120625384,-0.992698014,0,0.992698014,0.120625384,0,0,0,0.999999881],"scale":1,"type":"tree_oak_sml_b"}
{"pos":[-605.900818,-102.993286,267.855438],"rotationMatrix":[-0.995649159,0.0931800753,0,-0.0931800753,-0.995649159,0,0,0,0.999999881],"scale":1,"type":"tree_oak_sml_b"}
{"pos":[-593.863953,-100.218773,266.20929],"rotationMatrix":[0.544425249,-0.838809311,0,0.838809311,0.544425249,0,0,0,0.999999881],"scale":1,"type":"tree_oak_sml_b"}
{"pos":[-585.859619,-96.7968369,265.555908],"rotationMatrix":[-0.599521458,-0.800358474,0,0.800358474,-0.599521458,0,0,0,0.999999881],"scale":1,"type":"tree_oak_sml_b"}
{"pos":[-133.687149,-221.456863,273.986816],"rotationMatrix":[0.416039735,0.909346461,0,-0.909346461,0.416039735,0,0,0,0.999999881],"scale":1,"type":"tree_oak_sml_b"}
{"pos":[-73.812706,-171.095795,266.728912],"rotationMatrix":[0.224058703,-0.974575579,0,0.974575579,0.224058703,0,0,0,0.999999881],"scale":1,"type":"tree_oak_sml_b"}
{"pos":[-76.1153107,-181.512589,267.328491],"rotationMatrix":[-0.995967448,-0.0897138119,0,0.0897138119,-0.995967448,0,0,0,0.999999881],"scale":1,"type":"tree_oak_sml_b"}
{"pos":[-102.327583,-176.565811,273.366669],"rotationMatrix":[0.647161126,0.762353241,0,-0.762353241,0.647161126,0,0,0,0.999999881],"scale":1,"type":"tree_oak_sml_b"}
{"pos":[-352.724457,-61.5162964,259.719269],"rotationMatrix":[0.963972092,0.266003191,0,-0.266003191,0.963972092,0,0,0,0.999999881],"scale":1,"type":"tree_oak_sml_b"}
{"pos":[-228.762497,-333.985901,302.317413],"rotationMatrix":[0.996889293,0.0788135678,0,-0.0788135678,0.996889293,0,0,0,0.999999881],"scale":1,"type":"tree_oak_sml_b"}
{"pos":[-242.122543,-336.407471,302.855499],"rotationMatrix":[-0.933009386,-0.359851867,0,0.359851867,-0.933009386,0,0,0,0.999999881],"scale":1,"type":"tree_oak_sml_b"}
{"pos":[-266.323517,-324.85022,303.808044],"rotationMatrix":[0.9876737,0.156526178,0,-0.156526178,0.9876737,0,0,0,0.999999881],"scale":1,"type":"tree_oak_sml_b"}
{"pos":[-273.917053,-308.192596,302.387299],"rotationMatrix":[0.597125053,0.802148163,0,-0.802148163,0.597125053,0,0,0,0.999999881],"scale":1,"type":"tree_oak_sml_b"}
{"pos":[-321.932129,-338.507202,302.722412],"rotationMatrix":[0.809911251,-0.586552322,0,0.586552322,0.809911251,0,0,0,0.999999881],"scale":1,"type":"tree_oak_sml_b"}
{"pos":[-295.044525,-321.758514,304.284912],"rotationMatrix":[-0.64197892,0.766722023,0,-0.766722023,-0.64197892,0,0,0,0.999999881],"scale":1,"type":"tree_oak_sml_b"}
{"pos":[-259.072205,-330.493286,302.920776],"rotationMatrix":[0.927981973,-0.372624934,0,0.372624934,0.927981973,0,0,0,0.999999881],"scale":1,"type":"tree_oak_sml_b"}
{"pos":[-65.9818954,-369.757233,283.981323],"rotationMatrix":[-0.206950828,0.978351295,0,-0.978351295,-0.206950828,0,0,0,0.999999881],"scale":1,"type":"tree_oak_sml_b"}
{"pos":[-94.4062958,-361.922485,283.981323],"rotationMatrix":[0.625726581,-0.780042291,0,0.780042291,0.625726581,0,0,0,0.999999881],"scale":1,"type":"tree_oak_sml_b"}
{"pos":[-110.90538,-358.391571,283.966064],"rotationMatrix":[-0.11177054,0.993733943,0,-0.993733943,-0.11177054,0,0,0,0.999999881],"scale":1,"type":"tree_oak_sml_b"}
{"pos":[-110.988388,-372.215576,283.981323],"rotationMatrix":[-0.993227899,-0.116181515,0,0.116181515,-0.993227899,0,0,0,0.999999881],"scale":1,"type":"tree_oak_sml_b"}
{"pos":[-53.806881,-338.366608,283.77002],"rotationMatrix":[-0.169580281,0.98551625,0,-0.98551625,-0.169580281,0,0,0,0.999999881],"scale":1,"type":"tree_oak_sml_b"}
{"pos":[-79.111496,-314.107941,284.220062],"rotationMatrix":[-0.0596972443,-0.998216391,0,0.998216391,-0.0596972443,0,0,0,0.999999881],"scale":1,"type":"tree_oak_sml_b"}
{"pos":[-101.244202,-337.605316,285.839539],"rotationMatrix":[-0.164132625,0.986438155,0,-0.986438155,-0.164132625,0,0,0,0.999999881],"scale":1,"type":"tree_oak_sml_b"}
{"pos":[-72.5048141,-338.465302,286.2901],"rotationMatrix":[-0.433621228,-0.901095212,0,0.901095212,-0.433621228,0,0,0,0.999999881],"scale":1,"type":"tree_oak_sml_b"}
{"pos":[-149.860016,-317.549255,291.852325],"rotationMatrix":[0.823097169,-0.56790036,0,0.56790036,0.823097169,0,0,0,0.999999881],"scale":1,"type":"tree_oak_sml_b"}
{"pos":[-144.860153,-316.851379,291.412048],"rotationMatrix":[-0.985898733,0.167342767,0,-0.167342767,-0.985898733,0,0,0,0.999999881],"scale":1,"type":"tree_oak_sml_b"}
{"pos":[-197.088715,-334.541046,291.952332],"rotationMatrix":[0.995311677,-0.0967183933,0,0.0967183933,0.995311677,0,0,0,0.999999881],"scale":1,"type":"tree_oak_sml_b"}
{"pos":[64.09198,-340.321136,273.886292],"rotationMatrix":[0.53654635,0.843870878,0,-0.843870878,0.53654635,0,0,0,0.999999881],"scale":1,"type":"tree_oak_sml_b"}
{"pos":[62.7227631,-342.830261,273.845215],"rotationMatrix":[0.794739187,0.606951058,0,-0.606951058,0.794739187,0,0,0,0.999999881],"scale":1,"type":"tree_oak_sml_b"}
{"pos":[132.557602,-303.286896,274.0112],"rotationMatrix":[-0.453188568,0.891414523,0,-0.891414523,-0.453188568,0,0,0,0.999999881],"scale":1,"type":"tree_oak_sml_b"}
{"pos":[159.829468,-293.844177,273.94104],"rotationMatrix":[-0.797919929,-0.602763414,0,0.602763414,-0.797919929,0,0,0,0.999999881],"scale":1,"type":"tree_oak_sml_b"}
{"pos":[111.713753,-288.175354,275.335052],"rotationMatrix":[0.945421159,-0.325850695,0,0.325850695,0.945421159,0,0,0,0.999999881],"scale":1,"type":"tree_oak_sml_b"}
{"pos":[152.910522,-315.04953,273.986816],"rotationMatrix":[-0.594764471,-0.803899825,0,0.803899825,-0.594764471,0,0,0,0.999999881],"scale":1,"type":"tree_oak_sml_b"}
{"pos":[190.459656,-193.304413,274.039673],"rotationMatrix":[-0.0299931746,-0.999549985,0,0.999549985,-0.0299931746,0,0,0,0.999999881],"scale":1,"type":"tree_oak_sml_b"}
{"pos":[179.522293,-189.929245,273.770081],"rotationMatrix":[-0.177898049,-0.984048843,0,0.984048843,-0.177898049,0,0,0,0.999999881],"scale":1,"type":"tree_oak_sml_b"}
{"pos":[191.453278,-159.556854,274.193695],"rotationMatrix":[0.0843928233,0.996432543,0,-0.996432543,0.0843928233,0,0,0,0.999999881],"scale":1,"type":"tree_oak_sml_b"}
{"pos":[191.127533,-153.134827,274.13739],"rotationMatrix":[-0.839861274,-0.542800903,0,0.542800903,-0.839861274,0,0,0,0.999999881],"scale":1,"type":"tree_oak_sml_b"}
{"pos":[175.283325,-136.105911,275.058838],"rotationMatrix":[-0.872644961,0.488354951,0,-0.488354951,-0.872644961,0,0,0,0.999999881],"scale":1,"type":"tree_oak_sml_b"}
{"pos":[186.790863,-124.987572,274.167023],"rotationMatrix":[-0.798895538,0.601469457,0,-0.601469457,-0.798895538,0,0,0,0.999999881],"scale":1,"type":"tree_oak_sml_b"}
{"pos":[195.033356,-109.337425,273.850006],"rotationMatrix":[0.207017615,-0.978337169,0,0.978337169,0.207017615,0,0,0,0.999999881],"scale":1,"type":"tree_oak_sml_b"}
{"pos":[195.376007,-261.455261,273.986816],"rotationMatrix":[-0.968713403,-0.248181805,0,0.248181805,-0.968713403,0,0,0,0.999999881],"scale":1,"type":"tree_oak_sml_b"}
{"pos":[197.991791,-254.779968,273.986816],"rotationMatrix":[0.930121601,-0.367251396,0,0.367251396,0.930121601,0,0,0,0.999999881],"scale":1,"type":"tree_oak_sml_b"}
{"pos":[200.388397,-207.192017,273.977478],"rotationMatrix":[0.296844244,-0.954925835,0,0.954925835,0.296844244,0,0,0,0.999999881],"scale":1,"type":"tree_oak_sml_b"}
{"pos":[201.196838,-201.991867,273.971558],"rotationMatrix":[-0.65897125,-0.752168119,0,0.752168119,-0.65897125,0,0,0,0.999999881],"scale":1,"type":"tree_oak_sml_b"}
{"pos":[199.008453,-139.586594,273.925903],"rotationMatrix":[-0.65173924,-0.758443117,0,0.758443117,-0.65173924,0,0,0,0.999999881],"scale":1,"type":"tree_oak_sml_b"}
{"pos":[-523.574158,186.953476,261.993408],"rotationMatrix":[0.661226332,0.750186443,0,-0.750186443,0.661226332,0,0,0,0.999999881],"scale":1,"type":"tree_oak_sml_b"}
{"pos":[-597.992554,186.999191,262.786865],"rotationMatrix":[0.174861595,0.984592974,0,-0.984592974,0.174861595,0,0,0,0.999999881],"scale":1,"type":"tree_oak_sml_b"}
{"pos":[-611.344177,84.5228348,262.786865],"rotationMatrix":[0.215292707,-0.976549447,0,0.976549447,0.215292707,0,0,0,0.999999881],"scale":1,"type":"tree_oak_sml_b"}
{"pos":[-604.825012,214.468719,262.816528],"rotationMatrix":[-0.698501825,0.71560818,0,-0.71560818,-0.698501825,0,0,0,0.999999881],"scale":1,"type":"tree_oak_sml_b"}
{"pos":[-805.497986,153.078781,286.529388],"rotationMatrix":[-0.997941375,-0.064131707,0,0.064131707,-0.997941375,0,0,0,0.999999881],"scale":1,"type":"tree_oak_sml_b"}
{"pos":[-784.301208,224.911575,293.7229],"rotationMatrix":[-0.699648499,-0.714487195,0,0.714487195,-0.699648499,0,0,0,0.999999881],"scale":1,"type":"tree_oak_sml_b"}
{"pos":[-775.619385,220.607361,291.5961],"rotationMatrix":[0.999838531,-0.0179638229,0,0.0179638229,0.999838531,0,0,0,0.999999881],"scale":1,"type":"tree_oak_sml_b"}
{"pos":[-759.648865,257.252808,295.816315],"rotationMatrix":[-0.541486561,0.84070915,0,-0.84070915,-0.541486561,0,0,0,0.999999881],"scale":1,"type":"tree_oak_sml_b"}
{"pos":[-760.657471,253.367691,295.399231],"rotationMatrix":[-0.622356594,-0.782733679,0,0.782733679,-0.622356594,0,0,0,0.999999881],"scale":1,"type":"tree_oak_sml_b"}
{"pos":[-651.734619,207.348267,292.139465],"rotationMatrix":[0.61667788,0.78721559,0,-0.78721559,0.61667788,0,0,0,0.999999881],"scale":1,"type":"tree_oak_sml_b"}
{"pos":[-685.765076,188.767548,290.68161],"rotationMatrix":[0.42203477,-0.906579554,0,0.906579554,0.42203477,0,0,0,0.999999881],"scale":1,"type":"tree_oak_sml_b"}
{"pos":[-709.660828,187.54863,289.550781],"rotationMatrix":[0.961147845,0.276033938,0,-0.276033938,0.961147845,0,0,0,0.999999881],"scale":1,"type":"tree_oak_sml_b"}
{"pos":[-692.913147,190.244736,289.890686],"rotationMatrix":[-0.924537897,-0.381089896,0,0.381089896,-0.924537897,0,0,0,0.999999881],"scale":1,"type":"tree_oak_sml_b"}
{"pos":[-702.325073,170.655579,289.576355],"rotationMatrix":[0.974905789,0.222617522,0,-0.222617522,0.974905789,0,0,0,0.999999881],"scale":1,"type":"tree_oak_sml_b"}
{"pos":[-697.43512,172.732605,289.796326],"rotationMatrix":[0.836212099,0.548406124,0,-0.548406124,0.836212099,0,0,0,0.999999881],"scale":1,"type":"tree_oak_sml_b"}
{"pos":[-686.520325,149.475876,291.492737],"rotationMatrix":[0.463414073,-0.886141717,0,0.886141717,0.463414073,0,0,0,0.999999881],"scale":1,"type":"tree_oak_sml_b"}
{"pos":[-702.636902,148.244766,289.550781],"rotationMatrix":[-0.0212031826,0.999775112,0,-0.999775112,-0.0212031826,0,0,0,0.999999881],"scale":1,"type":"tree_oak_sml_b"}
{"pos":[-727.560608,151.138,289.611816],"rotationMatrix":[0.436421752,-0.899742126,0,0.899742126,0.436421752,0,0,0,0.999999881],"scale":1,"type":"tree_oak_sml_b"}
{"pos":[-720.404236,157.925003,289.611816],"rotationMatrix":[0.396624029,-0.917981029,0,0.917981029,0.396624029,0,0,0,0.999999881],"scale":1,"type":"tree_oak_sml_b"}
{"pos":[-716.506775,143.125061,289.611816],"rotationMatrix":[-0.3276923,-0.944784462,0,0.944784462,-0.3276923,0,0,0,0.999999881],"scale":1,"type":"tree_oak_sml_b"}
{"pos":[-708.915039,146.743271,289.611816],"rotationMatrix":[0.945539296,0.325508028,0,-0.325508028,0.945539296,0,0,0,0.999999881],"scale":1,"type":"tree_oak_sml_b"}
{"pos":[-924.586182,-125.088821,362.385864],"rotationMatrix":[0.980325162,-0.197388902,0,0.197388902,0.980325162,0,0,0,0.999999881],"scale":1,"type":"tree_oak_sml_b"}
{"pos":[-915.556213,-121.861343,361.43457],"rotationMatrix":[0.597916126,0.801558673,0,-0.801558673,0.597916126,0,0,0,0.999999881],"scale":1,"type":"tree_oak_sml_b"}
{"pos":[-931.216492,-124.089005,362.476868],"rotationMatrix":[-0.438714921,-0.898626149,0,0.898626149,-0.438714921,0,0,0,0.999999881],"scale":1,"type":"tree_oak_sml_b"}
{"pos":[-943.867554,-130.871582,363.227814],"rotationMatrix":[-0.417919099,-0.908484221,0,0.908484221,-0.417919099,0,0,0,0.999999881],"scale":1,"type":"tree_oak_sml_b"}
{"pos":[-950.355713,-164.330505,362.464417],"rotationMatrix":[0.391419053,0.920212567,0,-0.920212567,0.391419053,0,0,0,0.999999881],"scale":1,"type":"tree_oak_sml_b"}
{"pos":[-923.50824,-185.174728,362.162445],"rotationMatrix":[0.872424662,0.48874855,0,-0.48874855,0.872424662,0,0,0,0.999999881],"scale":1,"type":"tree_oak_sml_b"}
{"pos":[-881.579895,-175.164581,360.777374],"rotationMatrix":[-0.702371359,-0.711810529,0,0.711810529,-0.702371359,0,0,0,0.999999881],"scale":1,"type":"tree_oak_sml_b"}
{"pos":[-881.165894,-173.053909,360.944183],"rotationMatrix":[-0.802987874,-0.595995307,0,0.595995307,-0.802987874,0,0,0,0.999999881],"scale":1,"type":"tree_oak_sml_b"}
{"pos":[-896.144958,-147.269867,363.27536],"rotationMatrix":[-0.00778032187,-0.999969661,0,0.999969661,-0.00778032187,0,0,0,0.999999881],"scale":1,"type":"tree_oak_sml_b"}
{"pos":[-871.696472,-138.748657,360.761017],"rotationMatrix":[-0.528092206,0.849186838,0,-0.849186838,-0.528092206,0,0,0,0.999999881],"scale":1,"type":"tree_oak_sml_b"}
{"pos":[-900.660217,-120.418442,360.206177],"rotationMatrix":[0.367861032,0.929880798,0,-0.929880798,0.367861032,0,0,0,0.999999881],"scale":1,"type":"tree_oak_sml_b"}
{"pos":[-923.882751,-141.657028,365.064209],"rotationMatrix":[-0.32151404,0.946904719,0,-0.946904719,-0.32151404,0,0,0,0.999999881],"scale":1,"type":"tree_oak_sml_b"}
{"pos":[-860.585083,-135.039062,359.707947],"rotationMatrix":[-0.525689721,0.850676239,0,-0.850676239,-0.525689721,0,0,0,0.999999881],"scale":1,"type":"tree_oak_sml_b"}
{"pos":[117.192513,385.590698,256.008789],"rotationMatrix":[0.0195802394,0.999808252,0,-0.999808252,0.0195802394,0,0,0,0.999999881],"scale":1,"type":"tree_oak_sml_b"}
{"pos":[163.113586,341.335754,249.852646],"rotationMatrix":[-0.999981999,0.00598674174,0,-0.00598674174,-0.999981999,0,0,0,0.999999881],"scale":1,"type":"tree_oak_sml_b"}
{"pos":[152.943085,360.199188,251.560364],"rotationMatrix":[0.997861922,0.0653557107,0,-0.0653557107,0.997861922,0,0,0,0.999999881],"scale":1,"type":"tree_oak_sml_b"}
{"pos":[94.981041,340.247498,253.830261],"rotationMatrix":[-0.705630124,0.708580256,0,-0.708580256,-0.705630124,0,0,0,0.999999881],"scale":1,"type":"tree_oak_sml_b"}
{"pos":[131.11734,299.703735,246.454391],"rotationMatrix":[-0.0582877658,0.998299718,0,-0.998299718,-0.0582877658,0,0,0,0.999999881],"scale":1,"type":"tree_oak_sml_b"}
{"pos":[-73.3588791,304.215698,261.947632],"rotationMatrix":[-0.903264463,-0.429084241,0,0.429084241,-0.903264463,0,0,0,0.999999881],"scale":1,"type":"tree_oak_sml_b"}
{"pos":[8.3615427,433.73111,263.207855],"rotationMatrix":[0.731943488,0.681365311,0,-0.681365311,0.731943488,0,0,0,0.999999881],"scale":1,"type":"tree_oak_sml_b"}
{"pos":[-85.5111008,315.003632,265.365601],"rotationMatrix":[0.687322497,0.726352334,0,-0.726352334,0.687322497,0,0,0,0.999999881],"scale":1,"type":"tree_oak_sml_b"}
{"pos":[-168.542709,408.385376,267.318726],"rotationMatrix":[0.466124207,-0.884719133,0,0.884719133,0.466124207,0,0,0,0.999999881],"scale":1,"type":"tree_oak_sml_b"}
{"pos":[-170.782074,398.314301,267.318726],"rotationMatrix":[0.572067738,-0.820206225,0,0.820206225,0.572067738,0,0,0,0.999999881],"scale":1,"type":"tree_oak_sml_b"}
{"pos":[-172.765244,394.360748,267.318726],"rotationMatrix":[0.654207766,-0.756314754,0,0.756314754,0.654207766,0,0,0,0.999999881],"scale":1,"type":"tree_oak_sml_b"}
{"pos":[-69.835968,347.164276,265.169739],"rotationMatrix":[0.604048669,-0.79694736,0,0.79694736,0.604048669,0,0,0,0.999999881],"scale":1,"type":"tree_oak_sml_b"}
{"pos":[-201.807236,326.040924,269.995575],"rotationMatrix":[0.969659567,0.244459152,0,-0.244459152,0.969659567,0,0,0,0.999999881],"scale":1,"type":"tree_oak_sml_b"}
{"pos":[-216.230103,283.412903,274.02121],"rotationMatrix":[-0.858280838,-0.513180137,0,0.513180137,-0.858280838,0,0,0,0.999999881],"scale":1,"type":"tree_oak_sml_b"}
{"pos":[341.528198,-10.7505522,273.560822],"rotationMatrix":[0.579609573,0.814894259,0,-0.814894259,0.579609573,0,0,0,0.999999881],"scale":1,"type":"tree_oak_sml_b"}
