{"pos":[371.603699,67.5709,258.358551],"rotationMatrix":[0.845900953,-0.533339739,0,0.533339739,0.845900953,0,0,0,0.999999881],"scale":0.910019994,"type":"tree_aspen_overhang_a"}
{"pos":[368.952881,55.1846504,257.194183],"rotationMatrix":[-0.780853331,0.624714077,0,-0.624714077,-0.780853331,0,0,0,0.999999881],"scale":1.18438101,"type":"tree_aspen_overhang_a"}
{"pos":[231.354736,168.243652,252.981705],"rotationMatrix":[0.849184692,0.528095841,0,-0.528095841,0.849184692,0,0,0,0.999999881],"scale":0.910777211,"type":"tree_aspen_overhang_a"}
{"pos":[209.924744,197.227646,254.236511],"rotationMatrix":[-0.966383636,-0.257104397,0,0.257104397,-0.966383636,0,0,0,0.999999881],"scale":0.984420657,"type":"tree_aspen_overhang_a"}
{"pos":[182.76239,56.5209579,253.77153],"rotationMatrix":[-0.449359745,0.89335078,0,-0.89335078,-0.449359745,0,0,0,0.999999881],"scale":1.09516835,"type":"tree_aspen_overhang_a"}
{"pos":[220.774185,97.9457855,253.240143],"rotationMatrix":[-0.909795642,0.415056199,0,-0.415056199,-0.909795642,0,0,0,0.999999881],"scale":1.0754745,"type":"tree_aspen_overhang_a"}
{"pos":[430.8974,27.2897949,257.105896],"rotationMatrix":[-0.907061219,-0.420998514,0,0.420998514,-0.907061219,0,0,0,0.999999881],"scale":1.21231854,"type":"tree_aspen_overhang_a"}
{"pos":[279.56366,237.450821,249.679993],"rotationMatrix":[-0.215979174,0.976397812,0,-0.976397812,-0.215979174,0,0,0,0.999999881],"scale":0.945471108,"type":"tree_aspen_overhang_a"}
{"pos":[319.700104,225.461517,263.144836],"rotationMatrix":[0.745378971,-0.666640699,0,0.666640699,0.745378971,0,0,0,0.999999881],"scale":1.11416698,"type":"tree_aspen_overhang_a"}
{"pos":[331.610016,230.418823,262.84671],"rotationMatrix":[0.849096835,0.528237164,0,-0.528237164,0.849096835,0,0,0,0.999999881],"scale":1.2947613,"type":"tree_aspen_overhang_a"}
{"pos":[350.392456,248.525696,261.422394],"rotationMatrix":[0.997816384,0.0660475343,0,-0.0660475343,0.997816384,0,0,0,0.999999881],"scale":0.943262875,"type":"tree_aspen_overhang_a"}
{"pos":[130.841461,-188.738831,262.615936],"rotationMatrix":[-0.936122298,0.351674557,0,-0.351674557,-0.936122298,0,0,0,0.999999881],"scale":0.993312597,"type":"tree_aspen_overhang_a"}
{"pos":[329.998718,116.233719,250.018692],"rotationMatrix":[0.82155019,0.57013613,0,-0.57013613,0.82155019,0,0,0,0.999999881],"scale":1.29147983,"type":"tree_aspen_overhang_a"}
{"pos":[-54.0472679,447.948242,260.121765],"rotationMatrix":[0.951479018,-0.307713479,0,0.307713479,0.951479018,0,0,0,0.999999881],"scale":1.14190555,"type":"tree_aspen_overhang_a"}
{"pos":[-106.693855,-64.5465927,254.997101],"rotationMatrix":[0.459735632,-0.888055682,0,0.888055682,0.459735632,0,0,0,0.999999881],"scale":1.2565608,"type":"tree_aspen_overhang_a"}
{"pos":[-122.45771,-44.5249939,255.8246],"rotationMatrix":[0.383128583,-0.923694909,0,0.923694909,0.383128583,0,0,0,0.999999881],"scale":0.921995282,"type":"tree_aspen_overhang_a"}
{"pos":[-167.238861,-72.9360428,254.937897],"rotationMatrix":[0.811536193,-0.584302008,0,0.584302008,0.811536193,0,0,0,0.999999881],"scale":1.19865847,"type":"tree_aspen_overhang_a"}
{"pos":[-110.5793,-65.0683441,255.235214],"rotationMatrix":[0.624664485,0.780893266,0,-0.780893266,0.624664485,0,0,0,0.999999881],"scale":1.1575036,"type":"tree_aspen_overhang_a"}
{"pos":[-152.25647,-42.9431343,255.86261],"rotationMatrix":[-0.963378489,0.268145025,0,-0.268145025,-0.963378489,0,0,0,0.999999881],"scale":1.05046415,"type":"tree_aspen_overhang_a"}
{"pos":[-219.675201,9.73502541,249.364746],"rotationMatrix":[0.481689632,-0.87634182,0,0.87634182,0.481689632,0,0,0,0.999999881],"scale":1.01850522,"type":"tree_aspen_overhang_a"}
{"pos":[-210.906006,-2.59885192,248.923111],"rotationMatrix":[-0.564215481,-0.825627387,0,0.825627387,-0.564215481,0,0,0,0.999999881],"scale":1.24684727,"type":"tree_aspen_overhang_a"}
{"pos":[-190.577972,11.1891098,249.708679],"rotationMatrix":[-0.994634867,-0.103447191,0,0.103447191,-0.994634867,0,0,0,0.999999881],"scale":1.14071369,"type":"tree_aspen_overhang_a"}
{"pos":[-196.661285,8.89756393,249.305527],"rotationMatrix":[0.938736856,-0.344634473,0,0.344634473,0.938736856,0,0,0,0.999999881],"scale":1.08617306,"type":"tree_aspen_overhang_a"}
{"pos":[-124.367043,0.452454567,249.529343],"rotationMatrix":[0.262224466,-0.965006769,0,0.965006769,0.262224466,0,0,0,0.999999881],"scale":1.14440787,"type":"tree_aspen_overhang_a"}
{"pos":[-296.659119,-5.6180644,255.304398],"rotationMatrix":[-0.98040396,0.196997285,0,-0.196997285,-0.98040396,0,0,0,0.999999881],"scale":1.06380522,"type":"tree_aspen_overhang_a"}
{"pos":[-299.519897,-4.69414425,255.963715],"rotationMatrix":[-0.457735449,0.889088273,0,-0.889088273,-0.457735449,0,0,0,0.999999881],"scale":0.967598319,"type":"tree_aspen_overhang_a"}
{"pos":[-326.925171,-14.7622871,258.887329],"rotationMatrix":[-0.888762653,-0.458367735,0,0.458367735,-0.888762653,0,0,0,0.999999881],"scale":1.2856437,"type":"tree_aspen_overhang_a"}
{"pos":[-358.670013,1.37364292,259.899414],"rotationMatrix":[-0.00167831487,-0.999998569,0,0.999998569,-0.00167831487,0,0,0,0.999999881],"scale":1.10036123,"type":"tree_aspen_overhang_a"}
{"pos":[-361.629456,7.01834679,260.254608],"rotationMatrix":[-0.530453682,0.847713709,0,-0.847713709,-0.530453682,0,0,0,0.999999881],"scale":0.912594855,"type":"tree_aspen_overhang_a"}
{"pos":[-360.80484,4.52544594,259.896973],"rotationMatrix":[0.713010848,-0.701152921,0,0.701152921,0.713010848,0,0,0,0.999999881],"scale":0.977244496,"type":"tree_aspen_overhang_a"}
{"pos":[-407.794922,12.5435143,261.460297],"rotationMatrix":[0.642152488,0.766576886,0,-0.766576886,0.642152488,0,0,0,0.999999881],"scale":1.14496088,"type":"tree_aspen_overhang_a"}
{"pos":[-442.444397,5.82508469,262.997894],"rotationMatrix":[-0.875695705,0.482863098,0,-0.482863098,-0.875695705,0,0,0,0.999999881],"scale":1.2517134,"type":"tree_aspen_overhang_a"}
{"pos":[-472.122314,-2.53423929,261.029633],"rotationMatrix":[-0.999093771,0.0425601974,0,-0.0425601974,-0.999093771,0,0,0,0.999999881],"scale":0.92768544,"type":"tree_aspen_overhang_a"}
{"pos":[-576.13147,16.9627037,262.255035],"rotationMatrix":[0.0933301598,-0.995635092,0,0.995635092,0.0933301598,0,0,0,0.999999881],"scale":0.930191457,"type":"tree_aspen_overhang_a"}
{"pos":[-595.521362,42.4540863,262.05072],"rotationMatrix":[-0.0849222466,0.996387422,0,-0.996387422,-0.0849222466,0,0,0,0.999999881],"scale":0.90482682,"type":"tree_aspen_overhang_a"}
{"pos":[-599.128601,48.1112976,262.383392],"rotationMatrix":[0.433351249,0.90122509,0,-0.90122509,0.433351249,0,0,0,0.999999881],"scale":1.00408518,"type":"tree_aspen_overhang_a"}
{"pos":[-395.895752,44.4935837,260.54657],"rotationMatrix":[0.994380057,-0.105868518,0,0.105868518,0.994380057,0,0,0,0.999999881],"scale":0.924718678,"type":"tree_aspen_overhang_a"}
{"pos":[-430.205536,-195.867874,267.949432],"rotationMatrix":[-0.885012329,0.465567619,0,-0.465567619,-0.885012329,0,0,0,0.999999881],"scale":1.07875848,"type":"tree_aspen_overhang_a"}
{"pos":[-426.44931,-194.119064,268.026917],"rotationMatrix":[0.974861085,0.222813234,0,-0.222813234,0.974861085,0,0,0,0.999999881],"scale":1.29652023,"type":"tree_aspen_overhang_a"}
{"pos":[-220.275955,-131.901581,293.379364],"rotationMatrix":[-0.186942324,-0.982370794,0,0.982370794,-0.186942324,0,0,0,0.999999881],"scale":0.922572672,"type":"tree_aspen_overhang_a"}
{"pos":[-279.64856,-127.224846,284.626221],"rotationMatrix":[0.0182429515,0.999833524,0,-0.999833524,0.0182429515,0,0,0,0.999999881],"scale":1.17663753,"type":"tree_aspen_overhang_a"}
{"pos":[-279.999969,-148.607559,289.002502],"rotationMatrix":[-0.064341709,0.997927845,0,-0.997927845,-0.064341709,0,0,0,0.999999881],"scale":1.01079071,"type":"tree_aspen_overhang_a"}
{"pos":[-298.753723,-199.791138,282.896881],"rotationMatrix":[-0.29881838,-0.954309881,0,0.954309881,-0.29881838,0,0,0,0.999999881],"scale":1.05595243,"type":"tree_aspen_overhang_a"}
{"pos":[-280.439026,-189.775375,282.951813],"rotationMatrix":[-0.549269855,-0.835644901,0,0.835644901,-0.549269855,0,0,0,0.999999881],"scale":1.04586291,"type":"tree_aspen_overhang_a"}
{"pos":[-246.862625,-176.054367,282.122711],"rotationMatrix":[0.541295469,-0.840832353,0,0.840832353,0.541295469,0,0,0,0.999999881],"scale":1.23402226,"type":"tree_aspen_overhang_a"}
{"pos":[-123.442528,-158.000351,273.732391],"rotationMatrix":[0.665795743,-0.746133924,0,0.746133924,0.665795743,0,0,0,0.999999881],"scale":0.919448018,"type":"tree_aspen_overhang_a"}
{"pos":[-131.454285,-159.566879,273.13504],"rotationMatrix":[0.643764913,0.765223324,0,-0.765223324,0.643764913,0,0,0,0.999999881],"scale":0.938717723,"type":"tree_aspen_overhang_a"}
{"pos":[-117.090843,-178.552307,273.601166],"rotationMatrix":[0.516496003,0.856289625,0,-0.856289625,0.516496003,0,0,0,0.999999881],"scale":1.04758298,"type":"tree_aspen_overhang_a"}
{"pos":[-106.731346,-170.423431,273.07074],"rotationMatrix":[-0.462782383,0.886471808,0,-0.886471808,-0.462782383,0,0,0,0.999999881],"scale":1.06361127,"type":"tree_aspen_overhang_a"}
{"pos":[-104.235443,-172.645187,272.811066],"rotationMatrix":[0.996741593,0.0806597099,0,-0.0806597099,0.996741593,0,0,0,0.999999881],"scale":0.921890676,"type":"tree_aspen_overhang_a"}
{"pos":[-97.4511948,-172.776337,271.767578],"rotationMatrix":[-0.22328642,0.974752784,0,-0.974752784,-0.22328642,0,0,0,0.999999881],"scale":1.11273575,"type":"tree_aspen_overhang_a"}
{"pos":[-401.121674,-179.372559,269.762329],"rotationMatrix":[-0.622102737,0.782935381,0,-0.782935381,-0.622102737,0,0,0,0.999999881],"scale":1.02214408,"type":"tree_aspen_overhang_a"}
{"pos":[-382.91272,-163.093857,267.745636],"rotationMatrix":[0.713664353,0.700487792,0,-0.700487792,0.713664353,0,0,0,0.999999881],"scale":1.08907902,"type":"tree_aspen_overhang_a"}
{"pos":[-392.757172,-191.632111,275.776062],"rotationMatrix":[0.989334047,0.145664155,0,-0.145664155,0.989334047,0,0,0,0.999999881],"scale":1.14344347,"type":"tree_aspen_overhang_a"}
{"pos":[-398.099213,-198.628494,276.266632],"rotationMatrix":[0.647117138,-0.762390435,0,0.762390435,0.647117138,0,0,0,0.999999881],"scale":1.02636266,"type":"tree_aspen_overhang_a"}
{"pos":[-407.894379,-198.024185,273.142761],"rotationMatrix":[-0.30849877,-0.951224625,0,0.951224625,-0.30849877,0,0,0,0.999999881],"scale":0.926554501,"type":"tree_aspen_overhang_a"}
{"pos":[-367.965454,-160.204361,268.184174],"rotationMatrix":[-0.984186113,-0.177137196,0,0.177137196,-0.984186113,0,0,0,0.999999881],"scale":1.02496564,"type":"tree_aspen_overhang_a"}
{"pos":[-326.459198,-124.575012,261.799835],"rotationMatrix":[0.975896358,-0.218234077,0,0.218234077,0.975896358,0,0,0,0.999999881],"scale":1.17376065,"type":"tree_aspen_overhang_a"}
{"pos":[-327.724609,-119.520813,261.061798],"rotationMatrix":[0.974612415,-0.223898351,0,0.223898351,0.974612415,0,0,0,0.999999881],"scale":1.26950288,"type":"tree_aspen_overhang_a"}
{"pos":[-328.952362,-132.087509,263.647186],"rotationMatrix":[-0.999461651,-0.0328061432,0,0.0328061432,-0.999461651,0,0,0,0.999999881],"scale":1.04957664,"type":"tree_aspen_overhang_a"}
{"pos":[-325.351044,-127.126381,262.422882],"rotationMatrix":[0.522096276,-0.852886498,0,0.852886498,0.522096276,0,0,0,0.999999881],"scale":1.24627531,"type":"tree_aspen_overhang_a"}
{"pos":[-302.443878,-108.989693,259.156219],"rotationMatrix":[-0.836750984,0.547583282,0,-0.547583282,-0.836750984,0,0,0,0.999999881],"scale":1.12473702,"type":"tree_aspen_overhang_a"}
{"pos":[-291.023224,-106.779556,259.694611],"rotationMatrix":[-0.994219601,-0.107364871,0,0.107364871,-0.994219601,0,0,0,0.999999881],"scale":0.951312602,"type":"tree_aspen_overhang_a"}
{"pos":[-292.670959,-104.184525,258.851868],"rotationMatrix":[-0.321681559,0.946847796,0,-0.946847796,-0.321681559,0,0,0,0.999999881],"scale":1.07493448,"type":"tree_aspen_overhang_a"}
{"pos":[-282.096741,-91.3335419,256.911499],"rotationMatrix":[0.604863107,0.796329439,0,-0.796329439,0.604863107,0,0,0,0.999999881],"scale":0.955630481,"type":"tree_aspen_overhang_a"}
{"pos":[-268.728699,-99.4049759,257.493683],"rotationMatrix":[0.973667681,0.227971777,0,-0.227971777,0.973667681,0,0,0,0.999999881],"scale":0.926819921,"type":"tree_aspen_overhang_a"}
{"pos":[-330.012085,-181.953644,282.58606],"rotationMatrix":[-0.965622127,0.259949386,0,-0.259949386,-0.965622127,0,0,0,0.999999881],"scale":1.23017097,"type":"tree_aspen_overhang_a"}
{"pos":[-69.4200974,-287.936584,263.451447],"rotationMatrix":[0.748394966,0.663253307,0,-0.663253307,0.748394966,0,0,0,0.999999881],"scale":1.18946981,"type":"tree_aspen_overhang_a"}
{"pos":[-100.963272,-282.845245,263.470581],"rotationMatrix":[0.999406934,0.034432102,0,-0.034432102,0.999406934,0,0,0,0.999999881],"scale":1.09282327,"type":"tree_aspen_overhang_a"}
{"pos":[-135.952698,-283.940002,263.271301],"rotationMatrix":[0.226989567,-0.973897159,0,0.973897159,0.226989567,0,0,0,0.999999881],"scale":1.18860841,"type":"tree_aspen_overhang_a"}
{"pos":[-132.109573,-289.529083,263.732147],"rotationMatrix":[-0.965462863,0.260540336,0,-0.260540336,-0.965462863,0,0,0,0.999999881],"scale":0.957696676,"type":"tree_aspen_overhang_a"}
{"pos":[-185.249832,-294.454407,264.462067],"rotationMatrix":[-0.479801506,0.877376914,0,-0.877376914,-0.479801506,0,0,0,0.999999881],"scale":0.939609468,"type":"tree_aspen_overhang_a"}
{"pos":[-177.743408,-294.058594,263.365021],"rotationMatrix":[0.891344607,0.453326285,0,-0.453326285,0.891344607,0,0,0,0.999999881],"scale":1.06164587,"type":"tree_aspen_overhang_a"}
{"pos":[-184.509735,-296.816193,264.052368],"rotationMatrix":[-0.92656225,0.37614134,0,-0.37614134,-0.92656225,0,0,0,0.999999881],"scale":1.1486702,"type":"tree_aspen_overhang_a"}
{"pos":[-215.849869,-298.101776,264.294098],"rotationMatrix":[-0.621484697,-0.783426166,0,0.783426166,-0.621484697,0,0,0,0.999999881],"scale":1.08246684,"type":"tree_aspen_overhang_a"}
{"pos":[-224.465088,-297.481171,264.142059],"rotationMatrix":[0.408020973,-0.912972391,0,0.912972391,0.408020973,0,0,0,0.999999881],"scale":1.11269236,"type":"tree_aspen_overhang_a"}
{"pos":[-244.720917,-289.42981,265.134064],"rotationMatrix":[-0.748338461,0.663317025,0,-0.663317025,-0.748338461,0,0,0,0.999999881],"scale":1.1266005,"type":"tree_aspen_overhang_a"}
{"pos":[-233.448334,-273.978821,263.856262],"rotationMatrix":[-0.914960086,0.403544039,0,-0.403544039,-0.914960086,0,0,0,0.999999881],"scale":0.9110412,"type":"tree_aspen_overhang_a"}
{"pos":[-206.63295,-282.174469,264.665405],"rotationMatrix":[-0.766027629,-0.642807484,0,0.642807484,-0.766027629,0,0,0,0.999999881],"scale":1.26043546,"type":"tree_aspen_overhang_a"}
{"pos":[-196.652344,-278.096802,265.262817],"rotationMatrix":[-0.972610176,-0.232441872,0,0.232441872,-0.972610176,0,0,0,0.999999881],"scale":1.06550312,"type":"tree_aspen_overhang_a"}
{"pos":[-171.149673,-269.031006,263.358521],"rotationMatrix":[-0.689833343,0.723968148,0,-0.723968148,-0.689833343,0,0,0,0.999999881],"scale":1.2794534,"type":"tree_aspen_overhang_a"}
{"pos":[-174.698471,-273.867218,264.110138],"rotationMatrix":[-0.701377153,-0.712790191,0,0.712790191,-0.701377153,0,0,0,0.999999881],"scale":1.06487167,"type":"tree_aspen_overhang_a"}
{"pos":[-168.166367,-268.682922,263.775299],"rotationMatrix":[-0.997401655,-0.0720399916,0,0.0720399916,-0.997401655,0,0,0,0.999999881],"scale":1.11996388,"type":"tree_aspen_overhang_a"}
{"pos":[-115.590546,-276.295197,263.75174],"rotationMatrix":[-0.14042145,0.990091741,0,-0.990091741,-0.14042145,0,0,0,0.999999881],"scale":0.904987216,"type":"tree_aspen_overhang_a"}
{"pos":[-126.04113,-279.240265,264.042969],"rotationMatrix":[0.997070253,-0.0764895752,0,0.0764895752,0.997070253,0,0,0,0.999999881],"scale":1.14002204,"type":"tree_aspen_overhang_a"}
{"pos":[-104.575455,-276.879303,264.008789],"rotationMatrix":[0.225344867,0.974278986,0,-0.974278986,0.225344867,0,0,0,0.999999881],"scale":0.949997187,"type":"tree_aspen_overhang_a"}
{"pos":[-89.4090805,-273.698853,265.236664],"rotationMatrix":[-0.952680707,-0.303972721,0,0.303972721,-0.952680707,0,0,0,0.999999881],"scale":0.981494606,"type":"tree_aspen_overhang_a"}
{"pos":[-76.6047668,-272.921326,264.812836],"rotationMatrix":[-0.674584329,0.738197684,0,-0.738197684,-0.674584329,0,0,0,0.999999881],"scale":1.27489746,"type":"tree_aspen_overhang_a"}
{"pos":[-84.224472,-285.369934,264.598969],"rotationMatrix":[-0.920626938,0.390443325,0,-0.390443325,-0.920626938,0,0,0,0.999999881],"scale":1.16806257,"type":"tree_aspen_overhang_a"}
{"pos":[-104.833672,-287.056061,263.47467],"rotationMatrix":[0.952320814,-0.305098146,0,0.305098146,0.952320814,0,0,0,0.999999881],"scale":1.01820219,"type":"tree_aspen_overhang_a"}
{"pos":[-163.196793,-300.301453,263.459625],"rotationMatrix":[0.87165314,-0.490123183,0,0.490123183,0.87165314,0,0,0,0.999999881],"scale":0.966518998,"type":"tree_aspen_overhang_a"}
{"pos":[-177.702179,-299.545258,263.413757],"rotationMatrix":[0.728800118,0.684726477,0,-0.684726477,0.728800118,0,0,0,0.999999881],"scale":1.03717399,"type":"tree_aspen_overhang_a"}
{"pos":[-182.842514,-309.928986,264.036804],"rotationMatrix":[0.197326913,-0.980337679,0,0.980337679,0.197326913,0,0,0,0.999999881],"scale":1.07565093,"type":"tree_aspen_overhang_a"}
{"pos":[-187.063477,-310.566345,263.329712],"rotationMatrix":[0.37644735,-0.926437914,0,0.926437914,0.37644735,0,0,0,0.999999881],"scale":0.974915624,"type":"tree_aspen_overhang_a"}
{"pos":[-205.759079,-310.537048,263.643829],"rotationMatrix":[-0.993740857,0.111708961,0,-0.111708961,-0.993740857,0,0,0,0.999999881],"scale":1.27535009,"type":"tree_aspen_overhang_a"}
{"pos":[-223.433533,-311.342346,262.866089],"rotationMatrix":[-0.760242164,0.649639666,0,-0.649639666,-0.760242164,0,0,0,0.999999881],"scale":1.13223636,"type":"tree_aspen_overhang_a"}
{"pos":[-270.748566,-272.872314,263.500458],"rotationMatrix":[-0.94728303,-0.320397764,0,0.320397764,-0.94728303,0,0,0,0.999999881],"scale":0.993496597,"type":"tree_aspen_overhang_a"}
{"pos":[-263.459839,-269.772858,263.444641],"rotationMatrix":[-0.363193303,-0.93171376,0,0.93171376,-0.363193303,0,0,0,0.999999881],"scale":1.1402446,"type":"tree_aspen_overhang_a"}
{"pos":[-247.931213,-273.912872,264.287872],"rotationMatrix":[0.74046582,0.672093987,0,-0.672093987,0.74046582,0,0,0,0.999999881],"scale":0.959926546,"type":"tree_aspen_overhang_a"}
{"pos":[-208.797562,-266.731537,263.368744],"rotationMatrix":[-0.85099715,0.525170207,0,-0.525170207,-0.85099715,0,0,0,0.999999881],"scale":1.14519656,"type":"tree_aspen_overhang_a"}
{"pos":[-181.189194,-268.561554,264.216644],"rotationMatrix":[-0.888644159,0.458597153,0,-0.458597153,-0.888644159,0,0,0,0.999999881],"scale":1.0626092,"type":"tree_aspen_overhang_a"}
{"pos":[-367.650208,-291.475983,284.148407],"rotationMatrix":[-0.660629869,-0.75071162,0,0.75071162,-0.660629869,0,0,0,0.999999881],"scale":1.23949575,"type":"tree_aspen_overhang_a"}
{"pos":[-363.502045,-293.027954,285.172485],"rotationMatrix":[0.830088675,0.557631373,0,-0.557631373,0.830088675,0,0,0,0.999999881],"scale":0.953668475,"type":"tree_aspen_overhang_a"}
{"pos":[-444.80307,-321.156952,282.523956],"rotationMatrix":[0.851539731,-0.524289846,0,0.524289846,0.851539731,0,0,0,0.999999881],"scale":0.9122293,"type":"tree_aspen_overhang_a"}
{"pos":[-321.11734,-301.202759,283.971375],"rotationMatrix":[-0.579932928,0.814664006,0,-0.814664006,-0.579932928,0,0,0,0.999999881],"scale":1.29695702,"type":"tree_aspen_overhang_a"}
{"pos":[-537.505188,-341.899353,283.563446],"rotationMatrix":[0.905341446,0.424684346,0,-0.424684346,0.905341446,0,0,0,0.999999881],"scale":1.1399703,"type":"tree_aspen_overhang_a"}
{"pos":[-601.203186,-334.376465,283.581329],"rotationMatrix":[-0.716202259,0.697892666,0,-0.697892666,-0.716202259,0,0,0,0.999999881],"scale":0.910085261,"type":"tree_aspen_overhang_a"}
{"pos":[-682.345642,-193.689758,270.822388],"rotationMatrix":[0.839230359,-0.543775976,0,0.543775976,0.839230359,0,0,0,0.999999881],"scale":1.15709984,"type":"tree_aspen_overhang_a"}
{"pos":[-684.133179,-191.376328,271.193695],"rotationMatrix":[0.73558706,0.677430153,0,-0.677430153,0.73558706,0,0,0,0.999999881],"scale":1.25176919,"type":"tree_aspen_overhang_a"}
{"pos":[-674.214233,-151.013351,267.939667],"rotationMatrix":[-0.729908407,-0.683544815,0,0.683544815,-0.729908407,0,0,0,0.999999881],"scale":1.28711033,"type":"tree_aspen_overhang_a"}
{"pos":[-616.849854,-106.155472,268.10083],"rotationMatrix":[0.819649577,-0.572865009,0,0.572865009,0.819649577,0,0,0,0.999999881],"scale":0.995299935,"type":"tree_aspen_overhang_a"}
{"pos":[-607.331604,-101.434799,267.726746],"rotationMatrix":[0.0877966732,0.996138275,0,-0.996138275,0.0877966732,0,0,0,0.999999881],"scale":0.982735932,"type":"tree_aspen_overhang_a"}
{"pos":[-595.291992,-102.601341,265.961304],"rotationMatrix":[0.537476361,0.843278825,0,-0.843278825,0.537476361,0,0,0,0.999999881],"scale":1.17124748,"type":"tree_aspen_overhang_a"}
{"pos":[-664.584595,-208.260925,272.23822],"rotationMatrix":[0.946278155,-0.32335335,0,0.32335335,0.946278155,0,0,0,0.999999881],"scale":1.1709888,"type":"tree_aspen_overhang_a"}
{"pos":[-693.364685,-140.530045,272.171265],"rotationMatrix":[-0.261389822,-0.965233266,0,0.965233266,-0.261389822,0,0,0,0.999999881],"scale":0.990462661,"type":"tree_aspen_overhang_a"}
{"pos":[-659.919556,-115.17778,268.745819],"rotationMatrix":[0.691536844,-0.722341061,0,0.722341061,0.691536844,0,0,0,0.999999881],"scale":1.13245201,"type":"tree_aspen_overhang_a"}
{"pos":[-644.536133,-111.08165,267.571259],"rotationMatrix":[0.769759059,-0.638334394,0,0.638334394,0.769759059,0,0,0,0.999999881],"scale":0.923584819,"type":"tree_aspen_overhang_a"}
{"pos":[-641.537048,-114.955795,268.020508],"rotationMatrix":[-0.784343004,0.620327055,0,-0.620327055,-0.784343004,0,0,0,0.999999881],"scale":0.9309479,"type":"tree_aspen_overhang_a"}
{"pos":[-627.558777,-112.754478,267.321075],"rotationMatrix":[-0.82095176,-0.570997596,0,0.570997596,-0.82095176,0,0,0,0.999999881],"scale":1.08825254,"type":"tree_aspen_overhang_a"}
{"pos":[-619.174988,-104.130669,268.305817],"rotationMatrix":[-0.282414854,-0.959292352,0,0.959292352,-0.282414854,0,0,0,0.999999881],"scale":0.993941128,"type":"tree_aspen_overhang_a"}
{"pos":[-689.088013,-109.592903,272.113739],"rotationMatrix":[-0.206153974,-0.978519499,0,0.978519499,-0.206153974,0,0,0,0.999999881],"scale":1.21368539,"type":"tree_aspen_overhang_a"}
{"pos":[-707.17627,-153.868713,272.441132],"rotationMatrix":[0.975181282,-0.221407458,0,0.221407458,0.975181282,0,0,0,0.999999881],"scale":1.23251462,"type":"tree_aspen_overhang_a"}
{"pos":[-673.004333,-147.903992,268.315338],"rotationMatrix":[0.959251404,0.282553881,0,-0.282553881,0.959251404,0,0,0,0.999999881],"scale":1.22017944,"type":"tree_aspen_overhang_a"}
{"pos":[-104.343056,-216.706253,273.2883],"rotationMatrix":[0.849113464,0.528210402,0,-0.528210402,0.849113464,0,0,0,0.999999881],"scale":1.03499424,"type":"tree_aspen_overhang_a"}
{"pos":[-124.469734,-210.627457,273.004181],"rotationMatrix":[-0.126336902,0.991987288,0,-0.991987288,-0.126336902,0,0,0,0.999999881],"scale":1.14985836,"type":"tree_aspen_overhang_a"}
{"pos":[-120.185127,-215.498001,273.525269],"rotationMatrix":[0.748857677,-0.662730694,0,0.662730694,0.748857677,0,0,0,0.999999881],"scale":0.945562124,"type":"tree_aspen_overhang_a"}
{"pos":[-127.225861,-212.369415,272.68515],"rotationMatrix":[0.697245657,-0.716832221,0,0.716832221,0.697245657,0,0,0,0.999999881],"scale":1.17502499,"type":"tree_aspen_overhang_a"}
{"pos":[-335.411011,-53.4720535,257.264099],"rotationMatrix":[-0.262050688,0.965053976,0,-0.965053976,-0.262050688,0,0,0,0.999999881],"scale":1.21095562,"type":"tree_aspen_overhang_a"}
{"pos":[-353.345459,-58.9261169,258.641144],"rotationMatrix":[0.642364144,-0.766399443,0,0.766399443,0.642364144,0,0,0,0.999999881],"scale":1.01547003,"type":"tree_aspen_overhang_a"}
{"pos":[-311.059998,-333.947876,302.478058],"rotationMatrix":[-0.245814607,-0.969316781,0,0.969316781,-0.245814607,0,0,0,0.999999881],"scale":1.15871406,"type":"tree_aspen_overhang_a"}
{"pos":[-278.170349,-315.903198,302.992584],"rotationMatrix":[0.855741143,-0.517403901,0,0.517403901,0.855741143,0,0,0,0.999999881],"scale":1.18295038,"type":"tree_aspen_overhang_a"}
{"pos":[-311.223633,-328.957336,303.081909],"rotationMatrix":[-0.701420009,-0.71274817,0,0.71274817,-0.701420009,0,0,0,0.999999881],"scale":0.917661846,"type":"tree_aspen_overhang_a"}
{"pos":[-173.769119,-338.23111,291.787292],"rotationMatrix":[-0.458536118,0.88867563,0,-0.88867563,-0.458536118,0,0,0,0.999999881],"scale":0.97726202,"type":"tree_aspen_overhang_a"}
{"pos":[-150.653946,-322.233398,291.720215],"rotationMatrix":[0.113138758,-0.993579149,0,0.993579149,0.113138758,0,0,0,0.999999881],"scale":1.01739359,"type":"tree_aspen_overhang_a"}
{"pos":[-161.347229,-337.365662,291.438721],"rotationMatrix":[0.99474138,0.10241811,0,-0.10241811,0.99474138,0,0,0,0.999999881],"scale":0.940857351,"type":"tree_aspen_overhang_a"}
{"pos":[-106.109299,-362.091553,282.809845],"rotationMatrix":[0.573510408,-0.819198191,0,0.819198191,0.573510408,0,0,0,0.999999881],"scale":1.2970227,"type":"tree_aspen_overhang_a"}
{"pos":[-104.006493,-360.729767,283.575378],"rotationMatrix":[-0.591904581,-0.806007922,0,0.806007922,-0.591904581,0,0,0,0.999999881],"scale":1.1958847,"type":"tree_aspen_overhang_a"}
{"pos":[-106.889587,-366.8349,283.543152],"rotationMatrix":[-0.176698059,0.984265029,0,-0.984265029,-0.176698059,0,0,0,0.999999881],"scale":0.960699856,"type":"tree_aspen_overhang_a"}
{"pos":[-71.8325043,-363.437561,283.754059],"rotationMatrix":[0.29835403,-0.954455256,0,0.954455256,0.29835403,0,0,0,0.999999881],"scale":1.22808194,"type":"tree_aspen_overhang_a"}
{"pos":[-60.9243164,-366.030792,283.6073],"rotationMatrix":[-0.875166774,0.483821124,0,-0.483821124,-0.875166774,0,0,0,0.999999881],"scale":1.23386812,"type":"tree_aspen_overhang_a"}
{"pos":[-65.0740891,-336.259033,284.503235],"rotationMatrix":[0.488230437,-0.872714639,0,0.872714639,0.488230437,0,0,0,0.999999881],"scale":1.22190642,"type":"tree_aspen_overhang_a"}
{"pos":[-105.722282,-325.136322,284.868225],"rotationMatrix":[0.8576774,-0.514187872,0,0.514187872,0.8576774,0,0,0,0.999999881],"scale":1.01319027,"type":"tree_aspen_overhang_a"}
{"pos":[-55.2959175,-369.631439,283.071014],"rotationMatrix":[-0.569379449,-0.822074831,0,0.822074831,-0.569379449,0,0,0,0.999999881],"scale":1.0454601,"type":"tree_aspen_overhang_a"}
{"pos":[-75.1573486,-370.116394,283.549774],"rotationMatrix":[-0.563468814,-0.826137185,0,0.826137185,-0.563468814,0,0,0,0.999999881],"scale":1.20193028,"type":"tree_aspen_overhang_a"}
{"pos":[-79.2313461,-370.901154,283.920532],"rotationMatrix":[-0.775945365,-0.630800128,0,0.630800128,-0.775945365,0,0,0,0.999999881],"scale":0.935153544,"type":"tree_aspen_overhang_a"}
{"pos":[-92.5712128,-359.227051,283.148285],"rotationMatrix":[-0.999792278,-0.0203773286,0,0.0203773286,-0.999792278,0,0,0,0.999999881],"scale":1.08774948,"type":"tree_aspen_overhang_a"}
{"pos":[107.06057,-296.117706,275.921143],"rotationMatrix":[-0.582235754,-0.813019872,0,0.813019872,-0.582235754,0,0,0,0.999999881],"scale":1.09694195,"type":"tree_aspen_overhang_a"}
{"pos":[139.897888,-293.565002,273.232697],"rotationMatrix":[-0.659782529,-0.751456618,0,0.751456618,-0.659782529,0,0,0,0.999999881],"scale":0.957137406,"type":"tree_aspen_overhang_a"}
{"pos":[157.342667,-308.936737,273.427979],"rotationMatrix":[-0.19493027,0.98081702,0,-0.98081702,-0.19493027,0,0,0,0.999999881],"scale":1.26402557,"type":"tree_aspen_overhang_a"}
{"pos":[182.946487,-120.541153,273.345612],"rotationMatrix":[-0.379826903,-0.92505759,0,0.92505759,-0.379826903,0,0,0,0.999999881],"scale":0.928958952,"type":"tree_aspen_overhang_a"}
{"pos":[189.492432,-126.937996,273.705688],"rotationMatrix":[0.163458899,0.986550093,0,-0.986550093,0.163458899,0,0,0,0.999999881],"scale":1.25352538,"type":"tree_aspen_overhang_a"}
{"pos":[182.031799,-125.708145,273.953857],"rotationMatrix":[0.300289482,-0.953848064,0,0.953848064,0.300289482,0,0,0,0.999999881],"scale":1.0477103,"type":"tree_aspen_overhang_a"}
{"pos":[182.470581,-147.002655,274.394501],"rotationMatrix":[0.570093513,-0.821579695,0,0.821579695,0.570093513,0,0,0,0.999999881],"scale":0.984593987,"type":"tree_aspen_overhang_a"}
{"pos":[176.929031,-143.710434,274.839355],"rotationMatrix":[-0.983648539,-0.180098578,0,0.180098578,-0.983648539,0,0,0,0.999999881],"scale":1.25997293,"type":"tree_aspen_overhang_a"}
{"pos":[184.239044,-152.319641,274.360443],"rotationMatrix":[-0.889886439,0.456182063,0,-0.456182063,-0.889886439,0,0,0,0.999999881],"scale":1.14467132,"type":"tree_aspen_overhang_a"}
{"pos":[180.576828,-186.100693,273.823395],"rotationMatrix":[0.892137825,0.451763213,0,-0.451763213,0.892137825,0,0,0,0.999999881],"scale":1.10632217,"type":"tree_aspen_overhang_a"}
{"pos":[193.421982,-139.779984,273.549561],"rotationMatrix":[-0.932324588,0.361622483,0,-0.361622483,-0.932324588,0,0,0,0.999999881],"scale":1.25126517,"type":"tree_aspen_overhang_a"}
{"pos":[208.619965,-101.071381,273.740723],"rotationMatrix":[0.045819141,0.998949647,0,-0.998949647,0.045819141,0,0,0,0.999999881],"scale":1.21789467,"type":"tree_aspen_overhang_a"}
{"pos":[161.209976,-144.992081,273.799683],"rotationMatrix":[0.997598767,0.069257386,0,-0.069257386,0.997598767,0,0,0,0.999999881],"scale":0.961095095,"type":"tree_aspen_overhang_a"}
{"pos":[199.036987,-223.348053,273.729553],"rotationMatrix":[-0.714796126,-0.699332714,0,0.699332714,-0.714796126,0,0,0,0.999999881],"scale":0.907765448,"type":"tree_aspen_overhang_a"}
{"pos":[-525.121216,150.814224,273.934998],"rotationMatrix":[0.066635929,-0.997777283,0,0.997777283,0.066635929,0,0,0,0.999999881],"scale":1.06311369,"type":"tree_aspen_overhang_a"}
{"pos":[-493.431885,146.973663,272.683197],"rotationMatrix":[-0.902820408,0.430017531,0,-0.430017531,-0.902820408,0,0,0,0.999999881],"scale":1.24782336,"type":"tree_aspen_overhang_a"}
{"pos":[-525.933594,202.725677,261.71463],"rotationMatrix":[-0.100412913,0.994945705,0,-0.994945705,-0.100412913,0,0,0,0.999999881],"scale":1.27739465,"type":"tree_aspen_overhang_a"}
{"pos":[-613.305359,165.91571,262.559387],"rotationMatrix":[0.371838957,0.928297222,0,-0.928297222,0.371838957,0,0,0,0.999999881],"scale":1.29648173,"type":"tree_aspen_overhang_a"}
{"pos":[-555.613953,217.255341,261.672729],"rotationMatrix":[0.992880762,-0.119112037,0,0.119112037,0.992880762,0,0,0,0.999999881],"scale":0.935159504,"type":"tree_aspen_overhang_a"}
{"pos":[-587.809265,225.012085,261.823486],"rotationMatrix":[0.522813916,-0.852446795,0,0.852446795,0.522813916,0,0,0,0.999999881],"scale":1.12168157,"type":"tree_aspen_overhang_a"}
{"pos":[-595.092163,221.889786,261.591156],"rotationMatrix":[-0.532579839,0.846379578,0,-0.846379578,-0.532579839,0,0,0,0.999999881],"scale":1.16985965,"type":"tree_aspen_overhang_a"}
{"pos":[-586.708618,227.915604,261.749023],"rotationMatrix":[-0.838261425,0.545268178,0,-0.545268178,-0.838261425,0,0,0,0.999999881],"scale":0.962011158,"type":"tree_aspen_overhang_a"}
{"pos":[-599.382996,181.794342,261.922729],"rotationMatrix":[0.639923334,0.768438756,0,-0.768438756,0.639923334,0,0,0,0.999999881],"scale":1.06728292,"type":"tree_aspen_overhang_a"}
{"pos":[-709.618408,138.73317,289.266205],"rotationMatrix":[0.458024859,-0.888939261,0,0.888939261,0.458024859,0,0,0,0.999999881],"scale":1.16451335,"type":"tree_aspen_overhang_a"}
{"pos":[-714.553894,141.302353,289.264435],"rotationMatrix":[-0.620336056,-0.784335971,0,0.784335971,-0.620336056,0,0,0,0.999999881],"scale":1.01179492,"type":"tree_aspen_overhang_a"}
{"pos":[-690.947083,203.596451,288.945129],"rotationMatrix":[0.845266163,-0.53434515,0,0.53434515,0.845266163,0,0,0,0.999999881],"scale":1.28485382,"type":"tree_aspen_overhang_a"}
{"pos":[-676.808044,191.182053,290.713593],"rotationMatrix":[-0.14416948,0.989552855,0,-0.989552855,-0.14416948,0,0,0,0.999999881],"scale":1.21269274,"type":"tree_aspen_overhang_a"}
{"pos":[-658.890564,196.706345,291.920227],"rotationMatrix":[0.727328718,-0.686289072,0,0.686289072,0.727328718,0,0,0,0.999999881],"scale":1.01752806,"type":"tree_aspen_overhang_a"}
{"pos":[-679.429993,170.93338,290.848816],"rotationMatrix":[-0.113041312,0.993590176,0,-0.993590176,-0.113041312,0,0,0,0.999999881],"scale":1.29451764,"type":"tree_aspen_overhang_a"}
{"pos":[-660.717285,253.21257,291.817749],"rotationMatrix":[0.28470239,0.958615959,0,-0.958615959,0.28470239,0,0,0,0.999999881],"scale":1.12231982,"type":"tree_aspen_overhang_a"}
{"pos":[-761.854736,262.878601,295.4758],"rotationMatrix":[-0.219164506,-0.975687802,0,0.975687802,-0.219164506,0,0,0,0.999999881],"scale":0.985817134,"type":"tree_aspen_overhang_a"}
{"pos":[-797.922363,254.468628,298.417847],"rotationMatrix":[0.702352941,0.711828887,0,-0.711828887,0.702352941,0,0,0,0.999999881],"scale":1.10267901,"type":"tree_aspen_overhang_a"}
{"pos":[-773.875916,229.562088,292.497345],"rotationMatrix":[-0.721509814,0.692403913,0,-0.692403913,-0.721509814,0,0,0,0.999999881],"scale":1.01326442,"type":"tree_aspen_overhang_a"}
{"pos":[-765.608154,235.721085,291.236786],"rotationMatrix":[0.356502384,-0.934294283,0,0.934294283,0.356502384,0,0,0,0.999999881],"scale":1.1788106,"type":"tree_aspen_overhang_a"}
{"pos":[-832.319275,208.664337,298.322083],"rotationMatrix":[0.735490501,-0.677534819,0,0.677534819,0.735490501,0,0,0,0.999999881],"scale":1.15656328,"type":"tree_aspen_overhang_a"}
{"pos":[-835.458252,198.629837,297.194],"rotationMatrix":[-0.485223085,0.874390244,0,-0.874390244,-0.485223085,0,0,0,0.999999881],"scale":0.933223605,"type":"tree_aspen_overhang_a"}
{"pos":[-787.482056,194.159698,288.757507],"rotationMatrix":[-0.991108298,0.133057192,0,-0.133057192,-0.991108298,0,0,0,0.999999881],"scale":1.1234535,"type":"tree_aspen_overhang_a"}
{"pos":[-813.506958,181.741623,289.940552],"rotationMatrix":[0.902992666,0.42965585,0,-0.42965585,0.902992666,0,0,0,0.999999881],"scale":1.16307187,"type":"tree_aspen_overhang_a"}
{"pos":[-802.668213,173.039612,288.275452],"rotationMatrix":[0.0156383645,0.999877632,0,-0.999877632,0.0156383645,0,0,0,0.999999881],"scale":1.1524173,"type":"tree_aspen_overhang_a"}
{"pos":[-641.575073,178.902405,282.374664],"rotationMatrix":[-0.90515095,0.425090134,-0,-0.425090134,-0.90515095,0,-0,0,0.999999881],"scale":1.23159611,"type":"tree_aspen_overhang_a"}
{"pos":[-654.383789,138.372192,276.327637],"rotationMatrix":[0.365525782,-0.930801153,0,0.930801153,0.365525782,0,-0,0,0.999999881],"scale":0.926382422,"type":"tree_aspen_overhang_a"}
{"pos":[-660.560791,142.324493,278.380035],"rotationMatrix":[0.998082638,-0.0618940741,0,0.0618940741,0.998082638,0,-0,0,0.999999881],"scale":1.16190279,"type":"tree_aspen_overhang_a"}
{"pos":[-660.127441,125.806282,274.805847],"rotationMatrix":[-0.772971034,-0.634441316,0,0.634441316,-0.772971034,0,-0,0,0.999999881],"scale":0.917316556,"type":"tree_aspen_overhang_a"}
{"pos":[-663.930603,135.120346,278.274017],"rotationMatrix":[-0.933860898,0.357636094,-0,-0.357636094,-0.933860898,0,-0,0,0.999999881],"scale":0.937394917,"type":"tree_aspen_overhang_a"}
{"pos":[-670.961853,130.42804,278.927795],"rotationMatrix":[0.833758533,0.552129209,0,-0.552129209,0.833758533,-0,-0,0,0.999999881],"scale":1.21787548,"type":"tree_aspen_overhang_a"}
