{"pos":[730.961731,-60.0375175,51.5501671],"rotationMatrix":[-0.901243031,0.433313519,0,-0.433313519,-0.901243031,0,0,0,0.999999762],"scale":1.08666492,"type":"tree_aspen_bush_b"}
{"pos":[710.426575,-71.8332825,51.5501671],"rotationMatrix":[-0.901243031,0.433313519,0,-0.433313519,-0.901243031,0,0,0,0.999999762],"scale":1.08666492,"type":"tree_aspen_bush_b"}
{"pos":[708.199829,-62.2886238,51.5501671],"rotationMatrix":[-0.901243031,0.433313519,0,-0.433313519,-0.901243031,0,0,0,0.999999762],"scale":0.748493612,"type":"tree_aspen_bush_b"}
{"pos":[715.011902,-51.901329,51.5501671],"rotationMatrix":[-0.901243031,0.433313519,0,-0.433313519,-0.901243031,0,0,0,0.999999762],"scale":0.748493612,"type":"tree_aspen_bush_b"}
{"pos":[725.908569,-56.1737556,51.4209404],"rotationMatrix":[-0.901243031,0.433313519,0,-0.433313519,-0.901243031,0,0,0,0.999999762],"scale":1.08666492,"type":"tree_aspen_bush_b"}
{"pos":[740.255859,-51.4038734,51.4209404],"rotationMatrix":[-0.53469944,0.845041871,0,-0.845041871,-0.53469944,0,0,0,0.999999642],"scale":1.08666492,"type":"tree_aspen_bush_b"}
{"pos":[695.872192,-58.9442596,51.5501671],"rotationMatrix":[-0.901243031,0.433313519,0,-0.433313519,-0.901243031,0,0,0,0.999999762],"scale":1.08666492,"type":"tree_aspen_bush_b"}
{"pos":[706.307495,-81.2327271,51.5501671],"rotationMatrix":[-0.0797209144,0.996816993,0,-0.996816993,-0.0797209144,0,0,0,0.999999642],"scale":0.748493612,"type":"tree_aspen_bush_b"}
{"pos":[738.77655,-59.2614784,51.5501671],"rotationMatrix":[-0.901243031,0.433313519,0,-0.433313519,-0.901243031,0,0,0,0.999999762],"scale":1.08666492,"type":"tree_aspen_bush_b"}
{"pos":[737.264709,-59.4326706,51.5501671],"rotationMatrix":[-0.901243031,0.433313519,0,-0.433313519,-0.901243031,0,0,0,0.999999762],"scale":0.748493612,"type":"tree_aspen_bush_b"}
{"pos":[737.140015,-58.4873047,51.4209404],"rotationMatrix":[-0.901243031,0.433313519,0,-0.433313519,-0.901243031,0,0,0,0.999999762],"scale":1.08666492,"type":"tree_aspen_bush_b"}
{"pos":[739.307739,-66.3004684,51.5501671],"rotationMatrix":[-0.901243031,0.433313519,0,-0.433313519,-0.901243031,0,0,0,0.999999762],"scale":1.08666492,"type":"tree_aspen_bush_b"}
{"pos":[749.362,-60.5442429,51.5501671],"rotationMatrix":[-0.901243031,0.433313519,0,-0.433313519,-0.901243031,0,0,0,0.999999762],"scale":1.08666492,"type":"tree_aspen_bush_b"}
{"pos":[745.537231,-64.4489365,51.4209404],"rotationMatrix":[-0.901243031,0.433313519,0,-0.433313519,-0.901243031,0,0,0,0.999999762],"scale":1.08666492,"type":"tree_aspen_bush_b"}
{"pos":[775.409851,-38.2511902,51.4209404],"rotationMatrix":[-0.901243031,0.433313519,0,-0.433313519,-0.901243031,0,0,0,0.999999762],"scale":1.08666492,"type":"tree_aspen_bush_b"}
{"pos":[725.522766,-92.0797195,51.5501671],"rotationMatrix":[-0.901243031,0.433313519,0,-0.433313519,-0.901243031,0,0,0,0.999999762],"scale":1.08666492,"type":"tree_aspen_bush_b"}
{"pos":[735.228027,-87.7242508,51.5501671],"rotationMatrix":[-0.360928267,0.932593286,0,-0.932593286,-0.360928267,0,0,0,0.999999642],"scale":1.08666492,"type":"tree_aspen_bush_b"}
{"pos":[765.919922,-7.90149307,51.4209404],"rotationMatrix":[-0.901243031,0.433313519,0,-0.433313519,-0.901243031,0,0,0,0.999999762],"scale":1.08666492,"type":"tree_aspen_bush_b"}
{"pos":[772.722046,-25.3243065,51.4209404],"rotationMatrix":[-0.901243031,0.433313519,0,-0.433313519,-0.901243031,0,0,0,0.999999762],"scale":1.08666492,"type":"tree_aspen_bush_b"}
{"pos":[732.630066,3.49738121,51.4209442],"rotationMatrix":[-0.901243031,0.433313519,0,-0.433313519,-0.901243031,0,0,0,0.999999762],"scale":1.08666492,"type":"tree_aspen_bush_b"}
{"pos":[726.949097,2.287117,51.5501671],"rotationMatrix":[-0.901243031,0.433313519,0,-0.433313519,-0.901243031,0,0,0,0.999999762],"scale":1.08666492,"type":"tree_aspen_bush_b"}
{"pos":[700.305237,-19.4353085,51.5501671],"rotationMatrix":[-0.334970742,0.942228317,0,-0.942228317,-0.334970742,0,0,0,0.999999642],"scale":1.08666492,"type":"tree_aspen_bush_b"}
{"pos":[703.457764,-0.84677887,51.5501671],"rotationMatrix":[-0.901243031,0.433313519,0,-0.433313519,-0.901243031,0,0,0,0.999999762],"scale":1.08666492,"type":"tree_aspen_bush_b"}
{"pos":[768.576416,-94.0496674,53.3520088],"rotationMatrix":[0.141551912,-0.989930809,0,0.989930809,0.141551912,0,0,0,0.999999881],"scale":1.1352278,"type":"tree_aspen_bush_b"}
{"pos":[755.293823,-90.0344238,51.6238289],"rotationMatrix":[-0.823522866,-0.567282856,0,0.567282856,-0.823522866,0,0,0,0.999999881],"scale":1.10087287,"type":"tree_aspen_bush_b"}
{"pos":[777.723328,-18.7854576,51.4209404],"rotationMatrix":[-0.901243031,0.433313519,0,-0.433313519,-0.901243031,0,0,0,0.999999762],"scale":1.08666492,"type":"tree_aspen_bush_b"}
{"pos":[773.476929,-106.852592,58.0391617],"rotationMatrix":[-0.385170847,-0.922845185,0,0.922845185,-0.385170847,0,0,0,0.999999881],"scale":1.12862575,"type":"tree_aspen_bush_b"}
{"pos":[777.503418,-105.716293,58.0213814],"rotationMatrix":[-0.571834683,-0.820368826,0,0.820368826,-0.571834683,0,0,0,0.999999881],"scale":0.857764304,"type":"tree_aspen_bush_b"}
{"pos":[771.58844,-110.405128,57.7117462],"rotationMatrix":[0.687849462,0.725853324,0,-0.725853324,0.687849462,0,0,0,0.999999881],"scale":1.15363777,"type":"tree_aspen_bush_b"}
{"pos":[788.897705,-100.570107,57.7129669],"rotationMatrix":[-0.381584406,0.92433387,0,-0.92433387,-0.381584406,0,0,0,0.999999881],"scale":1.18665493,"type":"tree_aspen_bush_b"}
{"pos":[784.949646,-94.4231567,55.9975662],"rotationMatrix":[-0.309156597,0.951011002,0,-0.951011002,-0.309156597,0,0,0,0.999999881],"scale":1.01423693,"type":"tree_aspen_bush_b"}
{"pos":[775.52832,-94.9404526,53.6773987],"rotationMatrix":[0.96275717,-0.270367265,0,0.270367265,0.96275717,0,0,0,0.999999881],"scale":1.14851713,"type":"tree_aspen_bush_b"}
{"pos":[761.523987,-98.2815475,53.1331825],"rotationMatrix":[0.929615796,0.368530124,0,-0.368530124,0.929615796,0,0,0,0.999999881],"scale":0.9582932,"type":"tree_aspen_bush_b"}
{"pos":[758.580627,-101.427628,52.694046],"rotationMatrix":[-0.385007352,0.922913373,0,-0.922913373,-0.385007352,0,0,0,0.999999881],"scale":1.17750871,"type":"tree_aspen_bush_b"}
{"pos":[760.687134,-102.604622,53.2140312],"rotationMatrix":[0.997583508,-0.0694760829,0,0.0694760829,0.997583508,0,0,0,0.999999881],"scale":0.960622549,"type":"tree_aspen_bush_b"}
{"pos":[755.157593,-94.4996033,51.7157249],"rotationMatrix":[0.998708129,0.0508121103,0,-0.0508121103,0.998708129,0,0,0,0.999999881],"scale":0.826271474,"type":"tree_aspen_bush_b"}
{"pos":[768.140259,-97.2388077,53.8698921],"rotationMatrix":[-0.863581121,-0.504209876,0,0.504209876,-0.863581121,0,0,0,0.999999881],"scale":1.06624961,"type":"tree_aspen_bush_b"}
{"pos":[700.437927,-109.266556,52.6889839],"rotationMatrix":[-0.535736978,-0.844384849,0,0.844384849,-0.535736978,0,0,0,0.999999881],"scale":1.03320205,"type":"tree_aspen_bush_b"}
{"pos":[721.671692,-102.325851,52.7043533],"rotationMatrix":[-0.631001055,-0.77578181,0,0.77578181,-0.631001055,0,0,0,0.999999881],"scale":1.01150489,"type":"tree_aspen_bush_b"}
{"pos":[738.455566,-113.326035,55.2331581],"rotationMatrix":[-0.994974792,-0.100124538,0,0.100124538,-0.994974792,0,0,0,0.999999881],"scale":1.02284253,"type":"tree_aspen_bush_b"}
{"pos":[734.03833,-112.634178,54.4742088],"rotationMatrix":[0.936295211,-0.351213604,0,0.351213604,0.936295211,0,0,0,0.999999881],"scale":0.825148463,"type":"tree_aspen_bush_b"}
{"pos":[754.182861,-110.630287,56.1436539],"rotationMatrix":[0.964401782,-0.264440686,0,0.264440686,0.964401782,0,0,0,0.999999881],"scale":1.05928826,"type":"tree_aspen_bush_b"}
{"pos":[715.941284,-112.781097,57.189579],"rotationMatrix":[-0.916510761,-0.400009781,0,0.400009781,-0.916510761,0,0,0,0.999999881],"scale":0.941987991,"type":"tree_aspen_bush_b"}
{"pos":[720.835388,-111.375351,57.6917763],"rotationMatrix":[0.35907495,-0.933308661,0,0.933308661,0.35907495,0,0,0,0.999999881],"scale":0.977011085,"type":"tree_aspen_bush_b"}
{"pos":[721.060791,-110.207733,57.5510635],"rotationMatrix":[-0.0433540903,0.999059677,0,-0.999059677,-0.0433540903,0,0,0,0.999999881],"scale":1.16496861,"type":"tree_aspen_bush_b"}
{"pos":[735.408997,-116.488365,57.3314323],"rotationMatrix":[-0.0154387448,-0.999880791,0,0.999880791,-0.0154387448,0,0,0,0.999999881],"scale":0.901529789,"type":"tree_aspen_bush_b"}
{"pos":[742.983643,-117.241653,57.723671],"rotationMatrix":[0.991974413,0.126438603,0,-0.126438603,0.991974413,0,0,0,0.999999881],"scale":1.04843986,"type":"tree_aspen_bush_b"}
{"pos":[749.90271,-115.142143,58.036026],"rotationMatrix":[0.178557098,-0.983929455,0,0.983929455,0.178557098,0,0,0,0.999999881],"scale":1.16899002,"type":"tree_aspen_bush_b"}
{"pos":[762.86853,-112.327461,57.7738838],"rotationMatrix":[0.687928736,-0.725778043,0,0.725778043,0.687928736,0,0,0,0.999999881],"scale":1.01102901,"type":"tree_aspen_bush_b"}
{"pos":[764.789978,-114.429474,58.0463829],"rotationMatrix":[0.970483005,-0.241168961,0,0.241168961,0.970483005,0,0,0,0.999999881],"scale":0.840697706,"type":"tree_aspen_bush_b"}
{"pos":[769.370056,-116.341873,57.7963676],"rotationMatrix":[0.496426225,0.868078947,0,-0.868078947,0.496426225,0,0,0,0.999999881],"scale":1.07616556,"type":"tree_aspen_bush_b"}
{"pos":[773.604187,-115.731895,57.8596916],"rotationMatrix":[-0.501848996,0.864955068,0,-0.864955068,-0.501848996,0,0,0,0.999999881],"scale":0.827792346,"type":"tree_aspen_bush_b"}
{"pos":[776.740173,-106.485779,57.9355049],"rotationMatrix":[-0.559407294,-0.828892887,0,0.828892887,-0.559407294,0,0,0,0.999999881],"scale":0.927647114,"type":"tree_aspen_bush_b"}
{"pos":[748.050293,-22.9476967,51.7432137],"rotationMatrix":[0.166348919,-0.986066878,0,0.986066878,0.166348919,0,0,0,0.999999881],"scale":1.17423761,"type":"tree_aspen_bush_b"}
{"pos":[696.580383,-111.786102,52.3996124],"rotationMatrix":[-0.817213476,0.576335013,0,-0.576335013,-0.817213476,0,0,0,0.999999881],"scale":0.98074615,"type":"tree_aspen_bush_b"}
{"pos":[707.645874,72.1676941,54.9209518],"rotationMatrix":[-0.743447065,0.668794513,0,-0.668794513,-0.743447065,0,0,0,0.999999881],"scale":0.984929264,"type":"tree_aspen_bush_b"}
{"pos":[814.508545,38.6381454,56.6716385],"rotationMatrix":[0.323895097,-0.946092904,0,0.946092904,0.323895097,0,0,0,0.999999881],"scale":0.97446084,"type":"tree_aspen_bush_b"}
{"pos":[795.3526,-0.516027451,51.8218689],"rotationMatrix":[0.999814808,0.0192404464,0,-0.0192404464,0.999814808,0,0,0,0.999999881],"scale":0.944544077,"type":"tree_aspen_bush_b"}
{"pos":[793.488892,-24.0708485,51.636055],"rotationMatrix":[0.710144877,-0.704055429,0,0.704055429,0.710144877,0,0,0,0.999999881],"scale":1.01676583,"type":"tree_aspen_bush_b"}
{"pos":[799.550049,-62.8475647,51.6433525],"rotationMatrix":[0.885674059,-0.464307368,0,0.464307368,0.885674059,0,0,0,0.999999881],"scale":1.00910258,"type":"tree_aspen_bush_b"}
{"pos":[810.44104,-85.2284241,57.2267876],"rotationMatrix":[0.696766257,-0.71729815,0,0.71729815,0.696766257,0,0,0,0.999999881],"scale":1.14577818,"type":"tree_aspen_bush_b"}
{"pos":[776.31488,-132.328049,58.4670944],"rotationMatrix":[-0.997836947,0.0657361448,0,-0.0657361448,-0.997836947,0,0,0,0.999999881],"scale":1.07507801,"type":"tree_aspen_bush_b"}
{"pos":[851.387878,-80.9723511,65.1114578],"rotationMatrix":[0.117276691,0.993099153,0,-0.993099153,0.117276691,0,0,0,0.999999881],"scale":0.935066819,"type":"tree_aspen_bush_b"}
