{"pos":[282.273499,97.7456436,256.295044],"rotationMatrix":[0.948592305,-0.316500366,0,0.316500366,0.948592305,0,0,0,0.999999881],"scale":1.24473453,"type":"tree_aspen_small_d"}
{"pos":[262.046082,126.818939,253.905914],"rotationMatrix":[0.60723722,-0.794520438,0,0.794520438,0.60723722,0,0,0,0.999999881],"scale":0.9666664,"type":"tree_aspen_small_d"}
{"pos":[256.324493,146.977982,253.585587],"rotationMatrix":[-0.0693064034,-0.99759531,0,0.99759531,-0.0693064034,0,0,0,0.999999881],"scale":1.01888108,"type":"tree_aspen_small_d"}
{"pos":[200.826828,176.663193,253.660721],"rotationMatrix":[0.956895769,0.290431291,0,-0.290431291,0.956895769,0,0,0,0.999999881],"scale":1.34112108,"type":"tree_aspen_small_d"}
{"pos":[184.895035,160.255905,253.366623],"rotationMatrix":[0.772320688,-0.635232627,0,0.635232627,0.772320688,0,0,0,0.999999881],"scale":1.27258742,"type":"tree_aspen_small_d"}
{"pos":[163.451233,52.6529388,253.486252],"rotationMatrix":[-0.446013927,-0.895025909,0,0.895025909,-0.446013927,0,0,0,0.999999881],"scale":1.29450309,"type":"tree_aspen_small_d"}
{"pos":[280.233124,224.705841,249.049377],"rotationMatrix":[0.182989463,0.983114839,0,-0.983114839,0.182989463,0,0,0,0.999999881],"scale":1.32281339,"type":"tree_aspen_small_d"}
{"pos":[326.817078,252.771683,257.017883],"rotationMatrix":[0.0168603361,0.999857783,0,-0.999857783,0.0168603361,0,0,0,0.999999881],"scale":0.9649207,"type":"tree_aspen_small_d"}
{"pos":[328.939575,213.523209,263.244476],"rotationMatrix":[0.319184005,-0.947692692,0,0.947692692,0.319184005,0,0,0,0.999999881],"scale":1.46249819,"type":"tree_aspen_small_d"}
{"pos":[342.665649,201.339127,263.105499],"rotationMatrix":[0.857518375,-0.514453173,0,0.514453173,0.857518375,0,0,0,0.999999881],"scale":1.3043201,"type":"tree_aspen_small_d"}
{"pos":[440.948395,72.3377991,256.605225],"rotationMatrix":[-0.23168993,0.972789586,0,-0.972789586,-0.23168993,0,0,0,0.999999881],"scale":1.36937034,"type":"tree_aspen_small_d"}
{"pos":[410.690369,132.43251,259.397858],"rotationMatrix":[0.674002886,0.738728702,0,-0.738728702,0.674002886,0,0,0,0.999999881],"scale":1.14772844,"type":"tree_aspen_small_d"}
{"pos":[407.721222,148.145721,258.29483],"rotationMatrix":[0.00305812666,0.999995232,0,-0.999995232,0.00305812666,0,0,0,0.999999881],"scale":1.27127242,"type":"tree_aspen_small_d"}
{"pos":[410.490784,155.010727,258.40274],"rotationMatrix":[0.159863293,-0.987139106,0,0.987139106,0.159863293,0,0,0,0.999999881],"scale":1.4346838,"type":"tree_aspen_small_d"}
{"pos":[385.550568,150.999573,262.6698],"rotationMatrix":[-0.0539504103,-0.998543561,0,0.998543561,-0.0539504103,0,0,0,0.999999881],"scale":1.32358372,"type":"tree_aspen_small_d"}
{"pos":[368.779388,162.816864,262.696625],"rotationMatrix":[-0.310907871,-0.95043999,0,0.95043999,-0.310907871,0,0,0,0.999999881],"scale":0.920056164,"type":"tree_aspen_small_d"}
{"pos":[393.922913,198.809372,262.563934],"rotationMatrix":[-0.799747109,0.600336909,0,-0.600336909,-0.799747109,0,0,0,0.999999881],"scale":1.32374525,"type":"tree_aspen_small_d"}
{"pos":[390.069397,198.550201,263.335754],"rotationMatrix":[-0.994516075,0.10458225,0,-0.10458225,-0.994516075,0,0,0,0.999999881],"scale":0.986692786,"type":"tree_aspen_small_d"}
{"pos":[379.097473,220.249252,263.697388],"rotationMatrix":[0.846313179,0.532685578,0,-0.532685578,0.846313179,0,0,0,0.999999881],"scale":0.917111456,"type":"tree_aspen_small_d"}
{"pos":[381.114349,214.119034,263.419556],"rotationMatrix":[0.752232552,-0.658897519,0,0.658897519,0.752232552,0,0,0,0.999999881],"scale":0.937577546,"type":"tree_aspen_small_d"}
{"pos":[395.372009,227.106918,263.058502],"rotationMatrix":[0.322456986,0.946584105,0,-0.946584105,0.322456986,0,0,0,0.999999881],"scale":1.06289208,"type":"tree_aspen_small_d"}
{"pos":[380.477142,216.979782,263.086731],"rotationMatrix":[0.761000812,0.648750901,0,-0.648750901,0.761000812,0,0,0,0.999999881],"scale":1.1061219,"type":"tree_aspen_small_d"}
{"pos":[386.457977,221.096619,262.712769],"rotationMatrix":[0.947652578,-0.319302887,0,0.319302887,0.947652578,0,0,0,0.999999881],"scale":1.33656645,"type":"tree_aspen_small_d"}
{"pos":[415.195679,203.701126,263.586029],"rotationMatrix":[0.985910714,0.167271987,0,-0.167271987,0.985910714,0,0,0,0.999999881],"scale":1.26660872,"type":"tree_aspen_small_d"}
{"pos":[421.607544,173.567551,258.762817],"rotationMatrix":[-0.965868354,-0.259033263,0,0.259033263,-0.965868354,0,0,0,0.999999881],"scale":1.14526463,"type":"tree_aspen_small_d"}
{"pos":[402.504791,177.590271,260.91684],"rotationMatrix":[-0.485150129,-0.874430716,0,0.874430716,-0.485150129,0,0,0,0.999999881],"scale":1.19969702,"type":"tree_aspen_small_d"}
{"pos":[382.598572,183.272888,262.677917],"rotationMatrix":[0.954578221,-0.297960103,0,0.297960103,0.954578221,0,0,0,0.999999881],"scale":1.26086462,"type":"tree_aspen_small_d"}
{"pos":[380.597473,159.671722,262.388519],"rotationMatrix":[0.171584263,-0.985169351,0,0.985169351,0.171584263,0,0,0,0.999999881],"scale":1.0341475,"type":"tree_aspen_small_d"}
{"pos":[142.046921,10.2579613,253.727615],"rotationMatrix":[-0.66595149,0.745994985,0,-0.745994985,-0.66595149,0,0,0,0.999999881],"scale":0.958928227,"type":"tree_aspen_small_d"}
{"pos":[470.242035,89.3525085,263.291687],"rotationMatrix":[0.999999881,-0.00021063973,0,0.00021063973,0.999999881,0,0,0,0.999999881],"scale":1.3883487,"type":"tree_aspen_small_d"}
{"pos":[-36.3509254,-149.375961,256.847595],"rotationMatrix":[0.991496861,-0.130129516,0,0.130129516,0.991496861,0,0,0,0.999999881],"scale":1.40339708,"type":"tree_aspen_small_d"}
{"pos":[-249.579193,-239.505386,263.318176],"rotationMatrix":[0.514659464,-0.857394576,0,0.857394576,0.514659464,0,0,0,0.999999881],"scale":0.947156072,"type":"tree_aspen_small_d"}
{"pos":[33.7285957,-316.837463,256.819305],"rotationMatrix":[0.456939399,-0.889497697,0,0.889497697,0.456939399,0,0,0,0.999999881],"scale":1.02376628,"type":"tree_aspen_small_d"}
{"pos":[-305.690704,-219.823624,273.866821],"rotationMatrix":[0.734827876,0.678253651,0,-0.678253651,0.734827876,0,0,0,0.999999881],"scale":1.27988076,"type":"tree_aspen_small_d"}
{"pos":[-175.997375,-57.5050011,255.586319],"rotationMatrix":[0.853253901,-0.521495402,0,0.521495402,0.853253901,0,0,0,0.999999881],"scale":1.39248395,"type":"tree_aspen_small_d"}
{"pos":[-138.551865,-80.7182693,254.702271],"rotationMatrix":[-0.135619402,-0.990760863,0,0.990760863,-0.135619402,0,0,0,0.999999881],"scale":1.45772791,"type":"tree_aspen_small_d"}
{"pos":[-140.232086,-75.2145615,255.598358],"rotationMatrix":[0.644778728,0.764369249,0,-0.764369249,0.644778728,0,0,0,0.999999881],"scale":1.07761776,"type":"tree_aspen_small_d"}
{"pos":[-123.998138,-85.6020889,255.382324],"rotationMatrix":[-0.886300921,0.463109761,0,-0.463109761,-0.886300921,0,0,0,0.999999881],"scale":1.00665593,"type":"tree_aspen_small_d"}
{"pos":[-115.182693,-92.3817749,255.493561],"rotationMatrix":[-0.262802303,-0.964849591,0,0.964849591,-0.262802303,0,0,0,0.999999881],"scale":1.01561236,"type":"tree_aspen_small_d"}
{"pos":[-92.9541321,-79.1309052,255.54039],"rotationMatrix":[-0.388855994,0.921298444,0,-0.921298444,-0.388855994,0,0,0,0.999999881],"scale":1.04691863,"type":"tree_aspen_small_d"}
{"pos":[-153.886871,-60.9021111,255.810928],"rotationMatrix":[0.993517101,0.113681845,0,-0.113681845,0.993517101,0,0,0,0.999999881],"scale":1.21448159,"type":"tree_aspen_small_d"}
{"pos":[-197.73851,-50.5606155,255.268494],"rotationMatrix":[0.833384454,0.552693665,0,-0.552693665,0.833384454,0,0,0,0.999999881],"scale":1.49494815,"type":"tree_aspen_small_d"}
{"pos":[-228.697556,-51.5270424,255.600082],"rotationMatrix":[-0.345611423,0.938377559,0,-0.938377559,-0.345611423,0,0,0,0.999999881],"scale":0.910760462,"type":"tree_aspen_small_d"}
{"pos":[-211.605545,-47.3040161,255.245987],"rotationMatrix":[0.490511715,-0.87143445,0,0.87143445,0.490511715,0,0,0,0.999999881],"scale":1.22734928,"type":"tree_aspen_small_d"}
{"pos":[-232.921066,-4.78609371,249.779602],"rotationMatrix":[0.753613293,0.657317996,0,-0.657317996,0.753613293,0,0,0,0.999999881],"scale":1.15627837,"type":"tree_aspen_small_d"}
{"pos":[-227.274338,-5.22818279,249.950638],"rotationMatrix":[-0.727647305,0.685951173,0,-0.685951173,-0.727647305,0,0,0,0.999999881],"scale":1.12195277,"type":"tree_aspen_small_d"}
{"pos":[-114.567413,-5.36562777,249.956268],"rotationMatrix":[0.996025801,0.0890645012,0,-0.0890645012,0.996025801,0,0,0,0.999999881],"scale":1.19709182,"type":"tree_aspen_small_d"}
{"pos":[-91.5665817,-5.79540348,249.767654],"rotationMatrix":[-0.119708151,-0.992809057,0,0.992809057,-0.119708151,0,0,0,0.999999881],"scale":0.91575247,"type":"tree_aspen_small_d"}
{"pos":[-61.1673431,-15.695487,249.621948],"rotationMatrix":[-0.248175725,0.968714952,0,-0.968714952,-0.248175725,0,0,0,0.999999881],"scale":1.11870658,"type":"tree_aspen_small_d"}
{"pos":[-290.055298,-13.1092539,255.43663],"rotationMatrix":[-0.987703264,0.156339228,0,-0.156339228,-0.987703264,0,0,0,0.999999881],"scale":1.15836883,"type":"tree_aspen_small_d"}
{"pos":[-297.239868,7.02474499,254.808899],"rotationMatrix":[-0.655875444,0.754868865,0,-0.754868865,-0.655875444,0,0,0,0.999999881],"scale":0.961247683,"type":"tree_aspen_small_d"}
{"pos":[-305.050537,-16.2614937,256.855255],"rotationMatrix":[-0.92464143,0.380838543,0,-0.380838543,-0.92464143,0,0,0,0.999999881],"scale":0.958454132,"type":"tree_aspen_small_d"}
{"pos":[-317.87146,-5.59167385,258.79834],"rotationMatrix":[-0.987568021,0.157191873,0,-0.157191873,-0.987568021,0,0,0,0.999999881],"scale":1.40996671,"type":"tree_aspen_small_d"}
{"pos":[-308.896057,-15.6063585,256.918213],"rotationMatrix":[0.900850236,-0.434129596,0,0.434129596,0.900850236,0,0,0,0.999999881],"scale":1.10183179,"type":"tree_aspen_small_d"}
{"pos":[-333.332916,-13.8067093,259.615601],"rotationMatrix":[0.799448371,0.60073477,0,-0.60073477,0.799448371,0,0,0,0.999999881],"scale":1.1540544,"type":"tree_aspen_small_d"}
{"pos":[-309.691772,-5.58304787,256.989838],"rotationMatrix":[-0.18864058,-0.982046127,0,0.982046127,-0.18864058,0,0,0,0.999999881],"scale":1.01203585,"type":"tree_aspen_small_d"}
{"pos":[-334.738678,-8.15366936,259.583862],"rotationMatrix":[-0.462333024,-0.886706352,0,0.886706352,-0.462333024,0,0,0,0.999999881],"scale":0.971722305,"type":"tree_aspen_small_d"}
{"pos":[-341.111725,2.10571384,258.907806],"rotationMatrix":[0.932976305,0.359937638,0,-0.359937638,0.932976305,0,0,0,0.999999881],"scale":1.21972704,"type":"tree_aspen_small_d"}
{"pos":[-349.413696,-11.5779114,259.554596],"rotationMatrix":[0.466950029,-0.884283543,0,0.884283543,0.466950029,0,0,0,0.999999881],"scale":1.35898542,"type":"tree_aspen_small_d"}
{"pos":[-345.197113,-10.3501434,259.332184],"rotationMatrix":[0.190215006,0.981742442,0,-0.981742442,0.190215006,0,0,0,0.999999881],"scale":1.18640542,"type":"tree_aspen_small_d"}
{"pos":[-358.358887,-8.33262253,260.757782],"rotationMatrix":[0.736037076,-0.676941097,0,0.676941097,0.736037076,0,0,0,0.999999881],"scale":1.26391351,"type":"tree_aspen_small_d"}
{"pos":[-419.843414,8.92674828,261.46936],"rotationMatrix":[-0.305891097,0.952066362,0,-0.952066362,-0.305891097,0,0,0,0.999999881],"scale":1.23481929,"type":"tree_aspen_small_d"}
{"pos":[-514.352051,3.27272606,262.340485],"rotationMatrix":[-0.572687566,0.819773495,0,-0.819773495,-0.572687566,0,0,0,0.999999881],"scale":1.08704388,"type":"tree_aspen_small_d"}
{"pos":[-606.612976,76.2545776,262.011658],"rotationMatrix":[0.285868257,0.95826894,0,-0.95826894,0.285868257,0,0,0,0.999999881],"scale":1.44193625,"type":"tree_aspen_small_d"}
{"pos":[-566.641663,10.6298275,262.429443],"rotationMatrix":[-0.882977068,-0.469416171,0,0.469416171,-0.882977068,0,0,0,0.999999881],"scale":1.19799364,"type":"tree_aspen_small_d"}
{"pos":[-491.539246,41.675808,260.534332],"rotationMatrix":[-0.996380329,0.0850058943,0,-0.0850058943,-0.996380329,0,0,0,0.999999881],"scale":0.941194057,"type":"tree_aspen_small_d"}
{"pos":[-349.81189,47.9011269,258.607544],"rotationMatrix":[0.877233565,0.480063796,0,-0.480063796,0.877233565,0,0,0,0.999999881],"scale":1.08930266,"type":"tree_aspen_small_d"}
{"pos":[-338.690002,49.9301491,257.773071],"rotationMatrix":[0.947911501,-0.318533361,0,0.318533361,0.947911501,0,0,0,0.999999881],"scale":1.20597351,"type":"tree_aspen_small_d"}
{"pos":[-293.187622,54.2036209,254.827393],"rotationMatrix":[-0.030369943,-0.99953866,0,0.99953866,-0.030369943,0,0,0,0.999999881],"scale":1.09343874,"type":"tree_aspen_small_d"}
{"pos":[-246.138763,45.3334541,250.13942],"rotationMatrix":[0.999649465,-0.0264723208,0,0.0264723208,0.999649465,0,0,0,0.999999881],"scale":1.4045465,"type":"tree_aspen_small_d"}
{"pos":[-88.5021515,40.7579117,249.103729],"rotationMatrix":[-0.212902009,0.977073491,0,-0.977073491,-0.212902009,0,0,0,0.999999881],"scale":1.16163278,"type":"tree_aspen_small_d"}
{"pos":[81.1656342,43.6011505,253.46669],"rotationMatrix":[0.858896136,-0.512149572,0,0.512149572,0.858896136,0,0,0,0.999999881],"scale":0.906140208,"type":"tree_aspen_small_d"}
{"pos":[-421.658386,-145.368622,261.414032],"rotationMatrix":[0.895739436,0.444579363,0,-0.444579363,0.895739436,0,0,0,0.999999881],"scale":1.42447424,"type":"tree_aspen_small_d"}
{"pos":[-383.31488,-120.461258,261.84549],"rotationMatrix":[0.720706284,-0.693240285,0,0.693240285,0.720706284,0,0,0,0.999999881],"scale":0.948551357,"type":"tree_aspen_small_d"}
{"pos":[-334.053772,-126.786736,263.074554],"rotationMatrix":[0.979682028,0.200556606,0,-0.200556606,0.979682028,0,0,0,0.999999881],"scale":1.07797158,"type":"tree_aspen_small_d"}
{"pos":[-258.458282,-133.688461,289.65274],"rotationMatrix":[-0.68793577,0.725771487,0,-0.725771487,-0.68793577,0,0,0,0.999999881],"scale":1.47179484,"type":"tree_aspen_small_d"}
{"pos":[-279.118866,-129.37616,284.842224],"rotationMatrix":[0.794412136,-0.60737884,0,0.60737884,0.794412136,0,0,0,0.999999881],"scale":0.949657083,"type":"tree_aspen_small_d"}
{"pos":[-293.676758,-149.280258,286.668091],"rotationMatrix":[-0.997419,-0.0717990994,0,0.0717990994,-0.997419,0,0,0,0.999999881],"scale":1.38491321,"type":"tree_aspen_small_d"}
{"pos":[-271.245178,-136.852203,288.124084],"rotationMatrix":[0.997060359,0.0766196176,0,-0.0766196176,0.997060359,0,0,0,0.999999881],"scale":1.13788462,"type":"tree_aspen_small_d"}
{"pos":[-369.318298,-183.743347,281.941132],"rotationMatrix":[0.0228301063,0.99973923,0,-0.99973923,0.0228301063,0,0,0,0.999999881],"scale":1.07530427,"type":"tree_aspen_small_d"}
{"pos":[-311.725159,-195.029419,282.790192],"rotationMatrix":[0.232316449,0.972640216,0,-0.972640216,0.232316449,0,0,0,0.999999881],"scale":0.928058088,"type":"tree_aspen_small_d"}
{"pos":[-292.584015,-192.192612,283.176788],"rotationMatrix":[-0.522812366,-0.852447569,0,0.852447569,-0.522812366,0,0,0,0.999999881],"scale":1.44764292,"type":"tree_aspen_small_d"}
{"pos":[-266.500275,-189.996323,283.101562],"rotationMatrix":[0.91576618,0.401711673,0,-0.401711673,0.91576618,0,0,0,0.999999881],"scale":1.26832604,"type":"tree_aspen_small_d"}
{"pos":[-215.6707,-168.438965,281.365967],"rotationMatrix":[-0.0353208594,0.99937588,0,-0.99937588,-0.0353208594,0,0,0,0.999999881],"scale":1.20392883,"type":"tree_aspen_small_d"}
{"pos":[-138.275421,-175.170593,273.040283],"rotationMatrix":[0.579418004,0.815030515,0,-0.815030515,0.579418004,0,0,0,0.999999881],"scale":1.49673831,"type":"tree_aspen_small_d"}
{"pos":[-128.324066,-165.291962,273.314148],"rotationMatrix":[-0.656572044,-0.754263341,0,0.754263341,-0.656572044,0,0,0,0.999999881],"scale":1.46970761,"type":"tree_aspen_small_d"}
{"pos":[-118.270737,-175.231949,273.279694],"rotationMatrix":[0.970965445,-0.239219233,0,0.239219233,0.970965445,0,0,0,0.999999881],"scale":1.09932852,"type":"tree_aspen_small_d"}
{"pos":[-111.746964,-158.281113,273.323944],"rotationMatrix":[0.935347617,-0.353729516,0,0.353729516,0.935347617,0,0,0,0.999999881],"scale":0.908866942,"type":"tree_aspen_small_d"}
{"pos":[-97.6491852,-175.026062,272.233368],"rotationMatrix":[0.818608999,0.574351251,0,-0.574351251,0.818608999,0,0,0,0.999999881],"scale":1.08133006,"type":"tree_aspen_small_d"}
{"pos":[-393.433167,-193.841843,276.449005],"rotationMatrix":[0.958653986,-0.284574002,0,0.284574002,0.958653986,0,0,0,0.999999881],"scale":1.00509071,"type":"tree_aspen_small_d"}
{"pos":[-423.455566,-192.172836,267.748505],"rotationMatrix":[0.562805593,0.826589286,0,-0.826589286,0.562805593,0,0,0,0.999999881],"scale":1.1427201,"type":"tree_aspen_small_d"}
{"pos":[-389.051697,-166.78775,268.308228],"rotationMatrix":[0.596894383,0.802319825,0,-0.802319825,0.596894383,0,0,0,0.999999881],"scale":0.937709212,"type":"tree_aspen_small_d"}
{"pos":[-386.928436,-165.257095,267.286591],"rotationMatrix":[0.0481554233,-0.998839736,0,0.998839736,0.0481554233,0,0,0,0.999999881],"scale":1.18505704,"type":"tree_aspen_small_d"}
{"pos":[-382.808777,-188.531448,277.799683],"rotationMatrix":[-0.174276024,-0.984696805,0,0.984696805,-0.174276024,0,0,0,0.999999881],"scale":1.37765479,"type":"tree_aspen_small_d"}
{"pos":[-406.169647,-176.678757,267.10672],"rotationMatrix":[-0.40605855,0.91384691,0,-0.91384691,-0.40605855,0,0,0,0.999999881],"scale":1.33833849,"type":"tree_aspen_small_d"}
{"pos":[-337.907471,-138.991837,266.7966],"rotationMatrix":[-0.907410026,0.420246184,0,-0.420246184,-0.907410026,0,0,0,0.999999881],"scale":1.37591982,"type":"tree_aspen_small_d"}
{"pos":[-336.661896,-132.66246,263.93927],"rotationMatrix":[-0.712526143,0.701645434,0,-0.701645434,-0.712526143,0,0,0,0.999999881],"scale":1.35415876,"type":"tree_aspen_small_d"}
{"pos":[-296.66217,-105.467888,258.719757],"rotationMatrix":[-0.0153329,-0.9998824,0,0.9998824,-0.0153329,0,0,0,0.999999881],"scale":1.28453946,"type":"tree_aspen_small_d"}
{"pos":[-270.493683,-97.4525299,257.277069],"rotationMatrix":[0.999931276,0.0117149679,0,-0.0117149679,0.999931276,0,0,0,0.999999881],"scale":1.1246438,"type":"tree_aspen_small_d"}
{"pos":[-266.594147,-98.0397644,257.830902],"rotationMatrix":[-0.992235601,-0.124371365,0,0.124371365,-0.992235601,0,0,0,0.999999881],"scale":1.19599295,"type":"tree_aspen_small_d"}
{"pos":[-336.067749,-173.291763,283.286194],"rotationMatrix":[0.442790002,0.89662534,0,-0.89662534,0.442790002,0,0,0,0.999999881],"scale":1.02475727,"type":"tree_aspen_small_d"}
{"pos":[-67.2436218,-272.762024,263.939911],"rotationMatrix":[0.700806558,0.713351369,0,-0.713351369,0.700806558,0,0,0,0.999999881],"scale":1.29464352,"type":"tree_aspen_small_d"}
{"pos":[-128.972488,-279.927277,263.453186],"rotationMatrix":[0.697533071,0.716552615,0,-0.716552615,0.697533071,0,0,0,0.999999881],"scale":1.03439116,"type":"tree_aspen_small_d"}
{"pos":[-175.248535,-284.838806,263.810333],"rotationMatrix":[-0.543340921,0.839511931,0,-0.839511931,-0.543340921,0,0,0,0.999999881],"scale":1.03989744,"type":"tree_aspen_small_d"}
{"pos":[-173.245956,-287.51947,263.739105],"rotationMatrix":[-0.28990972,0.9570539,0,-0.9570539,-0.28990972,0,0,0,0.999999881],"scale":1.21446061,"type":"tree_aspen_small_d"}
{"pos":[-175.447235,-292.481903,264.15271],"rotationMatrix":[-0.876935661,0.48060751,0,-0.48060751,-0.876935661,0,0,0,0.999999881],"scale":1.14376235,"type":"tree_aspen_small_d"}
{"pos":[-178.426193,-289.712341,263.612793],"rotationMatrix":[-0.560045063,0.828461945,0,-0.828461945,-0.560045063,0,0,0,0.999999881],"scale":1.03926051,"type":"tree_aspen_small_d"}
{"pos":[-176.469528,-303.939667,262.835449],"rotationMatrix":[-0.910276771,-0.414000243,0,0.414000243,-0.910276771,0,0,0,0.999999881],"scale":1.19883847,"type":"tree_aspen_small_d"}
{"pos":[-197.043091,-304.97171,264.586487],"rotationMatrix":[-0.580621839,0.814173102,0,-0.814173102,-0.580621839,0,0,0,0.999999881],"scale":1.27423704,"type":"tree_aspen_small_d"}
{"pos":[-192.127472,-308.075043,263.476227],"rotationMatrix":[-0.00751661463,0.999971628,0,-0.999971628,-0.00751661463,0,0,0,0.999999881],"scale":1.01914787,"type":"tree_aspen_small_d"}
{"pos":[-198.615768,-312.764709,263.182861],"rotationMatrix":[0.975831807,-0.218522474,0,0.218522474,0.975831807,0,0,0,0.999999881],"scale":0.933516979,"type":"tree_aspen_small_d"}
{"pos":[-212.297287,-309.963562,263.335052],"rotationMatrix":[0.972197652,-0.234161422,0,0.234161422,0.972197652,0,0,0,0.999999881],"scale":0.903062999,"type":"tree_aspen_small_d"}
{"pos":[-219.953217,-300.485504,264.899261],"rotationMatrix":[0.87918371,-0.476482719,0,0.476482719,0.87918371,0,0,0,0.999999881],"scale":1.38726211,"type":"tree_aspen_small_d"}
{"pos":[-220.632446,-296.209259,264.223969],"rotationMatrix":[0.962046444,0.27288568,0,-0.27288568,0.962046444,0,0,0,0.999999881],"scale":1.06235814,"type":"tree_aspen_small_d"}
{"pos":[-233.201355,-301.895721,263.337738],"rotationMatrix":[-0.573153436,-0.819447935,0,0.819447935,-0.573153436,0,0,0,0.999999881],"scale":1.49255741,"type":"tree_aspen_small_d"}
{"pos":[-237.868225,-297.930298,263.911499],"rotationMatrix":[0.998968422,-0.0454079509,0,0.0454079509,0.998968422,0,0,0,0.999999881],"scale":1.02596903,"type":"tree_aspen_small_d"}
{"pos":[-246.978348,-290.301971,264.093689],"rotationMatrix":[-0.512605727,-0.858624041,0,0.858624041,-0.512605727,0,0,0,0.999999881],"scale":1.17055881,"type":"tree_aspen_small_d"}
{"pos":[-253.051743,-294.401367,263.702209],"rotationMatrix":[-0.961166024,0.27597025,0,-0.27597025,-0.961166024,0,0,0,0.999999881],"scale":1.15219235,"type":"tree_aspen_small_d"}
{"pos":[-237.436752,-293.122742,265.211578],"rotationMatrix":[-0.0885643959,-0.996070325,0,0.996070325,-0.0885643959,0,0,0,0.999999881],"scale":1.12926245,"type":"tree_aspen_small_d"}
{"pos":[-223.182785,-280.823242,264.691681],"rotationMatrix":[0.886841238,-0.462073952,0,0.462073952,0.886841238,0,0,0,0.999999881],"scale":1.26618922,"type":"tree_aspen_small_d"}
{"pos":[-183.558853,-283.576935,264.366486],"rotationMatrix":[0.991598129,0.129356042,0,-0.129356042,0.991598129,0,0,0,0.999999881],"scale":1.06438088,"type":"tree_aspen_small_d"}
{"pos":[-153.329407,-275.537079,263.610931],"rotationMatrix":[0.953610241,-0.30104357,0,0.30104357,0.953610241,0,0,0,0.999999881],"scale":1.43332303,"type":"tree_aspen_small_d"}
{"pos":[-131.659134,-280.184387,263.494537],"rotationMatrix":[0.45302695,0.891496837,0,-0.891496837,0.45302695,0,0,0,0.999999881],"scale":1.03174806,"type":"tree_aspen_small_d"}
{"pos":[-110.316452,-278.250183,263.49646],"rotationMatrix":[0.992452204,-0.122630976,0,0.122630976,0.992452204,0,0,0,0.999999881],"scale":1.41698575,"type":"tree_aspen_small_d"}
{"pos":[-106.599342,-276.838806,264.27356],"rotationMatrix":[-0.15763472,0.987497389,0,-0.987497389,-0.15763472,0,0,0,0.999999881],"scale":1.1808939,"type":"tree_aspen_small_d"}
{"pos":[-111.655685,-280.392914,263.563416],"rotationMatrix":[-0.0840016976,-0.996465504,0,0.996465504,-0.0840016976,0,0,0,0.999999881],"scale":0.963964224,"type":"tree_aspen_small_d"}
{"pos":[-80.0805969,-275.899536,263.905487],"rotationMatrix":[0.620681465,0.784062803,0,-0.784062803,0.620681465,0,0,0,0.999999881],"scale":1.44212949,"type":"tree_aspen_small_d"}
{"pos":[-76.0378876,-285.459656,264.170502],"rotationMatrix":[0.58318913,-0.812336266,0,0.812336266,0.58318913,0,0,0,0.999999881],"scale":1.1387763,"type":"tree_aspen_small_d"}
{"pos":[-166.232513,-297.67569,263.341034],"rotationMatrix":[0.989402354,0.145199463,0,-0.145199463,0.989402354,0,0,0,0.999999881],"scale":1.4738481,"type":"tree_aspen_small_d"}
{"pos":[-280.77301,-271.665375,263.923584],"rotationMatrix":[0.154744163,0.987954557,0,-0.987954557,0.154744163,0,0,0,0.999999881],"scale":0.916317344,"type":"tree_aspen_small_d"}
{"pos":[-279.777893,-269.224915,263.410248],"rotationMatrix":[0.78985405,-0.613294661,0,0.613294661,0.78985405,0,0,0,0.999999881],"scale":1.43065059,"type":"tree_aspen_small_d"}
{"pos":[-250.018082,-268.861877,263.299377],"rotationMatrix":[-0.426718771,-0.904384255,0,0.904384255,-0.426718771,0,0,0,0.999999881],"scale":1.05852866,"type":"tree_aspen_small_d"}
{"pos":[-239.883652,-271.255676,263.168701],"rotationMatrix":[0.969100296,0.246666789,0,-0.246666789,0.969100296,0,0,0,0.999999881],"scale":1.08388078,"type":"tree_aspen_small_d"}
{"pos":[-212.311691,-267.24234,263.360016],"rotationMatrix":[-0.982992351,0.183645874,0,-0.183645874,-0.982992351,0,0,0,0.999999881],"scale":1.39084792,"type":"tree_aspen_small_d"}
{"pos":[-202.472977,-271.192902,263.65094],"rotationMatrix":[0.651273549,0.758843005,0,-0.758843005,0.651273549,0,0,0,0.999999881],"scale":1.44308209,"type":"tree_aspen_small_d"}
{"pos":[-175.454651,-267.098267,264.020569],"rotationMatrix":[-0.990066826,-0.140597388,0,0.140597388,-0.990066826,0,0,0,0.999999881],"scale":1.06126428,"type":"tree_aspen_small_d"}
{"pos":[-153.631805,-280.866058,263.072296],"rotationMatrix":[-0.93686074,0.349702358,0,-0.349702358,-0.93686074,0,0,0,0.999999881],"scale":1.25287914,"type":"tree_aspen_small_d"}
{"pos":[-359.950928,-291.137817,284.187775],"rotationMatrix":[0.32625398,0.945282161,0,-0.945282161,0.32625398,0,0,0,0.999999881],"scale":1.00955987,"type":"tree_aspen_small_d"}
{"pos":[-413.808533,-286.49115,283.078156],"rotationMatrix":[0.294782221,-0.95556438,0,0.95556438,0.294782221,0,0,0,0.999999881],"scale":1.49125874,"type":"tree_aspen_small_d"}
{"pos":[-682.385742,-181.047806,270.600983],"rotationMatrix":[0.974025726,0.226437047,0,-0.226437047,0.974025726,0,0,0,0.999999881],"scale":0.990302145,"type":"tree_aspen_small_d"}
{"pos":[-670.949829,-157.294342,267.563171],"rotationMatrix":[0.225958034,-0.974136889,0,0.974136889,0.225958034,0,0,0,0.999999881],"scale":1.25791299,"type":"tree_aspen_small_d"}
{"pos":[-679.90094,-147.213272,268.749268],"rotationMatrix":[0.617967606,0.786203563,0,-0.786203563,0.617967606,0,0,0,0.999999881],"scale":1.07493877,"type":"tree_aspen_small_d"}
{"pos":[-673.432678,-141.823868,268.520111],"rotationMatrix":[-0.845854759,-0.533413291,0,0.533413291,-0.845854759,0,0,0,0.999999881],"scale":1.0797863,"type":"tree_aspen_small_d"}
{"pos":[-636.306885,-112.563164,268.03302],"rotationMatrix":[0.69175005,-0.722136915,0,0.722136915,0.69175005,0,0,0,0.999999881],"scale":0.9573102,"type":"tree_aspen_small_d"}
{"pos":[-644.69635,-115.07267,267.94458],"rotationMatrix":[-0.635889947,-0.771779597,0,0.771779597,-0.635889947,0,0,0,0.999999881],"scale":1.01525235,"type":"tree_aspen_small_d"}
{"pos":[-639.246338,-136.146118,266.359344],"rotationMatrix":[0.987189472,-0.159551814,0,0.159551814,0.987189472,0,0,0,0.999999881],"scale":1.23142421,"type":"tree_aspen_small_d"}
{"pos":[-662.059814,-165.761948,267.805389],"rotationMatrix":[0.370987564,0.928637803,0,-0.928637803,0.370987564,0,0,0,0.999999881],"scale":0.940105379,"type":"tree_aspen_small_d"}
{"pos":[-672.786316,-213.272583,273.091858],"rotationMatrix":[-0.715850413,-0.698253632,0,0.698253632,-0.715850413,0,0,0,0.999999881],"scale":1.02599835,"type":"tree_aspen_small_d"}
{"pos":[-661.788818,-207.909103,272.529755],"rotationMatrix":[0.98733753,0.158632889,0,-0.158632889,0.98733753,0,0,0,0.999999881],"scale":0.933236897,"type":"tree_aspen_small_d"}
{"pos":[-689.713013,-153.459442,269.673981],"rotationMatrix":[0.787094474,-0.616832316,0,0.616832316,0.787094474,0,0,0,0.999999881],"scale":1.15930974,"type":"tree_aspen_small_d"}
{"pos":[-692.046814,-129.304932,271.255371],"rotationMatrix":[0.996738851,0.0806934536,0,-0.0806934536,0.996738851,0,0,0,0.999999881],"scale":1.33170867,"type":"tree_aspen_small_d"}
{"pos":[-672.715759,-113.652458,269.551117],"rotationMatrix":[0.981502712,0.191448033,0,-0.191448033,0.981502712,0,0,0,0.999999881],"scale":1.15293813,"type":"tree_aspen_small_d"}
{"pos":[-664.389893,-107.247726,269.034698],"rotationMatrix":[0.402707338,-0.915328741,0,0.915328741,0.402707338,0,0,0,0.999999881],"scale":1.40566587,"type":"tree_aspen_small_d"}
{"pos":[-666.00354,-111.061348,268.927246],"rotationMatrix":[0.999964952,-0.00836408697,0,0.00836408697,0.999964952,0,0,0,0.999999881],"scale":1.30941653,"type":"tree_aspen_small_d"}
{"pos":[-704.74707,-150.942444,272.693268],"rotationMatrix":[0.56599772,-0.824406743,0,0.824406743,0.56599772,0,0,0,0.999999881],"scale":1.14147854,"type":"tree_aspen_small_d"}
{"pos":[-696.334778,-167.389053,272.316833],"rotationMatrix":[0.148687273,0.988884211,0,-0.988884211,0.148687273,0,0,0,0.999999881],"scale":1.08379257,"type":"tree_aspen_small_d"}
{"pos":[-691.696472,-161.995331,270.554291],"rotationMatrix":[-0.816507638,0.577334464,0,-0.577334464,-0.816507638,0,0,0,0.999999881],"scale":1.13270998,"type":"tree_aspen_small_d"}
{"pos":[-677.182983,-136.59465,269.173279],"rotationMatrix":[-0.61970681,-0.784833252,0,0.784833252,-0.61970681,0,0,0,0.999999881],"scale":0.912605762,"type":"tree_aspen_small_d"}
{"pos":[-681.055481,-132.412643,269.634369],"rotationMatrix":[0.993218124,-0.116264805,0,0.116264805,0.993218124,0,0,0,0.999999881],"scale":1.24565423,"type":"tree_aspen_small_d"}
{"pos":[-119.800072,-221.562347,273.674011],"rotationMatrix":[-0.652458966,0.757823765,0,-0.757823765,-0.652458966,0,0,0,0.999999881],"scale":1.15479565,"type":"tree_aspen_small_d"}
{"pos":[-149.256897,-215.470825,273.747894],"rotationMatrix":[0.787299573,-0.616570532,0,0.616570532,0.787299573,0,0,0,0.999999881],"scale":1.13051867,"type":"tree_aspen_small_d"}
{"pos":[-298.285797,-316.415253,303.193848],"rotationMatrix":[0.831779957,-0.555105269,0,0.555105269,0.831779957,0,0,0,0.999999881],"scale":1.31415308,"type":"tree_aspen_small_d"}
{"pos":[-269.90329,-316.496521,303.227264],"rotationMatrix":[-0.371741682,0.928336084,0,-0.928336084,-0.371741682,0,0,0,0.999999881],"scale":1.33918774,"type":"tree_aspen_small_d"}
{"pos":[-251.696503,-331.511871,301.540497],"rotationMatrix":[-0.986165881,-0.165761158,0,0.165761158,-0.986165881,0,0,0,0.999999881],"scale":1.48299909,"type":"tree_aspen_small_d"}
{"pos":[-153.261627,-325.555756,291.663879],"rotationMatrix":[0.992329895,-0.123616874,0,0.123616874,0.992329895,0,0,0,0.999999881],"scale":0.921631098,"type":"tree_aspen_small_d"}
{"pos":[-78.3339691,-363.059082,283.973816],"rotationMatrix":[-0.695701182,0.718331039,0,-0.718331039,-0.695701182,0,0,0,0.999999881],"scale":1.37505221,"type":"tree_aspen_small_d"}
{"pos":[-92.6092911,-335.074615,285.880615],"rotationMatrix":[0.851251125,-0.524758279,0,0.524758279,0.851251125,0,0,0,0.999999881],"scale":1.44131315,"type":"tree_aspen_small_d"}
{"pos":[-94.3488617,-321.653229,285.021881],"rotationMatrix":[0.379932135,-0.925014257,0,0.925014257,0.379932135,0,0,0,0.999999881],"scale":1.47885334,"type":"tree_aspen_small_d"}
{"pos":[-80.1253204,-336.546844,284.770935],"rotationMatrix":[-0.329421937,-0.944182754,0,0.944182754,-0.329421937,0,0,0,0.999999881],"scale":1.47250366,"type":"tree_aspen_small_d"}
{"pos":[-86.5304947,-322.30658,285.89151],"rotationMatrix":[-0.9992311,-0.0392044708,0,0.0392044708,-0.9992311,0,0,0,0.999999881],"scale":1.45837557,"type":"tree_aspen_small_d"}
{"pos":[-120.461334,-316.333588,284.582306],"rotationMatrix":[-0.106807493,0.994279563,0,-0.994279563,-0.106807493,0,0,0,0.999999881],"scale":1.21529782,"type":"tree_aspen_small_d"}
{"pos":[-112.847946,-359.477661,283.055359],"rotationMatrix":[0.491447002,-0.870907426,0,0.870907426,0.491447002,0,0,0,0.999999881],"scale":1.1733067,"type":"tree_aspen_small_d"}
{"pos":[118.643616,-295.21579,274.22876],"rotationMatrix":[0.0245812517,-0.999697745,0,0.999697745,0.0245812517,0,0,0,0.999999881],"scale":1.13124776,"type":"tree_aspen_small_d"}
{"pos":[109.034889,-293.807281,274.702881],"rotationMatrix":[-0.678339124,0.734748662,0,-0.734748662,-0.678339124,0,0,0,0.999999881],"scale":1.24064016,"type":"tree_aspen_small_d"}
{"pos":[88.5086441,-301.997955,274.161438],"rotationMatrix":[-0.114587143,-0.99341315,0,0.99341315,-0.114587143,0,0,0,0.999999881],"scale":1.35844862,"type":"tree_aspen_small_d"}
{"pos":[200.281067,-103.723564,273.520386],"rotationMatrix":[-0.99928236,-0.0378748477,0,0.0378748477,-0.99928236,0,0,0,0.999999881],"scale":0.992796242,"type":"tree_aspen_small_d"}
{"pos":[168.514771,-160.332306,274.443298],"rotationMatrix":[-0.982969224,0.183769852,0,-0.183769852,-0.982969224,0,0,0,0.999999881],"scale":1.3323319,"type":"tree_aspen_small_d"}
{"pos":[178.463959,-196.568497,273.158203],"rotationMatrix":[0.96611464,0.258113086,0,-0.258113086,0.96611464,0,0,0,0.999999881],"scale":1.33332491,"type":"tree_aspen_small_d"}
{"pos":[192.04657,-142.28511,273.298065],"rotationMatrix":[-0.794810474,0.606857657,0,-0.606857657,-0.794810474,0,0,0,0.999999881],"scale":0.923014283,"type":"tree_aspen_small_d"}
{"pos":[201.910675,-113.756371,273.82959],"rotationMatrix":[-0.997855604,0.0654520914,0,-0.0654520914,-0.997855604,0,0,0,0.999999881],"scale":0.933452845,"type":"tree_aspen_small_d"}
{"pos":[-531.141357,169.674011,272.088715],"rotationMatrix":[0.394584566,-0.918859541,0,0.918859541,0.394584566,0,0,0,0.999999881],"scale":1.44794309,"type":"tree_aspen_small_d"}
{"pos":[-518.017151,145.538132,272.484467],"rotationMatrix":[0.932850659,-0.36026302,0,0.36026302,0.932850659,0,0,0,0.999999881],"scale":1.20815587,"type":"tree_aspen_small_d"}
{"pos":[-461.732605,136.049866,273.158905],"rotationMatrix":[-0.182908505,-0.983129859,0,0.983129859,-0.182908505,0,0,0,0.999999881],"scale":1.29388154,"type":"tree_aspen_small_d"}
{"pos":[-534.566772,186.519348,261.951172],"rotationMatrix":[0.938913524,-0.344152749,0,0.344152749,0.938913524,0,0,0,0.999999881],"scale":1.21308482,"type":"tree_aspen_small_d"}
{"pos":[-571.438538,136.981445,261.220703],"rotationMatrix":[0.931505978,-0.363725781,0,0.363725781,0.931505978,0,0,0,0.999999881],"scale":1.03093481,"type":"tree_aspen_small_d"}
{"pos":[-564.428162,144.112778,260.956543],"rotationMatrix":[0.574902952,-0.81822145,0,0.81822145,0.574902952,0,0,0,0.999999881],"scale":1.19501388,"type":"tree_aspen_small_d"}
{"pos":[-554.95575,143.280502,261.25769],"rotationMatrix":[0.999604404,0.0281247385,0,-0.0281247385,0.999604404,0,0,0,0.999999881],"scale":1.49030733,"type":"tree_aspen_small_d"}
{"pos":[-554.852844,167.130432,261.244354],"rotationMatrix":[-0.427134454,-0.904187977,0,0.904187977,-0.427134454,0,0,0,0.999999881],"scale":0.988274336,"type":"tree_aspen_small_d"}
{"pos":[-550.392334,176.73317,261.790253],"rotationMatrix":[0.709113121,0.705094755,0,-0.705094755,0.709113121,0,0,0,0.999999881],"scale":1.08642745,"type":"tree_aspen_small_d"}
{"pos":[-614.430786,143.752975,262.150269],"rotationMatrix":[-0.115639158,-0.993291199,0,0.993291199,-0.115639158,0,0,0,0.999999881],"scale":1.17108274,"type":"tree_aspen_small_d"}
{"pos":[-598.807373,174.037994,261.942352],"rotationMatrix":[-0.878819764,-0.477153659,0,0.477153659,-0.878819764,0,0,0,0.999999881],"scale":1.09576738,"type":"tree_aspen_small_d"}
{"pos":[-602.713318,177.077591,262.111511],"rotationMatrix":[-0.832887709,-0.553442001,0,0.553442001,-0.832887709,0,0,0,0.999999881],"scale":0.929192305,"type":"tree_aspen_small_d"}
{"pos":[-601.510376,213.375732,261.928772],"rotationMatrix":[0.432164788,0.901794672,0,-0.901794672,0.432164788,0,0,0,0.999999881],"scale":1.14553165,"type":"tree_aspen_small_d"}
{"pos":[-578.677307,193.187241,261.632355],"rotationMatrix":[-0.985305488,0.170801297,0,-0.170801297,-0.985305488,0,0,0,0.999999881],"scale":1.16091633,"type":"tree_aspen_small_d"}
{"pos":[-592.898438,162.387405,262.730682],"rotationMatrix":[-0.424736172,-0.905317128,0,0.905317128,-0.424736172,0,0,0,0.999999881],"scale":0.965046406,"type":"tree_aspen_small_d"}
{"pos":[-707.865051,276.109802,289.974121],"rotationMatrix":[-0.991708219,-0.128508776,0,0.128508776,-0.991708219,0,-0,0,0.999999881],"scale":1.47443175,"type":"tree_aspen_small_d"}
{"pos":[-681.713806,256.31723,289.002563],"rotationMatrix":[0.375043213,-0.927007258,0,0.927007258,0.375043213,0,-0,0,0.999999881],"scale":1.25362551,"type":"tree_aspen_small_d"}
