{"pos":[362.222168,50.0818214,258.247833],"rotationMatrix":[0.86536628,0.50113982,0,-0.50113982,0.86536628,0,0,0,0.999999881],"scale":1.06697047,"type":"tree_aspen_wall"}
{"pos":[313.913208,92.7090988,255.613693],"rotationMatrix":[0.468473643,0.883477509,0,-0.883477509,0.468473643,0,0,0,0.999999881],"scale":1.47288966,"type":"tree_aspen_wall"}
{"pos":[241.016602,155.211578,253.520905],"rotationMatrix":[-0.865365446,-0.501141369,0,0.501141369,-0.865365446,0,0,0,0.999999881],"scale":1.01724279,"type":"tree_aspen_wall"}
{"pos":[263.101685,138.861984,253.710632],"rotationMatrix":[-0.122307673,0.992492139,0,-0.992492139,-0.122307673,0,0,0,0.999999881],"scale":1.07840264,"type":"tree_aspen_wall"}
{"pos":[162.323318,117.542305,254.271622],"rotationMatrix":[-0.839420199,-0.543482721,0,0.543482721,-0.839420199,0,0,0,0.999999881],"scale":1.09031701,"type":"tree_aspen_wall"}
{"pos":[162.302353,73.2809753,254.246658],"rotationMatrix":[0.250766724,-0.96804744,0,0.96804744,0.250766724,0,0,0,0.999999881],"scale":0.995283008,"type":"tree_aspen_wall"}
{"pos":[168.450226,54.8244476,254.295959],"rotationMatrix":[0.285299301,-0.958438456,0,0.958438456,0.285299301,0,0,0,0.999999881],"scale":0.935094118,"type":"tree_aspen_wall"}
{"pos":[-36.1613846,-110.198776,255.040726],"rotationMatrix":[0.998446643,-0.0557112694,0,0.0557112694,0.998446643,0,0,0,0.999999642],"scale":1.41301394,"type":"tree_aspen_wall"}
{"pos":[-35.9104614,-101.325302,255.040726],"rotationMatrix":[-0.998446524,0.055711586,0,-0.055711586,-0.998446524,0,0,0,0.999999523],"scale":1.41301394,"type":"tree_aspen_wall"}
{"pos":[-50.0735359,-100.98378,255.040726],"rotationMatrix":[-0.998446524,0.055711586,0,-0.055711586,-0.998446524,0,0,0,0.999999523],"scale":1.41301394,"type":"tree_aspen_wall"}
{"pos":[-50.3244591,-109.857254,255.040726],"rotationMatrix":[0.998446643,-0.0557112694,0,0.0557112694,0.998446643,0,0,0,0.999999642],"scale":1.41301394,"type":"tree_aspen_wall"}
{"pos":[-64.8846817,-100.964508,255.040726],"rotationMatrix":[-0.998446524,0.055711586,0,-0.055711586,-0.998446524,0,0,0,0.999999523],"scale":1.41301394,"type":"tree_aspen_wall"}
{"pos":[-65.1356049,-109.837982,255.040726],"rotationMatrix":[0.998446643,-0.0557112694,0,0.0557112694,0.998446643,0,0,0,0.999999642],"scale":1.41301394,"type":"tree_aspen_wall"}
{"pos":[-78.288887,-104.666946,255.040726],"rotationMatrix":[-0.863477349,-0.504386544,0,0.504386544,-0.863477349,0,0,0,0.999999404],"scale":1.41301394,"type":"tree_aspen_wall"}
{"pos":[-78.8740311,-108.088539,255.040726],"rotationMatrix":[0.977032959,-0.21308668,0,0.21308668,0.977032959,0,0,0,0.999999523],"scale":1.41301394,"type":"tree_aspen_wall"}
{"pos":[-48.9478035,-105.064232,255.040726],"rotationMatrix":[0.998446643,-0.0557112694,0,0.0557112694,0.998446643,0,0,0,0.999999642],"scale":1.41301394,"type":"tree_aspen_wall"}
{"pos":[-60.4743652,-104.859604,253.376175],"rotationMatrix":[0.998446643,-0.0557112694,0,0.0557112694,0.998446643,0,0,0,0.999999642],"scale":1.41301394,"type":"tree_aspen_wall"}
{"pos":[-57.6115456,-107.536247,255.040726],"rotationMatrix":[0.998446643,-0.0557112694,0,0.0557112694,0.998446643,0,0,0,0.999999642],"scale":1.41301394,"type":"tree_aspen_wall"}
{"pos":[-108.790222,-56.4589119,255.040726],"rotationMatrix":[0.68228817,-0.731082797,0,0.731082797,0.68228817,0,0,0,0.999999523],"scale":1.41301394,"type":"tree_aspen_wall"}
{"pos":[-98.3436737,-66.2566605,255.040726],"rotationMatrix":[0.68228817,-0.731082797,0,0.731082797,0.68228817,0,0,0,0.999999523],"scale":1.41301394,"type":"tree_aspen_wall"}
{"pos":[-121.293312,-48.944397,255.040726],"rotationMatrix":[0.885880888,-0.463911742,0,0.463911742,0.885880888,0,0,0,0.999999404],"scale":1.41301394,"type":"tree_aspen_wall"}
{"pos":[-134.394928,-43.1585617,255.040726],"rotationMatrix":[0.885880888,-0.463911742,0,0.463911742,0.885880888,0,0,0,0.999999404],"scale":1.41301394,"type":"tree_aspen_wall"}
{"pos":[-147.000183,-40.2411766,255.040726],"rotationMatrix":[0.993485034,-0.113957822,0,0.113957822,0.993485034,0,0,0,0.999999285],"scale":1.41301394,"type":"tree_aspen_wall"}
{"pos":[-161.306213,-39.558876,255.040726],"rotationMatrix":[0.993485034,-0.113957822,0,0.113957822,0.993485034,0,0,0,0.999999285],"scale":1.41301394,"type":"tree_aspen_wall"}
{"pos":[-153.661453,-44.5871048,255.040726],"rotationMatrix":[0.993485034,-0.113957822,0,0.113957822,0.993485034,0,0,0,0.999999285],"scale":1.41301394,"type":"tree_aspen_wall"}
{"pos":[-167.967484,-43.9048042,255.040726],"rotationMatrix":[0.993485034,-0.113957822,0,0.113957822,0.993485034,0,0,0,0.999999285],"scale":1.41301394,"type":"tree_aspen_wall"}
{"pos":[-141.056198,-47.5044899,255.040726],"rotationMatrix":[0.885880888,-0.463911742,0,0.463911742,0.885880888,0,0,0,0.999999404],"scale":1.41301394,"type":"tree_aspen_wall"}
{"pos":[-127.954575,-53.2903252,255.040726],"rotationMatrix":[0.885880888,-0.463911742,0,0.463911742,0.885880888,0,0,0,0.999999404],"scale":1.41301394,"type":"tree_aspen_wall"}
{"pos":[-115.451492,-60.8048401,255.040726],"rotationMatrix":[0.68228817,-0.731082797,0,0.731082797,0.68228817,0,0,0,0.999999523],"scale":1.41301394,"type":"tree_aspen_wall"}
{"pos":[-105.004944,-70.602623,255.040726],"rotationMatrix":[0.68228817,-0.731082797,0,0.731082797,0.68228817,0,0,0,0.999999523],"scale":1.41301394,"type":"tree_aspen_wall"}
{"pos":[-108.858658,-86.3753128,255.040726],"rotationMatrix":[0.68228817,-0.731082797,0,0.731082797,0.68228817,0,0,0,0.999999523],"scale":1.41301394,"type":"tree_aspen_wall"}
{"pos":[-119.305206,-76.5775223,255.040726],"rotationMatrix":[0.68228817,-0.731082797,0,0.731082797,0.68228817,0,0,0,0.999999523],"scale":1.41301394,"type":"tree_aspen_wall"}
{"pos":[-131.808289,-69.0630112,255.040726],"rotationMatrix":[0.885880888,-0.463911742,0,0.463911742,0.885880888,0,0,0,0.999999404],"scale":1.41301394,"type":"tree_aspen_wall"}
{"pos":[-144.909912,-63.2771835,255.040726],"rotationMatrix":[0.885880888,-0.463911742,0,0.463911742,0.885880888,0,0,0,0.999999404],"scale":1.41301394,"type":"tree_aspen_wall"}
{"pos":[-157.515167,-60.3597946,255.040726],"rotationMatrix":[0.993485034,-0.113957822,0,0.113957822,0.993485034,0,0,0,0.999999285],"scale":1.41301394,"type":"tree_aspen_wall"}
{"pos":[-171.821198,-59.6774979,255.040726],"rotationMatrix":[0.993485034,-0.113957822,0,0.113957822,0.993485034,0,0,0,0.999999285],"scale":1.41301394,"type":"tree_aspen_wall"}
{"pos":[-107.771164,-76.3692703,255.040726],"rotationMatrix":[0.00741639733,-0.999972105,0,0.999972105,0.00741639733,0,0,0,0.999999404],"scale":1.41301394,"type":"tree_aspen_wall"}
{"pos":[-127.703781,-56.8037567,255.040726],"rotationMatrix":[0.00741639733,-0.999972105,0,0.999972105,0.00741639733,0,0,0,0.999999404],"scale":1.41301394,"type":"tree_aspen_wall"}
{"pos":[-147.644028,-51.7197227,255.040726],"rotationMatrix":[0.00741639733,-0.999972105,0,0.999972105,0.00741639733,0,0,0,0.999999404],"scale":1.41301394,"type":"tree_aspen_wall"}
{"pos":[-170.890793,-49.1198158,255.040726],"rotationMatrix":[0.00741639733,-0.999972105,0,0.999972105,0.00741639733,0,0,0,0.999999404],"scale":1.41301394,"type":"tree_aspen_wall"}
{"pos":[-160.909729,-49.6583023,255.040726],"rotationMatrix":[0.823180974,0.56777823,0,-0.56777823,0.823180974,0,0,0,0.999999285],"scale":1.41301394,"type":"tree_aspen_wall"}
{"pos":[-135.939514,-57.6525307,255.040726],"rotationMatrix":[0.823180974,0.56777823,0,-0.56777823,0.823180974,0,0,0,0.999999285],"scale":1.41301394,"type":"tree_aspen_wall"}
{"pos":[-119.947807,-63.5269737,255.040726],"rotationMatrix":[0.823180974,0.56777823,0,-0.56777823,0.823180974,0,0,0,0.999999285],"scale":1.41301394,"type":"tree_aspen_wall"}
{"pos":[-101.617455,-83.8345795,255.040726],"rotationMatrix":[0.823180974,0.56777823,0,-0.56777823,0.823180974,0,0,0,0.999999285],"scale":1.41301394,"type":"tree_aspen_wall"}
{"pos":[-104.433868,-48.1026344,255.735138],"rotationMatrix":[0.667377293,0.744719744,0,-0.744719744,0.667377293,-0,-0,0,0.999999881],"scale":1.11149168,"type":"tree_aspen_wall"}
{"pos":[-143.204697,-41.4358864,255.817719],"rotationMatrix":[0.29683131,0.954929888,0,-0.954929888,0.29683131,-0,-0,0,0.999999881],"scale":1.20673466,"type":"tree_aspen_wall"}
{"pos":[-163.97406,-37.0525055,255.289459],"rotationMatrix":[-0.824049413,0.56651777,-0,-0.56651777,-0.824049413,0,-0,0,0.999999881],"scale":1.21720994,"type":"tree_aspen_wall"}
{"pos":[-112.265602,-92.1783676,254.991882],"rotationMatrix":[-0.57087785,-0.821034849,0,0.821034849,-0.57087785,0,-0,0,0.999999881],"scale":1.47474909,"type":"tree_aspen_wall"}
{"pos":[-114.181305,-65.4479904,255.618515],"rotationMatrix":[-0.411010146,0.91163063,-0,-0.91163063,-0.411010146,0,-0,0,0.999999881],"scale":1.09032595,"type":"tree_aspen_wall"}
{"pos":[-118.419403,-58.4742317,255.777252],"rotationMatrix":[0.989314735,-0.145794764,0,0.145794764,0.989314735,0,-0,0,0.999999881],"scale":1.33685946,"type":"tree_aspen_wall"}
{"pos":[-128.89679,-63.901844,255.718246],"rotationMatrix":[-0.231769741,-0.972770631,0,0.972770631,-0.231769741,0,-0,0,0.999999881],"scale":1.17460823,"type":"tree_aspen_wall"}
{"pos":[-184.064514,-54.4027405,255.469543],"rotationMatrix":[0.133158416,0.991094708,0,-0.991094708,0.133158416,-0,-0,0,0.999999881],"scale":0.940074682,"type":"tree_aspen_wall"}
{"pos":[-186.275406,-50.1042709,255.905365],"rotationMatrix":[0.971089602,0.238715038,0,-0.238715038,0.971089602,-0,-0,0,0.999999881],"scale":1.49925256,"type":"tree_aspen_wall"}
{"pos":[-195.734741,-49.8209305,255.929993],"rotationMatrix":[0.990314186,-0.138843939,0,0.138843939,0.990314186,0,-0,0,0.999999881],"scale":0.921315074,"type":"tree_aspen_wall"}
{"pos":[-197.101044,-55.3119926,255.2771],"rotationMatrix":[0.176804215,-0.984245956,0,0.984245956,0.176804215,0,-0,0,0.999999881],"scale":1.02268779,"type":"tree_aspen_wall"}
{"pos":[-216.715195,-58.6515617,255.911942],"rotationMatrix":[0.235209435,-0.97194463,0,0.97194463,0.235209435,0,-0,0,0.999999881],"scale":0.929240465,"type":"tree_aspen_wall"}
{"pos":[-238.015244,8.58385658,249.750015],"rotationMatrix":[0.774117172,-0.633042276,0,0.633042276,0.774117172,0,-0,0,0.999999881],"scale":1.19643676,"type":"tree_aspen_wall"}
{"pos":[-254.738602,6.34549904,250.860855],"rotationMatrix":[0.416715354,-0.909036934,0,0.909036934,0.416715354,0,-0,0,0.999999881],"scale":1.25274217,"type":"tree_aspen_wall"}
{"pos":[-236.139297,13.9797192,249.951416],"rotationMatrix":[0.919928968,-0.392084777,0,0.392084777,0.919928968,0,-0,0,0.999999881],"scale":1.2998085,"type":"tree_aspen_wall"}
{"pos":[-214.739761,-9.23715973,249.376038],"rotationMatrix":[0.965617895,-0.259965152,0,0.259965152,0.965617895,0,-0,0,0.999999881],"scale":1.02660668,"type":"tree_aspen_wall"}
{"pos":[-162.730743,0.54227829,249.26947],"rotationMatrix":[-0.383757174,0.9234339,-0,-0.9234339,-0.383757174,0,-0,0,0.999999881],"scale":0.90010035,"type":"tree_aspen_wall"}
{"pos":[-171.233719,-7.16235065,249.312988],"rotationMatrix":[0.970978439,0.239166945,0,-0.239166945,0.970978439,-0,-0,0,0.999999881],"scale":1.07569957,"type":"tree_aspen_wall"}
{"pos":[-111.434654,-3.11577415,249.805389],"rotationMatrix":[0.996021211,-0.0891148299,0,0.0891148299,0.996021211,0,-0,0,0.999999881],"scale":1.01010382,"type":"tree_aspen_wall"}
{"pos":[-47.7657509,-18.2886028,249.613815],"rotationMatrix":[-0.741101742,0.67139262,-0,-0.67139262,-0.741101742,0,-0,0,0.999999881],"scale":0.991440117,"type":"tree_aspen_wall"}
{"pos":[-278.962402,-25.479702,255.221741],"rotationMatrix":[-0.813289821,-0.581858754,0,0.581858754,-0.813289821,0,-0,0,0.999999881],"scale":1.06574249,"type":"tree_aspen_wall"}
{"pos":[-276.116791,-27.2894592,254.980972],"rotationMatrix":[0.649943888,-0.759982109,0,0.759982109,0.649943888,0,-0,0,0.999999881],"scale":1.36304748,"type":"tree_aspen_wall"}
{"pos":[-283.380341,-1.93870258,254.112503],"rotationMatrix":[0.785169303,0.619281173,0,-0.619281173,0.785169303,-0,-0,0,0.999999881],"scale":1.36929178,"type":"tree_aspen_wall"}
{"pos":[-308.119141,3.92983341,256.063721],"rotationMatrix":[0.999217212,-0.0395589694,0,0.0395589694,0.999217212,0,-0,0,0.999999881],"scale":0.911369979,"type":"tree_aspen_wall"}
{"pos":[-305.628479,-11.2404108,257.112366],"rotationMatrix":[0.968064606,0.250700623,0,-0.250700623,0.968064606,-0,-0,0,0.999999881],"scale":1.1963408,"type":"tree_aspen_wall"}
{"pos":[-315.079803,-16.0543938,257.801056],"rotationMatrix":[-0.973525107,-0.228579566,0,0.228579566,-0.973525107,0,-0,0,0.999999881],"scale":1.31851804,"type":"tree_aspen_wall"}
{"pos":[-320.629761,-3.91317749,258.694427],"rotationMatrix":[0.0657928288,-0.997833252,0,0.997833252,0.0657928288,0,-0,0,0.999999881],"scale":1.49414706,"type":"tree_aspen_wall"}
{"pos":[-336.352509,3.49746132,257.963104],"rotationMatrix":[-0.444070995,0.895991445,-0,-0.895991445,-0.444070995,0,-0,0,0.999999881],"scale":1.22034788,"type":"tree_aspen_wall"}
{"pos":[-330.744141,-17.6789093,260.496399],"rotationMatrix":[0.658499897,-0.752580702,0,0.752580702,0.658499897,0,-0,0,0.999999881],"scale":1.02202451,"type":"tree_aspen_wall"}
{"pos":[-335.198456,16.4240608,257.085297],"rotationMatrix":[0.975842893,-0.218472853,0,0.218472853,0.975842893,0,-0,0,0.999999881],"scale":0.965063632,"type":"tree_aspen_wall"}
{"pos":[-346.879822,14.7884521,257.727417],"rotationMatrix":[-0.314622641,0.949216664,-0,-0.949216664,-0.314622641,0,-0,0,0.999999881],"scale":1.31209767,"type":"tree_aspen_wall"}
{"pos":[-420.571136,-3.50741291,262.854279],"rotationMatrix":[-0.145143315,0.989410579,-0,-0.989410579,-0.145143315,0,-0,0,0.999999881],"scale":1.37855661,"type":"tree_aspen_wall"}
{"pos":[-496.922577,6.68790531,262.631592],"rotationMatrix":[0.881076336,0.472974032,0,-0.472974032,0.881076336,-0,-0,0,0.999999881],"scale":0.925709486,"type":"tree_aspen_wall"}
{"pos":[-570.137146,20.1144333,262.348389],"rotationMatrix":[-0.878130853,-0.478420377,0,0.478420377,-0.878130853,0,-0,0,0.999999881],"scale":0.934895039,"type":"tree_aspen_wall"}
{"pos":[-314.47406,61.9657974,256.741608],"rotationMatrix":[0.204072818,0.978955686,0,-0.978955686,0.204072818,-0,-0,0,0.999999881],"scale":1.20189703,"type":"tree_aspen_wall"}
{"pos":[-289.993256,47.5564003,254.686813],"rotationMatrix":[-0.0510559343,0.998695731,-0,-0.998695731,-0.0510559343,0,-0,0,0.999999881],"scale":1.20987701,"type":"tree_aspen_wall"}
{"pos":[-228.956894,41.331028,249.352463],"rotationMatrix":[-0.99766767,-0.0682582408,0,0.0682582408,-0.99766767,0,-0,0,0.999999881],"scale":1.3606658,"type":"tree_aspen_wall"}
{"pos":[-337.450012,-128.355255,263.07959],"rotationMatrix":[0.159739017,-0.987159193,0,0.987159193,0.159739017,0,-0,0,0.999999881],"scale":1.10957742,"type":"tree_aspen_wall"}
