{"pos":[311.739624,97.9193039,256.349518],"rotationMatrix":[0.98572439,0.16836679,0,-0.16836679,0.98572439,0,0,0,0.999999881],"scale":1.0869453,"type":"tree_oak_forest_a"}
{"pos":[227.488495,91.4630585,254.333496],"rotationMatrix":[-0.134254396,0.99094677,0,-0.99094677,-0.134254396,0,0,0,0.999999881],"scale":1.2522049,"type":"tree_oak_forest_a"}
{"pos":[215.17363,75.53302,254.020538],"rotationMatrix":[0.830688894,-0.556736648,0,0.556736648,0.830688894,0,0,0,0.999999881],"scale":1.15818155,"type":"tree_oak_forest_a"}
{"pos":[246.696259,122.715042,254.211426],"rotationMatrix":[0.878691077,0.477390766,0,-0.477390766,0.878691077,0,0,0,0.999999881],"scale":1.12053287,"type":"tree_oak_forest_a"}
{"pos":[243.656006,127.353539,254.196014],"rotationMatrix":[0.701113284,0.713049889,0,-0.713049889,0.701113284,0,0,0,0.999999881],"scale":1.04478908,"type":"tree_oak_forest_a"}
{"pos":[149.032425,61.1854858,254.379272],"rotationMatrix":[0.99668771,0.0813227072,0,-0.0813227072,0.99668771,0,0,0,0.999999881],"scale":1.1595856,"type":"tree_oak_forest_a"}
{"pos":[153.609436,79.0789642,254.379272],"rotationMatrix":[-0.929416597,0.369032115,0,-0.369032115,-0.929416597,0,0,0,0.999999881],"scale":1.12611043,"type":"tree_oak_forest_a"}
{"pos":[148.564148,120.30954,254.379272],"rotationMatrix":[0.976952136,0.213458255,0,-0.213458255,0.976952136,0,0,0,0.999999881],"scale":1.08212936,"type":"tree_oak_forest_a"}
{"pos":[180.125656,164.137695,254.379272],"rotationMatrix":[-0.555295825,-0.831652761,0,0.831652761,-0.555295825,0,0,0,0.999999881],"scale":0.943699121,"type":"tree_oak_forest_a"}
{"pos":[185.882141,166.361694,254.379272],"rotationMatrix":[-0.690344095,-0.723481178,0,0.723481178,-0.690344095,0,0,0,0.999999881],"scale":1.01050162,"type":"tree_oak_forest_a"}
{"pos":[205.483917,174.938919,254.379272],"rotationMatrix":[0.684427798,-0.729080498,0,0.729080498,0.684427798,0,0,0,0.999999881],"scale":1.12551403,"type":"tree_oak_forest_a"}
{"pos":[19.0008602,-64.6931686,254.76004],"rotationMatrix":[-0.376839966,0.926278234,0,-0.926278234,-0.376839966,0,0,0,0.999999881],"scale":0.903169751,"type":"tree_oak_forest_a"}
{"pos":[338.394287,251.852158,259.622681],"rotationMatrix":[0.478894979,0.877872229,0,-0.877872229,0.478894979,0,0,0,0.999999881],"scale":0.910539806,"type":"tree_oak_forest_a"}
{"pos":[282.737488,216.955444,250.662003],"rotationMatrix":[0.256696582,0.966491997,0,-0.966491997,0.256696582,0,0,0,0.999999881],"scale":1.23333311,"type":"tree_oak_forest_a"}
{"pos":[279.487946,228.060883,249.941757],"rotationMatrix":[0.675966799,0.736932099,0,-0.736932099,0.675966799,0,0,0,0.999999881],"scale":1.00335038,"type":"tree_oak_forest_a"}
{"pos":[387.588379,218.182602,263.99231],"rotationMatrix":[-0.18702428,0.982355177,0,-0.982355177,-0.18702428,0,0,0,0.999999881],"scale":1.10698938,"type":"tree_oak_forest_a"}
{"pos":[390.150177,227.070038,263.99231],"rotationMatrix":[-0.264357239,0.964424729,0,-0.964424729,-0.264357239,0,0,0,0.999999881],"scale":0.973858237,"type":"tree_oak_forest_a"}
{"pos":[411.832977,186.628433,261.934967],"rotationMatrix":[-0.407247841,-0.913317561,0,0.913317561,-0.407247841,0,0,0,0.999999881],"scale":1.19549608,"type":"tree_oak_forest_a"}
{"pos":[414.079651,154.968262,258.533997],"rotationMatrix":[0.773643672,0.633620977,0,-0.633620977,0.773643672,0,0,0,0.999999881],"scale":0.979953647,"type":"tree_oak_forest_a"}
{"pos":[396.823578,157.796829,260.943146],"rotationMatrix":[0.990262508,-0.139211819,0,0.139211819,0.990262508,0,0,0,0.999999881],"scale":0.909060061,"type":"tree_oak_forest_a"}
{"pos":[391.323883,212.475647,263.99231],"rotationMatrix":[-0.575947404,0.817486525,0,-0.817486525,-0.575947404,0,0,0,0.999999881],"scale":0.939582705,"type":"tree_oak_forest_a"}
{"pos":[403.317566,164.825287,260.041962],"rotationMatrix":[-0.215864182,0.976423323,0,-0.976423323,-0.215864182,0,0,0,0.999999881],"scale":1.09102345,"type":"tree_oak_forest_a"}
{"pos":[400.404358,164.041809,260.412018],"rotationMatrix":[0.987954199,-0.1547461,0,0.1547461,0.987954199,0,0,0,0.999999881],"scale":0.932471216,"type":"tree_oak_forest_a"}
{"pos":[319.150848,208.946548,263.99231],"rotationMatrix":[0.835633755,0.549287021,0,-0.549287021,0.835633755,0,0,0,0.999999881],"scale":1.08493006,"type":"tree_oak_forest_a"}
{"pos":[253.840057,48.6017647,252.413605],"rotationMatrix":[0.0112990672,0.999936044,0,-0.999936044,0.0112990672,0,0,0,0.999999881],"scale":1.15156341,"type":"tree_oak_forest_a"}
{"pos":[59.4781418,-71.2428207,254.787003],"rotationMatrix":[-0.993734539,0.111764617,0,-0.111764617,-0.993734539,0,0,0,0.999999762],"scale":0.7140432,"type":"tree_oak_forest_a"}
{"pos":[463.880341,65.9189148,263.99231],"rotationMatrix":[0.0118373558,-0.999929905,0,0.999929905,0.0118373558,0,0,0,0.999999881],"scale":0.962889254,"type":"tree_oak_forest_a"}
{"pos":[-82.4318314,-98.3996506,255.80896],"rotationMatrix":[0.560880423,-0.827896774,0,0.827896774,0.560880423,0,0,0,0.999999881],"scale":1.01656246,"type":"tree_oak_forest_a"}
{"pos":[-237.772919,1.21658325,250.96109],"rotationMatrix":[0.802967906,0.596022248,0,-0.596022248,0.802967906,0,0,0,0.999999881],"scale":0.967175424,"type":"tree_oak_forest_a"}
{"pos":[-126.162102,-67.6170959,255.996704],"rotationMatrix":[-0.914117813,-0.405448467,0,0.405448467,-0.914117813,0,0,0,0.999999881],"scale":0.927675009,"type":"tree_oak_forest_a"}
{"pos":[-311.123779,5.74734783,256.710114],"rotationMatrix":[0.435064435,-0.900399208,0,0.900399208,0.435064435,0,0,0,0.999999881],"scale":0.932100654,"type":"tree_oak_forest_a"}
{"pos":[-325.070923,4.24859238,257.977173],"rotationMatrix":[0.910432756,0.41365701,0,-0.41365701,0.910432756,0,0,0,0.999999881],"scale":0.985324979,"type":"tree_oak_forest_a"}
{"pos":[-328.549622,1.45012712,258.452576],"rotationMatrix":[0.481963724,0.876191199,0,-0.876191199,0.481963724,0,0,0,0.999999881],"scale":1.19606352,"type":"tree_oak_forest_a"}
{"pos":[-321.210815,8.93674088,257.254547],"rotationMatrix":[0.996231437,0.0867337212,0,-0.0867337212,0.996231437,0,0,0,0.999999881],"scale":0.960878789,"type":"tree_oak_forest_a"}
{"pos":[-367.076019,-11.3299379,262.183868],"rotationMatrix":[-0.716617107,0.697466671,0,-0.697466671,-0.716617107,0,0,0,0.999999881],"scale":1.10692859,"type":"tree_oak_forest_a"}
{"pos":[-306.051422,57.0221176,256.752136],"rotationMatrix":[0.996759057,-0.0804436877,0,0.0804436877,0.996759057,0,0,0,0.999999881],"scale":0.994203925,"type":"tree_oak_forest_a"}
{"pos":[-375.830505,50.7472343,261.21225],"rotationMatrix":[0.602262974,-0.798297584,0,0.798297584,0.602262974,0,0,0,0.999999881],"scale":1.11164141,"type":"tree_oak_forest_a"}
{"pos":[-553.711975,13.2799816,262.786865],"rotationMatrix":[-0.993463576,0.114148729,0,-0.114148729,-0.993463576,0,0,0,0.999999881],"scale":1.20915341,"type":"tree_oak_forest_a"}
{"pos":[-597.096191,36.6684532,262.786865],"rotationMatrix":[0.513084173,0.858338296,0,-0.858338296,0.513084173,0,0,0,0.999999881],"scale":1.02062476,"type":"tree_oak_forest_a"}
{"pos":[-610.767944,77.8144073,262.786865],"rotationMatrix":[0.65681541,0.754051387,0,-0.754051387,0.65681541,0,0,0,0.999999881],"scale":1.04695082,"type":"tree_oak_forest_a"}
{"pos":[-481.404022,-147.36412,261.953796],"rotationMatrix":[-0.0783424824,0.996926367,0,-0.996926367,-0.0783424824,0,0,0,0.999999881],"scale":1.08969522,"type":"tree_oak_forest_a"}
{"pos":[-460.077576,-150.01915,261.963196],"rotationMatrix":[0.998143017,-0.0609115697,0,0.0609115697,0.998143017,0,0,0,0.999999881],"scale":1.21156454,"type":"tree_oak_forest_a"}
{"pos":[-273.848785,-159.896835,292.235901],"rotationMatrix":[0.324376911,0.945927918,0,-0.945927918,0.324376911,0,0,0,0.999999881],"scale":0.959659576,"type":"tree_oak_forest_a"}
{"pos":[-261.126923,-127.962822,290.075348],"rotationMatrix":[0.0964457542,-0.995338142,0,0.995338142,0.0964457542,0,0,0,0.999999881],"scale":0.923978925,"type":"tree_oak_forest_a"}
{"pos":[-119.135788,-172.21199,273.93988],"rotationMatrix":[0.845550835,-0.533894658,0,0.533894658,0.845550835,0,0,0,0.999999881],"scale":1.12605214,"type":"tree_oak_forest_a"}
{"pos":[-137.01799,-168.45993,273.986816],"rotationMatrix":[0.551073968,-0.834456384,0,0.834456384,0.551073968,0,0,0,0.999999881],"scale":1.20470071,"type":"tree_oak_forest_a"}
{"pos":[-161.70929,-173.645126,273.986816],"rotationMatrix":[0.996802151,0.0799077824,0,-0.0799077824,0.996802151,0,0,0,0.999999881],"scale":1.29626179,"type":"tree_oak_forest_a"}
{"pos":[-175.048859,-167.147995,273.986816],"rotationMatrix":[-0.0156897679,-0.999876797,0,0.999876797,-0.0156897679,0,0,0,0.999999881],"scale":1.10961306,"type":"tree_oak_forest_a"}
{"pos":[-206.622253,-167.574768,280.496643],"rotationMatrix":[-0.162957057,0.986633062,0,-0.986633062,-0.162957057,0,0,0,0.999999881],"scale":1.12399769,"type":"tree_oak_forest_a"}
{"pos":[-282.164734,-195.784164,283.70993],"rotationMatrix":[-0.781412423,-0.624014854,0,0.624014854,-0.781412423,0,0,0,0.999999881],"scale":0.910746217,"type":"tree_oak_forest_a"}
{"pos":[-324.075317,-189.040451,283.723724],"rotationMatrix":[-0.803999007,-0.59463042,0,0.59463042,-0.803999007,0,0,0,0.999999881],"scale":1.24400973,"type":"tree_oak_forest_a"}
{"pos":[-340.649506,-192.301285,283.7883],"rotationMatrix":[-0.883620441,-0.468203992,0,0.468203992,-0.883620441,0,0,0,0.999999881],"scale":1.11681187,"type":"tree_oak_forest_a"}
{"pos":[-340.33136,-212.211792,283.896667],"rotationMatrix":[0.191299051,-0.981531739,0,0.981531739,0.191299051,0,0,0,0.999999881],"scale":1.04153633,"type":"tree_oak_forest_a"}
{"pos":[-361.116638,-203.907242,283.391541],"rotationMatrix":[-0.272059858,0.962280214,0,-0.962280214,-0.272059858,0,0,0,0.999999881],"scale":0.901969373,"type":"tree_oak_forest_a"}
{"pos":[-381.152557,-214.254303,278.352112],"rotationMatrix":[0.239512682,0.970893204,0,-0.970893204,0.239512682,0,0,0,0.999999881],"scale":0.9950701,"type":"tree_oak_forest_a"}
{"pos":[-296.617828,-113.647629,261.714905],"rotationMatrix":[-0.814614236,-0.580002964,0,0.580002964,-0.814614236,0,0,0,0.999999881],"scale":1.09889281,"type":"tree_oak_forest_a"}
{"pos":[-309.647156,-112.44928,260.928253],"rotationMatrix":[0.273239255,0.96194607,0,-0.96194607,0.273239255,0,0,0,0.999999881],"scale":1.0846473,"type":"tree_oak_forest_a"}
{"pos":[-307.550568,-77.7025146,257.991241],"rotationMatrix":[0.550775468,-0.834653258,0,0.834653258,0.550775468,0,0,0,0.999999881],"scale":0.95320785,"type":"tree_oak_forest_a"}
{"pos":[-306.766235,-80.1083832,258.125275],"rotationMatrix":[-0.966783166,-0.255597472,0,0.255597472,-0.966783166,0,0,0,0.999999881],"scale":1.22795761,"type":"tree_oak_forest_a"}
{"pos":[-335.409973,-130.430573,264.5177],"rotationMatrix":[0.0324436985,-0.999473453,0,0.999473453,0.0324436985,0,0,0,0.999999881],"scale":1.2153157,"type":"tree_oak_forest_a"}
{"pos":[-336.200195,-136.420654,266.501678],"rotationMatrix":[0.964412987,-0.264400303,0,0.264400303,0.964412987,0,0,0,0.999999881],"scale":1.00736427,"type":"tree_oak_forest_a"}
{"pos":[-375.088318,-158.857956,268.390289],"rotationMatrix":[0.751165807,0.660113513,0,-0.660113513,0.751165807,0,0,0,0.999999881],"scale":1.00546861,"type":"tree_oak_forest_a"}
{"pos":[-387.177887,-161.689911,268.06076],"rotationMatrix":[0.218887955,-0.97574991,0,0.97574991,0.218887955,0,0,0,0.999999881],"scale":1.24312794,"type":"tree_oak_forest_a"}
{"pos":[-403.957153,-172.926117,267.724365],"rotationMatrix":[-0.997101665,0.0760790631,0,-0.0760790631,-0.997101665,0,0,0,0.999999881],"scale":1.0673722,"type":"tree_oak_forest_a"}
{"pos":[-421.425598,-176.948013,265.928162],"rotationMatrix":[-0.559293866,0.82896924,0,-0.82896924,-0.559293866,0,0,0,0.999999881],"scale":1.06085873,"type":"tree_oak_forest_a"}
{"pos":[-401.392365,-203.273529,276.535858],"rotationMatrix":[-0.896171749,0.443706989,0,-0.443706989,-0.896171749,0,0,0,0.999999881],"scale":1.20885837,"type":"tree_oak_forest_a"}
{"pos":[-398.093964,-204.217682,277.158691],"rotationMatrix":[-0.999914885,0.0130383521,0,-0.0130383521,-0.999914885,0,0,0,0.999999881],"scale":1.28341329,"type":"tree_oak_forest_a"}
{"pos":[-71.3379364,-272.875214,263.99231],"rotationMatrix":[0.72740674,-0.686206341,0,0.686206341,0.72740674,0,0,0,0.999999881],"scale":1.13933682,"type":"tree_oak_forest_a"}
{"pos":[-71.5853348,-283.773834,264.786896],"rotationMatrix":[0.381767184,-0.924258471,0,0.924258471,0.381767184,0,0,0,0.999999881],"scale":0.968304217,"type":"tree_oak_forest_a"}
{"pos":[-74.5053787,-288.186554,264.562775],"rotationMatrix":[0.436342388,0.89978075,0,-0.89978075,0.436342388,0,0,0,0.999999881],"scale":1.10996544,"type":"tree_oak_forest_a"}
{"pos":[-82.6304932,-271.480042,265.292084],"rotationMatrix":[0.317549497,0.948241711,0,-0.948241711,0.317549497,0,0,0,0.999999881],"scale":1.19874334,"type":"tree_oak_forest_a"}
{"pos":[-78.551033,-270.093781,265.081421],"rotationMatrix":[0.971506059,-0.237014279,0,0.237014279,0.971506059,0,0,0,0.999999881],"scale":0.984313369,"type":"tree_oak_forest_a"}
{"pos":[-84.5185852,-268.146973,264.895721],"rotationMatrix":[-0.869607747,0.493742943,0,-0.493742943,-0.869607747,0,0,0,0.999999881],"scale":1.17133355,"type":"tree_oak_forest_a"}
{"pos":[-141.74263,-264.019928,263.99231],"rotationMatrix":[0.602326751,-0.798249543,0,0.798249543,0.602326751,0,0,0,0.999999881],"scale":0.934826195,"type":"tree_oak_forest_a"}
{"pos":[-149.119019,-273.184357,263.99231],"rotationMatrix":[-0.565755844,0.824572623,0,-0.824572623,-0.565755844,0,0,0,0.999999881],"scale":1.11803353,"type":"tree_oak_forest_a"}
{"pos":[-173.856354,-271.089569,264.522522],"rotationMatrix":[0.999494553,-0.0317873992,0,0.0317873992,0.999494553,0,0,0,0.999999881],"scale":0.928688049,"type":"tree_oak_forest_a"}
{"pos":[-160.554718,-275.555695,264.148224],"rotationMatrix":[-0.64861083,0.761119962,0,-0.761119962,-0.64861083,0,0,0,0.999999881],"scale":1.24120903,"type":"tree_oak_forest_a"}
{"pos":[-173.770401,-276.066986,264.684692],"rotationMatrix":[0.689755917,0.724041939,0,-0.724041939,0.689755917,0,0,0,0.999999881],"scale":1.05283237,"type":"tree_oak_forest_a"}
{"pos":[-192.903625,-274.366547,265.139709],"rotationMatrix":[-0.923985064,0.382428318,0,-0.382428318,-0.923985064,0,0,0,0.999999881],"scale":0.99680841,"type":"tree_oak_forest_a"}
{"pos":[-205.034988,-272.437653,264.802551],"rotationMatrix":[-0.902660847,-0.430352479,0,0.430352479,-0.902660847,0,0,0,0.999999881],"scale":0.910550356,"type":"tree_oak_forest_a"}
{"pos":[-210.99292,-273.561462,264.930603],"rotationMatrix":[0.870699823,0.491814792,0,-0.491814792,0.870699823,0,0,0,0.999999881],"scale":1.26897907,"type":"tree_oak_forest_a"}
{"pos":[-250.429886,-281.711365,265.533539],"rotationMatrix":[-0.630430877,0.776245177,0,-0.776245177,-0.630430877,0,0,0,0.999999881],"scale":1.24177182,"type":"tree_oak_forest_a"}
{"pos":[-239.738007,-277.164551,265.474731],"rotationMatrix":[-0.457833856,-0.889037669,0,0.889037669,-0.457833856,0,0,0,0.999999881],"scale":0.900501192,"type":"tree_oak_forest_a"}
{"pos":[-243.349182,-287.089325,265.522644],"rotationMatrix":[0.923496187,-0.383607239,0,0.383607239,0.923496187,0,0,0,0.999999881],"scale":1.15401626,"type":"tree_oak_forest_a"}
{"pos":[-227.804199,-292.027313,265.458466],"rotationMatrix":[0.967233658,-0.253887534,0,0.253887534,0.967233658,0,0,0,0.999999881],"scale":0.96715647,"type":"tree_oak_forest_a"}
{"pos":[-233.36824,-290.401154,265.463684],"rotationMatrix":[0.839598656,0.543207228,0,-0.543207228,0.839598656,0,0,0,0.999999881],"scale":0.964143515,"type":"tree_oak_forest_a"}
{"pos":[-215.740463,-295.467102,265.363464],"rotationMatrix":[0.402547181,0.915399253,0,-0.915399253,0.402547181,0,0,0,0.999999881],"scale":1.2953254,"type":"tree_oak_forest_a"}
{"pos":[-222.394867,-308.011078,263.99231],"rotationMatrix":[-0.891171932,0.453665674,0,-0.453665674,-0.891171932,0,0,0,0.999999881],"scale":0.949198544,"type":"tree_oak_forest_a"}
{"pos":[-193.805527,-289.574677,265.213593],"rotationMatrix":[-0.88177669,0.471667141,0,-0.471667141,-0.88177669,0,0,0,0.999999881],"scale":0.911936879,"type":"tree_oak_forest_a"}
{"pos":[-193.689651,-293.899414,265.115051],"rotationMatrix":[-0.591205597,-0.806520879,0,0.806520879,-0.591205597,0,0,0,0.999999881],"scale":1.20053434,"type":"tree_oak_forest_a"}
{"pos":[-181.636627,-307.855988,264.2883],"rotationMatrix":[-0.259885401,-0.965639412,0,0.965639412,-0.259885401,0,0,0,0.999999881],"scale":1.25443065,"type":"tree_oak_forest_a"}
{"pos":[-181.111588,-287.461548,264.815521],"rotationMatrix":[0.863301516,0.504688442,0,-0.504688442,0.863301516,0,0,0,0.999999881],"scale":1.25144339,"type":"tree_oak_forest_a"}
{"pos":[-179.97406,-301.766357,264.131012],"rotationMatrix":[-0.84680748,0.531899214,0,-0.531899214,-0.84680748,0,0,0,0.999999881],"scale":1.28818679,"type":"tree_oak_forest_a"}
{"pos":[-158.993835,-291.619873,263.99231],"rotationMatrix":[0.633845866,0.773459375,0,-0.773459375,0.633845866,0,0,0,0.999999881],"scale":1.092399,"type":"tree_oak_forest_a"}
{"pos":[-144.124298,-289.987091,263.99231],"rotationMatrix":[0.995456517,0.0952165872,0,-0.0952165872,0.995456517,0,0,0,0.999999881],"scale":0.938362241,"type":"tree_oak_forest_a"}
{"pos":[-148.210541,-287.352386,263.99231],"rotationMatrix":[0.892092168,0.451853395,0,-0.451853395,0.892092168,0,0,0,0.999999881],"scale":1.22083604,"type":"tree_oak_forest_a"}
{"pos":[-98.7483368,-291.43866,264.261658],"rotationMatrix":[-0.994852006,-0.101338081,0,0.101338081,-0.994852006,0,0,0,0.999999881],"scale":1.22167099,"type":"tree_oak_forest_a"}
{"pos":[-73.9595642,-294.595428,264.005859],"rotationMatrix":[0.943845689,0.330386549,0,-0.330386549,0.943845689,0,0,0,0.999999881],"scale":0.925295651,"type":"tree_oak_forest_a"}
{"pos":[-80.3302612,-294.986969,264.072784],"rotationMatrix":[-0.42218408,-0.906509995,0,0.906509995,-0.42218408,0,0,0,0.999999881],"scale":0.978510737,"type":"tree_oak_forest_a"}
{"pos":[-341.825714,-275.616821,284.231415],"rotationMatrix":[0.213862017,0.976863801,0,-0.976863801,0.213862017,0,0,0,0.999999881],"scale":0.830431342,"type":"tree_oak_forest_a"}
{"pos":[-607.273621,-328.486084,283.769531],"rotationMatrix":[-0.630031765,-0.776569188,0,0.776569188,-0.630031765,0,0,0,0.999999881],"scale":0.948183954,"type":"tree_oak_forest_a"}
{"pos":[-587.135864,-347.030487,285.899109],"rotationMatrix":[0.0200941693,0.999798,0,-0.999798,0.0200941693,0,0,0,0.999999881],"scale":1.07086098,"type":"tree_oak_forest_a"}
{"pos":[-559.480469,-339.427917,283.187866],"rotationMatrix":[0.00219457736,0.999997497,0,-0.999997497,0.00219457736,0,0,0,0.999999881],"scale":0.983357072,"type":"tree_oak_forest_a"}
{"pos":[-579.597656,-343.413025,284.772461],"rotationMatrix":[0.505752265,-0.862678647,0,0.862678647,0.505752265,0,0,0,0.999999881],"scale":1.06256318,"type":"tree_oak_forest_a"}
{"pos":[-572.535095,-344.281677,284.757629],"rotationMatrix":[0.519726157,-0.854332864,0,0.854332864,0.519726157,0,0,0,0.999999881],"scale":1.18535185,"type":"tree_oak_forest_a"}
{"pos":[-686.70752,-188.151733,272.115723],"rotationMatrix":[0.551639855,-0.834082305,0,0.834082305,0.551639855,0,0,0,0.999999881],"scale":1.00525904,"type":"tree_oak_forest_a"}
{"pos":[-685.642395,-186.163361,271.892548],"rotationMatrix":[0.901072443,0.433668464,0,-0.433668464,0.901072443,0,0,0,0.999999881],"scale":1.25654852,"type":"tree_oak_forest_a"}
{"pos":[-689.108521,-186.176636,272.437134],"rotationMatrix":[0.909457684,-0.41579625,0,0.41579625,0.909457684,0,0,0,0.999999881],"scale":1.29738939,"type":"tree_oak_forest_a"}
{"pos":[-700.304871,-175.94902,273.626312],"rotationMatrix":[-0.93396765,0.357357562,0,-0.357357562,-0.93396765,0,0,0,0.999999881],"scale":1.11893332,"type":"tree_oak_forest_a"}
{"pos":[-696.939026,-181.912201,273.412109],"rotationMatrix":[0.587716699,-0.809066653,0,0.809066653,0.587716699,0,0,0,0.999999881],"scale":1.25949717,"type":"tree_oak_forest_a"}
{"pos":[-698.536682,-152.193481,272.216492],"rotationMatrix":[0.949959874,0.31237179,0,-0.31237179,0.949959874,0,0,0,0.999999881],"scale":1.01976287,"type":"tree_oak_forest_a"}
{"pos":[-705.124695,-144.092514,273.485718],"rotationMatrix":[-0.0175603554,0.999845743,0,-0.999845743,-0.0175603554,0,0,0,0.999999881],"scale":1.17624128,"type":"tree_oak_forest_a"}
{"pos":[-691.861267,-121.894241,272.78598],"rotationMatrix":[0.921105564,0.389312834,0,-0.389312834,0.921105564,0,0,0,0.999999881],"scale":1.29658043,"type":"tree_oak_forest_a"}
{"pos":[-675.839172,-121.523621,269.681091],"rotationMatrix":[0.994810998,-0.101739161,0,0.101739161,0.994810998,0,0,0,0.999999881],"scale":1.10816538,"type":"tree_oak_forest_a"}
{"pos":[-670.97583,-129.621063,268.726471],"rotationMatrix":[0.779565156,-0.626320899,0,0.626320899,0.779565156,0,0,0,0.999999881],"scale":1.09627974,"type":"tree_oak_forest_a"}
{"pos":[-652.154663,-125.319435,268.345947],"rotationMatrix":[-0.00392420823,-0.999992192,0,0.999992192,-0.00392420823,0,0,0,0.999999881],"scale":1.04529595,"type":"tree_oak_forest_a"}
{"pos":[-657.935608,-134.588242,268.457825],"rotationMatrix":[-0.457229197,0.889348745,0,-0.889348745,-0.457229197,0,0,0,0.999999881],"scale":1.19126344,"type":"tree_oak_forest_a"}
{"pos":[-663.792725,-132.25383,268.371582],"rotationMatrix":[0.341100335,-0.94002682,0,0.94002682,0.341100335,0,0,0,0.999999881],"scale":1.09171164,"type":"tree_oak_forest_a"}
{"pos":[-672.657349,-176.031052,268.972137],"rotationMatrix":[0.13970226,0.990193486,0,-0.990193486,0.13970226,0,0,0,0.999999881],"scale":0.988324225,"type":"tree_oak_forest_a"}
{"pos":[-664.411621,-124.706345,268.489166],"rotationMatrix":[-0.999735713,-0.0229859669,0,0.0229859669,-0.999735713,0,0,0,0.999999881],"scale":1.08620381,"type":"tree_oak_forest_a"}
{"pos":[-130.346558,-210.312424,273.618225],"rotationMatrix":[-0.421360433,0.906893134,0,-0.906893134,-0.421360433,0,0,0,0.999999881],"scale":0.923331559,"type":"tree_oak_forest_a"}
{"pos":[-129.183701,-218.165329,273.956299],"rotationMatrix":[-0.253223389,0.967407763,0,-0.967407763,-0.253223389,0,0,0,0.999999881],"scale":1.2703315,"type":"tree_oak_forest_a"}
{"pos":[-334.613861,-65.6876221,258.191376],"rotationMatrix":[0.913025916,-0.407901376,0,0.407901376,0.913025916,0,0,0,0.999999881],"scale":1.07983661,"type":"tree_oak_forest_a"}
{"pos":[-245.165787,-334.068878,302.779724],"rotationMatrix":[0.972837269,-0.231489733,0,0.231489733,0.972837269,0,0,0,0.999999881],"scale":1.23795247,"type":"tree_oak_forest_a"}
{"pos":[-287.041168,-306.111816,302.432709],"rotationMatrix":[-0.549794972,-0.835299492,0,0.835299492,-0.549794972,0,0,0,0.999999881],"scale":1.1141696,"type":"tree_oak_forest_a"}
{"pos":[-310.096558,-319.13446,302.743439],"rotationMatrix":[0.686143696,0.727466047,0,-0.727466047,0.686143696,0,0,0,0.999999881],"scale":1.07122278,"type":"tree_oak_forest_a"}
{"pos":[-54.1327057,-360.968994,283.981323],"rotationMatrix":[0.534862101,0.844939411,0,-0.844939411,0.534862101,0,0,0,0.999999881],"scale":1.24553931,"type":"tree_oak_forest_a"}
{"pos":[-57.5982666,-366.680115,283.981323],"rotationMatrix":[-0.492640793,0.870232642,0,-0.870232642,-0.492640793,0,0,0,0.999999881],"scale":1.11719263,"type":"tree_oak_forest_a"}
{"pos":[-97.6554718,-357.892761,283.966064],"rotationMatrix":[0.580201209,-0.814473033,0,0.814473033,0.580201209,0,0,0,0.999999881],"scale":1.1364181,"type":"tree_oak_forest_a"}
{"pos":[-63.2735481,-332.113403,284.849487],"rotationMatrix":[0.987731874,-0.156158432,0,0.156158432,0.987731874,0,0,0,0.999999881],"scale":1.15340447,"type":"tree_oak_forest_a"}
{"pos":[-77.8173904,-316.187927,284.629669],"rotationMatrix":[-0.24846071,0.968641877,0,-0.968641877,-0.24846071,0,0,0,0.999999881],"scale":1.07483268,"type":"tree_oak_forest_a"}
{"pos":[-73.2384109,-317.280334,283.894531],"rotationMatrix":[0.774758518,-0.632257044,0,0.632257044,0.774758518,0,0,0,0.999999881],"scale":1.22786736,"type":"tree_oak_forest_a"}
{"pos":[-118.919975,-309.167145,284.126129],"rotationMatrix":[-0.586759806,0.809760809,0,-0.809760809,-0.586759806,0,0,0,0.999999881],"scale":0.927013814,"type":"tree_oak_forest_a"}
{"pos":[-123.720757,-331.865021,284.333649],"rotationMatrix":[0.290195733,0.956967294,0,-0.956967294,0.290195733,0,0,0,0.999999881],"scale":0.925790429,"type":"tree_oak_forest_a"}
{"pos":[-123.44912,-329.483643,284.121887],"rotationMatrix":[0.972402036,0.233311266,0,-0.233311266,0.972402036,0,0,0,0.999999881],"scale":1.10774517,"type":"tree_oak_forest_a"}
{"pos":[-97.2416916,-342.528992,285.889313],"rotationMatrix":[-0.543740809,-0.839253187,0,0.839253187,-0.543740809,0,0,0,0.999999881],"scale":1.01193094,"type":"tree_oak_forest_a"}
{"pos":[-79.398262,-340.598358,285.580811],"rotationMatrix":[-0.599537134,0.800346732,0,-0.800346732,-0.599537134,0,0,0,0.999999881],"scale":0.995091856,"type":"tree_oak_forest_a"}
{"pos":[-144.7827,-365.305817,291.697723],"rotationMatrix":[0.998184621,0.0602265075,0,-0.0602265075,0.998184621,0,0,0,0.999999881],"scale":0.991706133,"type":"tree_oak_forest_a"}
{"pos":[-143.359161,-372.662292,291.99292],"rotationMatrix":[-0.919543207,-0.39298889,0,0.39298889,-0.919543207,0,0,0,0.999999881],"scale":1.27658904,"type":"tree_oak_forest_a"}
{"pos":[-229.841995,-351.123718,303.308685],"rotationMatrix":[-0.294113427,-0.955770433,0,0.955770433,-0.294113427,0,0,0,0.999999881],"scale":1.03109586,"type":"tree_oak_forest_a"}
{"pos":[-282.094025,-343.993805,303.026978],"rotationMatrix":[0.108414426,-0.994105697,0,0.994105697,0.108414426,0,0,0,0.999999881],"scale":1.1532985,"type":"tree_oak_forest_a"}
{"pos":[57.85989,-324.209259,273.987122],"rotationMatrix":[-0.922193587,0.386728287,0,-0.386728287,-0.922193587,0,0,0,0.999999881],"scale":1.09917688,"type":"tree_oak_forest_a"}
{"pos":[120.281807,-315.459656,273.971558],"rotationMatrix":[0.462601095,-0.886566401,0,0.886566401,0.462601095,0,0,0,0.999999881],"scale":1.13075137,"type":"tree_oak_forest_a"}
{"pos":[153.133026,-295.938629,273.969543],"rotationMatrix":[-0.385988057,0.92250365,0,-0.92250365,-0.385988057,0,0,0,0.999999881],"scale":1.06595123,"type":"tree_oak_forest_a"}
{"pos":[171.229797,-162.234665,275.19101],"rotationMatrix":[-0.703217685,0.710974514,0,-0.710974514,-0.703217685,0,0,0,0.999999881],"scale":0.989386439,"type":"tree_oak_forest_a"}
{"pos":[171.646454,-174.610565,274.480011],"rotationMatrix":[-0.950911045,0.309464276,0,-0.309464276,-0.950911045,0,0,0,0.999999881],"scale":1.16432405,"type":"tree_oak_forest_a"}
{"pos":[177.901108,-162.714493,275.311493],"rotationMatrix":[0.97999543,0.199019909,0,-0.199019909,0.97999543,0,0,0,0.999999881],"scale":1.19327545,"type":"tree_oak_forest_a"}
{"pos":[181.206802,-165.870392,275.219604],"rotationMatrix":[-0.883660614,0.468127877,0,-0.468127877,-0.883660614,0,0,0,0.999999881],"scale":1.25102103,"type":"tree_oak_forest_a"}
{"pos":[175.512604,-149.299103,275.092896],"rotationMatrix":[-0.811405599,-0.584483325,0,0.584483325,-0.811405599,0,0,0,0.999999881],"scale":1.09892488,"type":"tree_oak_forest_a"}
{"pos":[186.378067,-127.054893,274.239227],"rotationMatrix":[0.998047948,0.062450096,0,-0.062450096,0.998047948,0,0,0,0.999999881],"scale":1.1136992,"type":"tree_oak_forest_a"}
{"pos":[185.725998,-120.169922,274.050323],"rotationMatrix":[-0.986037791,-0.166521475,0,0.166521475,-0.986037791,0,0,0,0.999999881],"scale":1.01214147,"type":"tree_oak_forest_a"}
{"pos":[194.008865,-99.0880203,273.956177],"rotationMatrix":[0.630753458,0.775983274,0,-0.775983274,0.630753458,0,0,0,0.999999881],"scale":1.1720922,"type":"tree_oak_forest_a"}
{"pos":[193.67749,-249.851288,273.986816],"rotationMatrix":[-0.9071154,-0.420881957,0,0.420881957,-0.9071154,0,0,0,0.999999881],"scale":1.28415763,"type":"tree_oak_forest_a"}
{"pos":[197.323929,-220.877228,273.986816],"rotationMatrix":[-0.805657148,-0.592382073,0,0.592382073,-0.805657148,0,0,0,0.999999881],"scale":1.09227324,"type":"tree_oak_forest_a"}
{"pos":[200.119629,-228.384827,273.986816],"rotationMatrix":[-0.796545446,0.604578555,0,-0.604578555,-0.796545446,0,0,0,0.999999881],"scale":1.29392087,"type":"tree_oak_forest_a"}
{"pos":[-496.934082,166.160202,262.600952],"rotationMatrix":[-0.34399426,0.938971639,0,-0.938971639,-0.34399426,0,0,0,0.999999881],"scale":0.949486434,"type":"tree_oak_forest_a"}
{"pos":[-592.428833,212.650192,262.534027],"rotationMatrix":[0.212640941,-0.977130353,0,0.977130353,0.212640941,0,0,0,0.999999881],"scale":0.970677316,"type":"tree_oak_forest_a"}
{"pos":[-588.527222,219.073334,262.435608],"rotationMatrix":[-0.971922219,0.235301837,0,-0.235301837,-0.971922219,0,0,0,0.999999881],"scale":0.920240462,"type":"tree_oak_forest_a"}
{"pos":[-620.571533,156.620178,262.741821],"rotationMatrix":[-0.114553966,0.993416965,0,-0.993416965,-0.114553966,0,0,0,0.999999881],"scale":1.16373539,"type":"tree_oak_forest_a"}
{"pos":[-600.929016,225.329575,262.566223],"rotationMatrix":[-0.414088517,-0.910236537,0,0.910236537,-0.414088517,0,0,0,0.999999881],"scale":1.20346713,"type":"tree_oak_forest_a"}
{"pos":[-605.852173,203.44252,262.908905],"rotationMatrix":[-0.788739026,0.614728093,0,-0.614728093,-0.788739026,0,0,0,0.999999881],"scale":1.20414186,"type":"tree_oak_forest_a"}
{"pos":[-614.347229,188.428909,263.394897],"rotationMatrix":[-0.946064055,-0.323979229,0,0.323979229,-0.946064055,0,0,0,0.999999881],"scale":0.983802855,"type":"tree_oak_forest_a"}
{"pos":[-814.052979,157.013474,286.460297],"rotationMatrix":[-0.60407877,0.796924412,0,-0.796924412,-0.60407877,0,0,0,0.999999881],"scale":0.941627324,"type":"tree_oak_forest_a"}
{"pos":[-792.478088,189.656342,290.020813],"rotationMatrix":[-0.962804854,0.2701976,0,-0.2701976,-0.962804854,0,0,0,0.999999881],"scale":0.980452895,"type":"tree_oak_forest_a"}
{"pos":[-811.230774,166.822311,289.006775],"rotationMatrix":[0.195993096,0.980605245,0,-0.980605245,0.195993096,0,0,0,0.999999881],"scale":1.07099938,"type":"tree_oak_forest_a"}
{"pos":[-811.793701,155.543686,286.429413],"rotationMatrix":[-0.143104419,0.98970753,0,-0.98970753,-0.143104419,0,0,0,0.999999881],"scale":1.06707621,"type":"tree_oak_forest_a"}
{"pos":[-831.035706,191.139816,296.205444],"rotationMatrix":[-0.698109329,0.715990901,0,-0.715990901,-0.698109329,0,0,0,0.999999881],"scale":1.07174778,"type":"tree_oak_forest_a"}
{"pos":[-826.545166,189.930603,296.127319],"rotationMatrix":[-0.582579553,0.812773466,0,-0.812773466,-0.582579553,0,0,0,0.999999881],"scale":1.25338531,"type":"tree_oak_forest_a"}
{"pos":[-821.199768,191.695114,296.127319],"rotationMatrix":[-0.98706454,-0.160323143,0,0.160323143,-0.98706454,0,0,0,0.999999881],"scale":1.09203601,"type":"tree_oak_forest_a"}
{"pos":[-647.640564,207.304504,292.051666],"rotationMatrix":[0.999999821,0.000513378705,0,-0.000513378705,0.999999821,0,0,0,0.999999881],"scale":1.18233597,"type":"tree_oak_forest_a"}
{"pos":[-684.649963,202.431671,290.317352],"rotationMatrix":[0.749369979,-0.662151337,0,0.662151337,0.749369979,0,0,0,0.999999881],"scale":1.22835207,"type":"tree_oak_forest_a"}
{"pos":[-686.88031,186.752274,290.623993],"rotationMatrix":[0.144365177,0.989524424,0,-0.989524424,0.144365177,0,0,0,0.999999881],"scale":1.18765962,"type":"tree_oak_forest_a"}
{"pos":[-688.545959,185.358383,290.473358],"rotationMatrix":[-0.877989769,0.478679091,0,-0.478679091,-0.877989769,0,0,0,0.999999881],"scale":1.05122519,"type":"tree_oak_forest_a"}
{"pos":[-688.602539,163.410706,290.95108],"rotationMatrix":[-0.999754608,-0.02214933,0,0.02214933,-0.999754608,0,0,0,0.999999881],"scale":0.90257895,"type":"tree_oak_forest_a"}
{"pos":[-721.458923,131.765182,289.585663],"rotationMatrix":[0.778828919,-0.627236307,0,0.627236307,0.778828919,0,0,0,0.999999881],"scale":0.90782994,"type":"tree_oak_forest_a"}
{"pos":[-722.033203,139.702362,289.611816],"rotationMatrix":[0.80768615,-0.589612544,0,0.589612544,0.80768615,0,0,0,0.999999881],"scale":0.913547575,"type":"tree_oak_forest_a"}
{"pos":[-772.172119,177.224655,289.668671],"rotationMatrix":[0.999577045,0.0290780216,0,-0.0290780216,0.999577045,0,0,0,0.999999881],"scale":1.14550602,"type":"tree_oak_forest_a"}
{"pos":[-702.707764,120.615761,284.094971],"rotationMatrix":[0.840106487,-0.542421401,0,0.542421401,0.840106487,0,0,0,0.999999881],"scale":1.1501776,"type":"tree_oak_forest_a"}
{"pos":[-671.928345,116.827461,278.397339],"rotationMatrix":[0.39315334,0.919472933,0,-0.919472933,0.39315334,0,0,0,0.999999881],"scale":0.985777617,"type":"tree_oak_forest_a"}
{"pos":[-933.623535,-121.017944,361.876068],"rotationMatrix":[-0.504043221,-0.863678396,0,0.863678396,-0.504043221,0,0,0,0.999999881],"scale":1.25153148,"type":"tree_oak_forest_a"}
{"pos":[-947.102844,-127.74781,362.7117],"rotationMatrix":[-0.94789499,-0.318582922,0,0.318582922,-0.94789499,0,0,0,0.999999881],"scale":1.26988697,"type":"tree_oak_forest_a"}
{"pos":[-942.839111,-116.790176,360.55014],"rotationMatrix":[0.568220615,-0.822876096,0,0.822876096,0.568220615,0,0,0,0.999999881],"scale":1.03113389,"type":"tree_oak_forest_a"}
{"pos":[-969.613159,-130.65274,361.204071],"rotationMatrix":[0.845302522,0.53428793,0,-0.53428793,0.845302522,0,0,0,0.999999881],"scale":1.09456718,"type":"tree_oak_forest_a"}
{"pos":[-945.876709,-179.262329,360.671906],"rotationMatrix":[0.763871789,0.64536798,0,-0.64536798,0.763871789,0,0,0,0.999999881],"scale":0.909031212,"type":"tree_oak_forest_a"}
{"pos":[-917.882996,-158.95578,366.112915],"rotationMatrix":[-0.921730995,-0.387829602,0,0.387829602,-0.921730995,0,0,0,0.999999881],"scale":1.03312492,"type":"tree_oak_forest_a"}
{"pos":[-929.822266,-179.227127,362.531647],"rotationMatrix":[-0.968982637,0.247128427,0,-0.247128427,-0.968982637,0,0,0,0.999999881],"scale":0.916518688,"type":"tree_oak_forest_a"}
{"pos":[-908.848145,-210.465912,359.507935],"rotationMatrix":[-0.134943292,0.99085325,0,-0.99085325,-0.134943292,0,0,0,0.999999881],"scale":1.04421973,"type":"tree_oak_forest_a"}
{"pos":[-888.463806,-159.408752,363.123138],"rotationMatrix":[0.401663512,0.915787339,0,-0.915787339,0.401663512,0,0,0,0.999999881],"scale":1.02229333,"type":"tree_oak_forest_a"}
{"pos":[-907.103149,-151.629501,364.866211],"rotationMatrix":[-0.0895432308,0.995982826,0,-0.995982826,-0.0895432308,0,0,0,0.999999881],"scale":1.08093691,"type":"tree_oak_forest_a"}
{"pos":[-890.481262,-155.858551,363.320435],"rotationMatrix":[0.740850627,-0.671669602,0,0.671669602,0.740850627,0,0,0,0.999999881],"scale":1.16545892,"type":"tree_oak_forest_a"}
{"pos":[-909.182739,-149.36882,364.87851],"rotationMatrix":[-0.953285873,0.302069575,0,-0.302069575,-0.953285873,0,0,0,0.999999881],"scale":1.04864573,"type":"tree_oak_forest_a"}
{"pos":[-895.864014,-124.083725,360.099762],"rotationMatrix":[0.1297656,-0.991544604,0,0.991544604,0.1297656,0,0,0,0.999999881],"scale":1.03434277,"type":"tree_oak_forest_a"}
{"pos":[-979.735779,-97.9225616,358.900787],"rotationMatrix":[0.637621224,0.770350039,0,-0.770350039,0.637621224,0,0,0,0.999999881],"scale":0.906144679,"type":"tree_oak_forest_a"}
{"pos":[122.220833,386.029755,256.335999],"rotationMatrix":[0.614551783,-0.788876295,0,0.788876295,0.614551783,0,0,0,0.999999881],"scale":1.16358578,"type":"tree_oak_forest_a"}
{"pos":[149.890961,332.634644,249.234344],"rotationMatrix":[0.634137928,0.773219943,0,-0.773219943,0.634137928,0,0,0,0.999999881],"scale":0.948576689,"type":"tree_oak_forest_a"}
{"pos":[140.66861,324.570557,248.194214],"rotationMatrix":[0.247052476,-0.969002068,0,0.969002068,0.247052476,0,0,0,0.999999881],"scale":1.06314921,"type":"tree_oak_forest_a"}
{"pos":[127.02047,319.506653,248.069305],"rotationMatrix":[0.521641552,0.853164792,0,-0.853164792,0.521641552,0,0,0,0.999999881],"scale":0.978683114,"type":"tree_oak_forest_a"}
{"pos":[141.611908,354.972717,251.770874],"rotationMatrix":[0.657155514,-0.753754914,0,0.753754914,0.657155514,0,0,0,0.999999881],"scale":1.11010456,"type":"tree_oak_forest_a"}
{"pos":[146.224167,374.825806,251.733093],"rotationMatrix":[0.350080103,0.936719716,0,-0.936719716,0.350080103,0,0,0,0.999999881],"scale":1.12503922,"type":"tree_oak_forest_a"}
{"pos":[105.987373,334.647217,253.810196],"rotationMatrix":[0.523163855,0.852232158,0,-0.852232158,0.523163855,0,0,0,0.999999881],"scale":0.941319287,"type":"tree_oak_forest_a"}
{"pos":[88.0339279,334.782135,253.90625],"rotationMatrix":[0.489402264,0.872058213,0,-0.872058213,0.489402264,0,0,0,0.999999881],"scale":0.936495483,"type":"tree_oak_forest_a"}
{"pos":[211.345612,357.846985,249.984741],"rotationMatrix":[0.994454265,0.105169304,0,-0.105169304,0.994454265,0,0,0,0.999999881],"scale":1.05321419,"type":"tree_oak_forest_a"}
{"pos":[102.165619,273.342041,246.493011],"rotationMatrix":[-0.347244114,0.937774599,0,-0.937774599,-0.347244114,0,0,0,0.999999881],"scale":1.06921232,"type":"tree_oak_forest_a"}
{"pos":[160.727341,314.239166,249.440979],"rotationMatrix":[0.208848059,-0.97794801,0,0.97794801,0.208848059,0,0,0,0.999999881],"scale":1.2511338,"type":"tree_oak_forest_a"}
{"pos":[44.1266365,395.411255,258.860291],"rotationMatrix":[0.822030306,0.569443703,0,-0.569443703,0.822030306,0,0,0,0.999999881],"scale":1.29081237,"type":"tree_oak_forest_a"}
{"pos":[61.608139,414.992065,259.417114],"rotationMatrix":[-0.711749852,-0.70243299,0,0.70243299,-0.711749852,0,0,0,0.999999881],"scale":1.19540536,"type":"tree_oak_forest_a"}
{"pos":[-57.9195747,314.921234,261.980591],"rotationMatrix":[-0.915249646,0.402886868,0,-0.402886868,-0.915249646,0,0,0,0.999999881],"scale":0.944264054,"type":"tree_oak_forest_a"}
{"pos":[-97.3684769,253.178848,251.022522],"rotationMatrix":[-0.697582006,-0.716504931,0,0.716504931,-0.697582006,0,0,0,0.999999881],"scale":0.921509445,"type":"tree_oak_forest_a"}
{"pos":[-143.051743,533.06366,268.609833],"rotationMatrix":[-0.668267548,-0.743920863,0,0.743920863,-0.668267548,0,0,0,0.999999881],"scale":1.14184427,"type":"tree_oak_forest_a"}
{"pos":[-185.39679,520.933838,268.997192],"rotationMatrix":[0.998970628,-0.0453591496,0,0.0453591496,0.998970628,0,0,0,0.999999881],"scale":0.955660224,"type":"tree_oak_forest_a"}
{"pos":[-95.2187958,531.4021,268.414032],"rotationMatrix":[0.980424523,0.196895108,0,-0.196895108,0.980424523,0,0,0,0.999999881],"scale":1.16937137,"type":"tree_oak_forest_a"}
{"pos":[-89.8195877,337.989502,265.365601],"rotationMatrix":[0.995884776,0.0906274244,0,-0.0906274244,0.995884776,0,0,0,0.999999881],"scale":1.12472034,"type":"tree_oak_forest_a"}
{"pos":[-119.537971,322.918976,265.356171],"rotationMatrix":[-0.922410905,-0.386209846,0,0.386209846,-0.922410905,0,0,0,0.999999881],"scale":1.04932261,"type":"tree_oak_forest_a"}
{"pos":[-141.920074,314.580505,265.365601],"rotationMatrix":[-0.983919621,0.178611457,0,-0.178611457,-0.983919621,0,0,0,0.999999881],"scale":1.04901266,"type":"tree_oak_forest_a"}
{"pos":[330.356262,-7.85353899,273.977875],"rotationMatrix":[0.389056623,-0.921213686,0,0.921213686,0.389056623,0,0,0,0.999999881],"scale":1.00005901,"type":"tree_oak_forest_a"}
