{"pos":[282.273499,97.7456436,256.295044],"rotationMatrix":[0.948592305,-0.316500366,0,0.316500366,0.948592305,0,0,0,0.999999881],"scale":1.24473453,"type":"tree_aspen_small_d"}
{"pos":[262.046082,126.818939,253.905914],"rotationMatrix":[0.60723722,-0.794520438,0,0.794520438,0.60723722,0,0,0,0.999999881],"scale":0.9666664,"type":"tree_aspen_small_d"}
{"pos":[256.324493,146.977982,253.585587],"rotationMatrix":[-0.0693064034,-0.99759531,0,0.99759531,-0.0693064034,0,0,0,0.999999881],"scale":1.01888108,"type":"tree_aspen_small_d"}
{"pos":[200.826828,176.663193,253.660721],"rotationMatrix":[0.956895769,0.290431291,0,-0.290431291,0.956895769,0,0,0,0.999999881],"scale":1.34112108,"type":"tree_aspen_small_d"}
{"pos":[184.895035,160.255905,253.366623],"rotationMatrix":[0.772320688,-0.635232627,0,0.635232627,0.772320688,0,0,0,0.999999881],"scale":1.27258742,"type":"tree_aspen_small_d"}
{"pos":[163.451233,52.6529388,253.486252],"rotationMatrix":[-0.446013927,-0.895025909,0,0.895025909,-0.446013927,0,0,0,0.999999881],"scale":1.29450309,"type":"tree_aspen_small_d"}
{"pos":[280.233124,224.705841,249.049377],"rotationMatrix":[0.182989463,0.983114839,0,-0.983114839,0.182989463,0,0,0,0.999999881],"scale":1.32281339,"type":"tree_aspen_small_d"}
{"pos":[326.817078,252.771683,257.017883],"rotationMatrix":[0.0168603361,0.999857783,0,-0.999857783,0.0168603361,0,0,0,0.999999881],"scale":0.9649207,"type":"tree_aspen_small_d"}
{"pos":[328.939575,213.523209,263.244476],"rotationMatrix":[0.319184005,-0.947692692,0,0.947692692,0.319184005,0,0,0,0.999999881],"scale":1.46249819,"type":"tree_aspen_small_d"}
{"pos":[342.665649,201.339127,263.105499],"rotationMatrix":[0.857518375,-0.514453173,0,0.514453173,0.857518375,0,0,0,0.999999881],"scale":1.3043201,"type":"tree_aspen_small_d"}
{"pos":[440.948395,72.3377991,256.605225],"rotationMatrix":[-0.23168993,0.972789586,0,-0.972789586,-0.23168993,0,0,0,0.999999881],"scale":1.36937034,"type":"tree_aspen_small_d"}
{"pos":[410.690369,132.43251,259.397858],"rotationMatrix":[0.674002886,0.738728702,0,-0.738728702,0.674002886,0,0,0,0.999999881],"scale":1.14772844,"type":"tree_aspen_small_d"}
{"pos":[407.721222,148.145721,258.29483],"rotationMatrix":[0.00305812666,0.999995232,0,-0.999995232,0.00305812666,0,0,0,0.999999881],"scale":1.27127242,"type":"tree_aspen_small_d"}
{"pos":[410.490784,155.010727,258.40274],"rotationMatrix":[0.159863293,-0.987139106,0,0.987139106,0.159863293,0,0,0,0.999999881],"scale":1.4346838,"type":"tree_aspen_small_d"}
{"pos":[385.550568,150.999573,262.6698],"rotationMatrix":[-0.0539504103,-0.998543561,0,0.998543561,-0.0539504103,0,0,0,0.999999881],"scale":1.32358372,"type":"tree_aspen_small_d"}
{"pos":[368.779388,162.816864,262.696625],"rotationMatrix":[-0.310907871,-0.95043999,0,0.95043999,-0.310907871,0,0,0,0.999999881],"scale":0.920056164,"type":"tree_aspen_small_d"}
{"pos":[393.922913,198.809372,262.563934],"rotationMatrix":[-0.799747109,0.600336909,0,-0.600336909,-0.799747109,0,0,0,0.999999881],"scale":1.32374525,"type":"tree_aspen_small_d"}
{"pos":[390.069397,198.550201,263.335754],"rotationMatrix":[-0.994516075,0.10458225,0,-0.10458225,-0.994516075,0,0,0,0.999999881],"scale":0.986692786,"type":"tree_aspen_small_d"}
{"pos":[379.097473,220.249252,263.697388],"rotationMatrix":[0.846313179,0.532685578,0,-0.532685578,0.846313179,0,0,0,0.999999881],"scale":0.917111456,"type":"tree_aspen_small_d"}
{"pos":[381.114349,214.119034,263.419556],"rotationMatrix":[0.752232552,-0.658897519,0,0.658897519,0.752232552,0,0,0,0.999999881],"scale":0.937577546,"type":"tree_aspen_small_d"}
{"pos":[395.372009,227.106918,263.058502],"rotationMatrix":[0.322456986,0.946584105,0,-0.946584105,0.322456986,0,0,0,0.999999881],"scale":1.06289208,"type":"tree_aspen_small_d"}
{"pos":[380.477142,216.979782,263.086731],"rotationMatrix":[0.761000812,0.648750901,0,-0.648750901,0.761000812,0,0,0,0.999999881],"scale":1.1061219,"type":"tree_aspen_small_d"}
{"pos":[386.457977,221.096619,262.712769],"rotationMatrix":[0.947652578,-0.319302887,0,0.319302887,0.947652578,0,0,0,0.999999881],"scale":1.33656645,"type":"tree_aspen_small_d"}
{"pos":[415.195679,203.701126,263.586029],"rotationMatrix":[0.985910714,0.167271987,0,-0.167271987,0.985910714,0,0,0,0.999999881],"scale":1.26660872,"type":"tree_aspen_small_d"}
{"pos":[421.607544,173.567551,258.762817],"rotationMatrix":[-0.965868354,-0.259033263,0,0.259033263,-0.965868354,0,0,0,0.999999881],"scale":1.14526463,"type":"tree_aspen_small_d"}
{"pos":[402.504791,177.590271,260.91684],"rotationMatrix":[-0.485150129,-0.874430716,0,0.874430716,-0.485150129,0,0,0,0.999999881],"scale":1.19969702,"type":"tree_aspen_small_d"}
{"pos":[382.598572,183.272888,262.677917],"rotationMatrix":[0.954578221,-0.297960103,0,0.297960103,0.954578221,0,0,0,0.999999881],"scale":1.26086462,"type":"tree_aspen_small_d"}
{"pos":[380.597473,159.671722,262.388519],"rotationMatrix":[0.171584263,-0.985169351,0,0.985169351,0.171584263,0,0,0,0.999999881],"scale":1.0341475,"type":"tree_aspen_small_d"}
{"pos":[142.046921,10.2579613,253.727615],"rotationMatrix":[-0.66595149,0.745994985,0,-0.745994985,-0.66595149,0,0,0,0.999999881],"scale":0.958928227,"type":"tree_aspen_small_d"}
{"pos":[470.242035,89.3525085,263.291687],"rotationMatrix":[0.999999881,-0.00021063973,0,0.00021063973,0.999999881,0,0,0,0.999999881],"scale":1.3883487,"type":"tree_aspen_small_d"}
{"pos":[-36.3509254,-149.375961,256.847595],"rotationMatrix":[0.991496861,-0.130129516,0,0.130129516,0.991496861,0,0,0,0.999999881],"scale":1.40339708,"type":"tree_aspen_small_d"}
{"pos":[-249.579193,-239.505386,263.318176],"rotationMatrix":[0.514659464,-0.857394576,0,0.857394576,0.514659464,0,0,0,0.999999881],"scale":0.947156072,"type":"tree_aspen_small_d"}
{"pos":[33.7285957,-316.837463,256.819305],"rotationMatrix":[0.456939399,-0.889497697,0,0.889497697,0.456939399,0,0,0,0.999999881],"scale":1.02376628,"type":"tree_aspen_small_d"}
{"pos":[-305.690704,-219.823624,273.866821],"rotationMatrix":[0.734827876,0.678253651,0,-0.678253651,0.734827876,0,0,0,0.999999881],"scale":1.27988076,"type":"tree_aspen_small_d"}
{"pos":[-175.997375,-57.5050011,255.586319],"rotationMatrix":[0.853253901,-0.521495402,0,0.521495402,0.853253901,0,-0,0,0.999999881],"scale":1.39248395,"type":"tree_aspen_small_d"}
{"pos":[-138.551865,-80.7182693,254.702271],"rotationMatrix":[-0.135619402,-0.990760863,0,0.990760863,-0.135619402,0,-0,0,0.999999881],"scale":1.45772791,"type":"tree_aspen_small_d"}
{"pos":[-140.232086,-75.2145615,255.598358],"rotationMatrix":[0.644778728,0.764369249,0,-0.764369249,0.644778728,-0,-0,0,0.999999881],"scale":1.07761776,"type":"tree_aspen_small_d"}
{"pos":[-123.998138,-85.6020889,255.382324],"rotationMatrix":[-0.886300921,0.463109761,-0,-0.463109761,-0.886300921,0,-0,0,0.999999881],"scale":1.00665593,"type":"tree_aspen_small_d"}
{"pos":[-115.182693,-92.3817749,255.493561],"rotationMatrix":[-0.262802303,-0.964849591,0,0.964849591,-0.262802303,0,-0,0,0.999999881],"scale":1.01561236,"type":"tree_aspen_small_d"}
{"pos":[-92.9541321,-79.1309052,255.54039],"rotationMatrix":[-0.388855994,0.921298444,-0,-0.921298444,-0.388855994,0,-0,0,0.999999881],"scale":1.04691863,"type":"tree_aspen_small_d"}
{"pos":[-153.886871,-60.9021111,255.810928],"rotationMatrix":[0.993517101,0.113681845,0,-0.113681845,0.993517101,-0,-0,0,0.999999881],"scale":1.21448159,"type":"tree_aspen_small_d"}
{"pos":[-197.73851,-50.5606155,255.268494],"rotationMatrix":[0.833384454,0.552693665,0,-0.552693665,0.833384454,-0,-0,0,0.999999881],"scale":1.49494815,"type":"tree_aspen_small_d"}
{"pos":[-228.697556,-51.5270424,255.600082],"rotationMatrix":[-0.345611423,0.938377559,-0,-0.938377559,-0.345611423,0,-0,0,0.999999881],"scale":0.910760462,"type":"tree_aspen_small_d"}
{"pos":[-211.605545,-47.3040161,255.245987],"rotationMatrix":[0.490511715,-0.87143445,0,0.87143445,0.490511715,0,-0,0,0.999999881],"scale":1.22734928,"type":"tree_aspen_small_d"}
{"pos":[-232.921066,-4.78609371,249.779602],"rotationMatrix":[0.753613293,0.657317996,0,-0.657317996,0.753613293,-0,-0,0,0.999999881],"scale":1.15627837,"type":"tree_aspen_small_d"}
{"pos":[-227.274338,-5.22818279,249.950638],"rotationMatrix":[-0.727647305,0.685951173,-0,-0.685951173,-0.727647305,0,-0,0,0.999999881],"scale":1.12195277,"type":"tree_aspen_small_d"}
{"pos":[-114.567413,-5.36562777,249.956268],"rotationMatrix":[0.996025801,0.0890645012,0,-0.0890645012,0.996025801,-0,-0,0,0.999999881],"scale":1.19709182,"type":"tree_aspen_small_d"}
{"pos":[-91.5665817,-5.79540348,249.767654],"rotationMatrix":[-0.119708151,-0.992809057,0,0.992809057,-0.119708151,0,-0,0,0.999999881],"scale":0.91575247,"type":"tree_aspen_small_d"}
{"pos":[-61.1673431,-15.695487,249.621948],"rotationMatrix":[-0.248175725,0.968714952,-0,-0.968714952,-0.248175725,0,-0,0,0.999999881],"scale":1.11870658,"type":"tree_aspen_small_d"}
{"pos":[-290.055298,-13.1092539,255.43663],"rotationMatrix":[-0.987703264,0.156339228,-0,-0.156339228,-0.987703264,0,-0,0,0.999999881],"scale":1.15836883,"type":"tree_aspen_small_d"}
{"pos":[-297.239868,7.02474499,254.808899],"rotationMatrix":[-0.655875444,0.754868865,-0,-0.754868865,-0.655875444,0,-0,0,0.999999881],"scale":0.961247683,"type":"tree_aspen_small_d"}
{"pos":[-305.050537,-16.2614937,256.855255],"rotationMatrix":[-0.92464143,0.380838543,-0,-0.380838543,-0.92464143,0,-0,0,0.999999881],"scale":0.958454132,"type":"tree_aspen_small_d"}
{"pos":[-317.87146,-5.59167385,258.79834],"rotationMatrix":[-0.987568021,0.157191873,-0,-0.157191873,-0.987568021,0,-0,0,0.999999881],"scale":1.40996671,"type":"tree_aspen_small_d"}
{"pos":[-308.896057,-15.6063585,256.918213],"rotationMatrix":[0.900850236,-0.434129596,0,0.434129596,0.900850236,0,-0,0,0.999999881],"scale":1.10183179,"type":"tree_aspen_small_d"}
{"pos":[-333.332916,-13.8067093,259.615601],"rotationMatrix":[0.799448371,0.60073477,0,-0.60073477,0.799448371,-0,-0,0,0.999999881],"scale":1.1540544,"type":"tree_aspen_small_d"}
{"pos":[-309.691772,-5.58304787,256.989838],"rotationMatrix":[-0.18864058,-0.982046127,0,0.982046127,-0.18864058,0,-0,0,0.999999881],"scale":1.01203585,"type":"tree_aspen_small_d"}
{"pos":[-334.738678,-8.15366936,259.583862],"rotationMatrix":[-0.462333024,-0.886706352,0,0.886706352,-0.462333024,0,-0,0,0.999999881],"scale":0.971722305,"type":"tree_aspen_small_d"}
{"pos":[-341.111725,2.10571384,258.907806],"rotationMatrix":[0.932976305,0.359937638,0,-0.359937638,0.932976305,-0,-0,0,0.999999881],"scale":1.21972704,"type":"tree_aspen_small_d"}
{"pos":[-349.413696,-11.5779114,259.554596],"rotationMatrix":[0.466950029,-0.884283543,0,0.884283543,0.466950029,0,-0,0,0.999999881],"scale":1.35898542,"type":"tree_aspen_small_d"}
{"pos":[-345.197113,-10.3501434,259.332184],"rotationMatrix":[0.190215006,0.981742442,0,-0.981742442,0.190215006,-0,-0,0,0.999999881],"scale":1.18640542,"type":"tree_aspen_small_d"}
{"pos":[-358.358887,-8.33262253,260.757782],"rotationMatrix":[0.736037076,-0.676941097,0,0.676941097,0.736037076,0,-0,0,0.999999881],"scale":1.26391351,"type":"tree_aspen_small_d"}
{"pos":[-419.843414,8.92674828,261.46936],"rotationMatrix":[-0.305891097,0.952066362,-0,-0.952066362,-0.305891097,0,-0,0,0.999999881],"scale":1.23481929,"type":"tree_aspen_small_d"}
{"pos":[-514.352051,3.27272606,262.340485],"rotationMatrix":[-0.572687566,0.819773495,-0,-0.819773495,-0.572687566,0,-0,0,0.999999881],"scale":1.08704388,"type":"tree_aspen_small_d"}
{"pos":[-606.612976,76.2545776,262.011658],"rotationMatrix":[0.285868257,0.95826894,0,-0.95826894,0.285868257,-0,-0,0,0.999999881],"scale":1.44193625,"type":"tree_aspen_small_d"}
{"pos":[-566.641663,10.6298275,262.429443],"rotationMatrix":[-0.882977068,-0.469416171,0,0.469416171,-0.882977068,0,-0,0,0.999999881],"scale":1.19799364,"type":"tree_aspen_small_d"}
{"pos":[-491.539246,41.675808,260.534332],"rotationMatrix":[-0.996380329,0.0850058943,-0,-0.0850058943,-0.996380329,0,-0,0,0.999999881],"scale":0.941194057,"type":"tree_aspen_small_d"}
{"pos":[-349.81189,47.9011269,258.607544],"rotationMatrix":[0.877233565,0.480063796,0,-0.480063796,0.877233565,-0,-0,0,0.999999881],"scale":1.08930266,"type":"tree_aspen_small_d"}
{"pos":[-338.690002,49.9301491,257.773071],"rotationMatrix":[0.947911501,-0.318533361,0,0.318533361,0.947911501,0,-0,0,0.999999881],"scale":1.20597351,"type":"tree_aspen_small_d"}
{"pos":[-293.187622,54.2036209,254.827393],"rotationMatrix":[-0.030369943,-0.99953866,0,0.99953866,-0.030369943,0,-0,0,0.999999881],"scale":1.09343874,"type":"tree_aspen_small_d"}
{"pos":[-246.138763,45.3334541,250.13942],"rotationMatrix":[0.999649465,-0.0264723208,0,0.0264723208,0.999649465,0,-0,0,0.999999881],"scale":1.4045465,"type":"tree_aspen_small_d"}
{"pos":[-88.5021515,40.7579117,249.103729],"rotationMatrix":[-0.212902009,0.977073491,-0,-0.977073491,-0.212902009,0,-0,0,0.999999881],"scale":1.16163278,"type":"tree_aspen_small_d"}
{"pos":[81.1656342,43.6011505,253.46669],"rotationMatrix":[0.858896136,-0.512149572,0,0.512149572,0.858896136,0,-0,0,0.999999881],"scale":0.906140208,"type":"tree_aspen_small_d"}
{"pos":[-421.658386,-145.368622,261.414032],"rotationMatrix":[0.895739436,0.444579363,0,-0.444579363,0.895739436,-0,-0,0,0.999999881],"scale":1.42447424,"type":"tree_aspen_small_d"}
{"pos":[-383.31488,-120.461258,261.84549],"rotationMatrix":[0.720706284,-0.693240285,0,0.693240285,0.720706284,0,-0,0,0.999999881],"scale":0.948551357,"type":"tree_aspen_small_d"}
{"pos":[-334.053772,-126.786736,263.074554],"rotationMatrix":[0.979682028,0.200556606,0,-0.200556606,0.979682028,-0,-0,0,0.999999881],"scale":1.07797158,"type":"tree_aspen_small_d"}
