{"pos":[766.973694,-133.208664,58.1034622],"rotationMatrix":[0.862571657,-0.505934596,0,0.505934596,0.862571657,0,0,0,0.999999881],"scale":0.976676404,"type":"tree_aspen_forest_a"}
{"pos":[696.253662,66.7395096,53.9245567],"rotationMatrix":[0.940128624,0.340819657,0,-0.340819657,0.940128624,0,0,0,0.999999881],"scale":1.03272521,"type":"tree_aspen_forest_a"}
{"pos":[800.964905,-4.40721321,51.8397522],"rotationMatrix":[-0.980450213,-0.196767092,0,0.196767092,-0.980450213,0,0,0,0.999999881],"scale":1.07600605,"type":"tree_aspen_forest_a"}
{"pos":[801.49823,-15.7104111,52.2054787],"rotationMatrix":[-0.965076745,-0.261967242,0,0.261967242,-0.965076745,0,0,0,0.999999881],"scale":0.90946281,"type":"tree_aspen_forest_a"}
{"pos":[819.260071,-104.148933,57.7490387],"rotationMatrix":[-0.919576943,-0.392909974,0,0.392909974,-0.919576943,0,0,0,0.999999881],"scale":0.847441077,"type":"tree_aspen_forest_a"}
