{"pos":[-53.6565018,-33.0442009,47.243],"rotationMatrix":[-0.300884604,-0.953766942,0,0.953766942,-0.300884604,0,0,0,1],"scale":1,"type":"tree_beech_bush_b"}
{"pos":[-30.8059998,-31.9853992,48.2924995],"rotationMatrix":[-0.538257957,0.842621565,0,-0.842621565,-0.538257957,0,0,0,1],"scale":1,"type":"tree_beech_bush_b"}
{"pos":[-48.5157013,-49.0270996,48.5339012],"rotationMatrix":[-0.742097855,-0.670109391,0,0.670109391,-0.742097855,0,0,0,1],"scale":1,"type":"tree_beech_bush_b"}
{"pos":[-25.8057995,-34.3059998,48.8714981],"rotationMatrix":[-0.903590679,0.428678632,0,-0.428678632,-0.903590679,0,0,0,1],"scale":1,"type":"tree_beech_bush_b"}
{"pos":[-7.7979002,-41.0414009,51.0554008],"rotationMatrix":[0.994466484,0.105052717,0,-0.105052717,0.994466484,0,0,0,1],"scale":1,"type":"tree_beech_bush_b"}
{"pos":[-59.8893013,-64.4280014,49.9810982],"rotationMatrix":[-0.916098833,-0.400916457,0,0.400916457,-0.916098833,0,0,0,1],"scale":1,"type":"tree_beech_bush_b"}
{"pos":[-61.7242012,-85.5085983,49.7639999],"rotationMatrix":[-0.341194391,0.940097213,0,-0.940097213,-0.341194391,0,0,0,1],"scale":1,"type":"tree_beech_bush_b"}
{"pos":[-11.1108999,-101.992996,50.4379005],"rotationMatrix":[-0.578153729,-0.815992415,0,0.815992415,-0.578153729,0,0,0,1],"scale":1,"type":"tree_beech_bush_b"}
{"pos":[-66.6362991,-75.2238998,49.4842987],"rotationMatrix":[-0.641672015,0.767200828,0,-0.767200828,-0.641672015,0,0,0,1],"scale":1,"type":"tree_beech_bush_b"}
{"pos":[-179.444,-27.6592999,34.8610992],"rotationMatrix":[0.828301966,0.560274601,0,-0.560274601,0.828301966,0,0,0,1],"scale":1,"type":"tree_beech_bush_b"}
{"pos":[-206.684998,-3.36209989,35.2580986],"rotationMatrix":[0.674536884,0.738222003,0,-0.738222003,0.674536884,0,0,0,1],"scale":1,"type":"tree_beech_bush_b"}
{"pos":[-56.2056007,-365.263,52.1514015],"rotationMatrix":[-0.52705276,-0.849857867,0,0.849857867,-0.52705276,0,0,0,1],"scale":1,"type":"tree_beech_bush_b"}
{"pos":[-55.2672005,-373.953003,52.4048004],"rotationMatrix":[0.974911988,0.222588807,0,-0.222588807,0.974911988,0,0,0,1],"scale":1,"type":"tree_beech_bush_b"}
{"pos":[-32.9564018,-422.612,57.1584015],"rotationMatrix":[-0.449764013,0.89311862,0,-0.89311862,-0.449764013,0,0,0,1],"scale":1,"type":"tree_beech_bush_b"}
{"pos":[-28.6613998,-401.26001,55.6188011],"rotationMatrix":[0.999967992,-0.00800000038,0,0.00800000038,0.999967992,0,0,0,1],"scale":1,"type":"tree_beech_bush_b"}
{"pos":[-12.7313995,-460.276001,50.8866997],"rotationMatrix":[0.840387523,-0.542004466,0,0.542004466,0.840387523,0,0,0,1],"scale":1,"type":"tree_beech_bush_b"}
{"pos":[-34.9093018,-452.914001,53.328701],"rotationMatrix":[-0.825578332,-0.564450324,0,0.564450324,-0.825578332,0,0,0,1],"scale":1,"type":"tree_beech_bush_b"}
{"pos":[-16.4326992,-482.002014,46.7988014],"rotationMatrix":[-0.988815784,-0.148582801,0,0.148582801,-0.988815784,0,0,0,1],"scale":1,"type":"tree_beech_bush_b"}
{"pos":[-154.779999,-262.531006,39.0166016],"rotationMatrix":[0.553676486,-0.832746744,0,0.832746744,0.553676486,0,0,0,1],"scale":1,"type":"tree_beech_bush_b"}
{"pos":[-230.173996,-372.069,38.0344009],"rotationMatrix":[-0.259284496,0.965848267,0,-0.965848267,-0.259284496,0,0,0,1],"scale":1,"type":"tree_beech_bush_b"}
{"pos":[-227.813004,-369.153992,37.7496986],"rotationMatrix":[0.329749644,0.944070101,0,-0.944070101,0.329749644,0,0,0,1],"scale":1,"type":"tree_beech_bush_b"}
{"pos":[-210.737,-324.835999,39.0292015],"rotationMatrix":[-0.778120875,-0.627971411,0,0.627971411,-0.778120875,0,0,0,1],"scale":1,"type":"tree_beech_bush_b"}
{"pos":[-210.940994,-332.229004,38.7537003],"rotationMatrix":[-0.955055237,-0.296016783,0,0.296016783,-0.955055237,0,0,0,1],"scale":1,"type":"tree_beech_bush_b"}
{"pos":[-219.143997,-360.183014,37.4398994],"rotationMatrix":[-0.0913553238,0.995767593,0,-0.995767593,-0.0913553238,0,0,0,1],"scale":1,"type":"tree_beech_bush_b"}
{"pos":[-234.309006,-383.17099,39.4492989],"rotationMatrix":[0.998040617,0.0625687018,0,-0.0625687018,0.998040617,0,0,0,1],"scale":1,"type":"tree_beech_bush_b"}
{"pos":[-221.707001,-410.174011,39.9412003],"rotationMatrix":[0.662486672,-0.749052763,0,0.749052763,0.662486672,0,0,0,1],"scale":1,"type":"tree_beech_bush_b"}
{"pos":[-226.139999,-426.709991,39.6650009],"rotationMatrix":[0.999998391,0.00179999997,0,-0.00179999997,0.999998391,0,0,0,1],"scale":1,"type":"tree_beech_bush_b"}
{"pos":[-380.536987,-208.358002,34.9869995],"rotationMatrix":[0.0667487979,-0.997735858,0,0.997735858,0.0667487979,0,0,0,1],"scale":1,"type":"tree_beech_bush_b"}
{"pos":[-380.621002,-195.645004,34.7640991],"rotationMatrix":[-0.808421731,0.588416934,0,-0.588416934,-0.808421731,0,0,0,1],"scale":1,"type":"tree_beech_bush_b"}
{"pos":[-330.197998,-58.6986008,35.0876007],"rotationMatrix":[-0.897741556,-0.440293193,0,0.440293193,-0.897741556,0,0,0,1],"scale":1,"type":"tree_beech_bush_b"}
{"pos":[-253.113007,-18.0006008,31.5312996],"rotationMatrix":[0.866458893,0.499228805,0,-0.499228805,0.866458893,0,0,0,1],"scale":1,"type":"tree_beech_bush_b"}
{"pos":[-311.377014,-263.713989,37.2674446],"rotationMatrix":[-0.364551902,0.931067169,0,-0.931067169,-0.364551902,0,0,0,1],"scale":1,"type":"tree_beech_bush_b"}
{"pos":[-306.993011,-374.440002,35.2014999],"rotationMatrix":[0.527608037,0.849430799,0,-0.849430799,0.527608037,0,0,0,1],"scale":1,"type":"tree_beech_bush_b"}
{"pos":[-308.173004,-372.696014,35.1780014],"rotationMatrix":[0.636366069,-0.771357596,0,0.771357596,0.636366069,0,0,0,1],"scale":1,"type":"tree_beech_bush_b"}
{"pos":[-305.660004,-365.723999,35.198101],"rotationMatrix":[-0.996401787,0.0861224234,0,-0.0861224234,-0.996401787,0,0,0,1],"scale":1,"type":"tree_beech_bush_b"}
{"pos":[-317.346008,-374.679993,35.2711983],"rotationMatrix":[-0.993205786,-0.115403481,0,0.115403481,-0.993205786,0,0,0,1],"scale":1,"type":"tree_beech_bush_b"}
{"pos":[-310.638,-378.67099,35.3959999],"rotationMatrix":[-0.963765502,0.266750276,0,-0.266750276,-0.963765502,0,0,0,1],"scale":1,"type":"tree_beech_bush_b"}
{"pos":[-309.583008,-376.256989,35.3074989],"rotationMatrix":[0.566433251,0.824111998,0,-0.824111998,0.566433251,0,0,0,1],"scale":1,"type":"tree_beech_bush_b"}
{"pos":[-352.019012,-381.315002,35.8755989],"rotationMatrix":[0.223492801,-0.974777579,0,0.974777579,0.223492801,0,0,0,1],"scale":1,"type":"tree_beech_bush_b"}
{"pos":[-345.352997,-380.802002,35.7360001],"rotationMatrix":[0.688107967,-0.725589216,0,0.725589216,0.688107967,0,0,0,1],"scale":1,"type":"tree_beech_bush_b"}
{"pos":[-492.554993,-354.580994,34.8364983],"rotationMatrix":[-0.0919464827,0.995741606,0,-0.995741606,-0.0919464827,0,0,0,1],"scale":1,"type":"tree_beech_bush_b"}
{"pos":[-387.153015,-376.440002,36.8125],"rotationMatrix":[-0.67811203,0.73481524,0,-0.73481524,-0.67811203,0,0,0,1],"scale":1,"type":"tree_beech_bush_b"}
{"pos":[-388.76001,-376.372009,36.3744011],"rotationMatrix":[-0.037664175,-0.999200165,0,0.999200165,-0.037664175,0,0,0,1],"scale":1,"type":"tree_beech_bush_b"}
{"pos":[-436.53299,-446.167999,37.7260017],"rotationMatrix":[0.0535871387,0.998555601,0,-0.998555601,0.0535871387,0,0,0,1],"scale":1,"type":"tree_beech_bush_b"}
{"pos":[-414.286011,-459.643005,37.7835007],"rotationMatrix":[0.981606364,-0.190917715,0,0.190917715,0.981606364,0,0,0,1],"scale":1,"type":"tree_beech_bush_b"}
{"pos":[-426.39801,-436.890991,38.7256012],"rotationMatrix":[0.929537416,0.368717909,0,-0.368717909,0.929537416,0,0,0,1],"scale":1,"type":"tree_beech_bush_b"}
{"pos":[-21.5704994,-677.661987,35.1949005],"rotationMatrix":[0.118739128,-0.992912054,0,0.992912054,0.118739128,0,0,0,1],"scale":1,"type":"tree_beech_bush_b"}
{"pos":[-26.3278999,-675.947021,35.537899],"rotationMatrix":[0.226729512,-0.973987579,0,0.973987579,0.226729512,0,0,0,1],"scale":1,"type":"tree_beech_bush_b"}
{"pos":[-4.65969992,-666.955017,36.5410995],"rotationMatrix":[0.849848032,-0.527011573,0,0.527011573,0.849848032,0,0,0,1],"scale":1,"type":"tree_beech_bush_b"}
{"pos":[-10.3093996,-670.187988,35.2849998],"rotationMatrix":[-0.659842014,0.751574993,0,-0.751574993,-0.659842014,0,0,0,1],"scale":1,"type":"tree_beech_bush_b"}
{"pos":[-58.3358002,-641.922974,41.6931992],"rotationMatrix":[0.545895457,0.837877572,0,-0.837877572,0.545895457,0,0,0,1],"scale":1,"type":"tree_beech_bush_b"}
{"pos":[-82.1452026,-643.468018,39.6819],"rotationMatrix":[-0.500604749,-0.865680277,0,0.865680277,-0.500604749,0,0,0,1],"scale":1,"type":"tree_beech_bush_b"}
{"pos":[-78.9868011,-643.924011,39.5755997],"rotationMatrix":[0.175671935,0.98444289,0,-0.98444289,0.175671935,0,0,0,1],"scale":1,"type":"tree_beech_bush_b"}
{"pos":[-85.3199005,-637.903992,41.6430016],"rotationMatrix":[0.991314352,-0.131510034,0,0.131510034,0.991314352,0,0,0,1],"scale":1,"type":"tree_beech_bush_b"}
{"pos":[-120.362,-635.627014,41.3624992],"rotationMatrix":[-0.99200809,-0.124949604,0,0.124949604,-0.99200809,0,0,0,1],"scale":1,"type":"tree_beech_bush_b"}
{"pos":[-122.822998,-634.35498,41.6833992],"rotationMatrix":[0.265527964,0.964145958,0,-0.964145958,0.265527964,0,0,0,1],"scale":1,"type":"tree_beech_bush_b"}
{"pos":[-96.677597,-657.122009,36.6945992],"rotationMatrix":[-0.96693778,-0.254271865,0,0.254271865,-0.96693778,0,0,0,1],"scale":1,"type":"tree_beech_bush_b"}
{"pos":[-143.988007,-632.541992,41.5116997],"rotationMatrix":[-0.75106895,-0.660229921,0,0.660229921,-0.75106895,0,0,0,1],"scale":1,"type":"tree_beech_bush_b"}
{"pos":[-134.251007,-631.382996,41.8025017],"rotationMatrix":[-0.588118434,-0.808584154,0,0.808584154,-0.588118434,0,0,0,1],"scale":1,"type":"tree_beech_bush_b"}
{"pos":[-131.505997,-632.682007,41.5850983],"rotationMatrix":[0.756258368,0.654283226,0,-0.654283226,0.756258368,0,0,0,1],"scale":1,"type":"tree_beech_bush_b"}
{"pos":[-143.244003,-647.744995,40.1408005],"rotationMatrix":[-0.727197051,-0.686380982,0,0.686380982,-0.727197051,0,0,0,1],"scale":1,"type":"tree_beech_bush_b"}
{"pos":[-180.813995,-647.408997,41.4129982],"rotationMatrix":[0.828184783,-0.560465813,0,0.560465813,0.828184783,0,0,0,1],"scale":1,"type":"tree_beech_bush_b"}
{"pos":[-5.45410013,-816.419983,14.3788004],"rotationMatrix":[0.0447615981,-0.999054193,0,0.999054193,0.0447615981,0,0,0,1],"scale":1,"type":"tree_beech_bush_b"}
{"pos":[-453.346008,-519.356995,34.3950996],"rotationMatrix":[-0.622881293,0.782254696,0,-0.782254696,-0.622881293,0,0,0,1],"scale":1,"type":"tree_beech_bush_b"}
{"pos":[-251.664993,-795.244019,24.719101],"rotationMatrix":[-0.161592722,0.986919463,0,-0.986919463,-0.161592722,0,0,0,1],"scale":1,"type":"tree_beech_bush_b"}
{"pos":[-290.441986,-784.096985,42.6080017],"rotationMatrix":[-0.613526344,0.789697409,0,-0.789697409,-0.613526344,0,0,0,1],"scale":1,"type":"tree_beech_bush_b"}
{"pos":[-267.199005,-780.286987,32.5317001],"rotationMatrix":[-0.946364641,0.322782815,0,-0.322782815,-0.946364641,0,0,0,1],"scale":1,"type":"tree_beech_bush_b"}
{"pos":[-290.26001,-798.039001,40.6235008],"rotationMatrix":[0.805686235,0.592354655,0,-0.592354655,0.805686235,0,0,0,1],"scale":1,"type":"tree_beech_bush_b"}
{"pos":[-280.455994,-793.22699,37.4435997],"rotationMatrix":[0.414421499,-0.91002202,0,0.91002202,0.414421499,0,0,0,1],"scale":1,"type":"tree_beech_bush_b"}
{"pos":[-281.841003,-798.661011,34.9737015],"rotationMatrix":[0.986321449,-0.164837629,0,0.164837629,0.986321449,0,0,0,1],"scale":1,"type":"tree_beech_bush_b"}
{"pos":[-259.200012,-840.646973,16.2849998],"rotationMatrix":[-0.140049934,0.990107059,0,-0.990107059,-0.140049934,0,0,0,1],"scale":1,"type":"tree_beech_bush_b"}
{"pos":[-282.765991,-816.906982,27.2089005],"rotationMatrix":[-0.902420282,-0.431082606,0,0.431082606,-0.902420282,0,0,0,1],"scale":1,"type":"tree_beech_bush_b"}
{"pos":[-342.661987,-808.226013,41.1893005],"rotationMatrix":[0.921354234,0.388707668,0,-0.388707668,0.921354234,0,0,0,1],"scale":1,"type":"tree_beech_bush_b"}
{"pos":[-342.908997,-868.432007,24.1446991],"rotationMatrix":[0.110488832,-0.993947685,0,0.993947685,0.110488832,0,0,0,1],"scale":1,"type":"tree_beech_bush_b"}
{"pos":[-337.59201,-861.697998,25.2845001],"rotationMatrix":[0.964622021,0.263632596,0,-0.263632596,0.964622021,0,0,0,1],"scale":1,"type":"tree_beech_bush_b"}
{"pos":[-329.78299,-838.072998,34.5587997],"rotationMatrix":[0.107284784,0.994266391,0,-0.994266391,0.107284784,0,0,0,1],"scale":1,"type":"tree_beech_bush_b"}
{"pos":[-362.093994,-829.596985,42.2750015],"rotationMatrix":[-0.993205786,0.11740008,0,-0.11740008,-0.993205786,0,0,0,1],"scale":1,"type":"tree_beech_bush_b"}
{"pos":[-348.644989,-838.255005,37.2260017],"rotationMatrix":[0.633974314,-0.773376882,0,0.773376882,0.633974314,0,0,0,1],"scale":1,"type":"tree_beech_bush_b"}
{"pos":[-350.019012,-843.343994,36.5598984],"rotationMatrix":[0.508563042,0.861030877,0,-0.861030877,0.508563042,0,0,0,1],"scale":1,"type":"tree_beech_bush_b"}
{"pos":[-393.639008,-863.143982,32.732399],"rotationMatrix":[-0.668599129,0.743507624,0,-0.743507624,-0.668599129,0,0,0,1],"scale":1,"type":"tree_beech_bush_b"}
{"pos":[-383.156006,-874.734009,30.3278008],"rotationMatrix":[-0.0313352346,0.999451637,0,-0.999451637,-0.0313352346,0,0,0,1],"scale":1,"type":"tree_beech_bush_b"}
{"pos":[-579.484985,-163.363998,28.1772003],"rotationMatrix":[0.997127175,-0.0757469386,0,0.0757469386,0.997127175,0,0,0,1],"scale":1,"type":"tree_beech_bush_b"}
{"pos":[-583.715027,-156.906006,27.6144009],"rotationMatrix":[0.446227133,-0.89496094,0,0.89496094,0.446227133,0,0,0,1],"scale":1,"type":"tree_beech_bush_b"}
{"pos":[-580.755005,-165.470001,27.7462006],"rotationMatrix":[-0.860906482,0.508537114,0,-0.508537114,-0.860906482,0,0,0,1],"scale":1,"type":"tree_beech_bush_b"}
{"pos":[-593.366028,-161.408005,26.0025997],"rotationMatrix":[-0.937299252,0.348013103,0,-0.348013103,-0.937299252,0,0,0,1],"scale":1,"type":"tree_beech_bush_b"}
{"pos":[-593.565002,-154.457993,25.8328991],"rotationMatrix":[0.792374313,-0.61005348,0,0.61005348,0.792374313,0,0,0,1],"scale":1,"type":"tree_beech_bush_b"}
{"pos":[-662.521973,-59.9804001,22.8159008],"rotationMatrix":[0.871981978,0.489554971,0,-0.489554971,0.871981978,0,0,0,1],"scale":1,"type":"tree_beech_bush_b"}
{"pos":[-501.735992,-357.533997,35.0438004],"rotationMatrix":[-0.736502528,0.67648679,0,-0.67648679,-0.736502528,0,0,0,1],"scale":1,"type":"tree_beech_bush_b"}
{"pos":[-601.486023,-342.084015,34.0651016],"rotationMatrix":[-0.689122081,-0.724539638,0,0.724539638,-0.689122081,0,0,0,1],"scale":1,"type":"tree_beech_bush_b"}
{"pos":[-553.23999,-364.618988,33.6442986],"rotationMatrix":[0.332294405,0.943200707,0,-0.943200707,0.332294405,0,0,0,1],"scale":1,"type":"tree_beech_bush_b"}
{"pos":[-718.684998,-269.384003,25.8950996],"rotationMatrix":[-0.953078508,0.302982122,0,-0.302982122,-0.953078508,0,0,0,1],"scale":1,"type":"tree_beech_bush_b"}
{"pos":[-738.968018,-311.813995,22.0636997],"rotationMatrix":[0.918634236,-0.395089954,0,0.395089954,0.918634236,0,0,0,1],"scale":1,"type":"tree_beech_bush_b"}
{"pos":[-735.539001,-331.348999,23.2064991],"rotationMatrix":[0.00284564495,0.99997884,0,-0.99997884,0.00284564495,0,0,0,1],"scale":1,"type":"tree_beech_bush_b"}
{"pos":[-691.947021,-477.304993,26.4648991],"rotationMatrix":[0.964248598,0.264993399,0,-0.264993399,0.964248598,0,0,0,1],"scale":1,"type":"tree_beech_bush_b"}
{"pos":[-695.028992,-475.868011,26.2098999],"rotationMatrix":[0.290997744,0.956688643,0,-0.956688643,0.290997744,0,0,0,1],"scale":1,"type":"tree_beech_bush_b"}
{"pos":[-701.989014,-473.493011,25.2693996],"rotationMatrix":[0.997563958,-0.0697581172,0,0.0697581172,0.997563958,0,0,0,1],"scale":1,"type":"tree_beech_bush_b"}
{"pos":[-702.939026,-487.662994,24.6119995],"rotationMatrix":[-0.0448796749,-0.998909593,0,0.998909593,-0.0448796749,0,0,0,1],"scale":1,"type":"tree_beech_bush_b"}
{"pos":[-713.510986,-462.886993,24.6868],"rotationMatrix":[-0.998800278,0.0503848791,0,-0.0503848791,-0.998800278,0,0,0,1],"scale":1,"type":"tree_beech_bush_b"}
{"pos":[-709.919006,-461.830994,26.2415009],"rotationMatrix":[-0.814893484,-0.579371333,0,0.579371333,-0.814893484,0,0,0,1],"scale":1,"type":"tree_beech_bush_b"}
{"pos":[-713.564026,-463.993011,24.5622005],"rotationMatrix":[0.698290884,-0.715821207,0,0.715821207,0.698290884,0,0,0,1],"scale":1,"type":"tree_beech_bush_b"}
{"pos":[-710.492981,-459.355988,26.0653],"rotationMatrix":[-0.903590679,0.428678632,0,-0.428678632,-0.903590679,0,0,0,1],"scale":1,"type":"tree_beech_bush_b"}
{"pos":[-850.552979,-12.1287003,37.9826012],"rotationMatrix":[-0.328776121,0.944374859,0,-0.944374859,-0.328776121,0,0,0,1],"scale":1,"type":"tree_beech_bush_b"}
{"pos":[-804.156006,-186.001999,23.0526009],"rotationMatrix":[-0.520070553,-0.854189634,0,0.854189634,-0.520070553,0,0,0,1],"scale":1,"type":"tree_beech_bush_b"}
{"pos":[-803.325989,-184.029999,23.1772995],"rotationMatrix":[-0.404487967,0.914425611,0,-0.914425611,-0.404487967,0,0,0,1],"scale":1,"type":"tree_beech_bush_b"}
{"pos":[-810.015015,-152.104004,24.7651005],"rotationMatrix":[0.0754719973,0.997141302,0,-0.997141302,0.0754719973,0,0,0,1],"scale":1,"type":"tree_beech_bush_b"}
{"pos":[-800.020996,-212.175003,23.4652004],"rotationMatrix":[-0.855508327,0.517431021,0,-0.517431021,-0.855508327,0,0,0,1],"scale":1,"type":"tree_beech_bush_b"}
{"pos":[-757.53302,-247.774002,19.2530003],"rotationMatrix":[0.0724779963,0.997392595,0,-0.997392595,0.0724779963,0,0,0,1],"scale":1,"type":"tree_beech_bush_b"}
{"pos":[-875.684021,-201.460999,32.0740013],"rotationMatrix":[0.982590199,-0.185778961,0,0.185778961,0.982590199,0,0,0,1],"scale":1,"type":"tree_beech_bush_b"}
{"pos":[-803.646973,-310.225006,26.3806],"rotationMatrix":[-0.173511863,-0.984922767,0,0.984922767,-0.173511863,0,0,0,1],"scale":1,"type":"tree_beech_bush_b"}
{"pos":[-792.44397,-283.098999,26.1361008],"rotationMatrix":[0.13486141,-0.990890861,0,0.990890861,0.13486141,0,0,0,1],"scale":1,"type":"tree_beech_bush_b"}
{"pos":[-791.846985,-280.040009,26.1781006],"rotationMatrix":[-0.997200966,-0.0759468004,0,0.0759468004,-0.997200966,0,0,0,1],"scale":1,"type":"tree_beech_bush_b"}
{"pos":[-807.968994,-267.015015,27.4078007],"rotationMatrix":[-0.92040801,0.390784115,0,-0.390784115,-0.92040801,0,0,0,1],"scale":1,"type":"tree_beech_bush_b"}
{"pos":[-807.343018,-264.942993,27.5223007],"rotationMatrix":[0.277838409,0.960598767,0,-0.960598767,0.277838409,0,0,0,1],"scale":1,"type":"tree_beech_bush_b"}
{"pos":[-808.172974,-263.476013,27.5587997],"rotationMatrix":[0.934911668,0.354882896,0,-0.354882896,0.934911668,0,0,0,1],"scale":1,"type":"tree_beech_bush_b"}
{"pos":[-771.309998,-343.324005,21.1837006],"rotationMatrix":[-0.948732853,0.316266835,0,-0.316266835,-0.948732853,0,0,0,1],"scale":1,"type":"tree_beech_bush_b"}
{"pos":[-764.482971,-328.983002,20.9073009],"rotationMatrix":[-0.860134721,-0.509974718,0,0.509974718,-0.860134721,0,0,0,1],"scale":1,"type":"tree_beech_bush_b"}
{"pos":[-756.554993,-326.255005,21.2346992],"rotationMatrix":[0.272782028,-0.962026179,0,0.962026179,0.272782028,0,0,0,1],"scale":1,"type":"tree_beech_bush_b"}
{"pos":[-764.723999,-320.083008,19.5596008],"rotationMatrix":[-0.245357633,0.969488263,0,-0.969488263,-0.245357633,0,0,0,1],"scale":1,"type":"tree_beech_bush_b"}
{"pos":[-806.585999,-325.321014,24.2838993],"rotationMatrix":[0.350655854,-0.936523318,0,0.936523318,0.350655854,0,0,0,1],"scale":1,"type":"tree_beech_bush_b"}
{"pos":[-776.205994,-403.033997,21.4311008],"rotationMatrix":[-0.942026377,0.335627258,0,-0.335627258,-0.942026377,0,0,0,1],"scale":1,"type":"tree_beech_bush_b"}
{"pos":[-777.875977,-429.67099,21.3943005],"rotationMatrix":[-0.788318634,-0.615207374,0,0.615207374,-0.788318634,0,0,0,1],"scale":1,"type":"tree_beech_bush_b"}
{"pos":[-777.189026,-437.002014,21.4080009],"rotationMatrix":[-0.734266996,-0.678658605,0,0.678658605,-0.734266996,0,0,0,1],"scale":1,"type":"tree_beech_bush_b"}
{"pos":[-774.778992,-428.460999,21.6944008],"rotationMatrix":[0.870153904,-0.492783189,0,0.492783189,0.870153904,0,0,0,1],"scale":1,"type":"tree_beech_bush_b"}
{"pos":[-766.994019,-417.118988,21.6840992],"rotationMatrix":[0.436502755,-0.899706006,0,0.899706006,0.436502755,0,0,0,1],"scale":1,"type":"tree_beech_bush_b"}
{"pos":[-765.271973,-419.454987,21.7103004],"rotationMatrix":[0.372127831,0.928192973,0,-0.928192973,0.372127831,0,0,0,1],"scale":1,"type":"tree_beech_bush_b"}
{"pos":[-751.593018,-434.026001,22.0746002],"rotationMatrix":[-0.813369632,0.581984639,0,-0.581984639,-0.813369632,0,0,0,1],"scale":1,"type":"tree_beech_bush_b"}
{"pos":[-812.63501,-403.311005,21.9769993],"rotationMatrix":[-0.51623702,0.856594682,0,-0.856594682,-0.51623702,0,0,0,1],"scale":1,"type":"tree_beech_bush_b"}
{"pos":[-814.23999,-407.662994,22.4094009],"rotationMatrix":[0.86417526,-0.503218591,0,0.503218591,0.86417526,0,0,0,1],"scale":1,"type":"tree_beech_bush_b"}
{"pos":[-813.916992,-430.437988,22.0893993],"rotationMatrix":[-0.585624337,-0.810620129,0,0.810620129,-0.585624337,0,0,0,1],"scale":1,"type":"tree_beech_bush_b"}
{"pos":[-574.505005,-569.992981,30.1709003],"rotationMatrix":[-0.0422791243,-0.999109566,0,0.999109566,-0.0422791243,0,0,0,1],"scale":1,"type":"tree_beech_bush_b"}
{"pos":[-573.447021,-572.075012,30.3796997],"rotationMatrix":[-0.686182499,-0.727398098,0,0.727398098,-0.686182499,0,0,0,1],"scale":1,"type":"tree_beech_bush_b"}
{"pos":[-570.736023,-591.79303,31.3341999],"rotationMatrix":[-0.158850908,-0.987276435,0,0.987276435,-0.158850908,0,0,0,1],"scale":1,"type":"tree_beech_bush_b"}
{"pos":[-571.185974,-596.315002,31.0905991],"rotationMatrix":[-0.689489603,-0.724250793,0,0.724250793,-0.689489603,0,0,0,1],"scale":1,"type":"tree_beech_bush_b"}
{"pos":[-572.797974,-638.203979,31.9813995],"rotationMatrix":[-0.234963179,0.972034574,0,-0.972034574,-0.234963179,0,0,0,1],"scale":1,"type":"tree_beech_bush_b"}
{"pos":[-569.138,-670.880981,33.6127014],"rotationMatrix":[-0.835528016,-0.54950881,0,0.54950881,-0.835528016,0,0,0,1],"scale":1,"type":"tree_beech_bush_b"}
{"pos":[-624.820007,-634.768005,33.2578011],"rotationMatrix":[-0.302497983,0.953066945,0,-0.953066945,-0.302497983,0,0,0,1],"scale":1,"type":"tree_beech_bush_b"}
{"pos":[-602.882996,-689.406982,35.1082001],"rotationMatrix":[-0.612448812,-0.790511131,0,0.790511131,-0.612448812,0,0,0,1],"scale":1,"type":"tree_beech_bush_b"}
{"pos":[-655.570007,-519.39801,25.6625996],"rotationMatrix":[0.872588456,0.488444507,0,-0.488444507,0.872588456,0,0,0,1],"scale":1,"type":"tree_beech_bush_b"}
{"pos":[-699.979004,-565.396973,22.7075996],"rotationMatrix":[-0.955450892,0.295057923,0,-0.295057923,-0.955450892,0,0,0,1],"scale":1,"type":"tree_beech_bush_b"}
{"pos":[-648.294006,-502.859985,27.9859009],"rotationMatrix":[-0.997600794,-0.0705576465,0,0.0705576465,-0.997600794,0,0,0,1],"scale":1,"type":"tree_beech_bush_b"}
{"pos":[-694.190002,-604.348999,19.0237999],"rotationMatrix":[-0.215240479,-0.976401687,0,0.976401687,-0.215240479,0,0,0,1],"scale":1,"type":"tree_beech_bush_b"}
{"pos":[-693.26001,-595.439026,19.2332001],"rotationMatrix":[-0.0614244938,-0.998045027,0,0.998045027,-0.0614244938,0,0,0,1],"scale":1,"type":"tree_beech_bush_b"}
{"pos":[-630.343018,-634.474976,32.9606018],"rotationMatrix":[-0.962576628,0.270631909,0,-0.270631909,-0.962576628,0,0,0,1],"scale":1,"type":"tree_beech_bush_b"}
{"pos":[-628.198975,-633.552002,32.9314995],"rotationMatrix":[-0.636602402,-0.77126199,0,0.77126199,-0.636602402,0,0,0,1],"scale":1,"type":"tree_beech_bush_b"}
{"pos":[-109.698997,866.854004,26.7145996],"rotationMatrix":[0.500199914,-0.865926802,0,0.865926802,0.500199914,0,0,0,1],"scale":1,"type":"tree_beech_bush_b"}
{"pos":[-124.726997,871.10199,24.5702],"rotationMatrix":[0.767301559,-0.641268015,0,0.641268015,0.767301559,0,0,0,1],"scale":1,"type":"tree_beech_bush_b"}
{"pos":[-98.3571014,793.421021,36.4132004],"rotationMatrix":[0.996522248,-0.0833249465,0,0.0833249465,0.996522248,0,0,0,1],"scale":1,"type":"tree_beech_bush_b"}
{"pos":[-138.822006,848.083008,29.6912994],"rotationMatrix":[-0.849733829,0.527011573,0,-0.527011573,-0.849733829,0,0,0,1],"scale":1,"type":"tree_beech_bush_b"}
{"pos":[-139.264008,845.26001,30.0825996],"rotationMatrix":[-0.797408104,-0.60349685,0,0.60349685,-0.797408104,0,0,0,1],"scale":1,"type":"tree_beech_bush_b"}
{"pos":[-155.195999,830.297974,30.531601],"rotationMatrix":[0.935271978,-0.353935272,0,0.353935272,0.935271978,0,0,0,1],"scale":1,"type":"tree_beech_bush_b"}
{"pos":[-185.007004,838.903015,25.1093006],"rotationMatrix":[-0.196604609,-0.980488658,0,0.980488658,-0.196604609,0,0,0,1],"scale":1,"type":"tree_beech_bush_b"}
{"pos":[-186.436996,761.487976,29.8526993],"rotationMatrix":[0.969791174,-0.243931919,0,0.243931919,0.969791174,0,0,0,1],"scale":1,"type":"tree_beech_bush_b"}
{"pos":[-186.932999,757.216003,29.6030998],"rotationMatrix":[-0.225864768,-0.974084139,0,0.974084139,-0.225864768,0,0,0,1],"scale":1,"type":"tree_beech_bush_b"}
{"pos":[-142.276001,753.10199,28.7413998],"rotationMatrix":[-0.530550122,0.847506285,0,-0.847506285,-0.530550122,0,0,0,1],"scale":1,"type":"tree_beech_bush_b"}
{"pos":[-191.589996,838.03302,26.2780991],"rotationMatrix":[0.238375187,0.971191943,0,-0.971191943,0.238375187,0,0,0,1],"scale":1,"type":"tree_beech_bush_b"}
{"pos":[-236.526993,791.518005,30.9468994],"rotationMatrix":[0.732380748,-0.680900097,0,0.680900097,0.732380748,0,0,0,1],"scale":1,"type":"tree_beech_bush_b"}
{"pos":[-235.628006,798.851013,29.4438992],"rotationMatrix":[-0.70496583,-0.70927906,0,0.70927906,-0.70496583,0,0,0,1],"scale":1,"type":"tree_beech_bush_b"}
{"pos":[-221.518997,771.401001,33.171299],"rotationMatrix":[0.16252327,-0.986697972,0,0.986697972,0.16252327,0,0,0,1],"scale":1,"type":"tree_beech_bush_b"}
{"pos":[-114.035004,515.096985,33.526001],"rotationMatrix":[-0.665677428,-0.746324241,0,0.746324241,-0.665677428,0,0,0,1],"scale":1,"type":"tree_beech_bush_b"}
{"pos":[-241.684998,501.480011,33.8233986],"rotationMatrix":[-0.757437468,-0.652805328,0,0.652805328,-0.757437468,0,0,0,1],"scale":1,"type":"tree_beech_bush_b"}
{"pos":[-268.390015,806.632019,24.5937996],"rotationMatrix":[0.561390162,-0.827579796,0,0.827579796,0.561390162,0,0,0,1],"scale":1,"type":"tree_beech_bush_b"}
{"pos":[-257.760986,803.656006,24.6086998],"rotationMatrix":[-0.0224499702,-0.999713004,0,0.999713004,-0.0224499702,0,0,0,1],"scale":1,"type":"tree_beech_bush_b"}
{"pos":[-264.819,800.471008,24.6615009],"rotationMatrix":[0.940418482,0.340021998,0,-0.340021998,0.940418482,0,0,0,1],"scale":1,"type":"tree_beech_bush_b"}
{"pos":[-252.626999,772.140991,31.3610992],"rotationMatrix":[-0.898910642,0.43847999,0,-0.43847999,-0.898910642,0,0,0,1],"scale":1,"type":"tree_beech_bush_b"}
{"pos":[-286.571991,766.356018,27.8840008],"rotationMatrix":[0.352477968,-0.935777426,0,0.935777426,0.352477968,0,0,0,1],"scale":1,"type":"tree_beech_bush_b"}
{"pos":[-369.82901,795.620972,20.1219997],"rotationMatrix":[0.948863983,0.315674573,0,-0.315674573,0.948863983,0,0,0,1],"scale":1,"type":"tree_beech_bush_b"}
{"pos":[-348.027008,756.078003,25.0436001],"rotationMatrix":[0.448750079,0.893655002,0,-0.893655002,0.448750079,0,0,0,1],"scale":1,"type":"tree_beech_bush_b"}
{"pos":[-376.740997,795.090027,21.9358997],"rotationMatrix":[-0.770962,-0.637057006,0,0.637057006,-0.770962,0,0,0,1],"scale":1,"type":"tree_beech_bush_b"}
{"pos":[-309.95401,701.814026,28.5638008],"rotationMatrix":[0.490353882,0.871486783,0,-0.871486783,0.490353882,0,0,0,1],"scale":1,"type":"tree_beech_bush_b"}
{"pos":[-309.684998,691.992981,27.7373009],"rotationMatrix":[-0.743964791,-0.668413997,0,0.668413997,-0.743964791,0,0,0,1],"scale":1,"type":"tree_beech_bush_b"}
{"pos":[-319.436005,713.698975,28.5489006],"rotationMatrix":[-0.682511806,-0.73100841,0,0.73100841,-0.682511806,0,0,0,1],"scale":1,"type":"tree_beech_bush_b"}
{"pos":[-312.513,697.44397,27.9475994],"rotationMatrix":[0.853334725,-0.521344125,0,0.521344125,0.853334725,0,0,0,1],"scale":1,"type":"tree_beech_bush_b"}
{"pos":[-312.509003,688.763,27.1487999],"rotationMatrix":[0.606615484,-0.795018137,0,0.795018137,0.606615484,0,0,0,1],"scale":1,"type":"tree_beech_bush_b"}
{"pos":[-346.859985,699.380005,25.8644009],"rotationMatrix":[-0.412208319,0.9110533,0,-0.9110533,-0.412208319,0,0,0,1],"scale":1,"type":"tree_beech_bush_b"}
{"pos":[-345.570007,689.731995,25.5414009],"rotationMatrix":[-0.361249924,0.932415009,0,-0.932415009,-0.361249924,0,0,0,1],"scale":1,"type":"tree_beech_bush_b"}
{"pos":[-338.915009,684.02002,25.3136997],"rotationMatrix":[-0.776989579,0.629279733,0,-0.629279733,-0.776989579,0,0,0,1],"scale":1,"type":"tree_beech_bush_b"}
{"pos":[-343.016998,681.414001,25.1686001],"rotationMatrix":[-0.367196441,0.930149972,0,-0.930149972,-0.367196441,0,0,0,1],"scale":1,"type":"tree_beech_bush_b"}
{"pos":[-315.11499,540.247986,27.9417],"rotationMatrix":[0.946273565,-0.323374718,0,0.323374718,0.946273565,0,0,0,1],"scale":1,"type":"tree_beech_bush_b"}
{"pos":[-387.557007,661.117004,20.8372993],"rotationMatrix":[0.374814451,-0.927099586,0,0.927099586,0.374814451,0,0,0,1],"scale":1,"type":"tree_beech_bush_b"}
{"pos":[-412.730011,611.362,25.6905003],"rotationMatrix":[0.0629195571,-0.99800092,0,0.99800092,0.0629195571,0,0,0,1],"scale":1,"type":"tree_beech_bush_b"}
{"pos":[-398.696991,577.916992,24.2772999],"rotationMatrix":[-0.883740425,-0.468169183,0,0.468169183,-0.883740425,0,0,0,1],"scale":1,"type":"tree_beech_bush_b"}
{"pos":[-424.244995,580.049011,23.9062996],"rotationMatrix":[0.123776793,-0.992320418,0,0.992320418,0.123776793,0,0,0,1],"scale":1,"type":"tree_beech_bush_b"}
{"pos":[-417.81601,584.091003,24.0398998],"rotationMatrix":[-0.0402588844,0.999150515,0,-0.999150515,-0.0402588844,0,0,0,1],"scale":1,"type":"tree_beech_bush_b"}
{"pos":[-435.32901,570.471985,24.2308006],"rotationMatrix":[-0.248832107,0.968469143,0,-0.968469143,-0.248832107,0,0,0,1],"scale":1,"type":"tree_beech_bush_b"}
{"pos":[-471.997986,510.597992,27.5505009],"rotationMatrix":[-0.988416791,-0.150761515,0,0.150761515,-0.988416791,0,0,0,1],"scale":1,"type":"tree_beech_bush_b"}
{"pos":[-478.915985,514.133972,26.7907009],"rotationMatrix":[-0.404823303,-0.91436708,0,0.91436708,-0.404823303,0,0,0,1],"scale":1,"type":"tree_beech_bush_b"}
{"pos":[-441.414001,532.924988,26.5442009],"rotationMatrix":[0.938259006,-0.345918149,0,0.345918149,0.938259006,0,0,0,1],"scale":1,"type":"tree_beech_bush_b"}
{"pos":[-457.862,517.255981,27.375],"rotationMatrix":[-0.633708954,-0.773472011,0,0.773472011,-0.633708954,0,0,0,1],"scale":1,"type":"tree_beech_bush_b"}
{"pos":[-462.73999,504.54599,27.4473],"rotationMatrix":[0.914715528,-0.404079199,0,0.404079199,0.914715528,0,0,0,1],"scale":1,"type":"tree_beech_bush_b"}
{"pos":[-94.4396973,479.220001,36.6150017],"rotationMatrix":[-0.50095129,-0.865606964,0,0.865606964,-0.50095129,0,0,0,1],"scale":1,"type":"tree_beech_bush_b"}
{"pos":[-86.7039032,487.502014,36.7058983],"rotationMatrix":[-0.997600794,-0.0679592043,0,0.0679592043,-0.997600794,0,0,0,1],"scale":1,"type":"tree_beech_bush_b"}
{"pos":[-82.4293976,487.312988,36.9320984],"rotationMatrix":[0.548750043,0.835999966,0,-0.835999966,0.548750043,0,0,0,1],"scale":1,"type":"tree_beech_bush_b"}
{"pos":[-183.371002,448.352997,33.6052017],"rotationMatrix":[-0.953473926,-0.301826835,0,0.301826835,-0.953473926,0,0,0,1],"scale":1,"type":"tree_beech_bush_b"}
{"pos":[-151.272995,268.549988,30.9204006],"rotationMatrix":[-1,0.0127999997,0,-0.0127999997,-1,0,0,0,1],"scale":1,"type":"tree_beech_bush_b"}
{"pos":[-226.942993,344.096008,36.8011017],"rotationMatrix":[-0.933757663,0.358117849,0,-0.358117849,-0.933757663,0,0,0,1],"scale":1,"type":"tree_beech_bush_b"}
{"pos":[-225.544006,366.050995,37.0992012],"rotationMatrix":[-0.443300486,-0.896392405,0,0.896392405,-0.443300486,0,0,0,1],"scale":1,"type":"tree_beech_bush_b"}
{"pos":[-226.526001,363.747986,37.2140999],"rotationMatrix":[-0.835144758,0.550026119,0,-0.550026119,-0.835144758,0,0,0,1],"scale":1,"type":"tree_beech_bush_b"}
{"pos":[-219.936996,328.578003,36.1927986],"rotationMatrix":[-0.0153124332,-0.999922454,0,0.999922454,-0.0153124332,0,0,0,1],"scale":1,"type":"tree_beech_bush_b"}
{"pos":[-210.598999,250.205994,29.0438004],"rotationMatrix":[-1,-0.0184000004,0,0.0184000004,-1,0,0,0,1],"scale":1,"type":"tree_beech_bush_b"}
{"pos":[-39.6409988,175.802994,59.3446007],"rotationMatrix":[0.411387444,0.911508501,0,-0.911508501,0.411387444,0,0,0,1],"scale":1,"type":"tree_beech_bush_b"}
{"pos":[-229.703995,245.597,29.5093994],"rotationMatrix":[-0.34611237,-0.938209414,0,0.938209414,-0.34611237,0,0,0,1],"scale":1,"type":"tree_beech_bush_b"}
{"pos":[-217.835007,242.901993,29.0342999],"rotationMatrix":[-0.128001928,0.991770625,0,-0.991770625,-0.128001928,0,0,0,1],"scale":1,"type":"tree_beech_bush_b"}
{"pos":[-230.845001,10.9807997,34.1959991],"rotationMatrix":[0.185911953,-0.982647598,0,0.982647598,0.185911953,0,0,0,1],"scale":1,"type":"tree_beech_bush_b"}
{"pos":[-494.095001,453.04599,29.0578003],"rotationMatrix":[0.0250335336,0.999682724,0,-0.999682724,0.0250335336,0,0,0,1],"scale":1,"type":"tree_beech_bush_b"}
{"pos":[-428.825012,359.34201,28.7651005],"rotationMatrix":[-0.341194391,-0.93993336,0,0.93993336,-0.341194391,0,0,0,1],"scale":1,"type":"tree_beech_bush_b"}
{"pos":[-419.730011,330.903015,36.5970001],"rotationMatrix":[-0.324540854,0.945961118,0,-0.945961118,-0.324540854,0,0,0,1],"scale":1,"type":"tree_beech_bush_b"}
{"pos":[-418.542999,337.209015,35.3993988],"rotationMatrix":[0.762915015,0.646526515,0,-0.646526515,0.762915015,0,0,0,1],"scale":1,"type":"tree_beech_bush_b"}
{"pos":[-427.763,338.722992,33.3176994],"rotationMatrix":[0.972715497,-0.232011527,0,0.232011527,0.972715497,0,0,0,1],"scale":1,"type":"tree_beech_bush_b"}
{"pos":[-427.278992,273.725006,45.0060005],"rotationMatrix":[-0.900470018,0.435150713,0,-0.435150713,-0.900470018,0,0,0,1],"scale":1,"type":"tree_beech_bush_b"}
{"pos":[-453.903992,315.73999,38.1433983],"rotationMatrix":[0.645181119,0.764056802,0,-0.764056802,0.645181119,0,0,0,1],"scale":1,"type":"tree_beech_bush_b"}
{"pos":[-457.329987,306.001007,41.1142006],"rotationMatrix":[-0.647112608,0.762481511,0,-0.762481511,-0.647112608,0,0,0,1],"scale":1,"type":"tree_beech_bush_b"}
{"pos":[-417.868988,227.582993,54.0741997],"rotationMatrix":[0.990115821,0.140248492,0,-0.140248492,0.990115821,0,0,0,1],"scale":1,"type":"tree_beech_bush_b"}
{"pos":[-621.538025,937.843994,35.3804016],"rotationMatrix":[0.38106066,0.92457056,0,-0.92457056,0.38106066,0,0,0,1],"scale":1,"type":"tree_beech_bush_b"}
{"pos":[-615.893982,951.838013,34.7565994],"rotationMatrix":[0.815168023,-0.579241574,0,0.579241574,0.815168023,0,0,0,1],"scale":1,"type":"tree_beech_bush_b"}
{"pos":[-618.994019,951.760986,35.1487999],"rotationMatrix":[-0.625765085,0.780064285,0,-0.780064285,-0.625765085,0,0,0,1],"scale":1,"type":"tree_beech_bush_b"}
{"pos":[-612.721008,952.275024,34.5181999],"rotationMatrix":[-0.976072073,0.218282416,0,-0.218282416,-0.976072073,0,0,0,1],"scale":1,"type":"tree_beech_bush_b"}
{"pos":[-533.179016,846.544983,26.5848999],"rotationMatrix":[-0.0769249201,-0.996940672,0,0.996940672,-0.0769249201,0,0,0,1],"scale":1,"type":"tree_beech_bush_b"}
{"pos":[-606.903992,820.833008,31.1142998],"rotationMatrix":[0.89337039,0.449331403,0,-0.449331403,0.89337039,0,0,0,1],"scale":1,"type":"tree_beech_bush_b"}
{"pos":[-654.280029,939.356018,37.3618011],"rotationMatrix":[-0.999200225,-0.036592681,0,0.036592681,-0.999200225,0,0,0,1],"scale":1,"type":"tree_beech_bush_b"}
{"pos":[-652.515991,938.164978,36.7195015],"rotationMatrix":[-0.932971239,0.359421343,0,-0.359421343,-0.932971239,0,0,0,1],"scale":1,"type":"tree_beech_bush_b"}
{"pos":[-659.68103,939.291992,37.0591011],"rotationMatrix":[0.999285579,-0.0377924405,0,0.0377924405,0.999285579,0,0,0,1],"scale":1,"type":"tree_beech_bush_b"}
{"pos":[-655.703979,940.13501,37.4289017],"rotationMatrix":[-0.884517074,-0.466130137,0,0.466130137,-0.884517074,0,0,0,1],"scale":1,"type":"tree_beech_bush_b"}
{"pos":[-626.096008,936.823975,34.7296982],"rotationMatrix":[-0.221171975,0.975187242,0,-0.975187242,-0.221171975,0,0,0,1],"scale":1,"type":"tree_beech_bush_b"}
{"pos":[-808.242004,829.072021,31.8122005],"rotationMatrix":[0.706622005,-0.707630754,0,0.707630754,0.706622005,0,0,0,1],"scale":1,"type":"tree_beech_bush_b"}
{"pos":[-768.617981,634.52002,27.3526001],"rotationMatrix":[0.390812695,-0.920458853,0,0.920458853,0.390812695,0,0,0,1],"scale":1,"type":"tree_beech_bush_b"}
{"pos":[-770.507019,617.013,26.2341995],"rotationMatrix":[-0.983235359,-0.183028042,0,0.183028042,-0.983235359,0,0,0,1],"scale":1,"type":"tree_beech_bush_b"}
{"pos":[-775.869019,616.950989,26.5301991],"rotationMatrix":[0.414854407,-0.909901917,0,0.909901917,0.414854407,0,0,0,1],"scale":1,"type":"tree_beech_bush_b"}
{"pos":[-902.258972,562.52002,26.2896996],"rotationMatrix":[-0.499565601,0.866246283,0,-0.866246283,-0.499565601,0,0,0,1],"scale":1,"type":"tree_beech_bush_b"}
{"pos":[-879.854004,580.807983,25.0009995],"rotationMatrix":[0.101395786,0.994859278,0,-0.994859278,0.101395786,0,0,0,1],"scale":1,"type":"tree_beech_bush_b"}
{"pos":[-951.070984,542.151978,25.5965996],"rotationMatrix":[-0.950707674,-0.310106426,0,0.310106426,-0.950707674,0,0,0,1],"scale":1,"type":"tree_beech_bush_b"}
{"pos":[-954.327026,536.976013,24.1576996],"rotationMatrix":[0.221247971,-0.975187242,0,0.975187242,0.221247971,0,0,0,1],"scale":1,"type":"tree_beech_bush_b"}
{"pos":[-535.661011,442.588013,25.4274998],"rotationMatrix":[-0.243464589,0.969855011,0,-0.969855011,-0.243464589,0,0,0,1],"scale":1,"type":"tree_beech_bush_b"}
{"pos":[-514.966003,482.075989,26.6252995],"rotationMatrix":[-0.224612594,-0.974369049,0,0.974369049,-0.224612594,0,0,0,1],"scale":1,"type":"tree_beech_bush_b"}
{"pos":[-501.695007,446.635986,29.3638992],"rotationMatrix":[0.801297903,0.598249614,0,-0.598249614,0.801297903,0,0,0,1],"scale":1,"type":"tree_beech_bush_b"}
{"pos":[-561.172974,375.20401,21.4361992],"rotationMatrix":[-0.763442039,-0.645656407,0,0.645656407,-0.763442039,0,0,0,1],"scale":1,"type":"tree_beech_bush_b"}
{"pos":[-545.554016,380.54599,21.5377998],"rotationMatrix":[0.985000908,-0.172541842,0,0.172541842,0.985000908,0,0,0,1],"scale":1,"type":"tree_beech_bush_b"}
{"pos":[-546.252014,419.359985,23.6049995],"rotationMatrix":[0.603950024,-0.796994984,0,0.796994984,0.603950024,0,0,0,1],"scale":1,"type":"tree_beech_bush_b"}
{"pos":[-557.471008,400.222992,22.8185997],"rotationMatrix":[0.859019518,0.511937141,0,-0.511937141,0.859019518,0,0,0,1],"scale":1,"type":"tree_beech_bush_b"}
{"pos":[-571.067993,447.005005,24.1187],"rotationMatrix":[0.998163819,0.0605696999,0,-0.0605696999,0.998163819,0,0,0,1],"scale":1,"type":"tree_beech_bush_b"}
{"pos":[-574.518982,442.752014,23.7723007],"rotationMatrix":[0.949374378,-0.314158857,0,0.314158857,0.949374378,0,0,0,1],"scale":1,"type":"tree_beech_bush_b"}
{"pos":[-589.492004,414.799988,22.4090996],"rotationMatrix":[-0.955846429,-0.29449442,0,0.29449442,-0.955846429,0,0,0,1],"scale":1,"type":"tree_beech_bush_b"}
{"pos":[-545.367981,374.931,20.9185009],"rotationMatrix":[-0.930612564,0.365686506,0,-0.365686506,-0.930612564,0,0,0,1],"scale":1,"type":"tree_beech_bush_b"}
{"pos":[-546.171997,370.096985,20.2644997],"rotationMatrix":[-0.921976209,-0.387022465,0,0.387022465,-0.921976209,0,0,0,1],"scale":1,"type":"tree_beech_bush_b"}
{"pos":[-526.833984,304.761993,23.8966007],"rotationMatrix":[-0.983633518,0.181054607,0,-0.181054607,-0.983633518,0,0,0,1],"scale":1,"type":"tree_beech_bush_b"}
{"pos":[-514.427979,297.247986,25.0398998],"rotationMatrix":[-0.646386504,-0.762857854,0,0.762857854,-0.646386504,0,0,0,1],"scale":1,"type":"tree_beech_bush_b"}
{"pos":[-509.666992,298.029999,25.5435009],"rotationMatrix":[-0.998800278,0.0525842197,0,-0.0525842197,-0.998800278,0,0,0,1],"scale":1,"type":"tree_beech_bush_b"}
{"pos":[-505.966003,255.863007,25.4703007],"rotationMatrix":[0.999651492,-0.0263973586,0,0.0263973586,0.999651492,0,0,0,1],"scale":1,"type":"tree_beech_bush_b"}
{"pos":[-590.83197,299.02301,24.8899994],"rotationMatrix":[0.217499435,-0.976030231,0,0.976030231,0.217499435,0,0,0,1],"scale":1,"type":"tree_beech_bush_b"}
{"pos":[-624.79303,286.487,22.3987007],"rotationMatrix":[-0.356963396,-0.934075773,0,0.934075773,-0.356963396,0,0,0,1],"scale":1,"type":"tree_beech_bush_b"}
{"pos":[-624.747986,276.966003,23.8148994],"rotationMatrix":[0.783254743,-0.621727109,0,0.621727109,0.783254743,0,0,0,1],"scale":1,"type":"tree_beech_bush_b"}
