{"pos":[-8.52340031,-15.0028,49.4459991],"rotationMatrix":[0.984827161,-0.173538044,0,0.173538044,0.984827161,0,0,0,1],"scale":0.899800003,"type":"tree_beech_large_b"}
{"pos":[-58.774601,-107.476997,47.1240997],"rotationMatrix":[0.273505449,-0.961909175,0,0.961909175,0.273505449,0,0,0,1],"scale":1.06879997,"type":"tree_beech_large_b"}
{"pos":[-90.4369965,-23.2136002,45.9658012],"rotationMatrix":[-0.201594979,0.979528666,0,-0.979528666,-0.201594979,0,0,0,1],"scale":0.799899995,"type":"tree_beech_large_b"}
{"pos":[-5.22459984,-172.729004,44.0844002],"rotationMatrix":[0.4133389,-0.910537899,0,0.910537899,0.4133389,0,0,0,1],"scale":1.00450003,"type":"tree_beech_large_b"}
{"pos":[-24.5154991,-199.755005,34.9020996],"rotationMatrix":[0.99977529,0.0211978797,0,-0.0211978797,0.99977529,0,0,0,1],"scale":1.10699999,"type":"tree_beech_large_b"}
{"pos":[-111.481003,-158.800995,31.8903999],"rotationMatrix":[-0.71515739,0.668941557,0.201902539,-0.694660008,-0.711846948,-0.102076232,0.0754651353,-0.213281989,0.974069417],"scale":0.93720001,"type":"tree_beech_large_b"}
{"pos":[-167.169998,-11.2061005,40.3722992],"rotationMatrix":[-0.617480874,0.78670764,0,-0.78670764,-0.617480874,0,0,0,1],"scale":1.18920004,"type":"tree_beech_large_b"}
{"pos":[-152.705994,-20.4144001,42.4472008],"rotationMatrix":[0.359288037,0.933220804,0,-0.933220804,0.359288037,0,0,0,1],"scale":0.90109998,"type":"tree_beech_large_b"}
{"pos":[-133.156006,-75.9761963,41.889801],"rotationMatrix":[0.183650613,0.980038404,-0.0762718171,-0.979214668,0.189195871,0.0732360557,0.0862043351,0.0612349734,0.994393885],"scale":0.976100028,"type":"tree_beech_large_b"}
{"pos":[-188.227005,-3.6164999,37.8237991],"rotationMatrix":[0.952875495,0.303346723,0,-0.303346723,0.952875495,0,0,0,1],"scale":0.680999994,"type":"tree_beech_large_b"}
{"pos":[-205.251999,-21.2094994,34.8185997],"rotationMatrix":[0.0746559501,0.997173131,0,-0.997173131,0.0746559501,0,0,0,1],"scale":1.08309996,"type":"tree_beech_large_b"}
{"pos":[-193.595001,-100.031998,32.5321999],"rotationMatrix":[-0.943997502,-0.329882145,0,0.329882145,-0.943997502,0,0,0,1],"scale":1.079,"type":"tree_beech_large_b"}
{"pos":[-132.139999,-163.115005,30.5277004],"rotationMatrix":[-0.115719318,-0.993227661,0,0.993227661,-0.115719318,0,0,0,1],"scale":0.9648,"type":"tree_beech_large_b"}
{"pos":[-144.386993,-147.975998,31.0091991],"rotationMatrix":[-0.849733829,-0.527396262,0,0.527396262,-0.849733829,0,0,0,1],"scale":1.00989997,"type":"tree_beech_large_b"}
{"pos":[-125.671997,-233.365005,37.5443993],"rotationMatrix":[0.364935517,0.931014657,0,-0.931014657,0.364935517,0,0,0,1],"scale":0.72240001,"type":"tree_beech_large_b"}
{"pos":[-188.548996,-239.132996,37.7742004],"rotationMatrix":[-0.0293256044,0.999481738,0,-0.999481738,-0.0293256044,0,0,0,1],"scale":0.934300005,"type":"tree_beech_large_b"}
{"pos":[-154.608994,-238.608002,37.6825981],"rotationMatrix":[0.901254296,0.433290035,0,-0.433290035,0.901254296,0,0,0,1],"scale":1.08469999,"type":"tree_beech_large_b"}
{"pos":[-19.0137005,-297.292999,39.8386993],"rotationMatrix":[0.0522109866,0.998593032,0,-0.998593032,0.0522109866,0,0,0,1],"scale":0.748000026,"type":"tree_beech_large_b"}
{"pos":[-95.3594971,-252.113998,38.0556984],"rotationMatrix":[0.996958017,-0.077937603,0,0.077937603,0.996958017,0,0,0,1],"scale":0.645399988,"type":"tree_beech_large_b"}
{"pos":[-22.4806004,-436.244995,55.2411995],"rotationMatrix":[-0.424334526,0.905673504,0,-0.905673504,-0.424334526,0,0,0,1],"scale":1.10720003,"type":"tree_beech_large_b"}
{"pos":[-123.521004,-471.80899,46.7867012],"rotationMatrix":[0.442009568,0.896989167,0,-0.896989167,0.442009568,0,0,0,1],"scale":1.05499995,"type":"tree_beech_large_b"}
{"pos":[-136.532028,-262.967255,37.9430008],"rotationMatrix":[0.979638398,-0.200770825,0,0.200770825,0.979638398,0,0,0,1],"scale":0.820800006,"type":"tree_beech_large_b"}
{"pos":[-208.893997,-324.127014,38.2201996],"rotationMatrix":[-0.0605505705,-0.998070955,0,0.998070955,-0.0605505705,0,0,0,1],"scale":1.10249996,"type":"tree_beech_large_b"}
{"pos":[-227.078003,-497.858002,46.847599],"rotationMatrix":[-0.451807976,-0.892044067,0,0.892044067,-0.451807976,0,0,0,1],"scale":1.00460005,"type":"tree_beech_large_b"}
{"pos":[-258.882996,-36.3660011,32.0456009],"rotationMatrix":[0.649045587,-0.760722399,0,0.760722399,0.649045587,0,0,0,1],"scale":0.967499971,"type":"tree_beech_large_b"}
{"pos":[-482.126007,-147.662994,35.9210014],"rotationMatrix":[0.991314352,0.131510034,0,-0.131510034,0.991314352,0,0,0,1],"scale":0.978799999,"type":"tree_beech_large_b"}
{"pos":[-498.592987,-160.606003,34.7243004],"rotationMatrix":[-0.134018064,-0.990948021,0,0.990948021,-0.134018064,0,0,0,1],"scale":1.01349998,"type":"tree_beech_large_b"}
{"pos":[-327.345001,-376.563995,35.1553993],"rotationMatrix":[-0.933364511,0.358868003,0,-0.358868003,-0.933364511,0,0,0,1],"scale":0.748899996,"type":"tree_beech_large_b"}
{"pos":[-288.834015,-409.471985,35.0163002],"rotationMatrix":[0.997951984,-0.0639680028,0,0.0639680028,0.997951984,0,0,0,1],"scale":0.743799984,"type":"tree_beech_large_b"}
{"pos":[-478.540009,-270.653015,28.5091],"rotationMatrix":[0.535351992,0.844656825,0,-0.844656825,0.535351992,0,0,0,1],"scale":0.954599977,"type":"tree_beech_large_b"}
{"pos":[-451.467987,-416.358002,35.1997986],"rotationMatrix":[-0.753689885,0.657352805,0,-0.657352805,-0.753689885,0,0,0,1],"scale":1.05630004,"type":"tree_beech_large_b"}
{"pos":[-2.10689998,-597.416016,46.3109016],"rotationMatrix":[-0.473014474,0.881028116,0,-0.881028116,-0.473014474,0,0,0,1],"scale":1.09930003,"type":"tree_beech_large_b"}
{"pos":[-53.0517006,-623.442993,47.8633995],"rotationMatrix":[-0.843584061,-0.536695898,0,0.536695898,-0.843584061,0,0,0,1],"scale":1.00919998,"type":"tree_beech_large_b"}
{"pos":[-48.3072014,-638.629028,42.7681007],"rotationMatrix":[-0.228057861,-0.973701298,0,0.973701298,-0.228057861,0,0,0,1],"scale":1.05519998,"type":"tree_beech_large_b"}
{"pos":[-88.8023987,-626.322998,44.8508987],"rotationMatrix":[0.214243531,-0.976805151,0,0.976805151,0.214243531,0,0,0,1],"scale":0.76849997,"type":"tree_beech_large_b"}
{"pos":[-74.552597,-632.580994,44.2148018],"rotationMatrix":[-0.508931994,-0.860782623,0,0.860782623,-0.508931994,0,0,0,1],"scale":0.829599977,"type":"tree_beech_large_b"}
{"pos":[-115.364998,-690.468018,28.2238998],"rotationMatrix":[0.53400147,0.84549731,0,-0.84549731,0.53400147,0,0,0,1],"scale":0.608200014,"type":"tree_beech_large_b"}
{"pos":[-191.690994,-602.473999,61.625],"rotationMatrix":[0.999964714,0.0083999997,0,-0.0083999997,0.999964714,0,0,0,1],"scale":0.957099974,"type":"tree_beech_large_b"}
{"pos":[-130.154999,-616.508972,47.2722015],"rotationMatrix":[-0.785294175,-0.619032979,0,0.619032979,-0.785294175,0,0,0,1],"scale":1.39740002,"type":"tree_beech_large_b"}
{"pos":[-149.483002,-586.270996,60.4487],"rotationMatrix":[0.52410233,0.851601243,0,-0.851601243,0.52410233,0,0,0,1],"scale":1.05569994,"type":"tree_beech_large_b"}
{"pos":[-191.306,-574.145996,65.7935028],"rotationMatrix":[0.825477719,-0.564450324,0,0.564450324,0.825477719,0,0,0,1],"scale":0.925499976,"type":"tree_beech_large_b"}
{"pos":[-211.356995,-558.857971,65.6369019],"rotationMatrix":[0.4789837,0.877785921,0,-0.877785921,0.4789837,0,0,0,1],"scale":0.738600016,"type":"tree_beech_large_b"}
{"pos":[-237.839005,-582.515991,64.1964035],"rotationMatrix":[0.719199777,0.694843709,0,-0.694843709,0.719199777,0,0,0,1],"scale":1.00610006,"type":"tree_beech_large_b"}
{"pos":[-172.931,-729.054016,30.1653996],"rotationMatrix":[0.781803846,0.623540342,0,-0.623540342,0.781803846,0,0,0,1],"scale":0.807200015,"type":"tree_beech_large_b"}
{"pos":[-176.785995,-746.33197,30.6861992],"rotationMatrix":[-0.387943745,0.888449907,0.24535647,-0.921706557,-0.373941422,-0.103284389,-1.78590417e-05,-0.266209424,0.963915825],"scale":0.83130002,"type":"tree_beech_large_b"}
{"pos":[-188.511993,-631.86499,42.9250984],"rotationMatrix":[-0.859363317,0.511411667,0,-0.511411667,-0.859363317,0,0,0,1],"scale":0.75,"type":"tree_beech_large_b"}
{"pos":[-12.5214691,-783.065369,16.9239998],"rotationMatrix":[0.894221246,0.447792292,0,-0.447792292,0.894221246,0,0,0,1],"scale":0.725467324,"type":"tree_beech_large_b"}
{"pos":[-247.485992,-753.508972,36.5700989],"rotationMatrix":[0.627960563,-0.77823776,0,0.77823776,0.627960563,0,0,0,1],"scale":1.04779994,"type":"tree_beech_large_b"}
{"pos":[-343.690002,-580.463013,49.467701],"rotationMatrix":[-0.363891244,-0.931337237,0,0.931337237,-0.363891244,0,0,0,1],"scale":1.01040006,"type":"tree_beech_large_b"}
{"pos":[-347.078003,-564.72699,48.0168991],"rotationMatrix":[-0.0875174999,-0.996227384,0,0.996227384,-0.0875174999,0,0,0,1],"scale":0.782199979,"type":"tree_beech_large_b"}
{"pos":[-293.233002,-563.429016,55.1935005],"rotationMatrix":[-0.334324479,-0.94242382,0,0.94242382,-0.334324479,0,0,0,1],"scale":0.926800013,"type":"tree_beech_large_b"}
{"pos":[-320.846985,-581.835999,52.2341003],"rotationMatrix":[0.816624284,-0.577136815,0,0.577136815,0.816624284,0,0,0,1],"scale":1.11689997,"type":"tree_beech_large_b"}
{"pos":[-267.106995,-583.612976,58.8834],"rotationMatrix":[-0.723110557,-0.690766454,0,0.690766454,-0.723110557,0,0,0,1],"scale":0.960900009,"type":"tree_beech_large_b"}
{"pos":[-330.40799,-614.130005,55.2603989],"rotationMatrix":[0.358835101,-0.933437347,0,0.933437347,0.358835101,0,0,0,1],"scale":0.605000019,"type":"tree_beech_large_b"}
{"pos":[-319.417999,-607.840027,57.1469994],"rotationMatrix":[0.998271286,-0.0587764792,0,0.0587764792,0.998271286,0,0,0,1],"scale":0.796899974,"type":"tree_beech_large_b"}
{"pos":[-283.587006,-615.411987,60.6945992],"rotationMatrix":[0.788750052,0.614704967,0,-0.614704967,0.788750052,0,0,0,1],"scale":0.888800025,"type":"tree_beech_large_b"}
{"pos":[-251.175003,-652.531982,46.5619011],"rotationMatrix":[-0.999200225,0.0399920009,0,-0.0399920009,-0.999200225,0,0,0,1],"scale":1.13629997,"type":"tree_beech_large_b"}
{"pos":[-257.421997,-633.064026,53.7067986],"rotationMatrix":[0.870764732,-0.491724491,0,0.491724491,0.870764732,0,0,0,1],"scale":0.916999996,"type":"tree_beech_large_b"}
{"pos":[-290.21701,-646.624023,56.2594986],"rotationMatrix":[-0.539661407,0.841777563,0,-0.841777563,-0.539661407,0,0,0,1],"scale":0.846700013,"type":"tree_beech_large_b"}
{"pos":[-321.088013,-716.026001,50.5348015],"rotationMatrix":[0.861661971,0.507484794,0,-0.507484794,0.861661971,0,0,0,1],"scale":1.09899998,"type":"tree_beech_large_b"}
{"pos":[-346.610992,-702.202026,55.8246002],"rotationMatrix":[-0.237793803,-0.971259773,0,0.971259773,-0.237793803,0,0,0,1],"scale":0.773800015,"type":"tree_beech_large_b"}
{"pos":[-363.989014,-699.671021,55.7137985],"rotationMatrix":[-0.548799992,0.835999966,0,-0.835999966,-0.548799992,0,0,0,1],"scale":0.73150003,"type":"tree_beech_large_b"}
{"pos":[-360.04599,-745.002014,47.4902],"rotationMatrix":[-0.179033637,0.983858883,0,-0.983858883,-0.179033637,0,0,0,1],"scale":0.975399971,"type":"tree_beech_large_b"}
{"pos":[-395.572998,-738.476013,47.0494995],"rotationMatrix":[-0.903590679,-0.428093284,0,0.428093284,-0.903590679,0,0,0,1],"scale":0.877399981,"type":"tree_beech_large_b"}
{"pos":[-297.410004,-754.174988,42.5041008],"rotationMatrix":[-0.994403958,-0.104453556,0,0.104453556,-0.994403958,0,0,0,1],"scale":0.944199979,"type":"tree_beech_large_b"}
{"pos":[-332.062012,-751.406006,46.9667015],"rotationMatrix":[-0.992806435,0.11858616,0,-0.11858616,-0.992806435,0,0,0,1],"scale":0.907299995,"type":"tree_beech_large_b"}
{"pos":[-330.502991,-896.763,22.1895008],"rotationMatrix":[-0.181491852,-0.98334682,0,0.98334682,-0.181491852,0,0,0,1],"scale":1.0043,"type":"tree_beech_large_b"}
{"pos":[-424.460999,-868.421021,35.9081993],"rotationMatrix":[-0.960991979,-0.277255982,0,0.277255982,-0.960991979,0,0,0,1],"scale":0.890900016,"type":"tree_beech_large_b"}
{"pos":[-525.494019,-53.8111992,30.1406002],"rotationMatrix":[-0.858206511,-0.513180375,0,0.513180375,-0.858206511,0,0,0,1],"scale":1.30859995,"type":"tree_beech_large_b"}
{"pos":[-533.789001,-22.4547005,28.6676998],"rotationMatrix":[-0.196295142,0.980516493,0,-0.980516493,-0.196295142,0,0,0,1],"scale":0.610400021,"type":"tree_beech_large_b"}
{"pos":[-554.539001,-108.745003,29.5806999],"rotationMatrix":[-0.996801257,0.0777377561,0,-0.0777377561,-0.996801257,0,0,0,1],"scale":0.913600028,"type":"tree_beech_large_b"}
{"pos":[-557.684021,-80.6358032,28.3323002],"rotationMatrix":[-0.993205786,-0.11500416,0,0.11500416,-0.993205786,0,0,0,1],"scale":1.11090004,"type":"tree_beech_large_b"}
{"pos":[-572.106018,-17.4176998,28.2647991],"rotationMatrix":[-0.727197051,0.686380982,0,-0.686380982,-0.727197051,0,0,0,1],"scale":1.11889994,"type":"tree_beech_large_b"}
{"pos":[-564.448975,-47.1408005,29.1571007],"rotationMatrix":[-0.650744557,0.759324312,0,-0.759324312,-0.650744557,0,0,0,1],"scale":1.02260005,"type":"tree_beech_large_b"}
{"pos":[-614.388977,-53.8310013,22.8428001],"rotationMatrix":[0.999635518,0.0269972999,0,-0.0269972999,0.999635518,0,0,0,1],"scale":0.892499983,"type":"tree_beech_large_b"}
{"pos":[-582.518982,-64.5782013,29.2091007],"rotationMatrix":[0.999300599,0.0373925194,0,-0.0373925194,0.999300599,0,0,0,1],"scale":0.790099978,"type":"tree_beech_large_b"}
{"pos":[-569.741028,-116.994003,28.4342003],"rotationMatrix":[-0.857435346,-0.514230311,0,0.514230311,-0.857435346,0,0,0,1],"scale":1.15649998,"type":"tree_beech_large_b"}
{"pos":[-605.826721,-97.7202377,23.3631992],"rotationMatrix":[0.954034865,-0.299682885,0,0.299682885,0.954034865,0,0,0,1],"scale":0.880100012,"type":"tree_beech_large_b"}
{"pos":[-560.35199,-156.582001,29.2675991],"rotationMatrix":[0.612975955,-0.790148437,0,0.790148437,0.612975955,0,0,0,1],"scale":0.776899993,"type":"tree_beech_large_b"}
{"pos":[-504.644012,-132.220001,35.7728004],"rotationMatrix":[-0.240312576,0.970672488,0,-0.970672488,-0.240312576,0,0,0,1],"scale":0.921999991,"type":"tree_beech_large_b"}
{"pos":[-521.164978,-141.794998,34.9155998],"rotationMatrix":[-0.0443786383,-0.994602799,0.0936827362,0.998996258,-0.0445775986,-3.00034881e-05,0.00420689955,0.0935882404,0.995602071],"scale":0.913500011,"type":"tree_beech_large_b"}
{"pos":[-542.593018,-223.350006,29.2705002],"rotationMatrix":[0.279519916,-0.960199952,0,0.960199952,0.279519916,0,0,0,1],"scale":0.642799973,"type":"tree_beech_large_b"}
{"pos":[-629.596497,-105.747612,22.2989979],"rotationMatrix":[-0.387444735,0.921853662,0,-0.921853662,-0.387444735,0,0,0,1],"scale":0.837800026,"type":"tree_beech_large_b"}
{"pos":[-660.893982,-66.5498962,22.0569],"rotationMatrix":[-0.908667207,-0.417136282,0,0.417136282,-0.908667207,0,0,0,1],"scale":0.85680002,"type":"tree_beech_large_b"}
{"pos":[-625.638,-72.7923965,22.0883007],"rotationMatrix":[0.951577306,-0.307403356,0,0.307403356,0.951577306,0,0,0,1],"scale":1.0948,"type":"tree_beech_large_b"}
{"pos":[-668.04303,-5.38040018,25.4249992],"rotationMatrix":[-0.394783974,0.918777049,0,-0.918777049,-0.394783974,0,0,0,1],"scale":0.937600017,"type":"tree_beech_large_b"}
{"pos":[-661.629028,-223.481995,26.8775005],"rotationMatrix":[0.557071269,0.830514848,0,-0.830514848,0.557071269,0,0,0,1],"scale":1.17089999,"type":"tree_beech_large_b"}
{"pos":[-732.333984,-225.582001,20.2761002],"rotationMatrix":[0.938469648,0.345362604,0,-0.345362604,0.938469648,0,0,0,1],"scale":1.16620004,"type":"tree_beech_large_b"}
{"pos":[-719.89801,-194.100998,18.6636009],"rotationMatrix":[-0.886458874,-0.462873906,0,0.462873906,-0.886458874,0,0,0,1],"scale":1.09819996,"type":"tree_beech_large_b"}
{"pos":[-675.317017,-200.807999,29.4477005],"rotationMatrix":[0.209221184,-0.977909684,0,0.977909684,0.209221184,0,0,0,1],"scale":0.81129998,"type":"tree_beech_large_b"}
{"pos":[-722.633972,-242.895996,23.7273998],"rotationMatrix":[0.641295493,0.767297328,0,-0.767297328,0.641295493,0,0,0,1],"scale":0.855099976,"type":"tree_beech_large_b"}
{"pos":[-617.890015,-365.401001,35.1992989],"rotationMatrix":[-0.989214659,0.147600412,0,-0.147600412,-0.989214659,0,0,0,1],"scale":0.763700008,"type":"tree_beech_large_b"}
{"pos":[-619.763,-420.098999,36.9313011],"rotationMatrix":[-0.17381835,-0.984744966,0,0.984744966,-0.17381835,0,0,0,1],"scale":0.821500003,"type":"tree_beech_large_b"}
{"pos":[-739.856018,-254.516006,20.5111008],"rotationMatrix":[0.878179491,-0.478347778,0,0.478347778,0.878179491,0,0,0,1],"scale":0.927900016,"type":"tree_beech_large_b"}
{"pos":[-716.049011,-253.149994,24.6380005],"rotationMatrix":[-0.54809618,-0.836513877,0,0.836513877,-0.54809618,0,0,0,1],"scale":0.8671,"type":"tree_beech_large_b"}
{"pos":[-661.508972,-491.324005,28.4680996],"rotationMatrix":[-0.171062112,0.985271573,0,-0.985271573,-0.171062112,0,0,0,1],"scale":1.06710005,"type":"tree_beech_large_b"}
{"pos":[-635.432007,-404.251007,38.7000999],"rotationMatrix":[0.57385087,0.81897074,0,-0.81897074,0.57385087,0,0,0,1],"scale":0.8301,"type":"tree_beech_large_b"}
{"pos":[-689.078979,-417.666992,29.5505009],"rotationMatrix":[-0.896572948,-0.442884237,0,0.442884237,-0.896572948,0,0,0,1],"scale":0.976599991,"type":"tree_beech_large_b"}
{"pos":[-731.359009,-406.598999,23.8864994],"rotationMatrix":[0.226978242,-0.973955154,0,0.973955154,0.226978242,0,0,0,1],"scale":0.848800004,"type":"tree_beech_large_b"}
{"pos":[-669.877014,-405.091003,33.8684006],"rotationMatrix":[-0.76908052,-0.638975739,0,0.638975739,-0.76908052,0,0,0,1],"scale":0.736699998,"type":"tree_beech_large_b"}
{"pos":[-730.360657,-387.869995,24.3264008],"rotationMatrix":[-0.418938518,0.907830954,0,-0.907830954,-0.418938518,0,0,0,1],"scale":0.748099983,"type":"tree_beech_large_b"}
{"pos":[-729.888,-440.272003,23.4876995],"rotationMatrix":[-0.996801257,0.0801358372,0,-0.0801358372,-0.996801257,0,0,0,1],"scale":1.01359999,"type":"tree_beech_large_b"}
{"pos":[-739.549988,-470.171997,23.8661003],"rotationMatrix":[0.266497254,-0.96387291,0,0.96387291,0.266497254,0,0,0,1],"scale":0.943899989,"type":"tree_beech_large_b"}
{"pos":[-845.94397,-9.73980045,36.203701],"rotationMatrix":[0.873797119,-0.486272931,0,0.486272931,0.873797119,0,0,0,1],"scale":0.899999976,"type":"tree_beech_large_b"}
{"pos":[-848.013977,-49.1535988,38.0119019],"rotationMatrix":[0.244287789,0.969627798,0,-0.969627798,0.244287789,0,0,0,1],"scale":0.898699999,"type":"tree_beech_large_b"}
{"pos":[-858.049988,-21.9762001,41.3992004],"rotationMatrix":[0.705088019,0.709094405,0,-0.709094405,0.705088019,0,0,0,1],"scale":0.829900026,"type":"tree_beech_large_b"}
{"pos":[-852.219971,-80.4642029,45.2692986],"rotationMatrix":[0.0623717904,0.998018742,0,-0.998018742,0.0623717904,0,0,0,1],"scale":0.603999972,"type":"tree_beech_large_b"}
{"pos":[-834.838989,-87.7733994,33.8894005],"rotationMatrix":[0.443065405,0.896456778,0,-0.896456778,0.443065405,0,0,0,1],"scale":0.647700012,"type":"tree_beech_large_b"}
{"pos":[-797.429993,-213.203003,23.0375996],"rotationMatrix":[0.243057966,0.970047355,0,-0.970047355,0.243057966,0,0,0,1],"scale":1.02219999,"type":"tree_beech_large_b"}
{"pos":[-872.517029,-217.223999,29.3381844],"rotationMatrix":[0.868620634,0.495479167,0,-0.495479167,0.868620634,0,0,0,1],"scale":0.632099986,"type":"tree_beech_large_b"}
{"pos":[-852.090027,-211.414993,29.0221996],"rotationMatrix":[0.640787125,-0.767756045,0,0.767756045,0.640787125,0,0,0,1],"scale":1.13199997,"type":"tree_beech_large_b"}
{"pos":[-939.093994,-26.5002995,41.0032005],"rotationMatrix":[0.244041979,0.969785452,0,-0.969785452,0.244041979,0,0,0,1],"scale":1.13689995,"type":"tree_beech_large_b"}
{"pos":[-958.900024,-26.7873001,42.1254005],"rotationMatrix":[-0.92158401,-0.388355225,0,0.388355225,-0.92158401,0,0,0,1],"scale":1.12469995,"type":"tree_beech_large_b"}
{"pos":[-966.677002,-61.0970993,49.3311996],"rotationMatrix":[0.330212593,-0.943975449,0,0.943975449,0.330212593,0,0,0,1],"scale":0.841099977,"type":"tree_beech_large_b"}
{"pos":[-947.093018,-69.8983994,47.6889992],"rotationMatrix":[-0.198771358,0.979982376,0,-0.979982376,-0.198771358,0,0,0,1],"scale":0.82980001,"type":"tree_beech_large_b"}
{"pos":[-885.71698,-166.876007,34.5075989],"rotationMatrix":[0.997687995,-0.0679592043,0,0.0679592043,0.997687995,0,0,0,1],"scale":0.825699985,"type":"tree_beech_large_b"}
{"pos":[-899.260986,-247.192001,42.1535988],"rotationMatrix":[-0.947548509,-0.320117921,0,0.320117921,-0.947548509,0,0,0,1],"scale":0.685599983,"type":"tree_beech_large_b"}
{"pos":[-793.156006,-285.109985,25.5058994],"rotationMatrix":[0.98983264,0.142243505,0,-0.142243505,0.98983264,0,0,0,1],"scale":0.837599993,"type":"tree_beech_large_b"}
{"pos":[-799.169006,-302.712006,26.3446007],"rotationMatrix":[-0.888401866,-0.458836764,0,0.458836764,-0.888401866,0,0,0,1],"scale":0.961899996,"type":"tree_beech_large_b"}
{"pos":[-797.234009,-254.595993,27.0473995],"rotationMatrix":[0.866975188,-0.498365968,0,0.498365968,0.866975188,0,0,0,1],"scale":0.701799989,"type":"tree_beech_large_b"}
{"pos":[-779.273987,-269.082001,19.7716007],"rotationMatrix":[-0.891123533,-0.453721851,0,0.453721851,-0.891123533,0,0,0,1],"scale":0.685500026,"type":"tree_beech_large_b"}
{"pos":[-773.950989,-357.027008,20.6529007],"rotationMatrix":[-0.962576628,-0.271622509,0,0.271622509,-0.962576628,0,0,0,1],"scale":0.854900002,"type":"tree_beech_large_b"}
{"pos":[-809.184998,-357.588989,19.5513992],"rotationMatrix":[0.902759492,0.430151403,0,-0.430151403,0.902759492,0,0,0,1],"scale":1.16079998,"type":"tree_beech_large_b"}
{"pos":[-815.455994,-293.112,25.1441994],"rotationMatrix":[-0.473014474,0.881028116,0,-0.881028116,-0.473014474,0,0,0,1],"scale":0.957099974,"type":"tree_beech_large_b"}
{"pos":[-857.822021,-285.911011,28.5855007],"rotationMatrix":[0.193041861,0.981257021,0,-0.981257021,0.193041861,0,0,0,1],"scale":1.03960001,"type":"tree_beech_large_b"}
{"pos":[-852.896973,-265.912994,27.2306004],"rotationMatrix":[0.618411541,-0.785890579,0,0.785890579,0.618411541,0,0,0,1],"scale":0.61680001,"type":"tree_beech_large_b"}
{"pos":[-840.419983,-351.535004,24.1861992],"rotationMatrix":[0.828770459,-0.559568226,0,0.559568226,0.828770459,0,0,0,1],"scale":0.626100004,"type":"tree_beech_large_b"}
{"pos":[-776.888,-416.460999,20.8787003],"rotationMatrix":[-0.157633305,-0.98751837,0,0.98751837,-0.157633305,0,0,0,1],"scale":1.0941,"type":"tree_beech_large_b"}
{"pos":[-752.20697,-461.264008,22.9918003],"rotationMatrix":[-0.96138823,-0.275303394,0,0.275303394,-0.96138823,0,0,0,1],"scale":0.960399985,"type":"tree_beech_large_b"}
{"pos":[-771.952026,-471.167999,19.1737995],"rotationMatrix":[0.869132698,0.494563758,0,-0.494563758,0.869132698,0,0,0,1],"scale":0.984700024,"type":"tree_beech_large_b"}
{"pos":[-826.254028,-387.769012,23.4988995],"rotationMatrix":[-0.997200966,0.0753472224,0,-0.0753472224,-0.997200966,0,0,0,1],"scale":0.731599987,"type":"tree_beech_large_b"}
{"pos":[-857.361023,-382.779999,25.7894001],"rotationMatrix":[-0.356633902,-0.93429184,0,0.93429184,-0.356633902,0,0,0,1],"scale":0.689400017,"type":"tree_beech_large_b"}
{"pos":[-830.192017,-467.390015,21.9869995],"rotationMatrix":[-0.791724563,0.610871077,0,-0.610871077,-0.791724563,0,0,0,1],"scale":0.795599997,"type":"tree_beech_large_b"}
{"pos":[-968.551025,-418.54599,46.8577003],"rotationMatrix":[0.989516497,-0.14442353,0,0.14442353,0.989516497,0,0,0,1],"scale":1.34650004,"type":"tree_beech_large_b"}
{"pos":[-979.322021,-469.69101,46.5932999],"rotationMatrix":[0.487320662,0.873164892,0,-0.873164892,0.487320662,0,0,0,1],"scale":0.965600014,"type":"tree_beech_large_b"}
{"pos":[-572.677002,-575.580994,29.4295006],"rotationMatrix":[0.193295956,-0.981102526,0,0.981102526,0.193295956,0,0,0,1],"scale":0.930499971,"type":"tree_beech_large_b"}
{"pos":[-571.174988,-617.653992,30.8633003],"rotationMatrix":[-0.978458285,0.207075715,0,-0.207075715,-0.978458285,0,0,0,1],"scale":0.728799999,"type":"tree_beech_large_b"}
{"pos":[-500.644012,-609.909973,39.2532997],"rotationMatrix":[0.521562338,0.853186071,0,-0.853186071,0.521562338,0,0,0,1],"scale":1.17030001,"type":"tree_beech_large_b"}
{"pos":[-525.739014,-526.109985,39.8014984],"rotationMatrix":[-0.965747952,-0.259945065,0,0.259945065,-0.965747952,0,0,0,1],"scale":1.17750001,"type":"tree_beech_large_b"}
{"pos":[-520.963013,-652.877991,37.1547012],"rotationMatrix":[-0.226177931,0.974051952,0,-0.974051952,-0.226177931,0,0,0,1],"scale":0.889100015,"type":"tree_beech_large_b"}
{"pos":[-547.794983,-698.336975,35.8596001],"rotationMatrix":[0.706315517,-0.707923651,0,0.707923651,0.706315517,0,0,0,1],"scale":0.768599987,"type":"tree_beech_large_b"}
{"pos":[-566.517029,-674.028992,34.2347984],"rotationMatrix":[0.756118715,-0.654470682,0,0.654470682,0.756118715,0,0,0,1],"scale":0.78640002,"type":"tree_beech_large_b"}
{"pos":[-622.853027,-655.315979,32.7905006],"rotationMatrix":[0.791987538,-0.61055702,0,0.61055702,0.791987538,0,0,0,1],"scale":0.978399992,"type":"tree_beech_large_b"}
{"pos":[-610.43103,-674.328003,33.3609009],"rotationMatrix":[-0.99520278,0.0986814424,0,-0.0986814424,-0.99520278,0,0,0,1],"scale":0.985400021,"type":"tree_beech_large_b"}
{"pos":[-626.531982,-517.836975,24.1382008],"rotationMatrix":[-0.0477728844,0.998844028,0,-0.998844028,-0.0477728844,0,0,0,1],"scale":1.11720002,"type":"tree_beech_large_b"}
{"pos":[-740.270996,-539.929016,21.9507008],"rotationMatrix":[0.0157955289,-0.999918103,0,0.999918103,0.0157955289,0,0,0,1],"scale":0.866400003,"type":"tree_beech_large_b"}
{"pos":[-681.060974,-539.969971,23.7562008],"rotationMatrix":[-0.969715476,-0.244924322,0,0.244924322,-0.969715476,0,0,0,1],"scale":1.10689998,"type":"tree_beech_large_b"}
{"pos":[-678.565002,-730.44397,32.5046997],"rotationMatrix":[-0.919624329,0.392859697,0,-0.392859697,-0.919624329,0,0,0,1],"scale":1.17390001,"type":"tree_beech_large_b"}
{"pos":[-675.833984,-634.632996,21.7444],"rotationMatrix":[0.955119908,0.296214521,0,-0.296214521,0.955119908,0,0,0,1],"scale":0.897800028,"type":"tree_beech_large_b"}
{"pos":[-648.992004,-629.97998,30.0737991],"rotationMatrix":[0.666582227,0.74547416,0,-0.74547416,0.666582227,0,0,0,1],"scale":0.999499977,"type":"tree_beech_large_b"}
{"pos":[-707.847534,-637.58667,20.2317753],"rotationMatrix":[-0.990012527,0.140049011,0,-0.140049011,-0.990012527,0,0,0,1],"scale":1.09640002,"type":"tree_beech_large_b"}
{"pos":[-559.111023,-848.653015,45.2537003],"rotationMatrix":[0.79276073,-0.60954988,0,0.60954988,0.79276073,0,0,0,1],"scale":0.644299984,"type":"tree_beech_large_b"}
{"pos":[-669.021973,-762.073975,37.1343002],"rotationMatrix":[0.863862395,0.503745675,0,-0.503745675,0.863862395,0,0,0,1],"scale":1.07509995,"type":"tree_beech_large_b"}
{"pos":[-756.955994,-504.864014,17.9258003],"rotationMatrix":[-0.582064748,-0.81308949,0,0.81308949,-0.582064748,0,0,0,1],"scale":0.870500028,"type":"tree_beech_large_b"}
{"pos":[-800.653992,-564.28302,10.9808998],"rotationMatrix":[0.9780339,0.208447203,0,-0.208447203,0.9780339,0,0,0,1],"scale":0.773100019,"type":"tree_beech_large_b"}
{"pos":[-832.575989,-559.421021,17.6121006],"rotationMatrix":[-0.60169208,-0.798787773,0,0.798787773,-0.60169208,0,0,0,1],"scale":0.966300011,"type":"tree_beech_large_b"}
{"pos":[-845.301025,-589.974976,18.6378994],"rotationMatrix":[0.0930649042,0.995689213,0,-0.995689213,0.0930649042,0,0,0,1],"scale":1.17219996,"type":"tree_beech_large_b"}
{"pos":[-827.442993,-593.70343,17.018692],"rotationMatrix":[-0.767576098,-0.64114821,0,0.64114821,-0.767576098,0,0,0,1],"scale":0.974099994,"type":"tree_beech_large_b"}
{"pos":[-841.198975,-615.859009,16.3435993],"rotationMatrix":[-0.151251435,0.988434434,0,-0.988434434,-0.151251435,0,0,0,1],"scale":0.753799975,"type":"tree_beech_large_b"}
{"pos":[-819.245972,-605.538025,9.61390018],"rotationMatrix":[0.822511196,-0.56875062,0,0.56875062,0.822511196,0,0,0,1],"scale":1.04690003,"type":"tree_beech_large_b"}
{"pos":[-859.176025,-652.226013,19.8444004],"rotationMatrix":[0.657704592,0.753264964,0,-0.753264964,0.657704592,0,0,0,1],"scale":0.819000006,"type":"tree_beech_large_b"}
{"pos":[-867.893982,-667.393005,26.4843998],"rotationMatrix":[0.729887486,0.68355,0,-0.68355,0.729887486,0,0,0,1],"scale":0.809800029,"type":"tree_beech_large_b"}
{"pos":[-871.549011,-686.838989,31.0923996],"rotationMatrix":[-0.11930716,-0.992878318,0,0.992878318,-0.11930716,0,0,0,1],"scale":1.08889997,"type":"tree_beech_large_b"}
{"pos":[-837.127991,-657.322021,9.76299953],"rotationMatrix":[0.751769423,-0.659435093,0,0.659435093,0.751769423,0,0,0,1],"scale":0.616999984,"type":"tree_beech_large_b"}
{"pos":[-903.106018,-593.562988,29.7479992],"rotationMatrix":[-0.968524814,-0.249612361,0,0.249612361,-0.968524814,0,0,0,1],"scale":0.896399975,"type":"tree_beech_large_b"}
{"pos":[-903.494019,-578.151978,30.2001991],"rotationMatrix":[-0.140956163,0.990047216,0,-0.990047216,-0.140956163,0,0,0,1],"scale":0.88319999,"type":"tree_beech_large_b"}
{"pos":[-963.219971,-503.55899,37.7481003],"rotationMatrix":[0.303327918,-0.95281893,0,0.95281893,0.303327918,0,0,0,1],"scale":1.11099994,"type":"tree_beech_large_b"}
{"pos":[-954.163025,-547.133972,33.5569],"rotationMatrix":[-0.0408359766,-0.999139011,0,0.999139011,-0.0408359766,0,0,0,1],"scale":0.734200001,"type":"tree_beech_large_b"}
{"pos":[-940.328003,-586.710999,29.8470993],"rotationMatrix":[0.37570858,-0.926771581,0,0.926771581,0.37570858,0,0,0,1],"scale":1.12740004,"type":"tree_beech_large_b"}
{"pos":[-947.077026,-618.075012,29.2233009],"rotationMatrix":[-0.949127793,-0.314324468,0,0.314324468,-0.949127793,0,0,0,1],"scale":0.995199978,"type":"tree_beech_large_b"}
{"pos":[-884.79303,-676.536011,31.2110996],"rotationMatrix":[-0.866312027,0.499615192,0,-0.499615192,-0.866312027,0,0,0,1],"scale":0.628000021,"type":"tree_beech_large_b"}
{"pos":[-880.244019,-641.935974,23.1285992],"rotationMatrix":[0.73208797,0.681199193,0,-0.681199193,0.73208797,0,0,0,1],"scale":0.7949,"type":"tree_beech_large_b"}
{"pos":[-875.692017,-627.255005,21.7040997],"rotationMatrix":[-0.163117528,-0.986651897,0,0.986651897,-0.163117528,0,0,0,1],"scale":0.853900015,"type":"tree_beech_large_b"}
{"pos":[-983.052979,-668.039001,41.7859001],"rotationMatrix":[0.234668076,-0.972068071,0,0.972068071,0.234668076,0,0,0,1],"scale":0.600099981,"type":"tree_beech_large_b"}
{"pos":[-977.801025,-676.906982,36.7434998],"rotationMatrix":[0.424335539,0.905504704,0,-0.905504704,0.424335539,0,0,0,1],"scale":0.707099974,"type":"tree_beech_large_b"}
{"pos":[-938.661987,-652.531006,30.8931999],"rotationMatrix":[0.997306228,0.073348619,0,-0.073348619,0.997306228,0,0,0,1],"scale":0.73360002,"type":"tree_beech_large_b"}
{"pos":[-803.283997,-805.416992,35.6697006],"rotationMatrix":[0.342654228,-0.939524055,0,0.939524055,0.342654228,0,0,0,1],"scale":1.10979998,"type":"tree_beech_large_b"}
{"pos":[-787.124023,-796.302002,35.9634018],"rotationMatrix":[-0.839745641,-0.543042421,0,0.543042421,-0.839745641,0,0,0,1],"scale":1.03139997,"type":"tree_beech_large_b"}
{"pos":[-827.984985,-791.632019,31.9669991],"rotationMatrix":[-1,0.00600000005,0,-0.00600000005,-1,0,0,0,1],"scale":0.872600019,"type":"tree_beech_large_b"}
{"pos":[-831.247986,-806.393005,35.6478996],"rotationMatrix":[0.250177443,-0.968168736,0,0.968168736,0.250177443,0,0,0,1],"scale":0.88349998,"type":"tree_beech_large_b"}
{"pos":[-872.135986,-825.66803,35.926899],"rotationMatrix":[0.175415218,0.984467685,0,-0.984467685,0.175415218,0,0,0,1],"scale":0.611400008,"type":"tree_beech_large_b"}
{"pos":[-836.424988,-837.478027,35.8540001],"rotationMatrix":[-0.383782387,-0.923464358,0,0.923464358,-0.383782387,0,0,0,1],"scale":0.981400013,"type":"tree_beech_large_b"}
{"pos":[-889.442993,-750.630005,37.4504013],"rotationMatrix":[-0.974084496,-0.226120591,0,0.226120591,-0.974084496,0,0,0,1],"scale":0.813199997,"type":"tree_beech_large_b"}
{"pos":[-878.218018,-753.291992,38.7743988],"rotationMatrix":[0.971962869,0.235142395,0,-0.235142395,0.971962869,0,0,0,1],"scale":0.689800024,"type":"tree_beech_large_b"}
{"pos":[-899.395996,-788.778992,42.7725983],"rotationMatrix":[-0.710140228,-0.704066575,0,0.704066575,-0.710140228,0,0,0,1],"scale":0.798900008,"type":"tree_beech_large_b"}
{"pos":[-929.789673,-759.016418,34.5843658],"rotationMatrix":[0.920719802,0.342182845,0.187586471,-0.361801833,0.928659499,0.0818135589,-0.146209463,-0.143195435,0.978835344],"scale":0.884899974,"type":"tree_beech_large_b"}
{"pos":[-882.815002,-842.414978,38.8518982],"rotationMatrix":[0.81150198,0.584343791,0,-0.584343791,0.81150198,0,0,0,1],"scale":0.664099991,"type":"tree_beech_large_b"}
{"pos":[-956.848267,-809.638123,38.3030014],"rotationMatrix":[0.901165426,-0.433485001,0,0.433485001,0.901165426,0,0,0,1],"scale":1.19819999,"type":"tree_beech_large_b"}
{"pos":[-946.769348,-842.976746,39.8829002],"rotationMatrix":[0.95275265,-0.303741932,0,0.303741932,0.95275265,0,0,0,1],"scale":1.14699996,"type":"tree_beech_large_b"}
{"pos":[-183.645996,934.84198,28.5324001],"rotationMatrix":[0.433100462,0.90135318,0,-0.90135318,0.433100462,0,0,0,1],"scale":0.741900027,"type":"tree_beech_large_b"}
{"pos":[-218.966995,912.210999,25.2329006],"rotationMatrix":[0.942200005,-0.33503601,0,0.33503601,0.942200005,0,0,0,1],"scale":0.872500002,"type":"tree_beech_large_b"}
{"pos":[-247.089005,899.747986,20.5349007],"rotationMatrix":[-0.940055966,-0.341366321,0,0.341366321,-0.940055966,0,0,0,1],"scale":1.18879998,"type":"tree_beech_large_b"}
{"pos":[-240.882004,830.322021,22.7418995],"rotationMatrix":[0.97575599,-0.218856782,0,0.218856782,0.97575599,0,0,0,1],"scale":1.02670002,"type":"tree_beech_large_b"}
{"pos":[-206.259995,856.211975,19.1471004],"rotationMatrix":[0.71709758,0.696988523,0,-0.696988523,0.71709758,0,0,0,1],"scale":1.03760004,"type":"tree_beech_large_b"}
{"pos":[-205.718994,834.112976,28.5557995],"rotationMatrix":[-0.00422787666,0.999976337,0,-0.999976337,-0.00422787666,0,0,0,1],"scale":1.07350004,"type":"tree_beech_large_b"}
{"pos":[-290.799011,894.866028,29.4817009],"rotationMatrix":[0.961690903,-0.274142742,0,0.274142742,0.961690903,0,0,0,1],"scale":0.869099975,"type":"tree_beech_large_b"}
{"pos":[-259.477905,927.962158,29.0020752],"rotationMatrix":[0.129063964,-0.991565704,0,0.991565704,0.129063964,0,0,0,1],"scale":0.959800005,"type":"tree_beech_large_b"}
{"pos":[-330.303986,940.973022,33.8255997],"rotationMatrix":[-0.995602369,-0.0938965976,0,0.0938965976,-0.995602369,0,0,0,1],"scale":1.12370002,"type":"tree_beech_large_b"}
{"pos":[-351.630005,910.315002,30.0228004],"rotationMatrix":[-0.975276828,0.221617401,0,-0.221617401,-0.975276828,0,0,0,1],"scale":1.01419997,"type":"tree_beech_large_b"}
{"pos":[-349.605988,928.439026,31.2378998],"rotationMatrix":[-0.989214659,0.147002026,0,-0.147002026,-0.989214659,0,0,0,1],"scale":0.905799985,"type":"tree_beech_large_b"}
{"pos":[-351.231995,875.81897,28.5065994],"rotationMatrix":[-0.936118484,-0.351252288,0,0.351252288,-0.936118484,0,0,0,1],"scale":0.660000026,"type":"tree_beech_large_b"}
{"pos":[-270.657013,773.288025,29.0160999],"rotationMatrix":[0.998739958,0.0501849391,0,-0.0501849391,0.998739958,0,0,0,1],"scale":1.19289994,"type":"tree_beech_large_b"}
{"pos":[-327.462006,870.844971,30.3766003],"rotationMatrix":[0.640278339,0.768129945,0,-0.768129945,0.640278339,0,0,0,1],"scale":0.728999972,"type":"tree_beech_large_b"}
{"pos":[-319.363007,846.486023,25.2082996],"rotationMatrix":[-0.929040909,-0.370448142,0,0.370448142,-0.929040909,0,0,0,1],"scale":1.18710005,"type":"tree_beech_large_b"}
{"pos":[-316.014008,871.752014,31.9298],"rotationMatrix":[-0.789831877,0.613197148,0,-0.613197148,-0.789831877,0,0,0,1],"scale":0.693700016,"type":"tree_beech_large_b"}
{"pos":[-340.921997,823.484985,19.7341003],"rotationMatrix":[0.593198001,0.805034995,0,-0.805034995,0.593198001,0,0,0,1],"scale":0.661000013,"type":"tree_beech_large_b"}
{"pos":[-350.951996,831.036987,23.4328995],"rotationMatrix":[0.998848021,0.0479856022,0,-0.0479856022,0.998848021,0,0,0,1],"scale":0.758300006,"type":"tree_beech_large_b"}
{"pos":[-395.552002,940.375,35.4580994],"rotationMatrix":[0.406821668,-0.913512051,0,0.913512051,0.406821668,0,0,0,1],"scale":1.06889999,"type":"tree_beech_large_b"}
{"pos":[-421.639008,917.29303,30.0391998],"rotationMatrix":[0.603550076,0.785664737,0.135581672,-0.79727751,0.594764113,0.102599278,-1.75237656e-05,-0.170026466,0.985438108],"scale":1.15250003,"type":"tree_beech_large_b"}
{"pos":[-471.825989,949.002014,37.2988014],"rotationMatrix":[-0.778498054,0.6278494,0,-0.6278494,-0.778498054,0,0,0,1],"scale":1.01900005,"type":"tree_beech_large_b"}
{"pos":[-449.647003,936.424988,32.2532005],"rotationMatrix":[-0.969715476,-0.244725838,0,0.244725838,-0.969715476,0,0,0,1],"scale":1.15610003,"type":"tree_beech_large_b"}
{"pos":[-405.001007,843.911011,26.4246998],"rotationMatrix":[0.903990388,-0.427551746,0,0.427551746,0.903990388,0,0,0,1],"scale":1.03429997,"type":"tree_beech_large_b"}
{"pos":[-437.110992,859.130005,24.4536991],"rotationMatrix":[0.452104867,0.891978323,0,-0.891978323,0.452104867,0,0,0,1],"scale":0.863399982,"type":"tree_beech_large_b"}
{"pos":[-389.196991,775.330017,21.6329002],"rotationMatrix":[0.516462207,0.8563447,0,-0.8563447,0.516462207,0,0,0,1],"scale":1.16149998,"type":"tree_beech_large_b"}
{"pos":[-415.950989,760.682007,26.5578003],"rotationMatrix":[0.461278021,-0.887282372,0,0.887282372,0.461278021,0,0,0,1],"scale":0.819100022,"type":"tree_beech_large_b"}
{"pos":[-465.997009,829.557007,26.8146],"rotationMatrix":[-0.933757663,-0.357921183,0,0.357921183,-0.933757663,0,0,0,1],"scale":1.18560004,"type":"tree_beech_large_b"}
{"pos":[-446.875,807.182007,28.7259007],"rotationMatrix":[-0.990012527,-0.141046494,0,0.141046494,-0.990012527,0,0,0,1],"scale":1.13119996,"type":"tree_beech_large_b"}
{"pos":[-406.496002,726.536011,22.4241009],"rotationMatrix":[-0.998800278,0.0451864414,0,-0.0451864414,-0.998800278,0,0,0,1],"scale":0.748000026,"type":"tree_beech_large_b"}
{"pos":[-402.263,703.27301,23.1350002],"rotationMatrix":[-0.87986052,-0.474861115,0,0.474861115,-0.87986052,0,0,0,1],"scale":1.10880005,"type":"tree_beech_large_b"}
{"pos":[-399.685394,631.453125,21.9554005],"rotationMatrix":[-1,0.0114000002,0,-0.0114000002,-1,0,0,0,1],"scale":1.1825,"type":"tree_beech_large_b"}
{"pos":[-35.7344017,491.131012,37.6113014],"rotationMatrix":[0.612975955,0.790148437,0,-0.790148437,0.612975955,0,0,0,1],"scale":1.06449997,"type":"tree_beech_large_b"}
{"pos":[-43.7855988,267.002991,70.0628967],"rotationMatrix":[0.110221982,0.993830025,0,-0.993830025,0.110221982,0,0,0,1],"scale":0.959500015,"type":"tree_beech_large_b"}
{"pos":[-111.827003,369.402008,45.8950996],"rotationMatrix":[0.825123012,0.564964414,0,-0.564964414,0.825123012,0,0,0,1],"scale":0.998000026,"type":"tree_beech_large_b"}
{"pos":[-96.4629974,351.971008,52.6585007],"rotationMatrix":[0.624328852,-0.781160176,0,0.781160176,0.624328852,0,0,0,1],"scale":0.643000007,"type":"tree_beech_large_b"}
{"pos":[-116.501999,346.848999,49.7799988],"rotationMatrix":[-0.241257668,0.970569611,0,-0.970569611,-0.241257668,0,0,0,1],"scale":0.639500022,"type":"tree_beech_large_b"}
{"pos":[-105.956001,329.907013,51.8997993],"rotationMatrix":[-0.355975151,0.934558988,0,-0.934558988,-0.355975151,0,0,0,1],"scale":0.807099998,"type":"tree_beech_large_b"}
{"pos":[-123.595001,265.890015,33.1389999],"rotationMatrix":[-0.944391966,-0.329323977,0,0.329323977,-0.944391966,0,0,0,1],"scale":0.950500011,"type":"tree_beech_large_b"}
{"pos":[-77.2043991,272.071991,62.8338013],"rotationMatrix":[-0.190733194,0.98162955,0,-0.98162955,-0.190733194,0,0,0,1],"scale":0.736400008,"type":"tree_beech_large_b"}
{"pos":[-105.471001,262.385986,42.9118996],"rotationMatrix":[-0.118110538,-0.9930951,0,0.9930951,-0.118110538,0,0,0,1],"scale":0.695900023,"type":"tree_beech_large_b"}
{"pos":[-109.030998,280.94101,48.9076996],"rotationMatrix":[0.608033419,-0.79393822,0,0.79393822,0.608033419,0,0,0,1],"scale":0.991699994,"type":"tree_beech_large_b"}
{"pos":[-137.457001,405.105988,39.2452011],"rotationMatrix":[0.30285573,0.953023672,0,-0.953023672,0.30285573,0,0,0,1],"scale":0.660600007,"type":"tree_beech_large_b"}
{"pos":[-151.639999,391.959991,38.1864014],"rotationMatrix":[-0.152769208,0.988174677,0,-0.988174677,-0.152769208,0,0,0,1],"scale":1.13080001,"type":"tree_beech_large_b"}
