{"pos":[-113.169998,-245.522003,38.3023987],"rotationMatrix":[0.660676718,-0.750646591,0,0.750646591,0.660676718,0,0,0,1],"scale":0.967700005,"type":"tree_aspen_wall"}
{"pos":[-115.529999,-240.158997,37.3630981],"rotationMatrix":[0.0342280269,-0.999405146,0,0.999405146,0.0342280269,0,0,0,1],"scale":1.33089995,"type":"tree_aspen_wall"}
{"pos":[-227.612,-62.3755989,32.0826988],"rotationMatrix":[-0.807280779,0.590132535,0,-0.590132535,-0.807280779,0,0,0,1],"scale":0.942200005,"type":"tree_aspen_wall"}
{"pos":[-206.845001,-82.6904984,33.0444984],"rotationMatrix":[-0.528101683,0.849100769,0,-0.849100769,-0.528101683,0,0,0,1],"scale":0.981000006,"type":"tree_aspen_wall"}
{"pos":[-213.082993,-76.2882996,31.1361008],"rotationMatrix":[-0.660935402,0.750546694,0,-0.750546694,-0.660935402,0,0,0,1],"scale":1.04970002,"type":"tree_aspen_wall"}
{"pos":[-221.033005,-69.6520996,31.8682995],"rotationMatrix":[-0.599187374,0.80066669,0,-0.80066669,-0.599187374,0,0,0,1],"scale":0.923399985,"type":"tree_aspen_wall"}
{"pos":[-61.4986,-278.477997,39.8165016],"rotationMatrix":[0.136439145,-0.990643978,0,0.990643978,0.136439145,0,0,0,1],"scale":0.93599999,"type":"tree_aspen_wall"}
{"pos":[-59.2108002,-282.802002,39.3872986],"rotationMatrix":[0.568293691,-0.822806597,0,0.822806597,0.568293691,0,0,0,1],"scale":1.26859999,"type":"tree_aspen_wall"}
{"pos":[-26.2987995,-367.825012,47.8180008],"rotationMatrix":[-0.595255256,0.803432822,0,-0.803432822,-0.595255256,0,0,0,1],"scale":1.26230001,"type":"tree_aspen_wall"}
{"pos":[-36.6067619,-358.727356,47.0817986],"rotationMatrix":[-0.373487353,0.927646816,0,-0.927646816,-0.373487353,0,0,0,1],"scale":1.38709998,"type":"tree_aspen_wall"}
{"pos":[-44.7267609,-349.84668,46.3294983],"rotationMatrix":[-0.728684187,0.684817016,0,-0.684817016,-0.728684187,0,0,0,1],"scale":1.46280003,"type":"tree_aspen_wall"}
{"pos":[-50.2975998,-336.865997,45.9266014],"rotationMatrix":[-0.353670716,0.935409904,0,-0.935409904,-0.353670716,0,0,0,1],"scale":1.28129995,"type":"tree_aspen_wall"}
{"pos":[-30.7954006,-334.618988,46.259201],"rotationMatrix":[0.387275517,-0.921909571,0,0.921909571,0.387275517,0,0,0,1],"scale":1.01339996,"type":"tree_aspen_wall"}
{"pos":[-36.4524002,-324.783997,45.5172997],"rotationMatrix":[0.403331161,-0.91499418,0,0.91499418,0.403331161,0,0,0,1],"scale":1.10669994,"type":"tree_aspen_wall"}
{"pos":[-42.4096985,-313.487,43.0895996],"rotationMatrix":[0.403986394,-0.914710045,0,0.914710045,0.403986394,0,0,0,1],"scale":1.4296,"type":"tree_aspen_wall"}
{"pos":[-35.6615982,-316.229004,44.8376999],"rotationMatrix":[0.614206672,-0.789154589,0,0.789154589,0.614206672,0,0,0,1],"scale":1.39649999,"type":"tree_aspen_wall"}
{"pos":[-57.1745987,-323.493988,42.4496994],"rotationMatrix":[-0.367858052,0.930044293,0,-0.930044293,-0.367858052,0,0,0,1],"scale":0.980000019,"type":"tree_aspen_wall"}
{"pos":[-51.8921928,-331.035126,45.1123009],"rotationMatrix":[-0.463418365,0.886023343,0,-0.886023343,-0.463418365,0,0,0,1],"scale":1.13080001,"type":"tree_aspen_wall"}
{"pos":[-17.4944,-352.76001,47.8681984],"rotationMatrix":[0.689370394,-0.724434614,0,0.724434614,0.689370394,0,0,0,1],"scale":0.929400027,"type":"tree_aspen_wall"}
{"pos":[-82.7779007,-286.265991,39.230999],"rotationMatrix":[-0.34906745,0.937103331,0,-0.937103331,-0.34906745,0,0,0,1],"scale":1.46780002,"type":"tree_aspen_wall"}
{"pos":[-89.3582306,-278.73172,37.9877014],"rotationMatrix":[-0.667868614,0.744440615,0,-0.744440615,-0.667868614,0,0,0,1],"scale":1.2845,"type":"tree_aspen_wall"}
{"pos":[-71.3572006,-263.584015,38.3182983],"rotationMatrix":[0.999293149,-0.0375924818,0,0.0375924818,0.999293149,0,0,0,1],"scale":1.45449996,"type":"tree_aspen_wall"}
{"pos":[-70.7381973,-311.993011,40.6991997],"rotationMatrix":[-0.706812859,0.707261324,0,-0.707261324,-0.706812859,0,0,0,1],"scale":0.932099998,"type":"tree_aspen_wall"}
{"pos":[-84.9309998,-303.860992,40.4874992],"rotationMatrix":[0.546467066,-0.837445319,0,0.837445319,0.546467066,0,0,0,1],"scale":0.963999987,"type":"tree_aspen_wall"}
{"pos":[-89.7021027,-297.678009,38.9351006],"rotationMatrix":[0.668864787,-0.743406296,0,0.743406296,0.668864787,0,0,0,1],"scale":1.39680004,"type":"tree_aspen_wall"}
{"pos":[-110.530998,-281.604004,38.6299019],"rotationMatrix":[0.991471827,-0.13032575,0,0.13032575,0.991471827,0,0,0,1],"scale":1.31260002,"type":"tree_aspen_wall"}
{"pos":[-112.741997,-274.845001,38.1170006],"rotationMatrix":[-0.66348803,-0.748387158,0,0.748387158,-0.66348803,0,0,0,1],"scale":1.45840001,"type":"tree_aspen_wall"}
{"pos":[-77.9540024,-316.56601,43.3398018],"rotationMatrix":[0.516068816,-0.856496274,0,0.856496274,0.516068816,0,0,0,1],"scale":1.39049995,"type":"tree_aspen_wall"}
{"pos":[-75.1143036,-325.871002,45.2293015],"rotationMatrix":[0.451476634,-0.892280042,0,0.892280042,0.451476634,0,0,0,1],"scale":0.908299983,"type":"tree_aspen_wall"}
{"pos":[-70.1640244,-327.763214,44.2132988],"rotationMatrix":[0.91397047,-0.405798823,0,0.405798823,0.91397047,0,0,0,1],"scale":1.18620002,"type":"tree_aspen_wall"}
{"pos":[-29.1404991,-429.397003,56.6211014],"rotationMatrix":[0.601275504,-0.799056411,0,0.799056411,0.601275504,0,0,0,1],"scale":1.11500001,"type":"tree_aspen_wall"}
{"pos":[-36.3114014,-420.240997,55.8730011],"rotationMatrix":[0.306158006,-0.951941788,0,0.951941788,0.306158006,0,0,0,1],"scale":1.38180006,"type":"tree_aspen_wall"}
{"pos":[-40.028801,-411.372009,56.6717987],"rotationMatrix":[0.585767984,-0.81044209,0,0.81044209,0.585767984,0,0,0,1],"scale":0.951900005,"type":"tree_aspen_wall"}
{"pos":[-46.7619019,-414.529999,56.2081985],"rotationMatrix":[-0.374813676,0.927099586,0,-0.927099586,-0.374813676,0,0,0,1],"scale":1.25699997,"type":"tree_aspen_wall"}
{"pos":[-45.1139984,-401.223999,55.7611008],"rotationMatrix":[0.366287172,-0.930473685,0,0.930473685,0.366287172,0,0,0,1],"scale":0.921700001,"type":"tree_aspen_wall"}
{"pos":[-51.033699,-404.13501,55.2778015],"rotationMatrix":[-0.314144611,0.949212611,0,-0.949212611,-0.314144611,0,0,0,1],"scale":0.997500002,"type":"tree_aspen_wall"}
{"pos":[-41.8955002,-429.731995,56.3652],"rotationMatrix":[-0.0807439089,0.996795535,0,-0.996795535,-0.0807439089,0,0,0,1],"scale":1.41680002,"type":"tree_aspen_wall"}
{"pos":[-46.785099,-432.553986,56.3209],"rotationMatrix":[0.850176632,-0.526489317,0,0.526489317,0.850176632,0,0,0,1],"scale":1.36210001,"type":"tree_aspen_wall"}
{"pos":[-47.6080017,-424.006989,56.7770996],"rotationMatrix":[-0.450104356,-0.893053174,0,0.893053174,-0.450104356,0,0,0,1],"scale":1.17299998,"type":"tree_aspen_wall"}
{"pos":[-42.4191246,-402.885651,55.2047958],"rotationMatrix":[0.501997948,-0.864866793,0,0.864866793,0.501997948,0,0,0,1],"scale":1.23539996,"type":"tree_aspen_wall"}
{"pos":[-16.7653008,-448.265991,53.614399],"rotationMatrix":[0.261887431,-0.965074539,0,0.965074539,0.261887431,0,0,0,1],"scale":1.24670005,"type":"tree_aspen_wall"}
{"pos":[-10.3690996,-459.494995,51.0937996],"rotationMatrix":[0.774610996,-0.632458806,0,0.632458806,0.774610996,0,0,0,1],"scale":1.30630004,"type":"tree_aspen_wall"}
{"pos":[-169.672531,-260.263885,38.3268013],"rotationMatrix":[0.450009286,-0.893053174,0,0.893053174,0.450009286,0,0,0,1],"scale":0.959699988,"type":"tree_aspen_wall"}
{"pos":[-156.137268,-259.001587,37.9546013],"rotationMatrix":[-0.937693,0.347851604,0,-0.347851604,-0.937693,0,0,0,1],"scale":1.13699996,"type":"tree_aspen_wall"}
{"pos":[-164.557007,-261.678009,38.1582985],"rotationMatrix":[0.995823026,0.0913086012,0,-0.0913086012,0.995823026,0,0,0,1],"scale":1.23539996,"type":"tree_aspen_wall"}
{"pos":[-166.177002,-275.054993,38.6687012],"rotationMatrix":[-0.864380479,0.503025532,0,-0.503025532,-0.864380479,0,0,0,1],"scale":0.988499999,"type":"tree_aspen_wall"}
{"pos":[-237.201004,-386.106995,39.3013],"rotationMatrix":[0.605372667,0.795917571,0,-0.795917571,0.605372667,0,0,0,1],"scale":1.2809,"type":"tree_aspen_wall"}
{"pos":[-238.257996,-384.260986,38.6413002],"rotationMatrix":[-0.613167286,-0.78978914,0,0.78978914,-0.613167286,0,0,0,1],"scale":1.47109997,"type":"tree_aspen_wall"}
{"pos":[-325.559998,-148.425003,35.4650993],"rotationMatrix":[-0.0457472801,0.999035001,0,-0.999035001,-0.0457472801,0,0,0,1],"scale":1.40939999,"type":"tree_aspen_wall"}
{"pos":[-386.946014,-163.257996,34.5233994],"rotationMatrix":[0.621376038,-0.78352803,0,0.78352803,0.621376038,0,0,0,1],"scale":1.37709999,"type":"tree_aspen_wall"}
{"pos":[-395.476013,-152.042999,33.1473999],"rotationMatrix":[0.452104867,-0.891978323,0,0.891978323,0.452104867,0,0,0,1],"scale":1.12810004,"type":"tree_aspen_wall"}
{"pos":[-383.195007,-161.186005,34.1641998],"rotationMatrix":[-0.0898785591,0.995979488,0,-0.995979488,-0.0898785591,0,0,0,1],"scale":1.29530001,"type":"tree_aspen_wall"}
{"pos":[-391.46701,-150.246994,34.5009003],"rotationMatrix":[-0.949127793,0.314719379,0,-0.314719379,-0.949127793,0,0,0,1],"scale":1.33239996,"type":"tree_aspen_wall"}
{"pos":[-318.346008,-374.93399,35.9239006],"rotationMatrix":[-0.996401787,-0.0867218822,0,0.0867218822,-0.996401787,0,0,0,1],"scale":0.858699977,"type":"tree_aspen_wall"}
{"pos":[-318.177002,-375.709015,35.2612],"rotationMatrix":[0.999408305,0.034396559,0,-0.034396559,0.999408305,0,0,0,1],"scale":1.01400006,"type":"tree_aspen_wall"}
{"pos":[-462.382996,-380.127991,34.1609993],"rotationMatrix":[0.235657513,0.9718104,0,-0.9718104,0.235657513,0,0,0,1],"scale":1.40670002,"type":"tree_aspen_wall"}
{"pos":[-463.966003,-384.835999,34.4446983],"rotationMatrix":[0.0104568601,-0.999953449,0,0.999953449,0.0104568601,0,0,0,1],"scale":1.04920006,"type":"tree_aspen_wall"}
{"pos":[-448.091003,-381.628998,33.5140991],"rotationMatrix":[-0.0766313076,-0.997098267,0,0.997098267,-0.0766313076,0,0,0,1],"scale":1.20739996,"type":"tree_aspen_wall"}
{"pos":[-447.681,-380.960999,33.5438995],"rotationMatrix":[-0.0561425686,0.998325586,-0.0109483376,-0.979980588,-0.0571994781,-0.190504879,-0.190819234,2.7038157e-05,0.981624544],"scale":1.10580003,"type":"tree_aspen_wall"}
{"pos":[-109.063004,-596.289001,56.2193985],"rotationMatrix":[-0.960200071,-0.27918002,0,0.27918002,-0.960200071,0,0,0,1],"scale":1.20899999,"type":"tree_aspen_wall"}
{"pos":[-98.6216965,-595.75,55.6819],"rotationMatrix":[-0.982040644,0.189543203,0,-0.189543203,-0.982040644,0,0,0,1],"scale":1.28349996,"type":"tree_aspen_wall"}
{"pos":[-57.9012985,-590.460999,55.2882996],"rotationMatrix":[0.8026824,-0.596413076,0,0.596413076,0.8026824,0,0,0,1],"scale":1.02419996,"type":"tree_aspen_wall"}
{"pos":[-51.5047989,-592.083984,55.2790985],"rotationMatrix":[0.99778223,0.0665600449,0,-0.0665600449,0.99778223,0,0,0,1],"scale":0.996200025,"type":"tree_aspen_wall"}
{"pos":[-66.7176971,-647.913025,38.2486],"rotationMatrix":[0.906543255,0.422013074,-0.010026481,-0.421987146,0.906598687,0.00467724027,0.0110637601,-9.47993249e-06,0.999938786],"scale":1.47899997,"type":"tree_aspen_wall"}
{"pos":[-76.1444016,-647.046021,37.6787987],"rotationMatrix":[0.409650266,-0.912309349,0,0.912309349,0.409650266,0,0,0,1],"scale":0.986699998,"type":"tree_aspen_wall"}
{"pos":[-83.6536026,-715.244019,28.7145004],"rotationMatrix":[-0.982836962,0.184801921,0,-0.184801921,-0.982836962,0,0,0,1],"scale":0.912100017,"type":"tree_aspen_wall"}
{"pos":[-83.207901,-725.91803,26.6271992],"rotationMatrix":[0.999910235,-0.0133999996,0,0.0133999996,0.999910235,0,0,0,1],"scale":0.912599981,"type":"tree_aspen_wall"}
{"pos":[-92.5357971,-726.005981,27.1121998],"rotationMatrix":[0.99977529,-0.0211978797,0,0.0211978797,0.99977529,0,0,0,1],"scale":1.07910001,"type":"tree_aspen_wall"}
{"pos":[-102.841003,-724.674988,26.8533993],"rotationMatrix":[0.997035503,-0.0769461021,0,0.0769461021,0.997035503,0,0,0,1],"scale":1.10179996,"type":"tree_aspen_wall"}
{"pos":[-111.427002,-724.111023,26.0319004],"rotationMatrix":[0.994360805,0.106051326,0,-0.106051326,0.994360805,0,0,0,1],"scale":0.907599986,"type":"tree_aspen_wall"}
{"pos":[-121.959,-723.039978,27.4473],"rotationMatrix":[0.976758301,-0.214349523,0,0.214349523,0.976758301,0,0,0,1],"scale":1.31429994,"type":"tree_aspen_wall"}
{"pos":[-65.6131973,-725.236023,27.0326996],"rotationMatrix":[0.991523981,0.129926577,0,-0.129926577,0.991523981,0,0,0,1],"scale":0.976599991,"type":"tree_aspen_wall"}
{"pos":[-71.4621964,-718.153992,28.1212006],"rotationMatrix":[0.145875454,-0.989268363,0,0.989268363,0.145875454,0,0,0,1],"scale":1.47290003,"type":"tree_aspen_wall"}
{"pos":[-94.5649033,-715.515015,28.7908993],"rotationMatrix":[-0.986821771,-0.161066711,0,0.161066711,-0.986821771,0,0,0,1],"scale":1.39719999,"type":"tree_aspen_wall"}
{"pos":[-108.762001,-718.750977,28.1578007],"rotationMatrix":[-0.933364511,-0.358474731,0,0.358474731,-0.933364511,0,0,0,1],"scale":1.39189994,"type":"tree_aspen_wall"}
{"pos":[-77.6432037,-706.908997,27.8108997],"rotationMatrix":[0.952383041,-0.304896802,0,0.304896802,0.952383041,0,0,0,1],"scale":1.49450004,"type":"tree_aspen_wall"}
{"pos":[-79.6554031,-720.052002,28.4020004],"rotationMatrix":[-0.218672752,0.975750029,0,-0.975750029,-0.218672752,0,0,0,1],"scale":0.969399989,"type":"tree_aspen_wall"}
{"pos":[-239.069,-604.484985,62.1237984],"rotationMatrix":[-0.978856206,-0.204908207,0,0.204908207,-0.978856206,0,0,0,1],"scale":0.949899971,"type":"tree_aspen_wall"}
{"pos":[-239.350006,-604.872009,60.8792],"rotationMatrix":[0.981554925,0.189331502,-0.0265649185,-0.19118607,0.972067416,-0.136147484,4.74797562e-05,0.138714924,0.990332961],"scale":0.99180001,"type":"tree_aspen_wall"}
{"pos":[-245.569,-670.255005,44.5223007],"rotationMatrix":[-0.406164527,0.913629591,0,-0.913629591,-0.406164527,0,0,0,1],"scale":0.949199975,"type":"tree_aspen_wall"}
{"pos":[-35.1296005,-763.322021,16.4155006],"rotationMatrix":[0.872083187,-0.489361495,0,0.489361495,0.872083187,0,0,0,1],"scale":1.1947,"type":"tree_aspen_wall"}
{"pos":[-122.090729,-758.23291,15.4408998],"rotationMatrix":[0.999262691,0.038392324,0,-0.038392324,0.999262691,0,0,0,1],"scale":1.48319995,"type":"tree_aspen_wall"}
{"pos":[-353.053009,-633.565002,55.9322014],"rotationMatrix":[-0.218672752,0.975750029,0,-0.975750029,-0.218672752,0,0,0,1],"scale":1.13919997,"type":"tree_aspen_wall"}
{"pos":[-354.804993,-634.482971,55.4077988],"rotationMatrix":[0.0813843012,-0.996181905,-0.0314219445,0.929176748,0.0872399807,-0.359178066,0.360549867,3.28123569e-05,0.932739496],"scale":1.24860001,"type":"tree_aspen_wall"}
{"pos":[-457.334991,-524.257019,33.7472992],"rotationMatrix":[-0.0333468914,-0.99941957,0,0.99941957,-0.0333468914,0,0,0,1],"scale":1.31229997,"type":"tree_aspen_wall"}
{"pos":[-454.011993,-523.593018,33.2327003],"rotationMatrix":[-0.107964993,0.9940871,0,-0.9940871,-0.107964993,0,0,0,1],"scale":1.17159998,"type":"tree_aspen_wall"}
{"pos":[-620.242004,-79.8834991,22.1245995],"rotationMatrix":[0.56270051,-0.826623261,0,0.826623261,0.56270051,0,0,0,1],"scale":1.30069995,"type":"tree_aspen_wall"}
{"pos":[-611.314148,-87.9072952,22.4288998],"rotationMatrix":[0.731062233,-0.682282031,0,0.682282031,0.731062233,0,0,0,1],"scale":1.45120001,"type":"tree_aspen_wall"}
{"pos":[-603.973083,-99.1919479,23.3148994],"rotationMatrix":[0.557447672,-0.830255985,0,0.830255985,0.557447672,0,0,0,1],"scale":1.12030005,"type":"tree_aspen_wall"}
{"pos":[-599.177612,-104.300735,25.0958996],"rotationMatrix":[0.882775187,-0.469770849,0,0.469770849,0.882775187,0,0,0,1],"scale":1.06959999,"type":"tree_aspen_wall"}
{"pos":[-528.494019,-49.0266991,28.4874001],"rotationMatrix":[-0.451807976,0.892214358,0,-0.892214358,-0.451807976,0,0,0,1],"scale":1.3477,"type":"tree_aspen_wall"}
{"pos":[-596.359009,-5.5946002,24.7322998],"rotationMatrix":[-0.401472926,0.915787399,0,-0.915787399,-0.401472926,0,0,0,1],"scale":0.999599993,"type":"tree_aspen_wall"}
{"pos":[-575.820984,-228.139008,27.8855991],"rotationMatrix":[-0.971850038,0.233751208,0.0293483995,-0.235586405,-0.964271545,-0.121131681,-1.4799647e-05,-0.124636315,0.992202461],"scale":1.22479999,"type":"tree_aspen_wall"}
{"pos":[-574.809998,-230.279999,28.3069992],"rotationMatrix":[0.997324944,-0.0730949342,-6.93402253e-05,0.0725254565,0.989672303,-0.123646021,0.00910674036,0.123310223,0.9923262],"scale":1.01300001,"type":"tree_aspen_wall"}
{"pos":[-650.653015,-43.2882996,21.9848995],"rotationMatrix":[0.720098376,-0.693880677,0,0.693880677,0.720098376,0,0,0,1],"scale":1.45609999,"type":"tree_aspen_wall"}
{"pos":[-640.828003,-42.7235985,20.5396004],"rotationMatrix":[0.387718141,0.921797872,0,-0.921797872,0.387718141,0,0,0,1],"scale":1.23720002,"type":"tree_aspen_wall"}
{"pos":[-647.127991,-41.3241005,21.7157993],"rotationMatrix":[0.844875515,-0.534942746,0,0.534942746,0.844875515,0,0,0,1],"scale":1.40409994,"type":"tree_aspen_wall"}
{"pos":[-647.021973,-37.0848007,22.0778008],"rotationMatrix":[-0.991608858,-0.128329948,0,0.128329948,-0.991608858,0,0,0,1],"scale":1.45630002,"type":"tree_aspen_wall"}
{"pos":[-634.290039,-93.3425522,22.7523994],"rotationMatrix":[-0.957429051,0.288677722,0,-0.288677722,-0.957429051,0,0,0,1],"scale":1.01119995,"type":"tree_aspen_wall"}
{"pos":[-831.778015,-156.582001,24.5569],"rotationMatrix":[0.479391873,0.877646029,0,-0.877646029,0.479391873,0,0,0,1],"scale":1.44079995,"type":"tree_aspen_wall"}
{"pos":[-944.776001,-14.3502998,39.6502991],"rotationMatrix":[0.319755554,-0.947466731,0,0.947466731,0.319755554,0,0,0,1],"scale":1.36559999,"type":"tree_aspen_wall"}
{"pos":[-946.150024,-2.84439993,39.0150986],"rotationMatrix":[-0.141862631,-0.989835918,0,0.989835918,-0.141862631,0,0,0,1],"scale":1.36889994,"type":"tree_aspen_wall"}
{"pos":[-799.085999,-294.415985,26.4508991],"rotationMatrix":[-0.346440554,-0.937995672,0,0.937995672,-0.346440554,0,0,0,1],"scale":1.30669999,"type":"tree_aspen_wall"}
{"pos":[-808.570007,-285.321991,25.8048],"rotationMatrix":[0.228966415,0.973447025,0,-0.973447025,0.228966415,0,0,0,1],"scale":1.43040001,"type":"tree_aspen_wall"}
{"pos":[-834.731018,-367.464996,23.5156002],"rotationMatrix":[-0.259284496,0.965848267,0,-0.965848267,-0.259284496,0,0,0,1],"scale":1.12890005,"type":"tree_aspen_wall"}
{"pos":[-830.184998,-375.924011,23.1853008],"rotationMatrix":[-0.63009572,0.776408017,0,-0.776408017,-0.63009572,0,0,0,1],"scale":0.911199987,"type":"tree_aspen_wall"}
{"pos":[-712.483459,-589.416931,18.813055],"rotationMatrix":[-0.0167380571,0.999911189,0,-0.999911189,-0.0167380571,0,0,0,1],"scale":1.03639996,"type":"tree_aspen_wall"}
{"pos":[-713.919983,-578.416016,20.0921001],"rotationMatrix":[-0.370505571,0.928791583,0,-0.928791583,-0.370505571,0,0,0,1],"scale":1.06210005,"type":"tree_aspen_wall"}
{"pos":[-720.508972,-533.95697,24.5174007],"rotationMatrix":[-0.137333751,0.990435004,0,-0.990435004,-0.137333751,0,0,0,1],"scale":1.04030001,"type":"tree_aspen_wall"}
{"pos":[-725.976013,-529.369019,24.0081005],"rotationMatrix":[-0.873660684,0.486853719,0,-0.486853719,-0.873660684,0,0,0,1],"scale":1.1214,"type":"tree_aspen_wall"}
{"pos":[-552.90802,-839.953979,50.3875999],"rotationMatrix":[-0.990411639,0.137269765,0,-0.137269765,-0.990411639,0,0,0,1],"scale":0.975700021,"type":"tree_aspen_wall"}
{"pos":[-554.414978,-844.304993,48.1337013],"rotationMatrix":[-0.895404577,0.445278913,0,-0.445278913,-0.895404577,0,0,0,1],"scale":1.20140004,"type":"tree_aspen_wall"}
{"pos":[-531.780029,-835.05603,48.6068993],"rotationMatrix":[-0.96138823,0.27550146,0,-0.27550146,-0.96138823,0,0,0,1],"scale":1.33819997,"type":"tree_aspen_wall"}
{"pos":[-533.007996,-833.44397,49.5547981],"rotationMatrix":[-0.996401787,0.0839243978,0,-0.0839243978,-0.996401787,0,0,0,1],"scale":0.844799995,"type":"tree_aspen_wall"}
{"pos":[-567.502014,-834.341003,49.8560982],"rotationMatrix":[-0.85974884,0.510886133,0,-0.510886133,-0.85974884,0,0,0,1],"scale":1.02980006,"type":"tree_aspen_wall"}
{"pos":[-856.692017,-634.66803,17.4941006],"rotationMatrix":[-0.767576098,0.640772164,0,-0.640772164,-0.767576098,0,0,0,1],"scale":1.1085,"type":"tree_aspen_wall"}
{"pos":[-858.158997,-638.450989,18.0694008],"rotationMatrix":[0.263344824,-0.964728177,0,0.964728177,0.263344824,0,0,0,1],"scale":1.49870002,"type":"tree_aspen_wall"}
{"pos":[-866.898438,-651.000244,22.1573219],"rotationMatrix":[-0.369949579,-0.92906034,0,0.92906034,-0.369949579,0,0,0,1],"scale":1.28079998,"type":"tree_aspen_wall"}
{"pos":[-863.485229,-640.793091,18.9895],"rotationMatrix":[-0.448369324,-0.89387387,0,0.89387387,-0.448369324,0,0,0,1],"scale":1.37849998,"type":"tree_aspen_wall"}
{"pos":[-235.513763,911.778992,24.8834991],"rotationMatrix":[-0.999200225,-0.0363927223,0,0.0363927223,-0.999200225,0,0,0,1],"scale":1.42840004,"type":"tree_aspen_wall"}
{"pos":[-263.292999,899.549011,25.6102009],"rotationMatrix":[-0.470327854,0.881927907,0.0317919627,-0.882258356,-0.470737696,0.00648071989,0.0206809212,-0.025000561,0.999473512],"scale":1.42690003,"type":"tree_aspen_wall"}
{"pos":[-254.272003,895.237976,24.1490993],"rotationMatrix":[-0.898131371,0.439364195,0,-0.439364195,-0.898131371,0,0,0,1],"scale":1.29489994,"type":"tree_aspen_wall"}
{"pos":[-356.074005,892.987,28.3013992],"rotationMatrix":[0.862397432,-0.506238997,0,0.506238997,0.862397432,0,0,0,1],"scale":1.36839998,"type":"tree_aspen_wall"}
{"pos":[-367.84201,899.103027,27.8736992],"rotationMatrix":[0.866872013,-0.498507559,0,0.498507559,0.866872013,0,0,0,1],"scale":1.11870003,"type":"tree_aspen_wall"}
{"pos":[-306.643005,860.231018,24.0384007],"rotationMatrix":[0.89548409,-0.445084184,0,0.445084184,0.89548409,0,0,0,1],"scale":1.11049998,"type":"tree_aspen_wall"}
{"pos":[-301.394012,867.046997,24.5781002],"rotationMatrix":[0.988417566,-0.151758611,0,0.151758611,0.988417566,0,0,0,1],"scale":1.28840005,"type":"tree_aspen_wall"}
{"pos":[-262.903015,800.669006,23.7851009],"rotationMatrix":[0.701235533,-0.712937891,0,0.712937891,0.701235533,0,0,0,1],"scale":0.9005,"type":"tree_aspen_wall"}
{"pos":[-260.299988,796.387024,24.8913002],"rotationMatrix":[0.748517632,-0.663102031,0,0.663102031,0.748517632,0,0,0,1],"scale":1.41550004,"type":"tree_aspen_wall"}
{"pos":[-277.678986,802.89502,24.2301998],"rotationMatrix":[-0.483675361,0.875253022,0,-0.875253022,-0.483675361,0,0,0,1],"scale":1.01230001,"type":"tree_aspen_wall"}
{"pos":[-271.34201,807.262024,24.3131008],"rotationMatrix":[0.765524447,-0.643369615,0,0.643369615,0.765524447,0,0,0,1],"scale":1.29299998,"type":"tree_aspen_wall"}
{"pos":[-287.187988,799.176025,23.1700001],"rotationMatrix":[-0.608859181,-0.793218374,0,0.793218374,-0.608859181,0,0,0,1],"scale":1.18599999,"type":"tree_aspen_wall"}
{"pos":[-295.809998,789.828979,23.8539009],"rotationMatrix":[-0.294762373,-0.955542982,0,0.955542982,-0.294762373,0,0,0,1],"scale":1.14049995,"type":"tree_aspen_wall"}
{"pos":[-271.713013,782.53302,26.7954006],"rotationMatrix":[-0.229311943,0.973257601,0,-0.973257601,-0.229311943,0,0,0,1],"scale":1.19369996,"type":"tree_aspen_wall"}
{"pos":[-284.145996,755.849976,29.5266991],"rotationMatrix":[0.983727932,0.17966035,0,-0.17966035,0.983727932,0,0,0,1],"scale":1.08930004,"type":"tree_aspen_wall"}
{"pos":[-279.033997,759.692017,30.3565998],"rotationMatrix":[0.455866873,0.890058279,0,-0.890058279,0.455866873,0,0,0,1],"scale":0.905399978,"type":"tree_aspen_wall"}
{"pos":[-316.235992,845.882019,23.5513992],"rotationMatrix":[-0.709770322,0.7045452,0,-0.7045452,-0.709770322,0,0,0,1],"scale":1.35710001,"type":"tree_aspen_wall"}
{"pos":[-320.053009,864.598999,26.8285007],"rotationMatrix":[0.909347177,-0.416049182,0,0.416049182,0.909347177,0,0,0,1],"scale":0.909799993,"type":"tree_aspen_wall"}
{"pos":[-376.979004,895.606995,27.5671005],"rotationMatrix":[-0.836294413,0.548090398,0,-0.548090398,-0.836294413,0,0,0,1],"scale":0.923200011,"type":"tree_aspen_wall"}
{"pos":[-380.929993,908.554016,28.4890003],"rotationMatrix":[0.801550031,-0.597932994,0,0.597932994,0.801550031,0,0,0,1],"scale":1.04729998,"type":"tree_aspen_wall"}
{"pos":[-406.398987,910.560974,29.9913006],"rotationMatrix":[-0.938874364,0.344216138,0,-0.344216138,-0.938874364,0,0,0,1],"scale":0.924300015,"type":"tree_aspen_wall"}
{"pos":[-424.173004,931.476013,30.6786995],"rotationMatrix":[0.993905902,0.110234395,0,-0.110234395,0.993905902,0,0,0,1],"scale":1.0079,"type":"tree_aspen_wall"}
{"pos":[-433.778992,933.27002,29.9601002],"rotationMatrix":[0.922224343,-0.386669785,0,0.386669785,0.922224343,0,0,0,1],"scale":1.43840003,"type":"tree_aspen_wall"}
{"pos":[-497.872009,926.11499,31.9575005],"rotationMatrix":[-0.999599934,-0.0333966576,0,0.0333966576,-0.999599934,0,0,0,1],"scale":1.04349995,"type":"tree_aspen_wall"}
{"pos":[-400.763,822.677979,25.0414009],"rotationMatrix":[-0.812227249,-0.58351469,0,0.58351469,-0.812227249,0,0,0,1],"scale":1.18700004,"type":"tree_aspen_wall"}
{"pos":[-412.213989,813.781982,25.5396996],"rotationMatrix":[-0.807280779,-0.590322614,0,0.590322614,-0.807280779,0,0,0,1],"scale":1.46340001,"type":"tree_aspen_wall"}
{"pos":[-473.763,846.703979,25.0030003],"rotationMatrix":[-0.986821771,0.161066711,0,-0.161066711,-0.986821771,0,0,0,1],"scale":1.43079996,"type":"tree_aspen_wall"}
{"pos":[-473.173004,858.585999,24.6355991],"rotationMatrix":[0.995198011,0.0978823975,0,-0.0978823975,0.995198011,0,0,0,1],"scale":1.47249997,"type":"tree_aspen_wall"}
{"pos":[-300.790985,718.916992,29.4431],"rotationMatrix":[-0.821758747,-0.569585979,0,0.569585979,-0.821758747,0,0,0,1],"scale":0.929099977,"type":"tree_aspen_wall"}
{"pos":[-303.769989,713.356018,29.2038994],"rotationMatrix":[-0.0963844061,-0.995393813,0,0.995393813,-0.0963844061,0,0,0,1],"scale":1.03180003,"type":"tree_aspen_wall"}
{"pos":[-314.436005,686.564026,26.6991997],"rotationMatrix":[-0.410864115,-0.911795497,0,0.911795497,-0.410864115,0,0,0,1],"scale":1.15240002,"type":"tree_aspen_wall"}
{"pos":[-317.321014,674.244019,25.2112007],"rotationMatrix":[-0.0854537487,-0.996313035,0,0.996313035,-0.0854537487,0,0,0,1],"scale":1.07640004,"type":"tree_aspen_wall"}
{"pos":[-316.312012,659.182983,23.3624001],"rotationMatrix":[0.0579846501,-0.99829191,0,0.99829191,0.0579846501,0,0,0,1],"scale":0.926299989,"type":"tree_aspen_wall"}
{"pos":[-314.082001,679.145996,25.4127998],"rotationMatrix":[-0.215864062,-0.976496279,0,0.976496279,-0.215864062,0,0,0,1],"scale":1.20249999,"type":"tree_aspen_wall"}
{"pos":[-342.884003,645.325012,22.8092003],"rotationMatrix":[0.992312014,-0.123764396,0,0.123764396,0.992312014,0,0,0,1],"scale":1.4224,"type":"tree_aspen_wall"}
{"pos":[-352.428986,646.88501,22.3582993],"rotationMatrix":[0.979959965,-0.199199006,0,0.199199006,0.979959965,0,0,0,1],"scale":0.92809999,"type":"tree_aspen_wall"}
{"pos":[-353.772003,651.10498,21.6226997],"rotationMatrix":[-0.675182104,-0.737468183,0,0.737468183,-0.675182104,0,0,0,1],"scale":0.934899986,"type":"tree_aspen_wall"}
{"pos":[-346.225006,656.288025,22.7544003],"rotationMatrix":[-0.90788579,-0.419590324,0,0.419590324,-0.90788579,0,0,0,1],"scale":1.17299998,"type":"tree_aspen_wall"}
{"pos":[-318.45401,667.406006,24.5443993],"rotationMatrix":[-0.140654206,-0.990067244,0,0.990067244,-0.140654206,0,0,0,1],"scale":0.975499988,"type":"tree_aspen_wall"}
{"pos":[-82.3460007,469.368011,38.4210014],"rotationMatrix":[-0.819850326,-0.572721541,0,0.572721541,-0.819850326,0,0,0,1],"scale":1.20410001,"type":"tree_aspen_wall"}
{"pos":[-97.0319977,470.22699,38.7522011],"rotationMatrix":[0.82334435,0.567533135,0,-0.567533135,0.82334435,0,0,0,1],"scale":1.26629996,"type":"tree_aspen_wall"}
{"pos":[-72.5285034,266.713989,63.8005981],"rotationMatrix":[-0.61568296,0.78788811,0,-0.78788811,-0.61568296,0,0,0,1],"scale":1.07149994,"type":"tree_aspen_wall"}
{"pos":[-62.1856003,257.067993,65.9117966],"rotationMatrix":[-0.759688139,0.65003401,0,-0.65003401,-0.759688139,0,0,0,1],"scale":1.39170003,"type":"tree_aspen_wall"}
{"pos":[-22.9687996,14.3834,44.2798004],"rotationMatrix":[0.297413409,-0.954721212,0,0.954721212,0.297413409,0,0,0,1],"scale":1.43949997,"type":"tree_aspen_wall"}
{"pos":[-26.5217991,26.8209991,43.3373985],"rotationMatrix":[0.190499067,-0.981656611,0,0.981656611,0.190499067,0,0,0,1],"scale":1.38559997,"type":"tree_aspen_wall"}
{"pos":[-53.9490013,21.3819008,43.2561989],"rotationMatrix":[-0.506153703,0.862246096,0,-0.862246096,-0.506153703,0,0,0,1],"scale":1.20239997,"type":"tree_aspen_wall"}
{"pos":[-50.4916,11.4893999,44.1939011],"rotationMatrix":[0.0411645174,0.99913317,0,-0.99913317,0.0411645174,0,0,0,1],"scale":1.23039997,"type":"tree_aspen_wall"}
{"pos":[-54.8334007,2.24559999,44.0847015],"rotationMatrix":[0.694550753,0.719462812,0,-0.719462812,0.694550753,0,0,0,1],"scale":1.05990005,"type":"tree_aspen_wall"}
{"pos":[-53.2877998,74.6648026,41.7677002],"rotationMatrix":[-0.365543485,0.93074435,0,-0.93074435,-0.365543485,0,0,0,1],"scale":0.9551,"type":"tree_aspen_wall"}
{"pos":[-61.8577003,80.4431992,42.2550011],"rotationMatrix":[-0.969318509,0.245098084,0,-0.245098084,-0.969318509,0,0,0,1],"scale":1.36960006,"type":"tree_aspen_wall"}
{"pos":[-72.5957031,78.2480011,41.7332001],"rotationMatrix":[-0.843584061,-0.536695898,0,0.536695898,-0.843584061,0,0,0,1],"scale":1.04809999,"type":"tree_aspen_wall"}
{"pos":[-66.0195999,78.2250977,42.0337982],"rotationMatrix":[-0.995602369,-0.0946957245,0,0.0946957245,-0.995602369,0,0,0,1],"scale":0.985800028,"type":"tree_aspen_wall"}
{"pos":[-89.0915985,99.1535034,41.4169998],"rotationMatrix":[-0.90293777,-0.429510593,-6.20987266e-05,0.428225398,-0.900224566,-0.0774273127,0.0332019031,-0.0699473172,0.996997833],"scale":1.20439994,"type":"tree_aspen_wall"}
{"pos":[-89.0784988,97.9875031,40.8754005],"rotationMatrix":[0.901758373,0.432243824,-9.0520829e-05,-0.426527023,0.889797688,-0.162290126,-0.0700673163,0.146385312,0.986743271],"scale":1.37609994,"type":"tree_aspen_wall"}
{"pos":[-247.263,126.566002,48.6663017],"rotationMatrix":[-0.919624329,0.392467827,0,-0.392467827,-0.919624329,0,0,0,1],"scale":0.972599983,"type":"tree_aspen_wall"}
{"pos":[-247.493469,139.486664,49.2134018],"rotationMatrix":[0.918068469,-0.396420658,0,0.396420658,0.918068469,0,0,0,1],"scale":1.35730004,"type":"tree_aspen_wall"}
{"pos":[-150.962997,79.4162979,41.4908981],"rotationMatrix":[-0.605632067,0.79582721,0,-0.79582721,-0.605632067,0,0,0,1],"scale":1.42019999,"type":"tree_aspen_wall"}
{"pos":[-144.389008,70.7014999,42.1873016],"rotationMatrix":[-0.614604592,0.78888303,0,-0.78888303,-0.614604592,0,0,0,1],"scale":1.48640001,"type":"tree_aspen_wall"}
{"pos":[-134.781998,78.2639008,42.8566017],"rotationMatrix":[0.420035481,-0.90748018,0,0.90748018,0.420035481,0,0,0,1],"scale":1.16770005,"type":"tree_aspen_wall"}
{"pos":[-128.171005,68.8494034,42.5798988],"rotationMatrix":[0.769207835,-0.638975739,0,0.638975739,0.769207835,0,0,0,1],"scale":0.914099991,"type":"tree_aspen_wall"}
{"pos":[-138.781006,60.8185005,43.4812012],"rotationMatrix":[-0.461708069,0.886873245,0,-0.886873245,-0.461708069,0,0,0,1],"scale":1.19809997,"type":"tree_aspen_wall"}
{"pos":[-217.701187,113.096748,44.9396973],"rotationMatrix":[-0.960596085,0.277624041,0,-0.277624041,-0.960596085,0,0,0,1],"scale":1.40849996,"type":"tree_aspen_wall"}
{"pos":[-195.629623,104.734436,44.4539986],"rotationMatrix":[-0.916490436,0.400370121,0,-0.400370121,-0.916490436,0,0,0,1],"scale":1.14489996,"type":"tree_aspen_wall"}
{"pos":[-261.369995,131.197006,50.5247002],"rotationMatrix":[-0.954264522,0.299120098,0,-0.299120098,-0.954264522,0,0,0,1],"scale":1.42770004,"type":"tree_aspen_wall"}
{"pos":[-276.088013,136.936996,52.3930016],"rotationMatrix":[-0.92001605,0.392115951,0,-0.392115951,-0.92001605,0,0,0,1],"scale":1.19869995,"type":"tree_aspen_wall"}
{"pos":[-261.479431,145.002136,50.0177002],"rotationMatrix":[0.872991979,-0.487720817,0,0.487720817,0.872991979,0,0,0,1],"scale":1.2852,"type":"tree_aspen_wall"}
{"pos":[-413.355011,63.8737984,35.6352997],"rotationMatrix":[0.567942142,0.823016942,0.00762770325,-0.818968952,0.566022396,-0.0942434669,-0.0818836987,0.0472765416,0.995519817],"scale":1.30009997,"type":"tree_aspen_wall"}
{"pos":[-409.964996,72.5302963,35.2151985],"rotationMatrix":[0.223492801,0.974777579,0,-0.974777579,0.223492801,0,0,0,1],"scale":1.21029997,"type":"tree_aspen_wall"}
{"pos":[-417.216003,64.5647964,36.6837997],"rotationMatrix":[-0.0578955412,-0.99834317,7.41183758e-05,0.984146059,-0.057084918,-0.168043822,0.167766392,-0.00965259224,0.985779822],"scale":1.41419995,"type":"tree_aspen_wall"}
{"pos":[-411.626007,74.452301,35.672699],"rotationMatrix":[-0.833612442,-0.552668989,0,0.552668989,-0.833612442,0,0,0,1],"scale":0.902899981,"type":"tree_aspen_wall"}
{"pos":[-560.320007,956.607971,36.5794983],"rotationMatrix":[0.985820711,-0.167793766,0,0.167793766,0.985820711,0,0,0,1],"scale":0.960200012,"type":"tree_aspen_wall"}
{"pos":[-518.072021,946.981018,32.8297005],"rotationMatrix":[0.861661971,-0.507484794,0,0.507484794,0.861661971,0,0,0,1],"scale":1.09829998,"type":"tree_aspen_wall"}
{"pos":[-510.643005,946.916016,31.5907001],"rotationMatrix":[0.996654391,0.0817345604,0,-0.0817345604,0.996654391,0,0,0,1],"scale":1.18550003,"type":"tree_aspen_wall"}
{"pos":[-574.393005,957.002014,37.2019005],"rotationMatrix":[0.999964714,-0.0083999997,0,0.0083999997,0.999964714,0,0,0,1],"scale":1.28750002,"type":"tree_aspen_wall"}
{"pos":[-557.856018,858.888,28.7133999],"rotationMatrix":[0.999957681,0.0092000002,0,-0.0092000002,0.999957681,0,0,0,1],"scale":1.04579997,"type":"tree_aspen_wall"}
{"pos":[-542.935974,858.504028,27.2520008],"rotationMatrix":[0.97684449,0.213951841,0,-0.213951841,0.97684449,0,0,0,1],"scale":1.01789999,"type":"tree_aspen_wall"}
{"pos":[-549.663025,858.478027,28.0785007],"rotationMatrix":[0.958412707,-0.28537178,0,0.28537178,0.958412707,0,0,0,1],"scale":1.02450001,"type":"tree_aspen_wall"}
{"pos":[-549.64502,845.557983,26.7180996],"rotationMatrix":[-0.972892523,-0.230819687,0,0.230819687,-0.972892523,0,0,0,1],"scale":1.25300002,"type":"tree_aspen_wall"}
{"pos":[-537.567993,845.89801,26.7455997],"rotationMatrix":[-0.99520278,0.0980821624,0,-0.0980821624,-0.99520278,0,0,0,1],"scale":1.42149997,"type":"tree_aspen_wall"}
{"pos":[-518.10498,846.322021,25.8412991],"rotationMatrix":[-0.988017917,0.153139204,0,-0.153139204,-0.988017917,0,0,0,1],"scale":1.02789998,"type":"tree_aspen_wall"}
{"pos":[-621.857971,853.416016,33.3916016],"rotationMatrix":[-0.852042556,-0.52329874,0,0.52329874,-0.852042556,0,0,0,1],"scale":1.1846,"type":"tree_aspen_wall"}
{"pos":[-577.109985,855.335022,28.9829998],"rotationMatrix":[0.865423262,0.501057029,0,-0.501057029,0.865423262,0,0,0,1],"scale":1.36989999,"type":"tree_aspen_wall"}
{"pos":[-601.172974,841.541992,31.9290009],"rotationMatrix":[0.869439483,0.494034767,0,-0.494034767,0.869439483,0,0,0,1],"scale":1.36510003,"type":"tree_aspen_wall"}
{"pos":[-570.38501,842.416016,28.9486008],"rotationMatrix":[-1,0.0108000003,0,-0.0108000003,-1,0,0,0,1],"scale":1.22420001,"type":"tree_aspen_wall"}
{"pos":[-582.103027,838.807983,29.7490997],"rotationMatrix":[-0.90203011,-0.431233436,0,0.431233436,-0.90203011,0,0,0,1],"scale":1.48259997,"type":"tree_aspen_wall"}
{"pos":[-617.059021,829.984009,30.7283993],"rotationMatrix":[0.553298473,0.833004773,0,-0.833004773,0.553298473,0,0,0,1],"scale":1.32990003,"type":"tree_aspen_wall"}
{"pos":[-604.721008,820.843994,29.7602997],"rotationMatrix":[-0.535803318,-0.844402611,0,0.844402611,-0.535803318,0,0,0,1],"scale":1.1954,"type":"tree_aspen_wall"}
{"pos":[-692.864014,787.117004,46.6278992],"rotationMatrix":[0.449169934,0.893419504,0,-0.893419504,0.449169934,0,0,0,1],"scale":1.40840006,"type":"tree_aspen_wall"}
{"pos":[-688.919983,778.132996,46.9014015],"rotationMatrix":[-0.294869184,-0.954370439,0.0465447605,0.94270283,-0.29851985,-0.14877598,0.155886844,4.81307507e-06,0.987774611],"scale":1.04110003,"type":"tree_aspen_wall"}
{"pos":[-611.656982,694.929993,31.7618008],"rotationMatrix":[-0.191659212,-0.981548071,0,0.981548071,-0.191659212,0,0,0,1],"scale":1.125,"type":"tree_aspen_wall"}
{"pos":[-611.502991,687.580017,32.5231018],"rotationMatrix":[0.126157939,-0.992028832,0,0.992028832,0.126157939,0,0,0,1],"scale":0.910600007,"type":"tree_aspen_wall"}
{"pos":[-614.867981,745.77002,32.9431992],"rotationMatrix":[0.0844249129,-0.996361136,0,0.996361136,0.0844249129,0,0,0,1],"scale":1.13129997,"type":"tree_aspen_wall"}
{"pos":[-605.242004,635.500977,31.0599995],"rotationMatrix":[-0.143374443,-0.989734888,0,0.989734888,-0.143374443,0,0,0,1],"scale":1.09819996,"type":"tree_aspen_wall"}
{"pos":[-603.85498,626.039978,30.7574997],"rotationMatrix":[0.232439518,-0.972615004,0,0.972615004,0.232439518,0,0,0,1],"scale":0.985899985,"type":"tree_aspen_wall"}
{"pos":[-625.366028,695.560974,32.0920982],"rotationMatrix":[0.0582590699,0.998283803,0,-0.998283803,0.0582590699,0,0,0,1],"scale":0.95569998,"type":"tree_aspen_wall"}
{"pos":[-704.736023,699.200012,46.7891998],"rotationMatrix":[-0.448061585,-0.893955588,0,0.893955588,-0.448061585,0,0,0,1],"scale":1.32710004,"type":"tree_aspen_wall"}
{"pos":[-673.330017,567.760986,25.1014004],"rotationMatrix":[-0.983235359,0.182231396,0,-0.182231396,-0.983235359,0,0,0,1],"scale":1.27769995,"type":"tree_aspen_wall"}
{"pos":[-687.294983,568.945984,24.3283005],"rotationMatrix":[-0.998400331,0.0529787987,0,-0.0529787987,-0.998400331,0,0,0,1],"scale":1.21940005,"type":"tree_aspen_wall"}
{"pos":[-797.995972,866.780029,32.7218018],"rotationMatrix":[-0.80158174,-0.597743213,0,0.597743213,-0.80158174,0,0,0,1],"scale":1.43410003,"type":"tree_aspen_wall"}
{"pos":[-797.887024,863.109985,32.2603989],"rotationMatrix":[0.970572591,0.240804762,0,-0.240804762,0.970572591,0,0,0,1],"scale":1.15219998,"type":"tree_aspen_wall"}
{"pos":[-813.15802,826.247009,34.6631012],"rotationMatrix":[-0.308638453,-0.951266408,0,0.951266408,-0.308638453,0,0,0,1],"scale":1.15069997,"type":"tree_aspen_wall"}
{"pos":[-787.280029,627.304016,26.0093994],"rotationMatrix":[-0.726825237,0.687050521,0,-0.687050521,-0.726825237,0,0,0,1],"scale":0.987200022,"type":"tree_aspen_wall"}
{"pos":[-765.523987,626.620972,26.0158005],"rotationMatrix":[0.907205701,-0.420676172,0,0.420676172,0.907205701,0,0,0,1],"scale":1.38919997,"type":"tree_aspen_wall"}
{"pos":[-770.833984,635.271973,26.6282005],"rotationMatrix":[-0.177191615,-0.984164119,0,0.984164119,-0.177191615,0,0,0,1],"scale":1.10790002,"type":"tree_aspen_wall"}
{"pos":[-783.077026,596.637024,28.1699009],"rotationMatrix":[-0.646023631,-0.763499498,0,0.763499498,-0.646023631,0,0,0,1],"scale":0.998199999,"type":"tree_aspen_wall"}
{"pos":[-788.89502,586.72998,28.4876003],"rotationMatrix":[-0.361249924,-0.932415009,0,0.932415009,-0.361249924,0,0,0,1],"scale":1.19219995,"type":"tree_aspen_wall"}
{"pos":[-754.413025,513.658997,21.8341007],"rotationMatrix":[0.85581553,-0.517292082,0,0.517292082,0.85581553,0,0,0,1],"scale":1.31169999,"type":"tree_aspen_wall"}
{"pos":[-853.072998,574.05603,26.2791004],"rotationMatrix":[-0.750694633,0.660720706,0,-0.660720706,-0.750694633,0,0,0,1],"scale":1.25849998,"type":"tree_aspen_wall"}
{"pos":[-861.947021,510.510986,27.4636993],"rotationMatrix":[0.318355083,0.947974503,0,-0.947974503,0.318355083,0,0,0,1],"scale":1.27820003,"type":"tree_aspen_wall"}
{"pos":[-857.640991,520.182007,28.6175003],"rotationMatrix":[0.28431344,0.958675325,0,-0.958675325,0.28431344,0,0,0,1],"scale":0.938799977,"type":"tree_aspen_wall"}
{"pos":[-863.046021,524.869019,27.0804005],"rotationMatrix":[-0.988416791,-0.150562093,0,0.150562093,-0.988416791,0,0,0,1],"scale":1.14890003,"type":"tree_aspen_wall"}
{"pos":[-884.937012,627.312988,24.5750008],"rotationMatrix":[0.441164136,-0.897457063,0,0.897457063,0.441164136,0,0,0,1],"scale":1.24460006,"type":"tree_aspen_wall"}
{"pos":[-875.421021,620.075989,23.9396],"rotationMatrix":[0.853659511,-0.520820737,0,0.520820737,0.853659511,0,0,0,1],"scale":1.40880001,"type":"tree_aspen_wall"}
{"pos":[-935.449646,518.384705,24.188612],"rotationMatrix":[0.331831992,-0.943296015,0,0.943296015,0.331831992,0,0,0,1],"scale":1.3779,"type":"tree_aspen_wall"}
{"pos":[-929.56311,524.21582,25.7250004],"rotationMatrix":[-0.842432141,0.538831711,0,-0.538831711,-0.842432141,0,0,0,1],"scale":1.23959994,"type":"tree_aspen_wall"}
{"pos":[-936.051025,549.205994,25.4391994],"rotationMatrix":[0.286465466,0.958069146,0,-0.958069146,0.286465466,0,0,0,1],"scale":1.49450004,"type":"tree_aspen_wall"}
{"pos":[-909.336975,516.482971,29.1315994],"rotationMatrix":[-0.951497674,0.307996035,0,-0.307996035,-0.951497674,0,0,0,1],"scale":1.17449999,"type":"tree_aspen_wall"}
