{"pos":[224.209641,45.5814285,252.777939],"rotationMatrix":[0.999963045,0.00858755596,0,-0.00858755596,0.999963045,0,0,0,0.999999881],"scale":0.965409398,"type":"tree_oak_forest_b"}
{"pos":[222.587952,96.1840439,254.273926],"rotationMatrix":[0.835574031,0.549377859,0,-0.549377859,0.835574031,0,0,0,0.999999881],"scale":1.02437758,"type":"tree_oak_forest_b"}
{"pos":[243.340729,132.276016,253.079437],"rotationMatrix":[0.998582125,-0.0532313697,0,0.0532313697,0.998582125,0,0,0,0.999999881],"scale":1.07739019,"type":"tree_oak_forest_b"}
{"pos":[191.325836,164.779999,253.602188],"rotationMatrix":[-0.299897581,-0.953971326,0,0.953971326,-0.299897581,0,0,0,0.999999881],"scale":0.999561667,"type":"tree_oak_forest_b"}
{"pos":[208.012802,173.490173,254.186569],"rotationMatrix":[0.99862963,-0.0523317121,0,0.0523317121,0.99862963,0,0,0,0.999999881],"scale":1.03641081,"type":"tree_oak_forest_b"}
{"pos":[209.447037,177.185562,253.435074],"rotationMatrix":[0.142346546,-0.989816785,0,0.989816785,0.142346546,0,0,0,0.999999881],"scale":1.17745173,"type":"tree_oak_forest_b"}
{"pos":[393.837616,26.673933,249.831436],"rotationMatrix":[0.999662161,0.025987383,0,-0.025987383,0.999662161,0,0,0,0.999999881],"scale":1.00874805,"type":"tree_oak_forest_b"}
{"pos":[351.061676,243.17276,262.46936],"rotationMatrix":[-0.855379522,0.518001556,0,-0.518001556,-0.855379522,0,0,0,0.999999881],"scale":1.1307137,"type":"tree_oak_forest_b"}
{"pos":[349.778351,237.424118,262.176208],"rotationMatrix":[0.462208539,-0.886771262,0,0.886771262,0.462208539,0,0,0,0.999999881],"scale":1.08938432,"type":"tree_oak_forest_b"}
{"pos":[319.70401,215.083084,263.943756],"rotationMatrix":[0.997287929,0.0735978782,0,-0.0735978782,0.997287929,0,0,0,0.999999881],"scale":0.905855656,"type":"tree_oak_forest_b"}
{"pos":[383.089813,158.228409,262.815979],"rotationMatrix":[0.786695063,0.617341816,0,-0.617341816,0.786695063,0,0,0,0.999999881],"scale":0.931328535,"type":"tree_oak_forest_b"}
{"pos":[385.071198,159.567917,262.343323],"rotationMatrix":[-0.997142375,0.0755439252,0,-0.0755439252,-0.997142375,0,0,0,0.999999881],"scale":0.958516121,"type":"tree_oak_forest_b"}
{"pos":[408.838074,201.169312,263.797516],"rotationMatrix":[-0.523917973,-0.851768672,0,0.851768672,-0.523917973,0,0,0,0.999999881],"scale":1.04124701,"type":"tree_oak_forest_b"}
{"pos":[374.941437,182.996857,263.777557],"rotationMatrix":[-0.438792914,-0.898588061,0,0.898588061,-0.438792914,0,0,0,0.999999881],"scale":1.01131105,"type":"tree_oak_forest_b"}
{"pos":[413.777802,170.418686,258.590393],"rotationMatrix":[-0.72566998,0.688042819,0,-0.688042819,-0.72566998,0,0,0,0.999999881],"scale":0.935495496,"type":"tree_oak_forest_b"}
{"pos":[414.314453,165.903473,258.208435],"rotationMatrix":[-0.135845453,-0.990729988,0,0.990729988,-0.135845453,0,0,0,0.999999881],"scale":1.01540732,"type":"tree_oak_forest_b"}
{"pos":[410.869324,163.366608,258.904266],"rotationMatrix":[0.728127837,0.685441315,0,-0.685441315,0.728127837,0,0,0,0.999999881],"scale":1.11614454,"type":"tree_oak_forest_b"}
{"pos":[399.53064,155.785751,260.078094],"rotationMatrix":[-0.927407742,0.374051929,0,-0.374051929,-0.927407742,0,0,0,0.999999881],"scale":1.03814673,"type":"tree_oak_forest_b"}
{"pos":[346.502106,204.617386,263.484436],"rotationMatrix":[-0.328051567,-0.94465971,0,0.94465971,-0.328051567,0,0,0,0.999999881],"scale":0.990792751,"type":"tree_oak_forest_b"}
{"pos":[439.86441,61.168808,257.294067],"rotationMatrix":[-0.0352982469,-0.999376714,0,0.999376714,-0.0352982469,0,0,0,0.999999881],"scale":1.04917777,"type":"tree_oak_forest_b"}
{"pos":[472.807739,86.4192047,263.385284],"rotationMatrix":[-0.14923577,0.988801539,0,-0.988801539,-0.14923577,0,0,0,0.999999881],"scale":0.946688414,"type":"tree_oak_forest_b"}
{"pos":[-24.299057,-106.85659,254.148941],"rotationMatrix":[-0.474133581,0.880452812,0,-0.880452812,-0.474133581,0,0,0,0.999999881],"scale":1.16047502,"type":"tree_oak_forest_b"}
{"pos":[-202.839691,1.47529507,249.468918],"rotationMatrix":[-0.708758414,-0.70545131,0,0.70545131,-0.708758414,0,0,0,0.999999881],"scale":1.17982006,"type":"tree_oak_forest_b"}
{"pos":[-202.909363,-2.56546688,249.126358],"rotationMatrix":[-0.433470815,0.901167452,0,-0.901167452,-0.433470815,0,0,0,0.999999881],"scale":1.07510233,"type":"tree_oak_forest_b"}
{"pos":[-217.390518,2.61310387,249.453796],"rotationMatrix":[-0.624137521,0.781314254,0,-0.781314254,-0.624137521,0,0,0,0.999999881],"scale":0.932741344,"type":"tree_oak_forest_b"}
{"pos":[-217.187042,-0.504769802,249.454681],"rotationMatrix":[0.979591191,-0.200999632,0,0.200999632,0.979591191,0,0,0,0.999999881],"scale":1.16080678,"type":"tree_oak_forest_b"}
{"pos":[-223.304825,10.4464321,249.039291],"rotationMatrix":[0.876121223,-0.482090592,0,0.482090592,0.876121223,0,0,0,0.999999881],"scale":1.19351232,"type":"tree_oak_forest_b"}
{"pos":[-227.407318,-62.9520645,255.772308],"rotationMatrix":[-0.423311919,0.905983865,0,-0.905983865,-0.423311919,0,0,0,0.999999881],"scale":1.0156877,"type":"tree_oak_forest_b"}
{"pos":[-211.189865,-49.80896,255.674606],"rotationMatrix":[0.999223888,0.0393892527,0,-0.0393892527,0.999223888,0,0,0,0.999999881],"scale":1.06222332,"type":"tree_oak_forest_b"}
{"pos":[-151.277344,-54.8350868,255.702774],"rotationMatrix":[0.554898322,0.83191818,0,-0.83191818,0.554898322,0,0,0,0.999999881],"scale":1.15943217,"type":"tree_oak_forest_b"}
{"pos":[-109.538322,-78.9869995,255.624969],"rotationMatrix":[-0.995297015,0.096869044,0,-0.096869044,-0.995297015,0,0,0,0.999999881],"scale":1.18519032,"type":"tree_oak_forest_b"}
{"pos":[-317.113739,0.385565758,256.807892],"rotationMatrix":[0.687356114,0.726320565,0,-0.726320565,0.687356114,0,0,0,0.999999881],"scale":0.908728063,"type":"tree_oak_forest_b"}
{"pos":[-340.564697,4.47093582,257.812592],"rotationMatrix":[-0.223738685,-0.974649131,0,0.974649131,-0.223738685,0,0,0,0.999999881],"scale":0.972575366,"type":"tree_oak_forest_b"}
{"pos":[-446.646851,12.2160015,261.713837],"rotationMatrix":[-0.985573471,0.169247583,0,-0.169247583,-0.985573471,0,0,0,0.999999881],"scale":0.925629437,"type":"tree_oak_forest_b"}
{"pos":[-471.411255,-152.853745,261.113892],"rotationMatrix":[0.886559367,-0.462614626,0,0.462614626,0.886559367,0,0,0,0.999999881],"scale":0.998224735,"type":"tree_oak_forest_b"}
{"pos":[-235.751404,-139.908401,292.963104],"rotationMatrix":[0.998253882,-0.0590674095,0,0.0590674095,0.998253882,0,0,0,0.999999881],"scale":0.929323673,"type":"tree_oak_forest_b"}
{"pos":[-220.378326,-141.332535,293.8479],"rotationMatrix":[-0.0593416765,-0.998237669,0,0.998237669,-0.0593416765,0,0,0,0.999999881],"scale":0.941465259,"type":"tree_oak_forest_b"}
{"pos":[-134.921402,-169.679001,273.803345],"rotationMatrix":[-0.762408495,-0.647095859,0,0.647095859,-0.762408495,0,0,0,0.999999881],"scale":1.11146843,"type":"tree_oak_forest_b"}
{"pos":[-142.501785,-165.544525,273.493225],"rotationMatrix":[0.84379524,-0.536665082,0,0.536665082,0.84379524,0,0,0,0.999999881],"scale":0.943741143,"type":"tree_oak_forest_b"}
{"pos":[-157.69455,-162.090927,273.46875],"rotationMatrix":[0.446799517,-0.894634008,0,0.894634008,0.446799517,0,0,0,0.999999881],"scale":1.17078805,"type":"tree_oak_forest_b"}
{"pos":[-160.21759,-163.706635,273.466888],"rotationMatrix":[0.975890696,0.218259484,0,-0.218259484,0.975890696,0,0,0,0.999999881],"scale":1.16889596,"type":"tree_oak_forest_b"}
{"pos":[-225.879791,-170.240952,281.99057],"rotationMatrix":[0.871674359,0.490085423,0,-0.490085423,0.871674359,0,0,0,0.999999881],"scale":0.908706665,"type":"tree_oak_forest_b"}
{"pos":[-228.179169,-166.849991,282.364197],"rotationMatrix":[-0.999976754,-0.00680051092,0,0.00680051092,-0.999976754,0,0,0,0.999999881],"scale":0.916617572,"type":"tree_oak_forest_b"}
{"pos":[-238.770889,-176.89769,281.705536],"rotationMatrix":[-0.480022401,-0.877256095,0,0.877256095,-0.480022401,0,0,0,0.999999881],"scale":1.06187725,"type":"tree_oak_forest_b"}
{"pos":[-249.620499,-181.881836,282.470062],"rotationMatrix":[0.844833791,-0.535028696,0,0.535028696,0.844833791,0,0,0,0.999999881],"scale":1.06999195,"type":"tree_oak_forest_b"}
{"pos":[-249.462387,-176.342773,282.269836],"rotationMatrix":[-0.850490689,0.52598983,0,-0.52598983,-0.850490689,0,0,0,0.999999881],"scale":1.18878639,"type":"tree_oak_forest_b"}
{"pos":[-261.682892,-183.325867,282.878113],"rotationMatrix":[-0.979941964,0.19928278,0,-0.19928278,-0.979941964,0,0,0,0.999999881],"scale":0.9259305,"type":"tree_oak_forest_b"}
{"pos":[-267.425354,-187.70192,283.617554],"rotationMatrix":[0.13638027,-0.990656495,0,0.990656495,0.13638027,0,0,0,0.999999881],"scale":1.1533953,"type":"tree_oak_forest_b"}
{"pos":[-334.815277,-193.894821,283.763824],"rotationMatrix":[-0.99885422,-0.0478558391,0,0.0478558391,-0.99885422,0,0,0,0.999999881],"scale":1.16831684,"type":"tree_oak_forest_b"}
{"pos":[-338.177979,-193.65509,282.884766],"rotationMatrix":[0.0476867519,-0.998862267,0,0.998862267,0.0476867519,0,0,0,0.999999881],"scale":1.06096601,"type":"tree_oak_forest_b"}
{"pos":[-287.890564,-94.4943542,256.910614],"rotationMatrix":[0.76940459,-0.63876158,0,0.63876158,0.76940459,0,0,0,0.999999881],"scale":1.02962232,"type":"tree_oak_forest_b"}
{"pos":[-322.883972,-93.9434738,259.377289],"rotationMatrix":[-0.169818327,-0.985475361,0,0.985475361,-0.169818327,0,0,0,0.999999881],"scale":1.05412817,"type":"tree_oak_forest_b"}
{"pos":[-363.6586,-110.018166,260.514313],"rotationMatrix":[0.927067041,-0.374895275,0,0.374895275,0.927067041,0,0,0,0.999999881],"scale":1.12791967,"type":"tree_oak_forest_b"}
{"pos":[-402.810181,-194.97467,273.220917],"rotationMatrix":[-0.876317561,0.481733829,0,-0.481733829,-0.876317561,0,0,0,0.999999881],"scale":1.14562845,"type":"tree_oak_forest_b"}
{"pos":[-507.334808,-209.324295,268.544678],"rotationMatrix":[-0.880356848,-0.474311888,0,0.474311888,-0.880356848,0,0,0,0.999999881],"scale":1.10965288,"type":"tree_oak_forest_b"}
{"pos":[-64.4545822,-267.015533,263.7323],"rotationMatrix":[0.506371021,0.862315714,0,-0.862315714,0.506371021,0,0,0,0.999999881],"scale":1.10683489,"type":"tree_oak_forest_b"}
{"pos":[-73.1781921,-279.930756,263.985992],"rotationMatrix":[0.522825301,0.85243988,0,-0.85243988,0.522825301,0,0,0,0.999999881],"scale":1.08704519,"type":"tree_oak_forest_b"}
{"pos":[-79.8311005,-285.272278,264.845642],"rotationMatrix":[0.985904753,-0.167307198,0,0.167307198,0.985904753,0,0,0,0.999999881],"scale":0.929453492,"type":"tree_oak_forest_b"}
{"pos":[-87.5301971,-270.912018,264.926514],"rotationMatrix":[-0.831498802,-0.555526495,0,0.555526495,-0.831498802,0,0,0,0.999999881],"scale":0.989559352,"type":"tree_oak_forest_b"}
{"pos":[-80.8180695,-266.1091,264.409912],"rotationMatrix":[-0.503639996,0.863913476,0,-0.863913476,-0.503639996,0,0,0,0.999999881],"scale":0.950693727,"type":"tree_oak_forest_b"}
{"pos":[-95.5473251,-271.245422,263.909882],"rotationMatrix":[-0.672469914,-0.740124285,0,0.740124285,-0.672469914,0,0,0,0.999999881],"scale":1.0357976,"type":"tree_oak_forest_b"}
{"pos":[-121.740074,-279.919586,264.169281],"rotationMatrix":[0.769380689,-0.638790429,0,0.638790429,0.769380689,0,0,0,0.999999881],"scale":0.918512583,"type":"tree_oak_forest_b"}
{"pos":[-128.102448,-264.870728,263.074371],"rotationMatrix":[-0.803485215,0.595324397,0,-0.595324397,-0.803485215,0,0,0,0.999999881],"scale":1.0616802,"type":"tree_oak_forest_b"}
{"pos":[-133.003555,-269.822449,263.747284],"rotationMatrix":[0.591345847,-0.806418002,0,0.806418002,0.591345847,0,0,0,0.999999881],"scale":1.06634545,"type":"tree_oak_forest_b"}
{"pos":[-162.933472,-272.281769,263.229126],"rotationMatrix":[0.912206233,0.409731269,0,-0.409731269,0.912206233,0,0,0,0.999999881],"scale":1.1813966,"type":"tree_oak_forest_b"}
{"pos":[-164.428741,-275.03241,263.430786],"rotationMatrix":[-0.861257493,-0.508168638,0,0.508168638,-0.861257493,0,0,0,0.999999881],"scale":0.948656082,"type":"tree_oak_forest_b"}
{"pos":[-160.605499,-283.018524,262.932739],"rotationMatrix":[0.890551329,-0.454882473,0,0.454882473,0.890551329,0,0,0,0.999999881],"scale":1.1418457,"type":"tree_oak_forest_b"}
{"pos":[-157.154083,-289.143036,263.624817],"rotationMatrix":[-0.946902215,-0.321521342,0,0.321521342,-0.946902215,0,0,0,0.999999881],"scale":1.10981143,"type":"tree_oak_forest_b"}
{"pos":[-202.101349,-268.699982,264.293762],"rotationMatrix":[-0.175737977,-0.98443687,0,0.98443687,-0.175737977,0,0,0,0.999999881],"scale":0.919081807,"type":"tree_oak_forest_b"}
{"pos":[-224.636139,-270.398285,263.815765],"rotationMatrix":[-0.620644152,0.784092128,0,-0.784092128,-0.620644152,0,0,0,0.999999881],"scale":1.01842046,"type":"tree_oak_forest_b"}
{"pos":[-229.400406,-278.37207,264.902283],"rotationMatrix":[0.321451157,0.946926177,0,-0.946926177,0.321451157,0,0,0,0.999999881],"scale":1.04382169,"type":"tree_oak_forest_b"}
{"pos":[-241.721573,-279.095032,265.472443],"rotationMatrix":[0.780148268,-0.625594437,0,0.625594437,0.780148268,0,0,0,0.999999881],"scale":0.97465086,"type":"tree_oak_forest_b"}
{"pos":[-276.540833,-279.833344,263.081024],"rotationMatrix":[-0.991294563,0.131662428,0,-0.131662428,-0.991294563,0,0,0,0.999999881],"scale":1.12011933,"type":"tree_oak_forest_b"}
{"pos":[-228.199814,-299.757629,264.570618],"rotationMatrix":[0.806182683,0.591666639,0,-0.591666639,0.806182683,0,0,0,0.999999881],"scale":0.9385221,"type":"tree_oak_forest_b"}
{"pos":[-220.858292,-285.829193,264.499329],"rotationMatrix":[-0.999970019,-0.00773341814,0,0.00773341814,-0.999970019,0,0,0,0.999999881],"scale":1.15821183,"type":"tree_oak_forest_b"}
{"pos":[-223.565521,-286.111511,265.412781],"rotationMatrix":[-0.297422886,-0.95474577,0,0.95474577,-0.297422886,0,0,0,0.999999881],"scale":1.03210843,"type":"tree_oak_forest_b"}
{"pos":[-204.557068,-307.947784,263.983063],"rotationMatrix":[0.974325716,0.225142896,0,-0.225142896,0.974325716,0,0,0,0.999999881],"scale":1.07918096,"type":"tree_oak_forest_b"}
{"pos":[-197.17012,-294.231384,264.977295],"rotationMatrix":[0.998565555,-0.0535410233,0,0.0535410233,0.998565555,0,0,0,0.999999881],"scale":1.03582251,"type":"tree_oak_forest_b"}
{"pos":[-202.805069,-312.740112,264.012665],"rotationMatrix":[0.154017225,0.988068104,0,-0.988068104,0.154017225,0,0,0,0.999999881],"scale":0.901214302,"type":"tree_oak_forest_b"}
{"pos":[-183.122955,-302.404602,263.127472],"rotationMatrix":[0.348839879,0.937182367,0,-0.937182367,0.348839879,0,0,0,0.999999881],"scale":1.14573479,"type":"tree_oak_forest_b"}
{"pos":[-187.59317,-289.310303,264.75473],"rotationMatrix":[0.970144391,0.242527813,0,-0.242527813,0.970144391,0,0,0,0.999999881],"scale":1.12151849,"type":"tree_oak_forest_b"}
{"pos":[-195.320663,-306.392059,264.000427],"rotationMatrix":[0.795547843,-0.605890572,0,0.605890572,0.795547843,0,0,0,0.999999881],"scale":1.13926244,"type":"tree_oak_forest_b"}
{"pos":[-177.326767,-283.845978,264.237],"rotationMatrix":[-0.69585973,0.718177617,0,-0.718177617,-0.69585973,0,0,0,0.999999881],"scale":1.12932277,"type":"tree_oak_forest_b"}
{"pos":[-135.214981,-287.141754,263.219788],"rotationMatrix":[-0.969780028,0.243980825,0,-0.243980825,-0.969780028,0,0,0,0.999999881],"scale":0.939730287,"type":"tree_oak_forest_b"}
{"pos":[-146.581131,-289.051117,263.156616],"rotationMatrix":[0.419362277,0.907818973,0,-0.907818973,0.419362277,0,0,0,0.999999881],"scale":0.900427103,"type":"tree_oak_forest_b"}
{"pos":[-140.193024,-278.955902,263.882416],"rotationMatrix":[-0.977880895,-0.209162354,0,0.209162354,-0.977880895,0,0,0,0.999999881],"scale":1.08374667,"type":"tree_oak_forest_b"}
{"pos":[-125.553444,-291.251923,263.862091],"rotationMatrix":[0.958442211,0.285286635,0,-0.285286635,0.958442211,0,0,0,0.999999881],"scale":0.98948288,"type":"tree_oak_forest_b"}
{"pos":[-126.411751,-284.829376,263.562958],"rotationMatrix":[0.242158979,0.970236599,0,-0.970236599,0.242158979,0,0,0,0.999999881],"scale":1.16150486,"type":"tree_oak_forest_b"}
{"pos":[-69.0488586,-295.707916,263.996704],"rotationMatrix":[0.539332747,0.842092752,0,-0.842092752,0.539332747,0,0,0,0.999999881],"scale":1.18514907,"type":"tree_oak_forest_b"}
{"pos":[-372.55014,-295.706329,285.995392],"rotationMatrix":[-0.645480871,-0.763776243,0,0.763776243,-0.645480871,0,0,0,0.999999881],"scale":1.13298249,"type":"tree_oak_forest_b"}
{"pos":[-450.606323,-320.23642,282.264465],"rotationMatrix":[-0.702968478,0.711220741,0,-0.711220741,-0.702968478,0,0,0,0.999999881],"scale":1.06236041,"type":"tree_oak_forest_b"}
{"pos":[-584.111267,-340.469177,282.765747],"rotationMatrix":[0.992868364,-0.119214579,0,0.119214579,0.992868364,0,0,0,0.999999881],"scale":0.965737522,"type":"tree_oak_forest_b"}
{"pos":[-563.794922,-354.652527,285.794006],"rotationMatrix":[0.385468155,-0.922721088,0,0.922721088,0.385468155,0,0,0,0.999999881],"scale":1.19398272,"type":"tree_oak_forest_b"}
{"pos":[-529.529907,-334.062988,283.239349],"rotationMatrix":[0.591642678,-0.806200147,0,0.806200147,0.591642678,0,0,0,0.999999881],"scale":0.912037015,"type":"tree_oak_forest_b"}
{"pos":[-537.737854,-345.181213,284.57016],"rotationMatrix":[0.974612296,-0.223898709,0,0.223898709,0.974612296,0,0,0,0.999999881],"scale":0.993760347,"type":"tree_oak_forest_b"}
{"pos":[-543.73291,-344.772278,285.266876],"rotationMatrix":[0.210687831,0.977553368,0,-0.977553368,0.210687831,0,0,0,0.999999881],"scale":1.04865408,"type":"tree_oak_forest_b"}
{"pos":[-584.25116,-338.539093,282.563995],"rotationMatrix":[-0.765782058,-0.643100023,0,0.643100023,-0.765782058,0,0,0,0.999999881],"scale":0.931232333,"type":"tree_oak_forest_b"}
{"pos":[-630.457153,-311.201233,283.540527],"rotationMatrix":[-0.524560332,0.851373076,0,-0.851373076,-0.524560332,0,0,0,0.999999881],"scale":1.07981896,"type":"tree_oak_forest_b"}
{"pos":[-652.170715,-276.328491,282.216614],"rotationMatrix":[-0.220510677,0.975384414,0,-0.975384414,-0.220510677,0,0,0,0.999999881],"scale":1.10169828,"type":"tree_oak_forest_b"}
{"pos":[-561.367493,-283.35022,282.814026],"rotationMatrix":[-0.909917295,0.414789379,0,-0.414789379,-0.909917295,0,0,0,0.999999881],"scale":1.0918901,"type":"tree_oak_forest_b"}
{"pos":[-677.287476,-210.085999,272.06369],"rotationMatrix":[0.80606705,0.591824234,0,-0.591824234,0.80606705,0,0,0,0.999999881],"scale":1.17198527,"type":"tree_oak_forest_b"}
{"pos":[-679.849365,-183.37114,269.540436],"rotationMatrix":[0.889130533,-0.457653403,0,0.457653403,0.889130533,0,0,0,0.999999881],"scale":1.19259179,"type":"tree_oak_forest_b"}
{"pos":[-678.727539,-187.566132,270.1633],"rotationMatrix":[0.525390625,0.850861192,0,-0.850861192,0.525390625,0,0,0,0.999999881],"scale":0.914970756,"type":"tree_oak_forest_b"}
{"pos":[-683.699707,-179.343536,270.284515],"rotationMatrix":[-0.980113804,0.198436007,0,-0.198436007,-0.980113804,0,0,0,0.999999881],"scale":1.07124674,"type":"tree_oak_forest_b"}
{"pos":[-705.310974,-177.265564,273.257263],"rotationMatrix":[-0.710497379,-0.703699887,0,0.703699887,-0.710497379,0,0,0,0.999999881],"scale":1.00714576,"type":"tree_oak_forest_b"}
{"pos":[-698.511108,-170.487976,272.480743],"rotationMatrix":[0.667719781,-0.744412541,0,0.744412541,0.667719781,0,0,0,0.999999881],"scale":1.0996604,"type":"tree_oak_forest_b"}
{"pos":[-700.509888,-164.213272,272.505646],"rotationMatrix":[-0.879287839,0.476290554,0,-0.476290554,-0.879287839,0,0,0,0.999999881],"scale":1.08744645,"type":"tree_oak_forest_b"}
{"pos":[-705.667542,-160.952408,272.201904],"rotationMatrix":[-0.724991798,-0.688757479,0,0.688757479,-0.724991798,0,0,0,0.999999881],"scale":1.16943526,"type":"tree_oak_forest_b"}
{"pos":[-682.266235,-138.504471,269.758789],"rotationMatrix":[0.354982316,0.934872985,0,-0.934872985,0.354982316,0,0,0,0.999999881],"scale":0.91146481,"type":"tree_oak_forest_b"}
{"pos":[-656.376282,-115.018761,267.507996],"rotationMatrix":[0.998934269,-0.046153523,0,0.046153523,0.998934269,0,0,0,0.999999881],"scale":1.14707434,"type":"tree_oak_forest_b"}
{"pos":[-599.794067,-113.099747,265.213989],"rotationMatrix":[-0.770040154,0.637995183,0,-0.637995183,-0.770040154,0,0,0,0.999999881],"scale":1.0148164,"type":"tree_oak_forest_b"}
{"pos":[-141.295883,-220.783798,273.892578],"rotationMatrix":[0.524731159,-0.851267815,0,0.851267815,0.524731159,0,0,0,0.999999881],"scale":0.940449238,"type":"tree_oak_forest_b"}
{"pos":[-39.5045357,-179.47049,256.385559],"rotationMatrix":[-0.199864239,0.97982353,0,-0.97982353,-0.199864239,0,0,0,0.999999881],"scale":1.04334414,"type":"tree_oak_forest_b"}
{"pos":[-65.861557,-146.768127,257.103943],"rotationMatrix":[-0.547089577,-0.837074041,0,0.837074041,-0.547089577,0,0,0,0.999999881],"scale":1.02824461,"type":"tree_oak_forest_b"}
{"pos":[-313.248718,-331.219849,302.441589],"rotationMatrix":[-0.916737258,-0.399490744,0,0.399490744,-0.916737258,0,0,0,0.999999881],"scale":1.00168157,"type":"tree_oak_forest_b"}
{"pos":[-328.849518,-333.018188,302.041351],"rotationMatrix":[-0.939554036,-0.342400581,0,0.342400581,-0.939554036,0,0,0,0.999999881],"scale":1.168643,"type":"tree_oak_forest_b"}
{"pos":[-262.727631,-319.860138,302.304718],"rotationMatrix":[-0.16468814,-0.986345649,0,0.986345649,-0.16468814,0,0,0,0.999999881],"scale":1.04616642,"type":"tree_oak_forest_b"}
{"pos":[-88.0627441,-365.961029,283.941223],"rotationMatrix":[-0.981025875,-0.193876535,0,0.193876535,-0.981025875,0,0,0,0.999999881],"scale":0.929970384,"type":"tree_oak_forest_b"}
{"pos":[-108.802948,-379.59201,285.063568],"rotationMatrix":[0.187578738,0.982249558,0,-0.982249558,0.187578738,0,0,0,0.999999881],"scale":0.985363722,"type":"tree_oak_forest_b"}
{"pos":[-62.1683617,-334.244537,284.075348],"rotationMatrix":[0.699698865,-0.714437842,0,0.714437842,0.699698865,0,0,0,0.999999881],"scale":0.911473036,"type":"tree_oak_forest_b"}
{"pos":[-102.518211,-311.359375,283.815308],"rotationMatrix":[0.419982523,0.907532215,0,-0.907532215,0.419982523,0,0,0,0.999999881],"scale":1.19962144,"type":"tree_oak_forest_b"}
{"pos":[-111.202209,-310.769867,283.904846],"rotationMatrix":[-0.987419784,-0.15812026,0,0.15812026,-0.987419784,0,0,0,0.999999881],"scale":0.914511323,"type":"tree_oak_forest_b"}
{"pos":[-113.782982,-331.703949,284.460327],"rotationMatrix":[0.19036524,-0.981713295,0,0.981713295,0.19036524,0,0,0,0.999999881],"scale":1.14104402,"type":"tree_oak_forest_b"}
{"pos":[-93.4896164,-331.333954,285.490295],"rotationMatrix":[-0.186208948,-0.98251009,0,0.98251009,-0.186208948,0,0,0,0.999999881],"scale":1.11179614,"type":"tree_oak_forest_b"}
{"pos":[-89.9557495,-341.268372,285.493927],"rotationMatrix":[-0.0402187891,-0.999190807,0,0.999190807,-0.0402187891,0,0,0,0.999999881],"scale":1.06539762,"type":"tree_oak_forest_b"}
{"pos":[-156.795242,-339.587067,290.490387],"rotationMatrix":[0.75472492,0.656041384,0,-0.656041384,0.75472492,0,0,0,0.999999881],"scale":0.924720049,"type":"tree_oak_forest_b"}
{"pos":[-179.284668,-346.599579,290.992676],"rotationMatrix":[-0.909421444,0.415875524,0,-0.415875524,-0.909421444,0,0,0,0.999999881],"scale":1.19717431,"type":"tree_oak_forest_b"}
{"pos":[-192.188583,-333.009521,291.195984],"rotationMatrix":[0.975396454,-0.220457375,0,0.220457375,0.975396454,0,0,0,0.999999881],"scale":1.15855992,"type":"tree_oak_forest_b"}
{"pos":[-186.412094,-335.179993,291.321564],"rotationMatrix":[-0.831216037,0.55594939,0,-0.55594939,-0.831216037,0,0,0,0.999999881],"scale":0.92817533,"type":"tree_oak_forest_b"}
{"pos":[-154.604965,-363.222961,291.806061],"rotationMatrix":[0.683976412,0.729504108,0,-0.729504108,0.683976412,0,0,0,0.999999881],"scale":1.05170524,"type":"tree_oak_forest_b"}
{"pos":[181.397949,-227.448944,272.002533],"rotationMatrix":[0.962573707,0.271019936,0,-0.271019936,0.962573707,0,0,0,0.999999881],"scale":1.01183283,"type":"tree_oak_forest_b"}
{"pos":[191.592468,-216.436066,272.974243],"rotationMatrix":[0.987617195,-0.15688245,0,0.15688245,0.987617195,0,0,0,0.999999881],"scale":1.04283118,"type":"tree_oak_forest_b"}
{"pos":[190.453751,-169.442932,273.557312],"rotationMatrix":[0.948797703,-0.315884054,0,0.315884054,0.948797703,0,0,0,0.999999881],"scale":1.19224322,"type":"tree_oak_forest_b"}
{"pos":[185.524719,-165.603973,274.44281],"rotationMatrix":[0.38217482,-0.924089968,0,0.924089968,0.38217482,0,0,0,0.999999881],"scale":0.928623974,"type":"tree_oak_forest_b"}
{"pos":[211.518692,-97.5424423,273.307373],"rotationMatrix":[0.193429098,0.981114209,0,-0.981114209,0.193429098,0,0,0,0.999999881],"scale":1.02576196,"type":"tree_oak_forest_b"}
{"pos":[-528.675964,150.88501,274.110718],"rotationMatrix":[-0.707518041,0.70669502,0,-0.70669502,-0.707518041,0,0,0,0.999999881],"scale":1.17891181,"type":"tree_oak_forest_b"}
{"pos":[-601.467957,158.147446,262.576935],"rotationMatrix":[-0.9500103,-0.312218547,0,0.312218547,-0.9500103,0,0,0,0.999999881],"scale":0.905305505,"type":"tree_oak_forest_b"}
{"pos":[-597.473938,158.733307,262.58725],"rotationMatrix":[0.699442267,-0.714688897,0,0.714688897,0.699442267,0,0,0,0.999999881],"scale":1.02536201,"type":"tree_oak_forest_b"}
{"pos":[-611.03064,64.4357147,262.344025],"rotationMatrix":[0.91940403,-0.393314123,0,0.393314123,0.91940403,0,0,0,0.999999881],"scale":0.933246136,"type":"tree_oak_forest_b"}
{"pos":[-680.49469,274.474274,289.527313],"rotationMatrix":[0.90609175,0.423081219,0,-0.423081219,0.90609175,-0,-0,0,0.999999881],"scale":1.16024995,"type":"tree_oak_forest_b"}
