{"pos":[-1.84194255,-39.8888435,254.756088],"rotationMatrix":[-0.432522207,0.901623189,0,-0.901623189,-0.432522207,0,0,0,0.999999881],"scale":1.32041013,"type":"tree_oak_large_a"}
{"pos":[364.875305,80.1623535,258.323456],"rotationMatrix":[0.855243981,0.518225491,0,-0.518225491,0.855243981,0,0,0,0.999999881],"scale":1,"type":"tree_oak_large_a"}
{"pos":[364.473389,57.2427673,258.358307],"rotationMatrix":[-0.989672124,0.143349141,0,-0.143349141,-0.989672124,0,0,0,0.999999881],"scale":1,"type":"tree_oak_large_a"}
{"pos":[291.704437,85.6646118,256.910919],"rotationMatrix":[0.991359413,-0.131173074,0,0.131173074,0.991359413,0,0,0,0.999999881],"scale":1,"type":"tree_oak_large_a"}
{"pos":[278.972473,96.927002,257.122009],"rotationMatrix":[-0.922002017,0.38718468,0,-0.38718468,-0.922002017,0,0,0,0.999999881],"scale":1,"type":"tree_oak_large_a"}
{"pos":[275.982361,128.388458,254.885406],"rotationMatrix":[-0.956839204,0.290617466,0,-0.290617466,-0.956839204,0,0,0,0.999999881],"scale":1,"type":"tree_oak_large_a"}
{"pos":[159.813751,135.33754,254.379272],"rotationMatrix":[0.997987449,-0.0634104684,0,0.0634104684,0.997987449,0,0,0,0.999999881],"scale":1,"type":"tree_oak_large_a"}
{"pos":[150.618835,126.223175,254.379272],"rotationMatrix":[0.0580988713,-0.998310745,0,0.998310745,0.0580988713,0,0,0,0.999999881],"scale":1,"type":"tree_oak_large_a"}
{"pos":[163.86203,140.586258,254.379272],"rotationMatrix":[-0.998010755,-0.0630419552,0,0.0630419552,-0.998010755,0,0,0,0.999999881],"scale":1,"type":"tree_oak_large_a"}
{"pos":[176.498779,152.418274,254.379272],"rotationMatrix":[0.756855607,0.653582096,0,-0.653582096,0.756855607,0,0,0,0.999999881],"scale":1,"type":"tree_oak_large_a"}
{"pos":[242.020721,157.997711,253.569672],"rotationMatrix":[-0.518934071,0.854814112,0,-0.854814112,-0.518934071,0,0,0,0.999999881],"scale":1,"type":"tree_oak_large_a"}
{"pos":[247.332199,177.895355,252.293457],"rotationMatrix":[-0.318243593,0.948008835,0,-0.948008835,-0.318243593,0,0,0,0.999999881],"scale":1,"type":"tree_oak_large_a"}
{"pos":[219.491257,180.204483,254.04071],"rotationMatrix":[-0.406354427,-0.913715541,0,0.913715541,-0.406354427,0,0,0,0.999999881],"scale":1,"type":"tree_oak_large_a"}
{"pos":[346.161102,59.144104,258.183136],"rotationMatrix":[-0.954605639,0.297872424,0,-0.297872424,-0.954605639,0,0,0,0.999999881],"scale":1,"type":"tree_oak_large_a"}
{"pos":[354.269653,82.4254303,258.368317],"rotationMatrix":[-0.999818087,0.0190702695,0,-0.0190702695,-0.999818087,0,0,0,0.999999881],"scale":1,"type":"tree_oak_large_a"}
{"pos":[349.801544,61.9923477,258.489594],"rotationMatrix":[0.469186723,0.88309902,0,-0.88309902,0.469186723,0,0,0,0.999999881],"scale":1,"type":"tree_oak_large_a"}
{"pos":[346.24118,51.6943207,258.283295],"rotationMatrix":[-0.263416678,0.964682043,0,-0.964682043,-0.263416678,0,0,0,0.999999881],"scale":1,"type":"tree_oak_large_a"}
{"pos":[338.9104,65.2974319,258.13446],"rotationMatrix":[-0.685238183,0.728318751,0,-0.728318751,-0.685238183,0,0,0,0.999999881],"scale":1,"type":"tree_oak_large_a"}
{"pos":[327.511932,67.8572235,257.716949],"rotationMatrix":[-0.995704532,0.0925868452,0,-0.0925868452,-0.995704532,0,0,0,0.999999881],"scale":1,"type":"tree_oak_large_a"}
{"pos":[321.008789,65.6745453,257.401398],"rotationMatrix":[-0.373309076,-0.927706957,0,0.927706957,-0.373309076,0,0,0,0.999999881],"scale":1,"type":"tree_oak_large_a"}
{"pos":[333.244781,60.0776787,257.726868],"rotationMatrix":[0.482789308,-0.875736415,0,0.875736415,0.482789308,0,0,0,0.999999881],"scale":1,"type":"tree_oak_large_a"}
{"pos":[334.180389,76.7869034,258.141205],"rotationMatrix":[-0.745206416,-0.666833639,0,0.666833639,-0.745206416,0,0,0,0.999999881],"scale":1,"type":"tree_oak_large_a"}
{"pos":[321.309082,83.5014648,257.243835],"rotationMatrix":[0.211328685,-0.977414906,0,0.977414906,0.211328685,0,0,0,0.999999881],"scale":1,"type":"tree_oak_large_a"}
{"pos":[302.309937,73.0391235,256.418152],"rotationMatrix":[0.758657813,-0.651489198,0,0.651489198,0.758657813,0,0,0,0.999999881],"scale":1,"type":"tree_oak_large_a"}
{"pos":[317.218872,78.4477615,257.113464],"rotationMatrix":[0.465135515,0.885239542,0,-0.885239542,0.465135515,0,0,0,0.999999881],"scale":1,"type":"tree_oak_large_a"}
{"pos":[318.207275,85.6156311,256.894043],"rotationMatrix":[-0.434245855,0.900794268,0,-0.900794268,-0.434245855,0,0,0,0.999999881],"scale":1,"type":"tree_oak_large_a"}
{"pos":[309.644592,85.5448303,256.511597],"rotationMatrix":[0.993208945,-0.116343327,0,0.116343327,0.993208945,0,0,0,0.999999881],"scale":1,"type":"tree_oak_large_a"}
{"pos":[326.293518,66.0631561,257.614258],"rotationMatrix":[0.869380474,-0.494143039,0,0.494143039,0.869380474,0,0,0,0.999999881],"scale":1,"type":"tree_oak_large_a"}
{"pos":[346.983582,83.0438995,258.422424],"rotationMatrix":[0.97090292,-0.23947306,0,0.23947306,0.97090292,0,0,0,0.999999881],"scale":1,"type":"tree_oak_large_a"}
{"pos":[339.72345,63.4326248,258.126862],"rotationMatrix":[-0.995859146,0.0909085721,0,-0.0909085721,-0.995859146,0,0,0,0.999999881],"scale":1,"type":"tree_oak_large_a"}
{"pos":[325.631958,68.582283,257.698486],"rotationMatrix":[-0.37264055,0.927975655,0,-0.927975655,-0.37264055,0,0,0,0.999999881],"scale":1,"type":"tree_oak_large_a"}
{"pos":[326.176666,82.4297638,257.559479],"rotationMatrix":[0.985273242,-0.170986563,0,0.170986563,0.985273242,0,0,0,0.999999881],"scale":1,"type":"tree_oak_large_a"}
{"pos":[167.284775,80.765625,254.279785],"rotationMatrix":[0.365513802,-0.930805802,0,0.930805802,0.365513802,0,0,0,0.999999881],"scale":1,"type":"tree_oak_large_a"}
{"pos":[203.24501,145.796753,254.379272],"rotationMatrix":[0.945677102,-0.325107217,0,0.325107217,0.945677102,0,0,0,0.999999881],"scale":1,"type":"tree_oak_large_a"}
{"pos":[198.727402,133.34613,254.333496],"rotationMatrix":[0.817727804,0.575605094,0,-0.575605094,0.817727804,0,0,0,0.999999881],"scale":1,"type":"tree_oak_large_a"}
{"pos":[197.470963,121.332748,254.333496],"rotationMatrix":[-0.878434718,0.47786209,0,-0.47786209,-0.878434718,0,0,0,0.999999881],"scale":1,"type":"tree_oak_large_a"}
{"pos":[232.936096,151.629471,254.087372],"rotationMatrix":[0.131060258,-0.991374373,0,0.991374373,0.131060258,0,0,0,0.999999881],"scale":1,"type":"tree_oak_large_a"}
{"pos":[231.053467,145.170242,254.26825],"rotationMatrix":[-0.641830862,-0.76684624,0,0.76684624,-0.641830862,0,0,0,0.999999881],"scale":1,"type":"tree_oak_large_a"}
{"pos":[228.474472,150.527435,254.249939],"rotationMatrix":[-0.685379207,-0.72818619,0,0.72818619,-0.685379207,0,0,0,0.999999881],"scale":1,"type":"tree_oak_large_a"}
{"pos":[205.934891,162.163696,254.379272],"rotationMatrix":[0.675976276,-0.736923218,0,0.736923218,0.675976276,0,0,0,0.999999881],"scale":1,"type":"tree_oak_large_a"}
{"pos":[175.539902,137.639145,254.379272],"rotationMatrix":[0.999914348,-0.0130808242,0,0.0130808242,0.999914348,0,0,0,0.999999881],"scale":1,"type":"tree_oak_large_a"}
{"pos":[224.515656,129.303131,254.360779],"rotationMatrix":[-0.323204011,0.946329176,0,-0.946329176,-0.323204011,0,0,0,0.999999881],"scale":1,"type":"tree_oak_large_a"}
{"pos":[199.416595,119.487953,254.333496],"rotationMatrix":[0.526496589,-0.850177228,0,0.850177228,0.526496589,0,0,0,0.999999881],"scale":1,"type":"tree_oak_large_a"}
{"pos":[316.428925,212.261765,263.99231],"rotationMatrix":[-0.913196743,0.407518923,0,-0.407518923,-0.913196743,0,0,0,0.999999881],"scale":1,"type":"tree_oak_large_a"}
{"pos":[297.542206,237.702377,253.412827],"rotationMatrix":[-0.685864449,0.727729023,0,-0.727729023,-0.685864449,0,0,0,0.999999881],"scale":1,"type":"tree_oak_large_a"}
{"pos":[340.427582,244.824112,261.299042],"rotationMatrix":[-0.685864449,0.727729023,0,-0.727729023,-0.685864449,0,0,0,0.999999881],"scale":1,"type":"tree_oak_large_a"}
{"pos":[397.048889,145.061615,261.552521],"rotationMatrix":[-0.709789336,0.70441395,0,-0.70441395,-0.709789336,0,0,0,0.999999881],"scale":1,"type":"tree_oak_large_a"}
{"pos":[384.644775,208.97847,263.99231],"rotationMatrix":[0.593419611,-0.804893076,0,0.804893076,0.593419611,0,0,0,0.999999881],"scale":1,"type":"tree_oak_large_a"}
{"pos":[338.775391,203.535278,263.99231],"rotationMatrix":[0.515242755,0.85704428,0,-0.85704428,0.515242755,0,0,0,0.999999881],"scale":1,"type":"tree_oak_large_a"}
{"pos":[327.287689,205.813477,263.99231],"rotationMatrix":[0.438847214,0.898561716,0,-0.898561716,0.438847214,0,0,0,0.999999881],"scale":1,"type":"tree_oak_large_a"}
{"pos":[321.748291,214.115128,263.99231],"rotationMatrix":[0.905855715,0.42358622,0,-0.42358622,0.905855715,0,0,0,0.999999881],"scale":1,"type":"tree_oak_large_a"}
{"pos":[335.130157,234.344208,263.962799],"rotationMatrix":[0.986302853,0.164943963,0,-0.164943963,0.986302853,0,0,0,0.999999881],"scale":1,"type":"tree_oak_large_a"}
{"pos":[418.607239,95.9367828,258.194366],"rotationMatrix":[-0.172476664,0.985013545,0,-0.985013545,-0.172476664,0,0,0,0.999999881],"scale":1,"type":"tree_oak_large_a"}
{"pos":[441.946198,76.0681992,257.972748],"rotationMatrix":[0.999857485,0.0168752428,0,-0.0168752428,0.999857485,0,0,0,0.999999881],"scale":1,"type":"tree_oak_large_a"}
{"pos":[160.733246,-191.305023,269.584747],"rotationMatrix":[0.814540327,0.580106974,0,-0.580106974,0.814540327,0,0,0,0.999999881],"scale":1,"type":"tree_oak_large_a"}
{"pos":[453.873566,90.519577,263.99231],"rotationMatrix":[-0.651006222,-0.759072423,0,0.759072423,-0.651006222,0,0,0,0.999999881],"scale":1,"type":"tree_oak_large_a"}
{"pos":[225.354874,70.3851852,253.48468],"rotationMatrix":[0.644498408,-0.764605522,0,0.764605522,0.644498408,0,0,0,0.999999881],"scale":1,"type":"tree_oak_large_a"}
{"pos":[-164.298508,6.79747391,250],"rotationMatrix":[-0.0556796789,-0.998448551,0,0.998448551,-0.0556796789,0,0,0,0.999999881],"scale":1,"type":"tree_oak_large_a"}
{"pos":[-183.835693,8.60872269,250],"rotationMatrix":[0.922075331,-0.387010098,0,0.387010098,0.922075331,0,0,0,0.999999881],"scale":1,"type":"tree_oak_large_a"}
{"pos":[-192.445236,1.20435524,250],"rotationMatrix":[-0.959880412,-0.280409604,0,0.280409604,-0.959880412,0,0,0,0.999999881],"scale":1,"type":"tree_oak_large_a"}
{"pos":[-175.299774,-50.7672005,255.996704],"rotationMatrix":[0.840968251,-0.54108423,0,0.54108423,0.840968251,0,0,0,0.999999881],"scale":1,"type":"tree_oak_large_a"}
{"pos":[-163.912903,-56.5622673,255.996704],"rotationMatrix":[-0.86613673,-0.49980697,0,0.49980697,-0.86613673,0,0,0,0.999999881],"scale":1,"type":"tree_oak_large_a"}
{"pos":[-126.257133,-54.7419815,255.996704],"rotationMatrix":[-0.784115195,-0.620615304,0,0.620615304,-0.784115195,0,0,0,0.999999881],"scale":1,"type":"tree_oak_large_a"}
{"pos":[-118.61174,-79.2982712,255.996704],"rotationMatrix":[0.877398074,-0.479762912,0,0.479762912,0.877398074,0,0,0,0.999999881],"scale":1,"type":"tree_oak_large_a"}
{"pos":[-115.594032,-85.2762909,255.996704],"rotationMatrix":[-0.319533885,0.947574675,0,-0.947574675,-0.319533885,0,0,0,0.999999881],"scale":1,"type":"tree_oak_large_a"}
{"pos":[-297.789886,1.24681568,255.862564],"rotationMatrix":[-0.530429423,-0.847729027,0,0.847729027,-0.530429423,0,0,0,0.999999881],"scale":1,"type":"tree_oak_large_a"}
{"pos":[-292.146423,-9.33516026,255.873444],"rotationMatrix":[-0.945703924,-0.325029254,0,0.325029254,-0.945703924,0,0,0,0.999999881],"scale":1,"type":"tree_oak_large_a"}
{"pos":[-326.447784,11.2097721,257.396576],"rotationMatrix":[-0.019352505,-0.999812663,0,0.999812663,-0.019352505,0,0,0,0.999999881],"scale":1,"type":"tree_oak_large_a"}
{"pos":[-324.681946,50.3971825,258.299316],"rotationMatrix":[-0.795746207,-0.605630219,0,0.605630219,-0.795746207,0,0,0,0.999999881],"scale":1,"type":"tree_oak_large_a"}
{"pos":[-405.171326,10.5399799,262.650665],"rotationMatrix":[-0.633264184,-0.773935735,0,0.773935735,-0.633264184,0,0,0,0.999999881],"scale":1,"type":"tree_oak_large_a"}
{"pos":[-468.098663,5.51569796,262.294586],"rotationMatrix":[0.7636711,-0.645605385,0,0.645605385,0.7636711,0,0,0,0.999999881],"scale":1,"type":"tree_oak_large_a"}
{"pos":[-508.70929,-4.5037508,262.786865],"rotationMatrix":[0.997469008,0.0711020008,0,-0.0711020008,0.997469008,0,0,0,0.999999881],"scale":1,"type":"tree_oak_large_a"}
{"pos":[-600.153503,50.3453026,262.786865],"rotationMatrix":[0.942109168,0.335306168,0,-0.335306168,0.942109168,0,0,0,0.999999881],"scale":1,"type":"tree_oak_large_a"}
{"pos":[-603.760437,66.0686646,262.786865],"rotationMatrix":[0.984374583,-0.176086411,0,0.176086411,0.984374583,0,0,0,0.999999881],"scale":1,"type":"tree_oak_large_a"}
{"pos":[-314.997223,-155.353241,285.908752],"rotationMatrix":[-0.996750891,0.0805458948,0,-0.0805458948,-0.996750891,0,0,0,0.999999881],"scale":1,"type":"tree_oak_large_a"}
{"pos":[-284.038452,-139.813492,286.762421],"rotationMatrix":[0.318663806,-0.947867692,0,0.947867692,0.318663806,0,0,0,0.999999881],"scale":1,"type":"tree_oak_large_a"}
{"pos":[-240.447388,-148.465302,293.929291],"rotationMatrix":[0.816007614,-0.578041077,0,0.578041077,0.816007614,0,0,0,0.999999881],"scale":1,"type":"tree_oak_large_a"}
{"pos":[-222.177704,-129.601761,293.777466],"rotationMatrix":[-0.961916506,0.273343295,0,-0.273343295,-0.961916506,0,0,0,0.999999881],"scale":1,"type":"tree_oak_large_a"}
{"pos":[-216.635742,-128.740997,293.813538],"rotationMatrix":[-0.296461672,-0.955044687,0,0.955044687,-0.296461672,0,0,0,0.999999881],"scale":1,"type":"tree_oak_large_a"}
{"pos":[-213.424347,-138.755478,293.870361],"rotationMatrix":[0.582867801,0.812566996,0,-0.812566996,0.582867801,0,0,0,0.999999881],"scale":1,"type":"tree_oak_large_a"}
{"pos":[-301.086823,-173.813858,292.926361],"rotationMatrix":[-0.490855008,-0.871241152,0,0.871241152,-0.490855008,0,0,0,0.999999881],"scale":1,"type":"tree_oak_large_a"}
{"pos":[-139.077026,-167.188019,273.986816],"rotationMatrix":[-0.962241113,-0.272198051,0,0.272198051,-0.962241113,0,0,0,0.999999881],"scale":1,"type":"tree_oak_large_a"}
{"pos":[-132.284531,-161.783951,273.964966],"rotationMatrix":[-0.478510767,-0.87808156,0,0.87808156,-0.478510767,0,0,0,0.999999881],"scale":1,"type":"tree_oak_large_a"}
{"pos":[-149.545074,-176.817627,273.986816],"rotationMatrix":[0.650301814,0.75967592,0,-0.75967592,0.650301814,0,0,0,0.999999881],"scale":1,"type":"tree_oak_large_a"}
{"pos":[-165.225876,-165.30191,273.986816],"rotationMatrix":[-0.905910194,-0.423469692,0,0.423469692,-0.905910194,0,0,0,0.999999881],"scale":1,"type":"tree_oak_large_a"}
{"pos":[-187.34433,-162.557663,274.321259],"rotationMatrix":[-0.167981148,-0.985790074,0,0.985790074,-0.167981148,0,0,0,0.999999881],"scale":1,"type":"tree_oak_large_a"}
{"pos":[-220.980164,-177.186523,281.459381],"rotationMatrix":[0.327613562,0.944811761,0,-0.944811761,0.327613562,0,0,0,0.999999881],"scale":1,"type":"tree_oak_large_a"}
{"pos":[-297.389587,-196.968536,283.676636],"rotationMatrix":[-0.0177620519,-0.999842107,0,0.999842107,-0.0177620519,0,0,0,0.999999881],"scale":1,"type":"tree_oak_large_a"}
{"pos":[-321.0625,-192.51445,283.72287],"rotationMatrix":[0.0419635586,-0.999119043,0,0.999119043,0.0419635586,0,0,0,0.999999881],"scale":1,"type":"tree_oak_large_a"}
{"pos":[-341.965637,-209.629044,283.981323],"rotationMatrix":[0.874017954,-0.485893399,0,0.485893399,0.874017954,0,0,0,0.999999881],"scale":1,"type":"tree_oak_large_a"}
{"pos":[-257.230804,-97.3128281,257.812988],"rotationMatrix":[0.0845819265,0.996416509,0,-0.996416509,0.0845819265,0,0,0,0.999999881],"scale":1,"type":"tree_oak_large_a"}
{"pos":[-304.053314,-111.939697,260.986145],"rotationMatrix":[-0.240545779,-0.970637739,0,0.970637739,-0.240545779,0,0,0,0.999999881],"scale":1,"type":"tree_oak_large_a"}
{"pos":[-363.055878,-105.345222,261.470184],"rotationMatrix":[-0.393815845,0.919189215,0,-0.919189215,-0.393815845,0,0,0,0.999999881],"scale":1,"type":"tree_oak_large_a"}
{"pos":[-342.476471,-126.857872,263.655365],"rotationMatrix":[-0.962396264,0.27164942,0,-0.27164942,-0.962396264,0,0,0,0.999999881],"scale":1,"type":"tree_oak_large_a"}
{"pos":[-358.117889,-146.112473,267.913452],"rotationMatrix":[-0.986258566,-0.165208355,0,0.165208355,-0.986258566,0,0,0,0.999999881],"scale":1,"type":"tree_oak_large_a"}
{"pos":[-400.613495,-199.066101,276.22406],"rotationMatrix":[0.95159477,-0.307355076,0,0.307355076,0.95159477,0,0,0,0.999999881],"scale":1,"type":"tree_oak_large_a"}
{"pos":[-69.3983765,-277.571045,264.935242],"rotationMatrix":[-0.65911901,-0.752038658,0,0.752038658,-0.65911901,0,0,0,0.999999881],"scale":1,"type":"tree_oak_large_a"}
{"pos":[-71.4414978,-281.313965,264.906952],"rotationMatrix":[-0.766679168,0.64203012,0,-0.64203012,-0.766679168,0,0,0,0.999999881],"scale":1,"type":"tree_oak_large_a"}
{"pos":[-77.91008,-289.060883,264.532806],"rotationMatrix":[-0.829914808,0.557889998,0,-0.557889998,-0.829914808,0,0,0,0.999999881],"scale":1,"type":"tree_oak_large_a"}
{"pos":[-77.3527145,-281.445862,265.088074],"rotationMatrix":[-0.890582323,0.454821765,0,-0.454821765,-0.890582323,0,0,0,0.999999881],"scale":1,"type":"tree_oak_large_a"}
{"pos":[-89.1873779,-286.609131,264.845642],"rotationMatrix":[0.826253593,0.563298225,0,-0.563298225,0.826253593,0,0,0,0.999999881],"scale":1,"type":"tree_oak_large_a"}
{"pos":[-86.3105927,-275.001648,265.472412],"rotationMatrix":[0.315982759,-0.948764861,0,0.948764861,0.315982759,0,0,0,0.999999881],"scale":1,"type":"tree_oak_large_a"}
{"pos":[-90.1346207,-264.951935,263.99231],"rotationMatrix":[0.918928862,0.394423246,0,-0.394423246,0.918928862,0,0,0,0.999999881],"scale":1,"type":"tree_oak_large_a"}
{"pos":[-119.597916,-276.685852,264.294037],"rotationMatrix":[0.81916672,0.57355541,0,-0.57355541,0.81916672,0,0,0,0.999999881],"scale":1,"type":"tree_oak_large_a"}
{"pos":[-117.642113,-273.496765,264.173004],"rotationMatrix":[-0.997745216,-0.0671138391,0,0.0671138391,-0.997745216,0,0,0,0.999999881],"scale":1,"type":"tree_oak_large_a"}
{"pos":[-138.99382,-274.173523,263.99231],"rotationMatrix":[-0.98845607,-0.151507139,0,0.151507139,-0.98845607,0,0,0,0.999999881],"scale":1,"type":"tree_oak_large_a"}
{"pos":[-163.938187,-279.526093,264.294647],"rotationMatrix":[-0.386828512,0.922151506,0,-0.922151506,-0.386828512,0,0,0,0.999999881],"scale":1,"type":"tree_oak_large_a"}
{"pos":[-167.121933,-274.830933,264.402863],"rotationMatrix":[0.221990228,-0.97504878,0,0.97504878,0.221990228,0,0,0,0.999999881],"scale":1,"type":"tree_oak_large_a"}
{"pos":[-167.511002,-279.968018,264.442963],"rotationMatrix":[0.205791235,-0.978595793,0,0.978595793,0.205791235,0,0,0,0.999999881],"scale":1,"type":"tree_oak_large_a"}
{"pos":[-192.051514,-280.939545,265.29007],"rotationMatrix":[-0.654720366,0.755871117,0,-0.755871117,-0.654720366,0,0,0,0.999999881],"scale":1,"type":"tree_oak_large_a"}
{"pos":[-192.110565,-265.472687,264.052155],"rotationMatrix":[0.799783409,-0.60028857,0,0.60028857,0.799783409,0,0,0,0.999999881],"scale":1,"type":"tree_oak_large_a"}
{"pos":[-231.541977,-272.791443,264.588654],"rotationMatrix":[-0.947697103,0.319170624,0,-0.319170624,-0.947697103,0,0,0,0.999999881],"scale":1,"type":"tree_oak_large_a"}
{"pos":[-231.848999,-283.881134,265.592651],"rotationMatrix":[-0.987044454,-0.160446227,0,0.160446227,-0.987044454,0,0,0,0.999999881],"scale":1,"type":"tree_oak_large_a"}
{"pos":[-245.645554,-277.235168,265.672546],"rotationMatrix":[0.915786266,0.401665807,0,-0.401665807,0.915786266,0,0,0,0.999999881],"scale":1,"type":"tree_oak_large_a"}
{"pos":[-243.479599,-270.228363,264.03064],"rotationMatrix":[-0.939488351,-0.342580467,0,0.342580467,-0.939488351,0,0,0,0.999999881],"scale":1,"type":"tree_oak_large_a"}
{"pos":[-256.182434,-275.419464,264.916931],"rotationMatrix":[0.531819999,0.846857429,0,-0.846857429,0.531819999,0,0,0,0.999999881],"scale":1,"type":"tree_oak_large_a"}
{"pos":[-262.399933,-265.129028,263.99231],"rotationMatrix":[-0.960484505,-0.278333038,0,0.278333038,-0.960484505,0,0,0,0.999999881],"scale":1,"type":"tree_oak_large_a"}
{"pos":[-252.242035,-292.144196,264.532379],"rotationMatrix":[-0.282408446,-0.9592942,0,0.9592942,-0.282408446,0,0,0,0.999999881],"scale":1,"type":"tree_oak_large_a"}
{"pos":[-257.775421,-282.902679,264.793976],"rotationMatrix":[-0.57480979,0.818286836,0,-0.818286836,-0.57480979,0,0,0,0.999999881],"scale":1,"type":"tree_oak_large_a"}
{"pos":[-219.460648,-289.878448,265.520081],"rotationMatrix":[0.174752682,0.984612346,0,-0.984612346,0.174752682,0,0,0,0.999999881],"scale":1,"type":"tree_oak_large_a"}
{"pos":[-224.174011,-288.145966,265.579651],"rotationMatrix":[-0.965588748,-0.260073543,0,0.260073543,-0.965588748,0,0,0,0.999999881],"scale":1,"type":"tree_oak_large_a"}
{"pos":[-210.563065,-300.774658,265.163788],"rotationMatrix":[-0.358225584,0.933634937,0,-0.933634937,-0.358225584,0,0,0,0.999999881],"scale":1,"type":"tree_oak_large_a"}
{"pos":[-217.66272,-299.833252,265.040192],"rotationMatrix":[-0.724976003,0.688773811,0,-0.688773811,-0.724976003,0,0,0,0.999999881],"scale":1,"type":"tree_oak_large_a"}
{"pos":[-199.780518,-295.182007,265.273712],"rotationMatrix":[0.641260326,-0.767323256,0,0.767323256,0.641260326,0,0,0,0.999999881],"scale":1,"type":"tree_oak_large_a"}
{"pos":[-197.693512,-290.757141,265.314148],"rotationMatrix":[-0.648013949,0.761628211,0,-0.761628211,-0.648013949,0,0,0,0.999999881],"scale":1,"type":"tree_oak_large_a"}
{"pos":[-213.253052,-296.027496,265.375732],"rotationMatrix":[-0.988470137,-0.151415452,0,0.151415452,-0.988470137,0,0,0,0.999999881],"scale":1,"type":"tree_oak_large_a"}
{"pos":[-190.56218,-306.596741,264.153198],"rotationMatrix":[-0.937551558,-0.34784624,0,0.34784624,-0.937551558,0,0,0,0.999999881],"scale":1,"type":"tree_oak_large_a"}
{"pos":[-209.579346,-312.175293,264.420563],"rotationMatrix":[0.503275692,0.864125907,0,-0.864125907,0.503275692,0,0,0,0.999999881],"scale":1,"type":"tree_oak_large_a"}
{"pos":[-186.860657,-303.183441,264.324982],"rotationMatrix":[-0.74242568,0.669928133,0,-0.669928133,-0.74242568,0,0,0,0.999999881],"scale":1,"type":"tree_oak_large_a"}
{"pos":[-182.397324,-289.747345,264.775085],"rotationMatrix":[-0.505760789,0.862673581,0,-0.862673581,-0.505760789,0,0,0,0.999999881],"scale":1,"type":"tree_oak_large_a"}
{"pos":[-201.839035,-306.719757,264.541016],"rotationMatrix":[0.488923997,-0.872326255,0,0.872326255,0.488923997,0,0,0,0.999999881],"scale":1,"type":"tree_oak_large_a"}
{"pos":[-163.818176,-292.143402,264.002625],"rotationMatrix":[0.979974508,-0.199122488,0,0.199122488,0.979974508,0,0,0,0.999999881],"scale":1,"type":"tree_oak_large_a"}
{"pos":[-144.177048,-283.861786,263.99231],"rotationMatrix":[-0.998134971,-0.0610450096,0,0.0610450096,-0.998134971,0,0,0,0.999999881],"scale":1,"type":"tree_oak_large_a"}
{"pos":[-150.334381,-282.881653,263.99231],"rotationMatrix":[-0.497742474,-0.86732471,0,0.86732471,-0.497742474,0,0,0,0.999999881],"scale":1,"type":"tree_oak_large_a"}
{"pos":[-147.855316,-284.238281,263.99231],"rotationMatrix":[0.606150508,-0.795349777,0,0.795349777,0.606150508,0,0,0,0.999999881],"scale":1,"type":"tree_oak_large_a"}
{"pos":[-120.986687,-289.745544,263.99231],"rotationMatrix":[0.987053573,0.160390139,0,-0.160390139,0.987053573,0,0,0,0.999999881],"scale":1,"type":"tree_oak_large_a"}
{"pos":[-100.204056,-285.7164,264.352051],"rotationMatrix":[0.0069924579,0.999975502,0,-0.999975502,0.0069924579,0,0,0,0.999999881],"scale":1,"type":"tree_oak_large_a"}
{"pos":[-86.7578049,-289.134491,264.442352],"rotationMatrix":[0.301566154,-0.953445137,0,0.953445137,0.301566154,0,0,0,0.999999881],"scale":1,"type":"tree_oak_large_a"}
{"pos":[-57.5393181,-261.765991,263.99231],"rotationMatrix":[0.991532922,-0.129853666,0,0.129853666,0.991532922,0,0,0,0.999999762],"scale":1,"type":"tree_oak_large_a"}
{"pos":[-314.999542,-291.100677,283.787567],"rotationMatrix":[0.18984282,0.981814444,0,-0.981814444,0.18984282,0,0,0,0.999999881],"scale":1,"type":"tree_oak_large_a"}
{"pos":[-608.126282,-331.777771,285.055939],"rotationMatrix":[-0.521229863,-0.853416264,0,0.853416264,-0.521229863,0,0,0,0.999999881],"scale":1,"type":"tree_oak_large_a"}
{"pos":[-590.995911,-337.630676,283.873566],"rotationMatrix":[0.520992935,0.853560984,0,-0.853560984,0.520992935,0,0,0,0.999999881],"scale":1,"type":"tree_oak_large_a"}
{"pos":[-528.05481,-336.720734,284.123444],"rotationMatrix":[-0.128433019,0.991718054,0,-0.991718054,-0.128433019,0,0,0,0.999999881],"scale":1,"type":"tree_oak_large_a"}
{"pos":[-590.566528,-334.835419,283.243896],"rotationMatrix":[0.977451861,-0.211157858,0,0.211157858,0.977451861,0,0,0,0.999999881],"scale":1,"type":"tree_oak_large_a"}
{"pos":[-695.337708,-154.136566,271.678375],"rotationMatrix":[-0.545104325,-0.838368118,0,0.838368118,-0.545104325,0,0,0,0.999999881],"scale":1,"type":"tree_oak_large_a"}
{"pos":[-690.438293,-117.481255,272.564331],"rotationMatrix":[-0.995068252,-0.0991919786,0,0.0991919786,-0.995068252,0,0,0,0.999999881],"scale":1,"type":"tree_oak_large_a"}
{"pos":[-683.827393,-140.380051,270.267273],"rotationMatrix":[0.137079403,0.990560055,0,-0.990560055,0.137079403,0,0,0,0.999999881],"scale":1,"type":"tree_oak_large_a"}
{"pos":[-675.892822,-126.965828,269.440186],"rotationMatrix":[-0.0826386288,0.996579468,0,-0.996579468,-0.0826386288,0,0,0,0.999999881],"scale":1,"type":"tree_oak_large_a"}
{"pos":[-675.556946,-109.558121,270.555206],"rotationMatrix":[0.967281699,0.253704488,0,-0.253704488,0.967281699,0,0,0,0.999999881],"scale":1,"type":"tree_oak_large_a"}
{"pos":[-680.872498,-114.58828,270.908264],"rotationMatrix":[-0.942074597,0.335403204,0,-0.335403204,-0.942074597,0,0,0,0.999999881],"scale":1,"type":"tree_oak_large_a"}
{"pos":[-662.679993,-120.538254,268.56604],"rotationMatrix":[0.338114053,0.941105187,0,-0.941105187,0.338114053,0,0,0,0.999999881],"scale":1,"type":"tree_oak_large_a"}
{"pos":[-653.654358,-131.258057,268.451782],"rotationMatrix":[-0.691736519,0.722149849,0,-0.722149849,-0.691736519,0,0,0,0.999999881],"scale":1,"type":"tree_oak_large_a"}
{"pos":[-673.129517,-163.306366,268.50824],"rotationMatrix":[-0.205874711,-0.978578269,0,0.978578269,-0.205874711,0,0,0,0.999999881],"scale":1,"type":"tree_oak_large_a"}
{"pos":[-672.085815,-145.011093,268.497406],"rotationMatrix":[-0.591826499,0.806065142,0,-0.806065142,-0.591826499,0,0,0,0.999999881],"scale":1,"type":"tree_oak_large_a"}
{"pos":[-522.160645,-92.1274261,263.163513],"rotationMatrix":[0.883470476,-0.468486756,0,0.468486756,0.883470476,0,0,0,0.999999881],"scale":1,"type":"tree_oak_large_a"}
{"pos":[-75.8420868,-209.156601,270.552094],"rotationMatrix":[-0.482556581,-0.875864744,0,0.875864744,-0.482556581,0,0,0,0.999999881],"scale":1,"type":"tree_oak_large_a"}
{"pos":[-110.062454,-211.058228,273.342377],"rotationMatrix":[-0.381161273,-0.924508452,0,0.924508452,-0.381161273,0,0,0,0.999999881],"scale":1,"type":"tree_oak_large_a"}
{"pos":[-64.7046204,-175.533875,264.805878],"rotationMatrix":[0.624826789,-0.780763268,0,0.780763268,0.624826789,0,0,0,0.999999881],"scale":1,"type":"tree_oak_large_a"}
{"pos":[-260.079712,-320.877075,302.917816],"rotationMatrix":[-0.0865555778,0.996246874,0,-0.996246874,-0.0865555778,0,0,0,0.999999881],"scale":1,"type":"tree_oak_large_a"}
{"pos":[-277.323578,-306.849579,302.329163],"rotationMatrix":[0.428136021,-0.90371412,0,0.90371412,0.428136021,0,0,0,0.999999881],"scale":1,"type":"tree_oak_large_a"}
{"pos":[-324.381897,-336.769379,302.639404],"rotationMatrix":[0.393512845,0.919319093,0,-0.919319093,0.393512845,0,0,0,0.999999881],"scale":1,"type":"tree_oak_large_a"}
{"pos":[-329.810089,-337.56308,302.434967],"rotationMatrix":[-0.622760355,-0.782412648,0,0.782412648,-0.622760355,0,0,0,0.999999881],"scale":1,"type":"tree_oak_large_a"}
{"pos":[-292.143921,-321.384674,304.573364],"rotationMatrix":[0.982742131,-0.18498008,0,0.18498008,0.982742131,0,0,0,0.999999881],"scale":1,"type":"tree_oak_large_a"}
{"pos":[-292.551849,-326.181763,304.528992],"rotationMatrix":[0.947889149,-0.318600029,0,0.318600029,0.947889149,0,0,0,0.999999881],"scale":1,"type":"tree_oak_large_a"}
{"pos":[-281.19046,-328.424225,305.434692],"rotationMatrix":[-0.984705925,0.174224377,0,-0.174224377,-0.984705925,0,0,0,0.999999881],"scale":1,"type":"tree_oak_large_a"}
{"pos":[-50.4478874,-362.222961,283.981323],"rotationMatrix":[-0.945066631,-0.326877713,0,0.326877713,-0.945066631,0,0,0,0.999999881],"scale":1,"type":"tree_oak_large_a"}
{"pos":[-88.4274521,-359.631165,283.975677],"rotationMatrix":[0.999993086,0.00369530451,0,-0.00369530451,0.999993086,0,0,0,0.999999881],"scale":1,"type":"tree_oak_large_a"}
{"pos":[-115.382919,-358.294952,283.984009],"rotationMatrix":[0.945804656,0.324736029,0,-0.324736029,0.945804656,0,0,0,0.999999881],"scale":1,"type":"tree_oak_large_a"}
{"pos":[-121.976814,-353.984436,284.90741],"rotationMatrix":[0.615703881,-0.787977517,0,0.787977517,0.615703881,0,0,0,0.999999881],"scale":1,"type":"tree_oak_large_a"}
{"pos":[-119.208115,-349.649048,284.141235],"rotationMatrix":[0.641526222,-0.76710093,0,0.76710093,0.641526222,0,0,0,0.999999762],"scale":1,"type":"tree_oak_large_a"}
{"pos":[-74.9268036,-315.054565,283.801544],"rotationMatrix":[0.93090862,0.365252048,0,-0.365252048,0.93090862,0,0,0,0.999999881],"scale":1,"type":"tree_oak_large_a"}
{"pos":[-118.452538,-336.245483,284.110443],"rotationMatrix":[0.999116421,0.0420212746,0,-0.0420212746,0.999116421,0,0,0,0.999999762],"scale":1,"type":"tree_oak_large_a"}
{"pos":[-164.041611,-339.513489,292.145264],"rotationMatrix":[-0.576434553,0.817143083,0,-0.817143083,-0.576434553,0,0,0,0.999999881],"scale":1,"type":"tree_oak_large_a"}
{"pos":[-175.307938,-335.713562,292.157318],"rotationMatrix":[0.748931408,0.662647486,0,-0.662647486,0.748931408,0,0,0,0.999999881],"scale":1,"type":"tree_oak_large_a"}
{"pos":[-169.745468,-337.569336,292.527313],"rotationMatrix":[0.985133708,0.17178899,0,-0.17178899,0.985133708,0,0,0,0.999999881],"scale":1,"type":"tree_oak_large_a"}
{"pos":[-172.664612,-358.703033,291.8396],"rotationMatrix":[0.758475006,-0.651702046,0,0.651702046,0.758475006,0,0,0,0.999999881],"scale":1,"type":"tree_oak_large_a"}
{"pos":[-286.817566,-339.285492,302.978516],"rotationMatrix":[0.377994537,-0.925807714,0,0.925807714,0.377994537,0,0,0,0.999999881],"scale":1,"type":"tree_oak_large_a"}
{"pos":[93.6496124,-294.911896,275.915863],"rotationMatrix":[0.157109752,-0.987581074,0,0.987581074,0.157109752,0,0,0,0.999999881],"scale":1,"type":"tree_oak_large_a"}
{"pos":[57.5000572,-326.923889,273.926941],"rotationMatrix":[-0.500555038,0.865704596,0,-0.865704596,-0.500555038,0,0,0,0.999999881],"scale":1,"type":"tree_oak_large_a"}
{"pos":[104.987381,-334.461792,273.971558],"rotationMatrix":[0.980147839,-0.19826746,0,0.19826746,0.980147839,0,0,0,0.999999881],"scale":1,"type":"tree_oak_large_a"}
{"pos":[139.098648,-302.879395,273.973053],"rotationMatrix":[-0.742336571,-0.670027018,0,0.670027018,-0.742336571,0,0,0,0.999999881],"scale":1,"type":"tree_oak_large_a"}
{"pos":[111.086189,-290.680634,275.635284],"rotationMatrix":[-0.458071649,-0.888915241,0,0.888915241,-0.458071649,0,0,0,0.999999881],"scale":1,"type":"tree_oak_large_a"}
{"pos":[139.535538,-324.516663,273.971558],"rotationMatrix":[0.355069667,-0.934839666,0,0.934839666,0.355069667,0,0,0,0.999999881],"scale":1,"type":"tree_oak_large_a"}
{"pos":[191.733627,-230.786041,273.986816],"rotationMatrix":[0.566939831,-0.823759019,0,0.823759019,0.566939831,0,0,0,0.999999881],"scale":1,"type":"tree_oak_large_a"}
{"pos":[173.599472,-184.897522,273.57193],"rotationMatrix":[-0.111093171,-0.993809879,0,0.993809879,-0.111093171,0,0,0,0.999999881],"scale":1,"type":"tree_oak_large_a"}
{"pos":[189.394882,-185.34729,273.922974],"rotationMatrix":[0.550512016,0.834827244,0,-0.834827244,0.550512016,0,0,0,0.999999881],"scale":1,"type":"tree_oak_large_a"}
{"pos":[175.811874,-181.026093,274.125092],"rotationMatrix":[0.777408957,-0.628995419,0,0.628995419,0.777408957,0,0,0,0.999999881],"scale":1,"type":"tree_oak_large_a"}
{"pos":[176.213242,-189.136261,273.437866],"rotationMatrix":[0.999996781,0.00247699139,0,-0.00247699139,0.999996781,0,0,0,0.999999881],"scale":1,"type":"tree_oak_large_a"}
{"pos":[176.716339,-157.031311,275.223267],"rotationMatrix":[0.829642236,-0.55829525,0,0.55829525,0.829642236,0,0,0,0.999999881],"scale":1,"type":"tree_oak_large_a"}
{"pos":[189.259094,-155.167801,274.509064],"rotationMatrix":[-0.268774539,-0.963203073,0,0.963203073,-0.268774539,0,0,0,0.999999881],"scale":1,"type":"tree_oak_large_a"}
{"pos":[179.690598,-160.735443,275.258728],"rotationMatrix":[0.883513927,-0.468404651,0,0.468404651,0.883513927,0,0,0,0.999999881],"scale":1,"type":"tree_oak_large_a"}
{"pos":[181.5858,-137.179901,274.734741],"rotationMatrix":[0.817907691,-0.575349271,0,0.575349271,0.817907691,0,0,0,0.999999881],"scale":1,"type":"tree_oak_large_a"}
{"pos":[178.689606,-146.618469,274.992859],"rotationMatrix":[-0.675682902,-0.737192392,0,0.737192392,-0.675682902,0,0,0,0.999999881],"scale":1,"type":"tree_oak_large_a"}
{"pos":[194.520554,-118.110123,273.851166],"rotationMatrix":[0.263474017,-0.964666426,0,0.964666426,0.263474017,0,0,0,0.999999881],"scale":1,"type":"tree_oak_large_a"}
{"pos":[193.572113,-94.7302399,273.572205],"rotationMatrix":[0.335780144,-0.941940308,0,0.941940308,0.335780144,0,0,0,0.999999881],"scale":1,"type":"tree_oak_large_a"}
{"pos":[214.359909,-88.7714691,273.868042],"rotationMatrix":[0.866353869,0.499430567,0,-0.499430567,0.866353869,0,0,0,0.999999881],"scale":1,"type":"tree_oak_large_a"}
{"pos":[202.116013,-117.915016,273.911011],"rotationMatrix":[-0.998648643,-0.0519696213,0,0.0519696213,-0.998648643,0,0,0,0.999999881],"scale":1,"type":"tree_oak_large_a"}
{"pos":[197.269028,-245.223175,273.986816],"rotationMatrix":[-0.994995773,-0.0999160185,0,0.0999160185,-0.994995773,0,0,0,0.999999881],"scale":1,"type":"tree_oak_large_a"}
{"pos":[199.188919,-135.519135,273.921326],"rotationMatrix":[-0.397317648,0.917681038,0,-0.917681038,-0.397317648,0,0,0,0.999999881],"scale":1,"type":"tree_oak_large_a"}
{"pos":[-489.262421,112.26329,249.03717],"rotationMatrix":[0.485492736,0.874240696,0,-0.874240696,0.485492736,0,0,0,0.999999881],"scale":1,"type":"tree_oak_large_a"}
{"pos":[-486.962524,138.496628,273.643555],"rotationMatrix":[-0.984236836,0.176854849,0,-0.176854849,-0.984236836,0,0,0,0.999999881],"scale":1,"type":"tree_oak_large_a"}
{"pos":[-551.488953,138.514389,261.993408],"rotationMatrix":[0.513561726,0.858052671,0,-0.858052671,0.513561726,0,0,0,0.999999881],"scale":1,"type":"tree_oak_large_a"}
{"pos":[-560.828186,145.517914,261.947632],"rotationMatrix":[-0.58789444,0.80893743,0,-0.80893743,-0.58789444,0,0,0,0.999999881],"scale":1,"type":"tree_oak_large_a"}
{"pos":[-601.747742,167.31662,262.786865],"rotationMatrix":[0.043256782,0.999063849,0,-0.999063849,0.043256782,0,0,0,0.999999881],"scale":1,"type":"tree_oak_large_a"}
{"pos":[-606.620605,142.845978,262.710571],"rotationMatrix":[-0.412687421,-0.910872698,0,0.910872698,-0.412687421,0,0,0,0.999999881],"scale":1,"type":"tree_oak_large_a"}
{"pos":[-619.268555,149.270538,262.710571],"rotationMatrix":[-0.832558453,-0.553936958,0,0.553936958,-0.832558453,0,0,0,0.999999881],"scale":1,"type":"tree_oak_large_a"}
{"pos":[-613.824707,186.292801,262.837189],"rotationMatrix":[0.442386329,-0.896824419,0,0.896824419,0.442386329,0,0,0,0.999999881],"scale":1,"type":"tree_oak_large_a"}
{"pos":[-611.099121,202.200439,264.523163],"rotationMatrix":[0.0907155946,-0.995876729,0,0.995876729,0.0907155946,0,0,0,0.999999881],"scale":1,"type":"tree_oak_large_a"}
{"pos":[-622.762146,155.698441,262.74234],"rotationMatrix":[0.945694149,0.325057566,0,-0.325057566,0.945694149,0,0,0,0.999999881],"scale":1,"type":"tree_oak_large_a"}
{"pos":[-791.735413,198.553101,290.674194],"rotationMatrix":[-0.328656882,0.944449246,0,-0.944449246,-0.328656882,0,0,0,0.999999881],"scale":1,"type":"tree_oak_large_a"}
{"pos":[-803.748779,169.46521,289.232117],"rotationMatrix":[-0.911830246,0.410567164,0,-0.410567164,-0.911830246,0,0,0,0.999999881],"scale":1,"type":"tree_oak_large_a"}
{"pos":[-813.933716,162.127701,288.266968],"rotationMatrix":[-0.673966706,0.738761604,0,-0.738761604,-0.673966706,0,0,0,0.999999881],"scale":1,"type":"tree_oak_large_a"}
{"pos":[-791.786438,232.312912,295.871155],"rotationMatrix":[0.978800356,-0.204816297,0,0.204816297,0.978800356,0,0,0,0.999999881],"scale":1,"type":"tree_oak_large_a"}
{"pos":[-780.762085,223.007019,292.77356],"rotationMatrix":[0.73552829,-0.677493811,0,0.677493811,0.73552829,0,0,0,0.999999881],"scale":1,"type":"tree_oak_large_a"}
{"pos":[-769.118958,230.581543,292.191559],"rotationMatrix":[-0.543240845,-0.839576781,0,0.839576781,-0.543240845,0,0,0,0.999999881],"scale":1,"type":"tree_oak_large_a"}
{"pos":[-755.847351,269.888306,296.683563],"rotationMatrix":[0.972444475,-0.233134031,0,0.233134031,0.972444475,0,0,0,0.999999881],"scale":1,"type":"tree_oak_large_a"}
{"pos":[-716.172729,273.026062,291.137695],"rotationMatrix":[-0.3123537,-0.949965835,0,0.949965835,-0.3123537,0,0,0,0.999999881],"scale":1,"type":"tree_oak_large_a"}
{"pos":[-659.998413,243.417618,292.44339],"rotationMatrix":[-0.93797189,-0.346711099,0,0.346711099,-0.93797189,0,0,0,0.999999881],"scale":1,"type":"tree_oak_large_a"}
{"pos":[-655.98584,235.868591,292.219757],"rotationMatrix":[-0.512771547,0.858524919,0,-0.858524919,-0.512771547,0,0,0,0.999999881],"scale":1,"type":"tree_oak_large_a"}
{"pos":[-650.532043,204.557327,292.146118],"rotationMatrix":[0.925362051,0.379084378,0,-0.379084378,0.925362051,0,0,0,0.999999881],"scale":1,"type":"tree_oak_large_a"}
{"pos":[-689.448425,217.779572,289.601501],"rotationMatrix":[0.509368777,0.860548317,0,-0.860548317,0.509368777,0,0,0,0.999999881],"scale":1,"type":"tree_oak_large_a"}
{"pos":[-672.498352,182.615433,292.150696],"rotationMatrix":[-0.0323478393,-0.999476612,0,0.999476612,-0.0323478393,0,0,0,0.999999881],"scale":1,"type":"tree_oak_large_a"}
{"pos":[-691.440308,185.805283,290.132355],"rotationMatrix":[-0.650407672,-0.759585142,0,0.759585142,-0.650407672,0,0,0,0.999999881],"scale":1,"type":"tree_oak_large_a"}
{"pos":[-692.293152,163.861237,290.478394],"rotationMatrix":[0.377734095,0.925914109,0,-0.925914109,0.377734095,0,0,0,0.999999881],"scale":1,"type":"tree_oak_large_a"}
{"pos":[-710.339783,184.292084,289.550781],"rotationMatrix":[-0.865810037,-0.500372648,0,0.500372648,-0.865810037,0,0,0,0.999999881],"scale":1,"type":"tree_oak_large_a"}
{"pos":[-694.793945,144.090744,289.472107],"rotationMatrix":[-0.838193834,-0.545372188,0,0.545372188,-0.838193834,0,0,0,0.999999881],"scale":1,"type":"tree_oak_large_a"}
{"pos":[-689.174255,154.492874,290.945679],"rotationMatrix":[0.422752053,-0.906245291,0,0.906245291,0.422752053,0,0,0,0.999999881],"scale":1,"type":"tree_oak_large_a"}
{"pos":[-721.165527,143.629715,289.611816],"rotationMatrix":[-0.683858573,0.729614317,0,-0.729614317,-0.683858573,0,0,0,0.999999881],"scale":1,"type":"tree_oak_large_a"}
{"pos":[-718.105347,155.130432,289.611816],"rotationMatrix":[0.860287488,0.509809136,0,-0.509809136,0.860287488,0,0,0,0.999999881],"scale":1,"type":"tree_oak_large_a"}
{"pos":[-718.858887,150.512146,289.611816],"rotationMatrix":[0.228488818,-0.973546445,0,0.973546445,0.228488818,0,0,0,0.999999881],"scale":1,"type":"tree_oak_large_a"}
{"pos":[-723.374084,134.041489,289.606079],"rotationMatrix":[-0.900954068,-0.433914512,0,0.433914512,-0.900954068,0,0,0,0.999999881],"scale":1,"type":"tree_oak_large_a"}
{"pos":[-778.787109,208.054474,290.347412],"rotationMatrix":[0.991761565,0.128097266,0,-0.128097266,0.991761565,0,0,0,0.999999881],"scale":1,"type":"tree_oak_large_a"}
{"pos":[-737.593201,202.314377,289.581299],"rotationMatrix":[0.452466995,0.891781151,0,-0.891781151,0.452466995,0,0,0,0.999999881],"scale":1,"type":"tree_oak_large_a"}
{"pos":[-658.794983,130.217728,276.223175],"rotationMatrix":[-0.786195338,-0.617977917,0,0.617977917,-0.786195338,0,0,0,0.999999881],"scale":1,"type":"tree_oak_large_a"}
{"pos":[-658.065247,135.786102,277.32019],"rotationMatrix":[0.886042774,0.463603497,0,-0.463603497,0.886042774,0,0,0,0.999999881],"scale":1,"type":"tree_oak_large_a"}
{"pos":[-645.951782,158.239334,282.045349],"rotationMatrix":[-0.962557375,0.27107805,0,-0.27107805,-0.962557375,0,0,0,0.999999881],"scale":1,"type":"tree_oak_large_a"}
{"pos":[-618.607605,230.50795,283.760193],"rotationMatrix":[0.72994417,0.683506787,0,-0.683506787,0.72994417,0,0,0,0.999999881],"scale":1,"type":"tree_oak_large_a"}
