{"pos":[244.841797,123.143227,254.024017],"rotationMatrix":[-0.674604416,-0.738179266,0,0.738179266,-0.674604416,0,0,0,0.999999881],"scale":0.878160477,"type":"tree_aspen_forest_b"}
{"pos":[215.959381,179.359573,252.920776],"rotationMatrix":[-0.859365642,-0.511361659,0,0.511361659,-0.859365642,0,0,0,0.999999881],"scale":0.944050431,"type":"tree_aspen_forest_b"}
{"pos":[190.308975,71.2762985,254.143997],"rotationMatrix":[-0.712031782,-0.702147186,0,0.702147186,-0.712031782,0,0,0,0.999999881],"scale":0.809616983,"type":"tree_aspen_forest_b"}
{"pos":[169.17067,77.9975281,252.948288],"rotationMatrix":[0.99440676,-0.105617702,0,0.105617702,0.99440676,0,0,0,0.999999881],"scale":1.18228257,"type":"tree_aspen_forest_b"}
{"pos":[178.540665,68.4787216,252.860596],"rotationMatrix":[0.12932989,-0.991601527,0,0.991601527,0.12932989,0,0,0,0.999999881],"scale":0.935461581,"type":"tree_aspen_forest_b"}
{"pos":[182.985992,72.0186386,252.27475],"rotationMatrix":[-0.35168013,-0.936120212,0,0.936120212,-0.35168013,0,0,0,0.999999881],"scale":1.05667746,"type":"tree_aspen_forest_b"}
{"pos":[152.556732,65.5545425,252.089157],"rotationMatrix":[-0.708196044,0.706015527,0,-0.706015527,-0.708196044,0,0,0,0.999999881],"scale":1.1684413,"type":"tree_aspen_forest_b"}
{"pos":[161.012604,82.2439499,254.032166],"rotationMatrix":[0.997370362,-0.0724722892,0,0.0724722892,0.997370362,0,0,0,0.999999881],"scale":0.922786474,"type":"tree_aspen_forest_b"}
{"pos":[153.396255,81.2461319,252.400894],"rotationMatrix":[-0.957853138,0.287258118,0,-0.287258118,-0.957853138,0,0,0,0.999999881],"scale":1.09351826,"type":"tree_aspen_forest_b"}
{"pos":[163.689346,61.2386322,253.682571],"rotationMatrix":[0.910546362,0.413406938,0,-0.413406938,0.910546362,0,0,0,0.999999881],"scale":1.03274322,"type":"tree_aspen_forest_b"}
{"pos":[160.715836,62.5203094,253.755585],"rotationMatrix":[-0.979894876,0.199514076,0,-0.199514076,-0.979894876,0,0,0,0.999999881],"scale":1.04261923,"type":"tree_aspen_forest_b"}
{"pos":[164.040756,94.7590637,253.128143],"rotationMatrix":[-0.995742738,-0.0921757296,0,0.0921757296,-0.995742738,0,0,0,0.999999881],"scale":1.0689733,"type":"tree_aspen_forest_b"}
{"pos":[163.427414,100.303146,252.628601],"rotationMatrix":[0.737852693,-0.674961627,0,0.674961627,0.737852693,0,0,0,0.999999881],"scale":1.14344668,"type":"tree_aspen_forest_b"}
{"pos":[157.561005,107.522667,253.689804],"rotationMatrix":[0.512384951,0.858755887,0,-0.858755887,0.512384951,0,0,0,0.999999881],"scale":0.987073243,"type":"tree_aspen_forest_b"}
{"pos":[149.619186,90.3605576,254.101639],"rotationMatrix":[-0.999999762,-0.00050893618,0,0.00050893618,-0.999999762,0,0,0,0.999999881],"scale":0.946680546,"type":"tree_aspen_forest_b"}
{"pos":[198.525162,64.8816376,252.924484],"rotationMatrix":[-0.855637252,0.517575681,0,-0.517575681,-0.855637252,0,0,0,0.999999881],"scale":0.834838271,"type":"tree_aspen_forest_b"}
{"pos":[187.584824,73.4473648,254.021759],"rotationMatrix":[-0.365932882,0.930641115,0,-0.930641115,-0.365932882,0,0,0,0.999999881],"scale":0.80114609,"type":"tree_aspen_forest_b"}
{"pos":[203.798645,93.781601,253.995743],"rotationMatrix":[0.0472957343,0.998880863,0,-0.998880863,0.0472957343,0,0,0,0.999999881],"scale":1.03502429,"type":"tree_aspen_forest_b"}
{"pos":[195.13327,92.9144135,253.252029],"rotationMatrix":[0.969389975,0.245525688,0,-0.245525688,0.969389975,0,0,0,0.999999881],"scale":0.985316038,"type":"tree_aspen_forest_b"}
{"pos":[198.136566,79.2903824,253.475327],"rotationMatrix":[0.995906472,-0.0903890058,0,0.0903890058,0.995906472,0,0,0,0.999999881],"scale":0.875312805,"type":"tree_aspen_forest_b"}
{"pos":[200.787796,88.3549423,253.03009],"rotationMatrix":[0.16352053,0.9865399,0,-0.9865399,0.16352053,0,0,0,0.999999881],"scale":1.0142349,"type":"tree_aspen_forest_b"}
{"pos":[211.781845,77.3832321,253.133026],"rotationMatrix":[0.853610337,0.520911992,0,-0.520911992,0.853610337,0,0,0,0.999999881],"scale":0.929102123,"type":"tree_aspen_forest_b"}
{"pos":[202.251526,92.3023071,254.271484],"rotationMatrix":[0.468032509,0.883711278,0,-0.883711278,0.468032509,0,0,0,0.999999881],"scale":0.932706654,"type":"tree_aspen_forest_b"}
{"pos":[222.863312,100.595016,254.074539],"rotationMatrix":[-0.913171291,-0.407575786,0,0.407575786,-0.913171291,0,0,0,0.999999881],"scale":1.06529701,"type":"tree_aspen_forest_b"}
{"pos":[224.312469,102.361542,253.103027],"rotationMatrix":[0.189297855,0.981919706,0,-0.981919706,0.189297855,0,0,0,0.999999881],"scale":0.872319758,"type":"tree_aspen_forest_b"}
{"pos":[226.446503,113.068909,253.634064],"rotationMatrix":[0.992590666,0.121505938,0,-0.121505938,0.992590666,0,0,0,0.999999881],"scale":0.828450441,"type":"tree_aspen_forest_b"}
{"pos":[228.99585,110.924988,252.636856],"rotationMatrix":[0.986977875,-0.160855532,0,0.160855532,0.986977875,0,0,0,0.999999881],"scale":0.97249639,"type":"tree_aspen_forest_b"}
{"pos":[212.126404,113.278778,252.936172],"rotationMatrix":[-0.38762778,0.921815872,0,-0.921815872,-0.38762778,0,0,0,0.999999881],"scale":0.86218369,"type":"tree_aspen_forest_b"}
{"pos":[213.288025,115.560944,252.742477],"rotationMatrix":[0.772426248,-0.635104299,0,0.635104299,0.772426248,0,0,0,0.999999881],"scale":1.0721184,"type":"tree_aspen_forest_b"}
{"pos":[232.008652,113.038811,252.36264],"rotationMatrix":[-0.50999248,0.860178709,0,-0.860178709,-0.50999248,0,0,0,0.999999881],"scale":0.987040877,"type":"tree_aspen_forest_b"}
{"pos":[228.3414,118.536987,254.107819],"rotationMatrix":[0.916716516,0.3995381,0,-0.3995381,0.916716516,0,0,0,0.999999881],"scale":0.895320237,"type":"tree_aspen_forest_b"}
{"pos":[243.58931,141.911163,253.695389],"rotationMatrix":[-0.97089535,-0.239503622,0,0.239503622,-0.97089535,0,0,0,0.999999881],"scale":0.806549609,"type":"tree_aspen_forest_b"}
{"pos":[248.4328,141.582001,253.34993],"rotationMatrix":[-0.705521703,-0.708688319,0,0.708688319,-0.705521703,0,0,0,0.999999881],"scale":0.814716697,"type":"tree_aspen_forest_b"}
{"pos":[241.424805,132.204834,253.03096],"rotationMatrix":[0.862839818,-0.505477071,0,0.505477071,0.862839818,0,0,0,0.999999881],"scale":0.860847473,"type":"tree_aspen_forest_b"}
{"pos":[238.994385,134.978149,252.446732],"rotationMatrix":[0.499647737,0.8662287,0,-0.8662287,0.499647737,0,0,0,0.999999881],"scale":1.15215695,"type":"tree_aspen_forest_b"}
{"pos":[245.506531,126.751755,253.417694],"rotationMatrix":[0.272793353,-0.962072551,0,0.962072551,0.272793353,0,0,0,0.999999881],"scale":0.864126623,"type":"tree_aspen_forest_b"}
{"pos":[242.173721,152.413361,253.378281],"rotationMatrix":[0.815205872,0.5791713,0,-0.5791713,0.815205872,0,0,0,0.999999881],"scale":1.14102829,"type":"tree_aspen_forest_b"}
{"pos":[238.102371,155.05365,253.628326],"rotationMatrix":[-0.68714422,-0.726521075,0,0.726521075,-0.68714422,0,0,0,0.999999881],"scale":1.01872063,"type":"tree_aspen_forest_b"}
{"pos":[250.940628,170.472992,252.123077],"rotationMatrix":[0.377224505,-0.926121771,0,0.926121771,0.377224505,0,0,0,0.999999881],"scale":0.871665001,"type":"tree_aspen_forest_b"}
{"pos":[224.20108,177.642975,253.753799],"rotationMatrix":[-0.9946298,-0.103496045,0,0.103496045,-0.9946298,0,0,0,0.999999881],"scale":0.876755059,"type":"tree_aspen_forest_b"}
{"pos":[240.672607,183.567505,252.302338],"rotationMatrix":[-0.923649728,-0.383237809,0,0.383237809,-0.923649728,0,0,0,0.999999881],"scale":0.918308735,"type":"tree_aspen_forest_b"}
{"pos":[231.281509,189.516876,251.452621],"rotationMatrix":[-0.338588446,0.940934479,0,-0.940934479,-0.338588446,0,0,0,0.999999881],"scale":1.12837756,"type":"tree_aspen_forest_b"}
{"pos":[232.492203,179.618774,251.236633],"rotationMatrix":[0.164967835,0.986298859,0,-0.986298859,0.164967835,0,0,0,0.999999881],"scale":0.9407745,"type":"tree_aspen_forest_b"}
{"pos":[227.75943,180.447479,253.274689],"rotationMatrix":[-0.045734264,-0.998953521,0,0.998953521,-0.045734264,0,0,0,0.999999881],"scale":1.06032336,"type":"tree_aspen_forest_b"}
{"pos":[205.052429,188.782501,252.904602],"rotationMatrix":[-0.9790712,0.203517437,0,-0.203517437,-0.9790712,0,0,0,0.999999881],"scale":0.81627667,"type":"tree_aspen_forest_b"}
{"pos":[200.989319,169.134018,253.634903],"rotationMatrix":[-0.702280343,-0.711900294,0,0.711900294,-0.702280343,0,0,0,0.999999881],"scale":1.01839387,"type":"tree_aspen_forest_b"}
{"pos":[191.836319,180.678314,252.849869],"rotationMatrix":[-0.999431312,0.0337179974,0,-0.0337179974,-0.999431312,0,0,0,0.999999881],"scale":0.952979207,"type":"tree_aspen_forest_b"}
{"pos":[202.24025,187.467392,252.682037],"rotationMatrix":[0.934105158,-0.356997699,0,0.356997699,0.934105158,0,0,0,0.999999881],"scale":0.871850431,"type":"tree_aspen_forest_b"}
{"pos":[191.829926,184.938416,253.682114],"rotationMatrix":[0.918071449,-0.396414697,0,0.396414697,0.918071449,0,0,0,0.999999881],"scale":0.923029184,"type":"tree_aspen_forest_b"}
{"pos":[186.111938,175.807953,254.260696],"rotationMatrix":[-0.598459959,-0.801152527,0,0.801152527,-0.598459959,0,0,0,0.999999881],"scale":0.98430562,"type":"tree_aspen_forest_b"}
{"pos":[198.695724,180.602661,253.229019],"rotationMatrix":[-0.0264845528,0.999649107,0,-0.999649107,-0.0264845528,0,0,0,0.999999881],"scale":0.892310262,"type":"tree_aspen_forest_b"}
{"pos":[192.181702,167.711243,253.174133],"rotationMatrix":[-0.737040043,0.675848961,0,-0.675848961,-0.737040043,0,0,0,0.999999881],"scale":0.93481636,"type":"tree_aspen_forest_b"}
{"pos":[192.364502,162.051834,252.848923],"rotationMatrix":[0.977517962,-0.210851759,0,0.210851759,0.977517962,0,0,0,0.999999881],"scale":0.890911102,"type":"tree_aspen_forest_b"}
{"pos":[167.66954,148.675751,253.408646],"rotationMatrix":[-0.425703317,0.904862642,0,-0.904862642,-0.425703317,0,0,0,0.999999881],"scale":0.936503112,"type":"tree_aspen_forest_b"}
{"pos":[169.700562,156.003357,253.09433],"rotationMatrix":[-0.345496416,0.938419998,0,-0.938419998,-0.345496416,0,0,0,0.999999881],"scale":0.99781394,"type":"tree_aspen_forest_b"}
{"pos":[170.343918,141.888214,253.190979],"rotationMatrix":[0.676246107,0.736675799,0,-0.736675799,0.676246107,0,0,0,0.999999881],"scale":1.07746899,"type":"tree_aspen_forest_b"}
{"pos":[160.771103,144.621857,253.322296],"rotationMatrix":[-0.748663843,-0.662949681,0,0.662949681,-0.748663843,0,0,0,0.999999881],"scale":1.1078831,"type":"tree_aspen_forest_b"}
{"pos":[167.069717,126.283081,253.272095],"rotationMatrix":[-0.612821877,0.790220797,0,-0.790220797,-0.612821877,0,0,0,0.999999881],"scale":1.11485684,"type":"tree_aspen_forest_b"}
{"pos":[145.872665,132.386093,252.561234],"rotationMatrix":[0.986936986,-0.161106169,0,0.161106169,0.986936986,0,0,0,0.999999881],"scale":0.928184271,"type":"tree_aspen_forest_b"}
{"pos":[163.979858,142.891281,253.399582],"rotationMatrix":[0.478094816,0.878308237,0,-0.878308237,0.478094816,0,0,0,0.999999881],"scale":0.960564315,"type":"tree_aspen_forest_b"}
{"pos":[153.289444,127.275917,252.83876],"rotationMatrix":[0.0543497205,-0.998521864,0,0.998521864,0.0543497205,0,0,0,0.999999881],"scale":0.884556949,"type":"tree_aspen_forest_b"}
{"pos":[161.45752,112.127174,253.170059],"rotationMatrix":[-0.369389474,0.929274499,0,-0.929274499,-0.369389474,0,0,0,0.999999881],"scale":0.803754449,"type":"tree_aspen_forest_b"}
{"pos":[165.603943,114.109383,253.791977],"rotationMatrix":[0.147633985,-0.989041984,0,0.989041984,0.147633985,0,0,0,0.999999881],"scale":0.809314311,"type":"tree_aspen_forest_b"}
{"pos":[148.129227,122.443008,253.111481],"rotationMatrix":[-0.985539138,-0.169447616,0,0.169447616,-0.985539138,0,0,0,0.999999881],"scale":1.13418365,"type":"tree_aspen_forest_b"}
{"pos":[182.630646,126.545341,252.310699],"rotationMatrix":[-0.0818735212,0.996642649,0,-0.996642649,-0.0818735212,0,0,0,0.999999881],"scale":1.19573665,"type":"tree_aspen_forest_b"}
{"pos":[177.702515,135.318954,253.186905],"rotationMatrix":[0.970414221,-0.241445452,0,0.241445452,0.970414221,0,0,0,0.999999881],"scale":0.846640229,"type":"tree_aspen_forest_b"}
{"pos":[189.585266,129.7202,252.966064],"rotationMatrix":[-0.802856863,0.596171737,0,-0.596171737,-0.802856863,0,0,0,0.999999881],"scale":0.958998919,"type":"tree_aspen_forest_b"}
{"pos":[180.015793,134.691772,253.717255],"rotationMatrix":[-0.505996883,-0.862535119,0,0.862535119,-0.505996883,0,0,0,0.999999881],"scale":0.853487015,"type":"tree_aspen_forest_b"}
{"pos":[177.080307,126.952965,252.671387],"rotationMatrix":[-0.951561868,0.30745694,0,-0.30745694,-0.951561868,0,0,0,0.999999881],"scale":0.945936918,"type":"tree_aspen_forest_b"}
{"pos":[337.705322,72.7710953,257.953308],"rotationMatrix":[-0.164338678,-0.986403883,0,0.986403883,-0.164338678,0,0,0,0.999999881],"scale":1.01327121,"type":"tree_aspen_forest_b"}
{"pos":[355.040039,59.9400253,257.497101],"rotationMatrix":[-0.393657178,0.919257224,0,-0.919257224,-0.393657178,0,0,0,0.999999881],"scale":1.11109424,"type":"tree_aspen_forest_b"}
{"pos":[340.906128,78.631752,258.073181],"rotationMatrix":[-0.99068445,0.136176854,0,-0.136176854,-0.99068445,0,0,0,0.999999881],"scale":0.887158453,"type":"tree_aspen_forest_b"}
{"pos":[344.965332,64.6136246,256.699768],"rotationMatrix":[-0.924853742,-0.380322903,0,0.380322903,-0.924853742,0,0,0,0.999999881],"scale":0.865614474,"type":"tree_aspen_forest_b"}
{"pos":[329.919373,66.2642441,257.10965],"rotationMatrix":[-0.0159484204,-0.999872684,0,0.999872684,-0.0159484204,0,0,0,0.999999881],"scale":1.14602864,"type":"tree_aspen_forest_b"}
{"pos":[338.271729,61.9757118,257.95697],"rotationMatrix":[0.999606133,-0.0280599389,0,0.0280599389,0.999606133,0,0,0,0.999999881],"scale":1.11924887,"type":"tree_aspen_forest_b"}
{"pos":[328.415771,78.5926361,255.967606],"rotationMatrix":[-0.384821177,0.922991037,0,-0.922991037,-0.384821177,0,0,0,0.999999881],"scale":0.830367982,"type":"tree_aspen_forest_b"}
{"pos":[309.31311,79.1891174,255.615845],"rotationMatrix":[0.417836189,-0.908522248,0,0.908522248,0.417836189,0,0,0,0.999999881],"scale":1.02563119,"type":"tree_aspen_forest_b"}
{"pos":[311.983185,74.7803192,256.65036],"rotationMatrix":[-0.69689256,-0.717175543,0,0.717175543,-0.69689256,0,0,0,0.999999881],"scale":0.997254133,"type":"tree_aspen_forest_b"}
{"pos":[409.170441,38.0868568,250.268417],"rotationMatrix":[-0.0360937975,0.999348283,0,-0.999348283,-0.0360937975,0,0,0,0.999999881],"scale":1.04918337,"type":"tree_aspen_forest_b"}
{"pos":[288.743713,240.978424,251.082703],"rotationMatrix":[0.0237739626,-0.999717295,0,0.999717295,0.0237739626,0,0,0,0.999999881],"scale":0.923573077,"type":"tree_aspen_forest_b"}
{"pos":[309.877716,211.12999,262.938293],"rotationMatrix":[-0.163720131,-0.98650676,0,0.98650676,-0.163720131,0,0,0,0.999999881],"scale":1.00792313,"type":"tree_aspen_forest_b"}
{"pos":[236.083679,207.913147,250.012451],"rotationMatrix":[0.463051051,-0.886331499,0,0.886331499,0.463051051,0,0,0,0.999999881],"scale":1.10530841,"type":"tree_aspen_forest_b"}
{"pos":[327.320496,200.650696,263.079254],"rotationMatrix":[-0.803731263,0.59499234,0,-0.59499234,-0.803731263,0,0,0,0.999999881],"scale":1.1342752,"type":"tree_aspen_forest_b"}
{"pos":[334.552917,223.576569,263.97348],"rotationMatrix":[0.842724979,0.538344324,0,-0.538344324,0.842724979,0,0,0,0.999999881],"scale":1.09985149,"type":"tree_aspen_forest_b"}
{"pos":[418.406708,99.8172913,256.204559],"rotationMatrix":[0.226930156,0.973910987,0,-0.973910987,0.226930156,0,0,0,0.999999881],"scale":1.17459917,"type":"tree_aspen_forest_b"}
{"pos":[381.618286,174.260117,263.035065],"rotationMatrix":[0.502977312,-0.864299536,0,0.864299536,0.502977312,0,0,0,0.999999881],"scale":1.15797019,"type":"tree_aspen_forest_b"}
{"pos":[361.414185,163.631409,261.896729],"rotationMatrix":[0.942102492,-0.335324734,0,0.335324734,0.942102492,0,0,0,0.999999881],"scale":0.854101658,"type":"tree_aspen_forest_b"}
{"pos":[370.140472,160.651382,263.549103],"rotationMatrix":[0.475658417,-0.87962991,0,0.87962991,0.475658417,0,0,0,0.999999881],"scale":0.942917287,"type":"tree_aspen_forest_b"}
{"pos":[358.555023,182.921677,262.144104],"rotationMatrix":[-0.575653851,-0.817693353,0,0.817693353,-0.575653851,0,0,0,0.999999881],"scale":0.90809387,"type":"tree_aspen_forest_b"}
{"pos":[373.775269,198.680008,263.967041],"rotationMatrix":[-0.331340969,0.94351095,0,-0.94351095,-0.331340969,0,0,0,0.999999881],"scale":0.850312769,"type":"tree_aspen_forest_b"}
{"pos":[372.112732,206.904877,263.202209],"rotationMatrix":[-0.992927253,-0.11872346,0,0.11872346,-0.992927253,0,0,0,0.999999881],"scale":0.844587803,"type":"tree_aspen_forest_b"}
{"pos":[384.262634,206.051605,262.143311],"rotationMatrix":[-0.95153743,0.307532728,0,-0.307532728,-0.95153743,0,0,0,0.999999881],"scale":1.05610466,"type":"tree_aspen_forest_b"}
{"pos":[379.782227,199.819794,262.641052],"rotationMatrix":[-0.909844697,-0.414948881,0,0.414948881,-0.909844697,0,0,0,0.999999881],"scale":0.974824309,"type":"tree_aspen_forest_b"}
{"pos":[378.323181,195.639206,262.394806],"rotationMatrix":[0.997771025,0.0667288601,0,-0.0667288601,0.997771025,0,0,0,0.999999881],"scale":0.810398638,"type":"tree_aspen_forest_b"}
{"pos":[387.366547,193.979462,262.601715],"rotationMatrix":[-0.794112504,-0.607770562,0,0.607770562,-0.794112504,0,0,0,0.999999881],"scale":1.04157639,"type":"tree_aspen_forest_b"}
{"pos":[379.847229,202.862885,261.926758],"rotationMatrix":[0.978919327,-0.204246864,0,0.204246864,0.978919327,0,0,0,0.999999881],"scale":1.19692659,"type":"tree_aspen_forest_b"}
{"pos":[410.832581,214.193085,262.886322],"rotationMatrix":[0.92203635,0.387103319,0,-0.387103319,0.92203635,0,0,0,0.999999881],"scale":0.984983921,"type":"tree_aspen_forest_b"}
{"pos":[405.082977,177.112366,258.444275],"rotationMatrix":[-0.848901927,-0.528550386,0,0.528550386,-0.848901927,0,0,0,0.999999881],"scale":1.10422766,"type":"tree_aspen_forest_b"}
{"pos":[396.646088,233.6082,263.415314],"rotationMatrix":[0.105923578,0.994374216,0,-0.994374216,0.105923578,0,0,0,0.999999881],"scale":1.03281438,"type":"tree_aspen_forest_b"}
{"pos":[473.414398,60.701088,261.954498],"rotationMatrix":[-0.27283752,0.962060034,0,-0.962060034,-0.27283752,0,0,0,0.999999881],"scale":1.17998123,"type":"tree_aspen_forest_b"}
{"pos":[-180.06842,-52.4295883,254.247849],"rotationMatrix":[-0.118303902,-0.992977381,0,0.992977381,-0.118303902,0,0,0,0.999999881],"scale":0.880228281,"type":"tree_aspen_forest_b"}
{"pos":[-163.485291,-61.7479591,255.579941],"rotationMatrix":[-0.992186368,-0.124763817,0,0.124763817,-0.992186368,0,0,0,0.999999881],"scale":1.10816181,"type":"tree_aspen_forest_b"}
{"pos":[-143.116302,-54.0664062,255.90451],"rotationMatrix":[0.718391001,0.695639551,0,-0.695639551,0.718391001,0,0,0,0.999999881],"scale":1.07619548,"type":"tree_aspen_forest_b"}
{"pos":[-133.472961,-50.3485374,254.672821],"rotationMatrix":[0.531706512,0.846928716,0,-0.846928716,0.531706512,0,0,0,0.999999881],"scale":1.03387022,"type":"tree_aspen_forest_b"}
{"pos":[-179.751968,-50.3139954,254.643356],"rotationMatrix":[-0.765372157,0.643587649,0,-0.643587649,-0.765372157,0,0,0,0.999999881],"scale":0.884245038,"type":"tree_aspen_forest_b"}
{"pos":[-186.637848,-57.8217697,254.580093],"rotationMatrix":[-0.182322934,0.983238637,0,-0.983238637,-0.182322934,0,0,0,0.999999881],"scale":0.965186596,"type":"tree_aspen_forest_b"}
{"pos":[-240.776306,-53.4691315,254.584793],"rotationMatrix":[0.843306899,0.537432194,0,-0.537432194,0.843306899,0,0,0,0.999999881],"scale":0.913804173,"type":"tree_aspen_forest_b"}
{"pos":[-238.054001,-53.3611946,254.038071],"rotationMatrix":[0.13763909,0.99048239,0,-0.99048239,0.13763909,0,0,0,0.999999881],"scale":1.07797706,"type":"tree_aspen_forest_b"}
{"pos":[-253.740646,11.8896217,250.698151],"rotationMatrix":[-0.11903397,0.99289006,0,-0.99289006,-0.11903397,0,0,0,0.999999881],"scale":0.848611355,"type":"tree_aspen_forest_b"}
{"pos":[-239.236328,-11.8666315,250.908875],"rotationMatrix":[0.99078244,0.135462061,0,-0.135462061,0.99078244,0,0,0,0.999999881],"scale":0.988738894,"type":"tree_aspen_forest_b"}
{"pos":[-228.70752,-8.70838165,250.243362],"rotationMatrix":[-0.991721928,-0.128403559,0,0.128403559,-0.991721928,0,0,0,0.999999881],"scale":1.01405728,"type":"tree_aspen_forest_b"}
{"pos":[-224.027786,-4.05048466,248.643005],"rotationMatrix":[-0.88691777,0.461927056,0,-0.461927056,-0.88691777,0,0,0,0.999999881],"scale":0.849711418,"type":"tree_aspen_forest_b"}
{"pos":[-217.785736,-8.86634254,248.549835],"rotationMatrix":[0.230080828,0.973171532,0,-0.973171532,0.230080828,0,0,0,0.999999881],"scale":0.935888767,"type":"tree_aspen_forest_b"}
{"pos":[-188.267929,5.02201605,248.294876],"rotationMatrix":[-0.789133132,-0.61422199,0,0.61422199,-0.789133132,0,0,0,0.999999881],"scale":0.948721409,"type":"tree_aspen_forest_b"}
{"pos":[-122.268684,3.54720116,249.848145],"rotationMatrix":[0.849681079,-0.527296782,0,0.527296782,0.849681079,0,0,0,0.999999881],"scale":0.919357002,"type":"tree_aspen_forest_b"}
{"pos":[-38.2831383,-19.5335159,249.368179],"rotationMatrix":[-0.704241455,-0.70996052,0,0.70996052,-0.704241455,0,0,0,0.999999881],"scale":1.00285161,"type":"tree_aspen_forest_b"}
{"pos":[-297.397919,-0.278164864,255.344147],"rotationMatrix":[-0.468585849,-0.883417904,0,0.883417904,-0.468585849,0,0,0,0.999999881],"scale":1.05449522,"type":"tree_aspen_forest_b"}
{"pos":[-291.336914,-4.21699238,253.55249],"rotationMatrix":[-0.108712763,-0.994073093,0,0.994073093,-0.108712763,0,0,0,0.999999881],"scale":1.05798602,"type":"tree_aspen_forest_b"}
{"pos":[-318.916687,-0.732762337,256.595184],"rotationMatrix":[0.983148277,0.182809561,0,-0.182809561,0.983148277,0,0,0,0.999999881],"scale":0.809896708,"type":"tree_aspen_forest_b"}
{"pos":[-305.329346,13.6820078,254.40152],"rotationMatrix":[0.54184562,0.840478003,0,-0.840478003,0.54184562,0,0,0,0.999999881],"scale":1.09396195,"type":"tree_aspen_forest_b"}
{"pos":[-299.16922,11.2788858,253.929626],"rotationMatrix":[0.838050961,0.54559195,0,-0.54559195,0.838050961,0,0,0,0.999999881],"scale":0.801685691,"type":"tree_aspen_forest_b"}
{"pos":[-316.115509,18.9401474,254.570282],"rotationMatrix":[0.227428168,-0.973794758,0,0.973794758,0.227428168,0,0,0,0.999999881],"scale":1.07356906,"type":"tree_aspen_forest_b"}
{"pos":[-299.316162,-12.262949,255.009064],"rotationMatrix":[0.619884253,-0.784693182,0,0.784693182,0.619884253,0,0,0,0.999999881],"scale":1.192397,"type":"tree_aspen_forest_b"}
{"pos":[-338.444611,-8.28915119,257.529633],"rotationMatrix":[0.531995237,0.846747398,0,-0.846747398,0.531995237,0,0,0,0.999999881],"scale":1.11410522,"type":"tree_aspen_forest_b"}
{"pos":[-347.213928,-13.758358,258.831696],"rotationMatrix":[0.669097483,-0.743174613,0,0.743174613,0.669097483,0,0,0,0.999999881],"scale":1.17322004,"type":"tree_aspen_forest_b"}
{"pos":[-331.146576,4.07444572,256.848846],"rotationMatrix":[-0.270540059,-0.962708652,0,0.962708652,-0.270540059,0,0,0,0.999999881],"scale":0.966280103,"type":"tree_aspen_forest_b"}
{"pos":[-364.228424,0.309298515,259.648376],"rotationMatrix":[0.955085695,-0.296329439,0,0.296329439,0.955085695,0,0,0,0.999999881],"scale":1.14625037,"type":"tree_aspen_forest_b"}
{"pos":[-588.345032,45.8268776,260.950836],"rotationMatrix":[-0.717264354,0.696801066,0,-0.696801066,-0.717264354,0,0,0,0.999999881],"scale":1.17531455,"type":"tree_aspen_forest_b"}
{"pos":[-609.36084,61.9795151,262.221771],"rotationMatrix":[-0.887834311,-0.460163057,0,0.460163057,-0.887834311,0,0,0,0.999999881],"scale":0.82897222,"type":"tree_aspen_forest_b"}
{"pos":[-322.717651,59.220932,256.635712],"rotationMatrix":[-0.511938632,-0.859021962,0,0.859021962,-0.511938632,0,0,0,0.999999881],"scale":1.09046888,"type":"tree_aspen_forest_b"}
{"pos":[-300.979828,51.7806969,255.927307],"rotationMatrix":[-0.975356162,-0.220636114,0,0.220636114,-0.975356162,0,0,0,0.999999881],"scale":0.914311111,"type":"tree_aspen_forest_b"}
{"pos":[-281.470276,49.3282051,252.545135],"rotationMatrix":[0.583157539,0.812359035,0,-0.812359035,0.583157539,0,0,0,0.999999881],"scale":1.07230818,"type":"tree_aspen_forest_b"}
{"pos":[40.5663338,44.7717438,252.943527],"rotationMatrix":[-0.495848805,0.86840874,0,-0.86840874,-0.495848805,0,0,0,0.999999881],"scale":0.691258669,"type":"tree_aspen_forest_b"}
{"pos":[-315.975372,-84.1173782,259.421936],"rotationMatrix":[0.9996714,-0.0256274939,0,0.0256274939,0.9996714,0,0,0,0.999999881],"scale":1.08702552,"type":"tree_aspen_forest_b"}
{"pos":[-430.367828,-44.7835274,262.20639],"rotationMatrix":[-0.549304962,-0.835621953,0,0.835621953,-0.549304962,0,0,0,0.999999881],"scale":0.925863981,"type":"tree_aspen_forest_b"}
{"pos":[-247.325409,-128.33432,291.507202],"rotationMatrix":[-0.223079622,-0.974800169,0,0.974800169,-0.223079622,0,0,0,0.999999881],"scale":1.0409416,"type":"tree_aspen_forest_b"}
{"pos":[-266.665283,-126.231384,287.577698],"rotationMatrix":[0.921472013,-0.388444483,0,0.388444483,0.921472013,0,0,0,0.999999881],"scale":1.13372588,"type":"tree_aspen_forest_b"}
{"pos":[-301.169861,-146.898163,282.916687],"rotationMatrix":[0.419543207,-0.907735229,0,0.907735229,0.419543207,0,0,0,0.999999881],"scale":1.19780707,"type":"tree_aspen_forest_b"}
{"pos":[-252.062408,-184.501602,283.077545],"rotationMatrix":[-0.407271355,-0.913307071,0,0.913307071,-0.407271355,0,0,0,0.999999881],"scale":0.934658885,"type":"tree_aspen_forest_b"}
{"pos":[-227.509613,-175.481613,280.564056],"rotationMatrix":[0.999142945,-0.0413900353,0,0.0413900353,0.999142945,0,0,0,0.999999881],"scale":0.927370548,"type":"tree_aspen_forest_b"}
{"pos":[-223.413589,-174.336227,281.089478],"rotationMatrix":[0.486522675,-0.873667836,0,0.873667836,0.486522675,0,0,0,0.999999881],"scale":1.14922059,"type":"tree_aspen_forest_b"}
{"pos":[-156.130264,-171.462097,273.19516],"rotationMatrix":[0.049468495,-0.998775601,0,0.998775601,0.049468495,0,0,0,0.999999881],"scale":1.09395754,"type":"tree_aspen_forest_b"}
{"pos":[-158.803162,-154.775543,273.580994],"rotationMatrix":[0.833813548,0.55204612,0,-0.55204612,0.833813548,0,0,0,0.999999881],"scale":1.05851591,"type":"tree_aspen_forest_b"}
{"pos":[-144.121353,-174.317841,273.332916],"rotationMatrix":[0.328827173,-0.944389999,0,0.944389999,0.328827173,0,0,0,0.999999881],"scale":1.02629423,"type":"tree_aspen_forest_b"}
{"pos":[-131.507538,-157.349243,272.947144],"rotationMatrix":[0.971445918,0.237260789,0,-0.237260789,0.971445918,0,0,0,0.999999881],"scale":1.18813348,"type":"tree_aspen_forest_b"}
{"pos":[-115.921661,-174.364578,272.550842],"rotationMatrix":[0.943828642,-0.330434978,0,0.330434978,0.943828642,0,0,0,0.999999881],"scale":1.08468115,"type":"tree_aspen_forest_b"}
{"pos":[-107.565567,-165.882156,271.168793],"rotationMatrix":[-0.733988464,-0.679161787,0,0.679161787,-0.733988464,0,0,0,0.999999881],"scale":1.12533998,"type":"tree_aspen_forest_b"}
{"pos":[-123.452728,-167.315735,272.7117],"rotationMatrix":[0.908687651,-0.417476296,0,0.417476296,0.908687651,0,0,0,0.999999881],"scale":0.840548813,"type":"tree_aspen_forest_b"}
{"pos":[-95.2755661,-171.631073,270.061493],"rotationMatrix":[-0.773280442,0.634064078,0,-0.634064078,-0.773280442,0,0,0,0.999999881],"scale":1.08313859,"type":"tree_aspen_forest_b"}
{"pos":[-423.736816,-184.792526,267.240997],"rotationMatrix":[-0.19065468,0.981657088,0,-0.981657088,-0.19065468,0,0,0,0.999999881],"scale":0.83303684,"type":"tree_aspen_forest_b"}
{"pos":[-401.08606,-175.544876,268.446381],"rotationMatrix":[-0.790368974,-0.612630963,0,0.612630963,-0.790368974,0,0,0,0.999999881],"scale":1.10144913,"type":"tree_aspen_forest_b"}
{"pos":[-405.753571,-189.241013,270.326569],"rotationMatrix":[-0.505079865,0.863072455,0,-0.863072455,-0.505079865,0,0,0,0.999999881],"scale":1.11012185,"type":"tree_aspen_forest_b"}
{"pos":[-394.929901,-172.875076,267.911865],"rotationMatrix":[0.847037852,0.531532526,0,-0.531532526,0.847037852,0,0,0,0.999999881],"scale":0.999167323,"type":"tree_aspen_forest_b"}
{"pos":[-383.926971,-169.690079,267.945526],"rotationMatrix":[-0.940992773,0.338426501,0,-0.338426501,-0.940992773,0,0,0,0.999999881],"scale":0.858475268,"type":"tree_aspen_forest_b"}
{"pos":[-372.197937,-163.652985,269.545502],"rotationMatrix":[-0.990518928,0.137375697,0,-0.137375697,-0.990518928,0,0,0,0.999999881],"scale":0.837367952,"type":"tree_aspen_forest_b"}
{"pos":[-354.730255,-144.878906,265.650024],"rotationMatrix":[0.112838402,0.993613303,0,-0.993613303,0.112838402,0,0,0,0.999999881],"scale":1.08107281,"type":"tree_aspen_forest_b"}
{"pos":[-354.012909,-148.612976,267.586823],"rotationMatrix":[0.285874635,-0.958266973,0,0.958266973,0.285874635,0,0,0,0.999999881],"scale":0.813836694,"type":"tree_aspen_forest_b"}
{"pos":[-331.215454,-130.858276,261.929779],"rotationMatrix":[-0.277324736,0.96077615,0,-0.96077615,-0.277324736,0,0,0,0.999999881],"scale":1.04470658,"type":"tree_aspen_forest_b"}
{"pos":[-328.099274,-116.279655,260.135986],"rotationMatrix":[0.194210291,-0.980959833,0,0.980959833,0.194210291,0,0,0,0.999999881],"scale":0.935386539,"type":"tree_aspen_forest_b"}
{"pos":[-308.504059,-123.37915,261.293884],"rotationMatrix":[-0.989726305,-0.142974257,0,0.142974257,-0.989726305,0,0,0,0.999999881],"scale":1.13240254,"type":"tree_aspen_forest_b"}
{"pos":[-289.298309,-108.042137,257.487],"rotationMatrix":[-0.278939307,-0.960308611,0,0.960308611,-0.278939307,0,0,0,0.999999881],"scale":1.18964279,"type":"tree_aspen_forest_b"}
{"pos":[-295.354248,-101.299072,256.753906],"rotationMatrix":[-0.990578711,-0.136944041,0,0.136944041,-0.990578711,0,0,0,0.999999881],"scale":0.945510507,"type":"tree_aspen_forest_b"}
{"pos":[-177.914627,-153.765244,272.337463],"rotationMatrix":[0.937281668,0.348572731,0,-0.348572731,0.937281668,0,0,0,0.999999881],"scale":0.973471761,"type":"tree_aspen_forest_b"}
{"pos":[-150.4935,-287.211609,262.788727],"rotationMatrix":[0.916647613,-0.399696201,0,0.399696201,0.916647613,0,0,0,0.999999881],"scale":1.17035806,"type":"tree_aspen_forest_b"}
{"pos":[-172.942642,-289.713806,263.67807],"rotationMatrix":[-0.191923037,0.981409848,0,-0.981409848,-0.191923037,0,0,0,0.999999881],"scale":1.0139184,"type":"tree_aspen_forest_b"}
{"pos":[-193.988083,-299.28479,263.574585],"rotationMatrix":[-0.941857159,0.336013407,0,-0.336013407,-0.941857159,0,0,0,0.999999881],"scale":0.913612604,"type":"tree_aspen_forest_b"}
{"pos":[-231.524277,-276.31012,263.470734],"rotationMatrix":[-0.985721588,0.168382794,0,-0.168382794,-0.985721588,0,0,0,0.999999881],"scale":0.969804645,"type":"tree_aspen_forest_b"}
{"pos":[-199.357834,-289.221588,265.068573],"rotationMatrix":[-0.958959281,-0.283543617,0,0.283543617,-0.958959281,0,0,0,0.999999881],"scale":0.831943333,"type":"tree_aspen_forest_b"}
{"pos":[-157.142746,-266.526459,263.808533],"rotationMatrix":[0.482001334,-0.876170337,0,0.876170337,0.482001334,0,0,0,0.999999881],"scale":1.0166024,"type":"tree_aspen_forest_b"}
{"pos":[-135.402985,-278.100739,261.927094],"rotationMatrix":[-0.817136765,0.576443553,0,-0.576443553,-0.817136765,0,0,0,0.999999881],"scale":1.14444935,"type":"tree_aspen_forest_b"}
{"pos":[-120.465706,-274.818909,263.459229],"rotationMatrix":[-0.675647378,0.737224877,0,-0.737224877,-0.675647378,0,0,0,0.999999881],"scale":0.904990017,"type":"tree_aspen_forest_b"}
{"pos":[-104.26931,-279.515808,263.064301],"rotationMatrix":[-0.464373529,0.88563931,0,-0.88563931,-0.464373529,0,0,0,0.999999881],"scale":0.913258731,"type":"tree_aspen_forest_b"}
{"pos":[-76.4056854,-274.965179,263.571655],"rotationMatrix":[-0.999382079,-0.0351455845,0,0.0351455845,-0.999382079,0,0,0,0.999999881],"scale":1.00381434,"type":"tree_aspen_forest_b"}
{"pos":[-73.4728241,-284.360413,264.411713],"rotationMatrix":[-0.714984179,-0.699140608,0,0.699140608,-0.714984179,0,0,0,0.999999881],"scale":1.17111135,"type":"tree_aspen_forest_b"}
{"pos":[-184.468689,-305.113007,262.779053],"rotationMatrix":[0.700993598,0.713167548,0,-0.713167548,0.700993598,0,0,0,0.999999881],"scale":1.03070378,"type":"tree_aspen_forest_b"}
{"pos":[-236.731308,-307.956726,261.725372],"rotationMatrix":[0.994783401,-0.102008931,0,0.102008931,0.994783401,0,0,0,0.999999881],"scale":1.15135324,"type":"tree_aspen_forest_b"}
{"pos":[-264.52951,-275.713562,262.872528],"rotationMatrix":[-0.989289641,0.145965382,0,-0.145965382,-0.989289641,0,0,0,0.999999881],"scale":0.813629806,"type":"tree_aspen_forest_b"}
{"pos":[-288.487915,-272.026398,263.614197],"rotationMatrix":[-0.0817637369,0.996651709,0,-0.996651709,-0.0817637369,0,0,0,0.999999881],"scale":1.18658078,"type":"tree_aspen_forest_b"}
{"pos":[-527.585205,-333.387909,283.528229],"rotationMatrix":[0.250706017,-0.968063176,0,0.968063176,0.250706017,0,0,0,0.999999881],"scale":0.89726907,"type":"tree_aspen_forest_b"}
{"pos":[-542.731689,-347.405762,285.325073],"rotationMatrix":[0.501792789,0.86498785,0,-0.86498785,0.501792789,0,0,0,0.999999881],"scale":1.03074205,"type":"tree_aspen_forest_b"}
{"pos":[-556.573242,-352.232574,285.562286],"rotationMatrix":[0.999841869,-0.0177756585,0,0.0177756585,0.999841869,0,0,0,0.999999881],"scale":1.19767928,"type":"tree_aspen_forest_b"}
{"pos":[-574.640991,-348.029053,284.612976],"rotationMatrix":[-0.860910237,-0.508756638,0,0.508756638,-0.860910237,0,0,0,0.999999881],"scale":1.15129578,"type":"tree_aspen_forest_b"}
{"pos":[-586.202393,-339.491302,282.191345],"rotationMatrix":[-0.990937412,0.134324118,0,-0.134324118,-0.990937412,0,0,0,0.999999881],"scale":0.846522093,"type":"tree_aspen_forest_b"}
{"pos":[-604.605103,-332.250275,282.631836],"rotationMatrix":[0.703566849,-0.710628927,0,0.710628927,0.703566849,0,0,0,0.999999881],"scale":0.914660096,"type":"tree_aspen_forest_b"}
{"pos":[-618.214294,-324.694641,283.025848],"rotationMatrix":[-0.589445889,0.807807624,0,-0.807807624,-0.589445889,0,0,0,0.999999881],"scale":1.15853179,"type":"tree_aspen_forest_b"}
{"pos":[-623.328674,-321.623718,284.435638],"rotationMatrix":[-0.641877294,-0.766807318,0,0.766807318,-0.641877294,0,0,0,0.999999881],"scale":1.14976358,"type":"tree_aspen_forest_b"}
{"pos":[-680.726318,-170.449432,267.684479],"rotationMatrix":[-0.999987483,-0.00498951552,0,0.00498951552,-0.999987483,0,0,0,0.999999881],"scale":1.19587839,"type":"tree_aspen_forest_b"}
{"pos":[-622.962036,-113.969162,266.815094],"rotationMatrix":[-0.426627308,0.904427409,0,-0.904427409,-0.426627308,0,0,0,0.999999881],"scale":1.04890716,"type":"tree_aspen_forest_b"}
{"pos":[-672.030396,-117.69622,268.277466],"rotationMatrix":[-0.948459685,-0.316897601,0,0.316897601,-0.948459685,0,0,0,0.999999881],"scale":0.952139795,"type":"tree_aspen_forest_b"}
{"pos":[-675.504944,-118.217087,269.368073],"rotationMatrix":[0.896578908,-0.44288379,0,0.44288379,0.896578908,0,0,0,0.999999881],"scale":0.943302453,"type":"tree_aspen_forest_b"}
{"pos":[-658.787231,-105.735458,269.335663],"rotationMatrix":[-0.485384852,0.87430042,0,-0.87430042,-0.485384852,0,0,0,0.999999881],"scale":1.08017302,"type":"tree_aspen_forest_b"}
{"pos":[-653.466431,-104.46962,268.916443],"rotationMatrix":[-0.22317116,0.974779189,0,-0.974779189,-0.22317116,0,0,0,0.999999881],"scale":1.04709411,"type":"tree_aspen_forest_b"}
{"pos":[-627.440063,-109.709534,267.853729],"rotationMatrix":[0.19630377,-0.980543017,0,0.980543017,0.19630377,0,0,0,0.999999881],"scale":1.01746452,"type":"tree_aspen_forest_b"}
{"pos":[-656.149719,-98.6372681,268.360535],"rotationMatrix":[-0.999999464,0.000964251929,0,-0.000964251929,-0.999999464,0,0,0,0.999999881],"scale":1.13454771,"type":"tree_aspen_forest_b"}
{"pos":[-671.791992,-107.775894,268.19754],"rotationMatrix":[0.156721234,-0.987642705,0,0.987642705,0.156721234,0,0,0,0.999999881],"scale":0.96602571,"type":"tree_aspen_forest_b"}
{"pos":[-692.403809,-109.046791,271.017731],"rotationMatrix":[0.999924302,-0.0122941649,0,0.0122941649,0.999924302,0,0,0,0.999999881],"scale":1.10786664,"type":"tree_aspen_forest_b"}
{"pos":[-709.561462,-152.385803,271.980774],"rotationMatrix":[-0.519332647,-0.854572117,0,0.854572117,-0.519332647,0,0,0,0.999999881],"scale":0.828861415,"type":"tree_aspen_forest_b"}
{"pos":[-703.605164,-164.033936,272.494293],"rotationMatrix":[0.238776043,0.971074641,0,-0.971074641,0.238776043,0,0,0,0.999999881],"scale":1.02531803,"type":"tree_aspen_forest_b"}
{"pos":[-710.091858,-163.608856,271.148834],"rotationMatrix":[-0.327494085,-0.944853127,0,0.944853127,-0.327494085,0,0,0,0.999999881],"scale":1.07992899,"type":"tree_aspen_forest_b"}
{"pos":[-700.112976,-182.617462,271.802124],"rotationMatrix":[0.101980135,-0.994786322,0,0.994786322,0.101980135,0,0,0,0.999999881],"scale":0.999438286,"type":"tree_aspen_forest_b"}
{"pos":[-685.467468,-167.333801,268.52359],"rotationMatrix":[-0.419134706,-0.907923877,0,0.907923877,-0.419134706,0,0,0,0.999999881],"scale":1.09415853,"type":"tree_aspen_forest_b"}
{"pos":[-677.964111,-132.759735,269.118408],"rotationMatrix":[0.0173614193,0.9998492,0,-0.9998492,0.0173614193,0,0,0,0.999999881],"scale":0.947253168,"type":"tree_aspen_forest_b"}
{"pos":[-670.62561,-143.614471,268.137543],"rotationMatrix":[-0.971663177,0.236369714,0,-0.236369714,-0.971663177,0,0,0,0.999999881],"scale":0.89079988,"type":"tree_aspen_forest_b"}
{"pos":[-94.4365845,-215.740524,271.838654],"rotationMatrix":[0.934117377,0.35696581,0,-0.35696581,0.934117377,0,0,0,0.999999881],"scale":0.87518692,"type":"tree_aspen_forest_b"}
{"pos":[-126.804611,-217.493179,272.960632],"rotationMatrix":[-0.67701757,-0.735966861,0,0.735966861,-0.67701757,0,0,0,0.999999881],"scale":1.12049615,"type":"tree_aspen_forest_b"}
{"pos":[-365.052277,-72.8256531,261.588348],"rotationMatrix":[0.881288588,-0.472578257,0,0.472578257,0.881288588,0,0,0,0.999999881],"scale":1.17708433,"type":"tree_aspen_forest_b"}
{"pos":[-295.2323,-308.904083,300.438263],"rotationMatrix":[0.69164294,-0.722239435,0,0.722239435,0.69164294,0,0,0,0.999999881],"scale":0.939346433,"type":"tree_aspen_forest_b"}
{"pos":[-288.863251,-304.349274,300.032776],"rotationMatrix":[-0.8931216,0.449815303,0,-0.449815303,-0.8931216,0,0,0,0.999999881],"scale":1.18128932,"type":"tree_aspen_forest_b"}
{"pos":[-287.115784,-313.61557,302.310913],"rotationMatrix":[0.050537657,-0.998722017,0,0.998722017,0.050537657,0,0,0,0.999999881],"scale":1.10905051,"type":"tree_aspen_forest_b"}
{"pos":[-183.51944,-340.648987,291.092529],"rotationMatrix":[-0.965311706,-0.261099905,0,0.261099905,-0.965311706,0,0,0,0.999999881],"scale":1.0684917,"type":"tree_aspen_forest_b"}
{"pos":[-156.367615,-320.047791,290.269287],"rotationMatrix":[0.768995881,0.639253736,0,-0.639253736,0.768995881,0,0,0,0.999999881],"scale":0.9848001,"type":"tree_aspen_forest_b"}
{"pos":[-161.008331,-357.942474,290.40921],"rotationMatrix":[0.175634295,-0.984455407,0,0.984455407,0.175634295,0,0,0,0.999999881],"scale":1.04964936,"type":"tree_aspen_forest_b"}
{"pos":[-95.7548828,-369.272858,283.707245],"rotationMatrix":[0.212653995,-0.977127492,0,0.977127492,0.212653995,0,0,0,0.999999881],"scale":1.11196816,"type":"tree_aspen_forest_b"}
{"pos":[-57.3516769,-343.32785,284.416229],"rotationMatrix":[0.883155167,-0.469080806,0,0.469080806,0.883155167,0,0,0,0.999999881],"scale":1.19752681,"type":"tree_aspen_forest_b"}
{"pos":[-91.612648,-326.449646,285.630341],"rotationMatrix":[0.97177279,0.235918611,0,-0.235918611,0.97177279,0,0,0,0.999999881],"scale":1.09997547,"type":"tree_aspen_forest_b"}
{"pos":[-100.258072,-312.031708,284.770844],"rotationMatrix":[-0.993352473,0.115111746,0,-0.115111746,-0.993352473,0,0,0,0.999999881],"scale":0.809689343,"type":"tree_aspen_forest_b"}
{"pos":[-116.761642,-316.601349,284.938812],"rotationMatrix":[-0.362012982,0.932172954,0,-0.932172954,-0.362012982,0,0,0,0.999999881],"scale":0.939825714,"type":"tree_aspen_forest_b"}
{"pos":[-107.604881,-354.116302,282.97052],"rotationMatrix":[-0.519805253,0.854284585,0,-0.854284585,-0.519805253,0,0,0,0.999999881],"scale":1.06152153,"type":"tree_aspen_forest_b"}
{"pos":[124.840637,-301.7948,272.977692],"rotationMatrix":[-0.41236943,0.911016583,0,-0.911016583,-0.41236943,0,0,0,0.999999881],"scale":0.983225465,"type":"tree_aspen_forest_b"}
{"pos":[80.9928818,-322.154388,274.25946],"rotationMatrix":[-0.342881411,0.93937856,0,-0.93937856,-0.342881411,0,0,0,0.999999881],"scale":0.934743404,"type":"tree_aspen_forest_b"}
{"pos":[90.6329956,-324.239563,273.940216],"rotationMatrix":[0.383412242,0.923577368,0,-0.923577368,0.383412242,0,0,0,0.999999881],"scale":1.06454098,"type":"tree_aspen_forest_b"}
