{"pos":[343.364807,87.2187958,258.18042],"rotationMatrix":[-0.0561750308,0.998420775,0,-0.998420775,-0.0561750308,0,0,0,0.999999881],"scale":1.15786839,"type":"tree_aspen_small_b"}
{"pos":[327.263977,101.03273,256.924042],"rotationMatrix":[0.233249485,0.972416937,0,-0.972416937,0.233249485,0,0,0,0.999999881],"scale":1.19876981,"type":"tree_aspen_small_b"}
{"pos":[277.186981,122.710281,254.709778],"rotationMatrix":[-0.104046844,-0.994572341,0,0.994572341,-0.104046844,0,0,0,0.999999881],"scale":1.342713,"type":"tree_aspen_small_b"}
{"pos":[163.062439,67.3980637,254.265076],"rotationMatrix":[0.666219234,0.74575597,0,-0.74575597,0.666219234,0,0,0,0.999999881],"scale":1.08014715,"type":"tree_aspen_small_b"}
{"pos":[197.987915,68.8300629,253.963501],"rotationMatrix":[-0.949170768,0.3147614,0,-0.3147614,-0.949170768,0,0,0,0.999999881],"scale":1.20996761,"type":"tree_aspen_small_b"}
{"pos":[410.611176,85.3568344,250.074829],"rotationMatrix":[0.205046475,0.978752196,0,-0.978752196,0.205046475,0,0,0,0.999999881],"scale":1.19979298,"type":"tree_aspen_small_b"}
{"pos":[344.064575,234.246658,263.249573],"rotationMatrix":[-0.597518265,0.801855087,0,-0.801855087,-0.597518265,0,0,0,0.999999881],"scale":1.1482091,"type":"tree_aspen_small_b"}
{"pos":[360.059448,227.795563,263.860901],"rotationMatrix":[0.807191014,0.590290308,0,-0.590290308,0.807191014,0,0,0,0.999999881],"scale":1.07417762,"type":"tree_aspen_small_b"}
{"pos":[415.490631,110.556465,259.022125],"rotationMatrix":[-0.832408965,-0.554161668,0,0.554161668,-0.832408965,0,0,0,0.999999881],"scale":1.34843659,"type":"tree_aspen_small_b"}
{"pos":[405.424561,142.916092,259.987915],"rotationMatrix":[-0.117076054,-0.993122876,0,0.993122876,-0.117076054,0,0,0,0.999999881],"scale":1.49377036,"type":"tree_aspen_small_b"}
{"pos":[401.908783,140.910568,260.878815],"rotationMatrix":[0.888203859,0.4594495,0,-0.4594495,0.888203859,0,0,0,0.999999881],"scale":1.06804478,"type":"tree_aspen_small_b"}
{"pos":[378.474701,169.754395,263.325134],"rotationMatrix":[-0.983521163,0.18079266,0,-0.18079266,-0.983521163,0,0,0,0.999999881],"scale":1.02502227,"type":"tree_aspen_small_b"}
{"pos":[371.943604,175.96315,263.502899],"rotationMatrix":[-0.851945877,-0.523629665,0,0.523629665,-0.851945877,0,0,0,0.999999881],"scale":1.30719042,"type":"tree_aspen_small_b"}
{"pos":[371.470856,185.185303,263.914307],"rotationMatrix":[-0.356108218,0.934444606,0,-0.934444606,-0.356108218,0,0,0,0.999999881],"scale":1.151402,"type":"tree_aspen_small_b"}
{"pos":[369.142181,202.780807,263.878693],"rotationMatrix":[-0.467583388,-0.883948803,0,0.883948803,-0.467583388,0,0,0,0.999999881],"scale":1.15455842,"type":"tree_aspen_small_b"}
{"pos":[402.694092,171.324524,260.289642],"rotationMatrix":[0.988416731,-0.151763454,0,0.151763454,0.988416731,0,0,0,0.999999881],"scale":1.15282917,"type":"tree_aspen_small_b"}
{"pos":[417.238068,175.76886,259.760529],"rotationMatrix":[-0.280628532,0.959816337,0,-0.959816337,-0.280628532,0,0,0,0.999999881],"scale":1.26078534,"type":"tree_aspen_small_b"}
{"pos":[401.506104,162.331467,260.113861],"rotationMatrix":[-0.411650598,-0.911341667,0,0.911341667,-0.411650598,0,0,0,0.999999881],"scale":1.02306831,"type":"tree_aspen_small_b"}
{"pos":[396.91803,169.187653,260.545837],"rotationMatrix":[-0.924104989,0.382138401,0,-0.382138401,-0.924104989,0,0,0,0.999999881],"scale":1.48907638,"type":"tree_aspen_small_b"}
{"pos":[458.807343,95.8547363,263.599335],"rotationMatrix":[0.977663815,-0.210174546,0,0.210174546,0.977663815,0,0,0,0.999999881],"scale":1.32545757,"type":"tree_aspen_small_b"}
{"pos":[460.745789,64.0557632,263.909393],"rotationMatrix":[0.859347701,0.511391699,0,-0.511391699,0.859347701,0,0,0,0.999999881],"scale":1.41394055,"type":"tree_aspen_small_b"}
{"pos":[459.924377,68.2121506,263.721008],"rotationMatrix":[-0.85147965,0.524387419,0,-0.524387419,-0.85147965,0,0,0,0.999999881],"scale":1.09174228,"type":"tree_aspen_small_b"}
{"pos":[253.709747,74.6070938,253.970581],"rotationMatrix":[-0.570514143,-0.821287632,0,0.821287632,-0.570514143,0,0,0,0.999999881],"scale":1.37137771,"type":"tree_aspen_small_b"}
{"pos":[-133.229156,-33.5623016,255.894623],"rotationMatrix":[0.517935395,-0.855419576,0,0.855419576,0.517935395,0,0,0,0.999999881],"scale":1.36072016,"type":"tree_aspen_small_b"}
{"pos":[-155.423126,-36.6361847,255.830597],"rotationMatrix":[0.545643747,0.838017225,0,-0.838017225,0.545643747,0,0,0,0.999999881],"scale":1.11969709,"type":"tree_aspen_small_b"}
{"pos":[-136.748215,-65.631012,255.765594],"rotationMatrix":[0.920123518,-0.391628057,0,0.391628057,0.920123518,0,0,0,0.999999881],"scale":1.18937492,"type":"tree_aspen_small_b"}
{"pos":[-170.298355,-43.5242233,255.787888],"rotationMatrix":[-0.948770821,0.315964848,0,-0.315964848,-0.948770821,0,0,0,0.999999881],"scale":1.30896449,"type":"tree_aspen_small_b"}
{"pos":[-182.116531,-56.0923309,255.993011],"rotationMatrix":[-0.976158798,-0.217057183,0,0.217057183,-0.976158798,0,0,0,0.999999881],"scale":1.20512319,"type":"tree_aspen_small_b"}
{"pos":[-216.454086,-64.3248444,255.707001],"rotationMatrix":[0.946003199,-0.32415697,0,0.32415697,0.946003199,0,0,0,0.999999881],"scale":1.04161596,"type":"tree_aspen_small_b"}
{"pos":[-223.938553,-60.950901,255.869232],"rotationMatrix":[-0.27532348,0.961351514,0,-0.961351514,-0.27532348,0,0,0,0.999999881],"scale":1.24437141,"type":"tree_aspen_small_b"}
{"pos":[-226.90181,-46.5218506,255.762253],"rotationMatrix":[0.571345508,0.820709586,0,-0.820709586,0.571345508,0,0,0,0.999999881],"scale":1.32217383,"type":"tree_aspen_small_b"}
{"pos":[-238.625412,-47.3627548,255.664444],"rotationMatrix":[-0.980810225,0.194964662,0,-0.194964662,-0.980810225,0,0,0,0.999999881],"scale":1.23567128,"type":"tree_aspen_small_b"}
{"pos":[-194.971893,-69.8914871,255.672974],"rotationMatrix":[-0.780117929,0.625632226,0,-0.625632226,-0.780117929,0,0,0,0.999999881],"scale":1.10804808,"type":"tree_aspen_small_b"}
{"pos":[-192.429489,-70.8998947,255.669495],"rotationMatrix":[0.483211637,0.8755036,0,-0.8755036,0.483211637,0,0,0,0.999999881],"scale":1.06211638,"type":"tree_aspen_small_b"}
{"pos":[-187.33905,-67.7070847,255.850845],"rotationMatrix":[-0.999579251,-0.0290020853,0,0.0290020853,-0.999579251,0,0,0,0.999999881],"scale":1.17095184,"type":"tree_aspen_small_b"}
{"pos":[-252.790939,13.5010452,251.112732],"rotationMatrix":[0.957709372,-0.287737042,0,0.287737042,0.957709372,0,0,0,0.999999881],"scale":1.46114194,"type":"tree_aspen_small_b"}
{"pos":[-192.073853,-1.99428296,249.763779],"rotationMatrix":[-0.265343994,0.964153707,0,-0.964153707,-0.265343994,0,0,0,0.999999881],"scale":1.38214934,"type":"tree_aspen_small_b"}
{"pos":[-290.039673,0.501906395,254.968079],"rotationMatrix":[0.760466158,-0.649377406,0,0.649377406,0.760466158,0,0,0,0.999999881],"scale":1.29216552,"type":"tree_aspen_small_b"}
{"pos":[-303.318878,-9.14409256,256.782074],"rotationMatrix":[-0.788891971,-0.614531815,0,0.614531815,-0.788891971,0,0,0,0.999999881],"scale":1.24070358,"type":"tree_aspen_small_b"}
{"pos":[-301.388916,2.85023785,255.992264],"rotationMatrix":[-0.962125719,-0.272606164,0,0.272606164,-0.962125719,0,0,0,0.999999881],"scale":1.03873909,"type":"tree_aspen_small_b"}
{"pos":[-310.80954,-2.37228107,257.063934],"rotationMatrix":[-0.983515799,0.180821732,0,-0.180821732,-0.983515799,0,0,0,0.999999881],"scale":1.19041443,"type":"tree_aspen_small_b"}
{"pos":[-324.486145,9.59656811,257.254364],"rotationMatrix":[0.971540153,0.236874446,0,-0.236874446,0.971540153,0,0,0,0.999999881],"scale":1.31270742,"type":"tree_aspen_small_b"}
{"pos":[-327.593414,-2.40721703,258.619629],"rotationMatrix":[0.964320302,0.264737993,0,-0.264737993,0.964320302,0,0,0,0.999999881],"scale":1.43941462,"type":"tree_aspen_small_b"}
{"pos":[-332.432861,9.14636135,257.84082],"rotationMatrix":[0.976334989,0.216263637,0,-0.216263637,0.976334989,0,0,0,0.999999881],"scale":1.09095204,"type":"tree_aspen_small_b"}
{"pos":[-361.642517,-8.77070808,261.688385],"rotationMatrix":[-0.274296969,-0.961645007,0,0.961645007,-0.274296969,0,0,0,0.999999881],"scale":1.081213,"type":"tree_aspen_small_b"}
{"pos":[-454.770142,4.94227362,261.921265],"rotationMatrix":[0.633659244,0.773612261,0,-0.773612261,0.633659244,0,0,0,0.999999881],"scale":1.24141634,"type":"tree_aspen_small_b"}
{"pos":[-474.051819,6.20477486,262.256866],"rotationMatrix":[-0.217447385,0.976071954,0,-0.976071954,-0.217447385,0,0,0,0.999999881],"scale":1.4770205,"type":"tree_aspen_small_b"}
{"pos":[-520.453796,1.7313087,262.728363],"rotationMatrix":[-0.659102857,-0.752052605,0,0.752052605,-0.659102857,0,0,0,0.999999881],"scale":1.24915683,"type":"tree_aspen_small_b"}
{"pos":[-533.952026,1.64503574,262.538391],"rotationMatrix":[0.392832816,0.919609904,0,-0.919609904,0.392832816,0,0,0,0.999999881],"scale":1.3911345,"type":"tree_aspen_small_b"}
{"pos":[-557.174622,8.42762184,262.681671],"rotationMatrix":[-0.796734214,0.604329765,0,-0.604329765,-0.796734214,0,0,0,0.999999881],"scale":1.32222486,"type":"tree_aspen_small_b"}
{"pos":[-419.518677,44.3134842,260.98819],"rotationMatrix":[-0.130038783,0.991508842,0,-0.991508842,-0.130038783,0,0,0,0.999999881],"scale":1.35736966,"type":"tree_aspen_small_b"}
{"pos":[-316.678314,54.8306084,257.878082],"rotationMatrix":[-0.801526129,-0.597959518,0,0.597959518,-0.801526129,0,0,0,0.999999881],"scale":1.05045533,"type":"tree_aspen_small_b"}
{"pos":[-207.468597,-128.054886,293.701202],"rotationMatrix":[-0.909198999,-0.416361839,0,0.416361839,-0.909198999,0,0,0,0.999999881],"scale":1.06828845,"type":"tree_aspen_small_b"}
{"pos":[-240.485687,-145.088715,293.759094],"rotationMatrix":[-0.726153731,0.687532306,0,-0.687532306,-0.726153731,0,0,0,0.999999881],"scale":1.1116538,"type":"tree_aspen_small_b"}
{"pos":[-267.369659,-121.820045,287.115051],"rotationMatrix":[-0.021012038,-0.999779165,0,0.999779165,-0.021012038,0,0,0,0.999999881],"scale":1.39414501,"type":"tree_aspen_small_b"}
{"pos":[-365.00531,-179.937744,283.289032],"rotationMatrix":[0.824119329,0.566416204,0,-0.566416204,0.824119329,0,0,0,0.999999881],"scale":1.31096721,"type":"tree_aspen_small_b"}
{"pos":[-338.305756,-183.995499,283.606171],"rotationMatrix":[-0.956992745,0.290111452,0,-0.290111452,-0.956992745,0,0,0,0.999999881],"scale":1.21475148,"type":"tree_aspen_small_b"}
{"pos":[-336.463837,-187.857178,283.698883],"rotationMatrix":[0.984184086,0.177148595,0,-0.177148595,0.984184086,0,0,0,0.999999881],"scale":1.3647356,"type":"tree_aspen_small_b"}
{"pos":[-299.914673,-191.800232,283.60614],"rotationMatrix":[0.44172892,-0.89714849,0,0.89714849,0.44172892,0,0,0,0.999999881],"scale":1.122908,"type":"tree_aspen_small_b"}
{"pos":[-289.836334,-194.720367,283.589966],"rotationMatrix":[-0.839387834,-0.543532968,0,0.543532968,-0.839387834,0,0,0,0.999999881],"scale":1.49025106,"type":"tree_aspen_small_b"}
{"pos":[-276.395691,-189.528046,283.501465],"rotationMatrix":[-0.993820429,0.110999338,0,-0.110999338,-0.993820429,0,0,0,0.999999881],"scale":1.05395973,"type":"tree_aspen_small_b"}
{"pos":[-241.805161,-170.880722,283.209229],"rotationMatrix":[-0.998352349,0.0573795028,0,-0.0573795028,-0.998352349,0,0,0,0.999999881],"scale":1.49069762,"type":"tree_aspen_small_b"}
{"pos":[-204.677872,-168.440414,279.407959],"rotationMatrix":[-0.106396429,0.994323671,0,-0.994323671,-0.106396429,0,0,0,0.999999881],"scale":1.49882436,"type":"tree_aspen_small_b"}
{"pos":[-199.442764,-168.885254,277.639709],"rotationMatrix":[0.79287827,-0.609379768,0,0.609379768,0.79287827,0,0,0,0.999999881],"scale":1.01643574,"type":"tree_aspen_small_b"}
{"pos":[-156.762299,-173.751709,273.730499],"rotationMatrix":[0.655870676,-0.754873157,0,0.754873157,0.655870676,0,0,0,0.999999881],"scale":1.28028989,"type":"tree_aspen_small_b"}
{"pos":[-149.085236,-162.822739,273.678741],"rotationMatrix":[0.406304598,-0.913737595,0,0.913737595,0.406304598,0,0,0,0.999999881],"scale":1.43231153,"type":"tree_aspen_small_b"}
{"pos":[-158.737823,-166.815689,273.697113],"rotationMatrix":[0.213477716,0.976947844,0,-0.976947844,0.213477716,0,0,0,0.999999881],"scale":1.45723999,"type":"tree_aspen_small_b"}
{"pos":[-151.651123,-160.535233,273.789429],"rotationMatrix":[0.0534548089,-0.998570204,0,0.998570204,0.0534548089,0,0,0,0.999999881],"scale":1.37203145,"type":"tree_aspen_small_b"}
{"pos":[-124.960487,-165.607666,273.6203],"rotationMatrix":[0.989730179,0.142947733,0,-0.142947733,0.989730179,0,0,0,0.999999881],"scale":1.24724746,"type":"tree_aspen_small_b"}
{"pos":[-134.638229,-162.972092,273.965088],"rotationMatrix":[0.467443913,-0.884022593,0,0.884022593,0.467443913,0,0,0,0.999999881],"scale":1.24757719,"type":"tree_aspen_small_b"}
{"pos":[-119.251648,-169.780045,273.706848],"rotationMatrix":[0.954681218,0.297629982,0,-0.297629982,0.954681218,0,0,0,0.999999881],"scale":1.10893536,"type":"tree_aspen_small_b"}
{"pos":[-126.128754,-168.977524,273.799805],"rotationMatrix":[0.808431923,-0.588589549,0,0.588589549,0.808431923,0,0,0,0.999999881],"scale":1.24363375,"type":"tree_aspen_small_b"}
{"pos":[-108.698975,-172.431763,273.736633],"rotationMatrix":[-0.987816811,0.155620486,0,-0.155620486,-0.987816811,0,0,0,0.999999881],"scale":1.04615331,"type":"tree_aspen_small_b"}
{"pos":[-408.612427,-196.084366,273.139252],"rotationMatrix":[0.882437348,0.470429838,0,-0.470429838,0.882437348,0,0,0,0.999999881],"scale":1.10952318,"type":"tree_aspen_small_b"}
{"pos":[-424.279999,-196.004242,269.569275],"rotationMatrix":[-0.717032075,0.697040081,0,-0.697040081,-0.717032075,0,0,0,0.999999881],"scale":1.16114831,"type":"tree_aspen_small_b"}
{"pos":[-438.982269,-191.668793,267.343658],"rotationMatrix":[-0.744194448,0.66796279,0,-0.66796279,-0.744194448,0,0,0,0.999999881],"scale":1.25830245,"type":"tree_aspen_small_b"}
{"pos":[-369.606567,-162.182129,269.330109],"rotationMatrix":[0.976510823,-0.215468019,0,0.215468019,0.976510823,0,0,0,0.999999881],"scale":1.07123697,"type":"tree_aspen_small_b"}
{"pos":[-361.354614,-158.47316,268.83844],"rotationMatrix":[0.995215356,0.0977045149,0,-0.0977045149,0.995215356,0,0,0,0.999999881],"scale":1.08439755,"type":"tree_aspen_small_b"}
{"pos":[-340.216309,-130.80481,264.442657],"rotationMatrix":[-0.70700264,0.707210839,0,-0.707210839,-0.70700264,0,0,0,0.999999881],"scale":1.45830929,"type":"tree_aspen_small_b"}
{"pos":[-336.017456,-175.894089,283.575348],"rotationMatrix":[-0.167300195,0.985905886,0,-0.985905886,-0.167300195,0,0,0,0.999999881],"scale":1.04096353,"type":"tree_aspen_small_b"}
{"pos":[-332.7117,-176.025208,283.901154],"rotationMatrix":[0.307262152,0.95162493,0,-0.95162493,0.307262152,0,0,0,0.999999881],"scale":1.10177505,"type":"tree_aspen_small_b"}
{"pos":[-496.860901,-199.690247,266.394867],"rotationMatrix":[0.00453345012,0.999989629,0,-0.999989629,0.00453345012,0,0,0,0.999999881],"scale":1.31005979,"type":"tree_aspen_small_b"}
{"pos":[-56.5787544,-293.587799,263.552246],"rotationMatrix":[0.982241452,0.187621012,0,-0.187621012,0.982241452,0,0,0,0.999999881],"scale":1.3541975,"type":"tree_aspen_small_b"}
{"pos":[-97.4417114,-281.380768,264.528931],"rotationMatrix":[-0.981120288,0.193397909,0,-0.193397909,-0.981120288,0,0,0,0.999999881],"scale":1.15746236,"type":"tree_aspen_small_b"}
{"pos":[-217.706512,-302.731506,264.727844],"rotationMatrix":[-0.773606837,0.6336658,0,-0.6336658,-0.773606837,0,0,0,0.999999881],"scale":1.12507105,"type":"tree_aspen_small_b"}
{"pos":[-216.558441,-310.621368,263.982422],"rotationMatrix":[-0.60909152,0.793099701,0,-0.793099701,-0.60909152,0,0,0,0.999999881],"scale":1.01085949,"type":"tree_aspen_small_b"}
{"pos":[-246.538712,-301.189301,263.725861],"rotationMatrix":[-0.765455961,-0.643488288,0,0.643488288,-0.765455961,0,0,0,0.999999881],"scale":1.21097565,"type":"tree_aspen_small_b"}
{"pos":[-239.294495,-296.087769,264.823792],"rotationMatrix":[0.720932841,-0.693004727,0,0.693004727,0.720932841,0,0,0,0.999999881],"scale":1.06096077,"type":"tree_aspen_small_b"}
{"pos":[-243.996323,-299.797363,264.010712],"rotationMatrix":[0.996412039,-0.084633857,0,0.084633857,0.996412039,0,0,0,0.999999881],"scale":1.30633116,"type":"tree_aspen_small_b"}
{"pos":[-226.053574,-277.22702,265.128571],"rotationMatrix":[-0.947919548,-0.318509459,0,0.318509459,-0.947919548,0,0,0,0.999999881],"scale":1.27144182,"type":"tree_aspen_small_b"}
{"pos":[-221.539185,-283.765808,265.514069],"rotationMatrix":[-0.27763927,-0.960685313,0,0.960685313,-0.27763927,0,0,0,0.999999881],"scale":1.19706106,"type":"tree_aspen_small_b"}
{"pos":[-195.872498,-271.381073,264.450134],"rotationMatrix":[-0.990274608,-0.139125466,0,0.139125466,-0.990274608,0,0,0,0.999999881],"scale":1.3220036,"type":"tree_aspen_small_b"}
{"pos":[-197.143188,-287.773071,265.026154],"rotationMatrix":[-0.0625157952,-0.998043895,0,0.998043895,-0.0625157952,0,0,0,0.999999881],"scale":1.13250148,"type":"tree_aspen_small_b"}
{"pos":[-190.673019,-271.28894,264.78952],"rotationMatrix":[0.732961416,-0.680270135,0,0.680270135,0.732961416,0,0,0,0.999999881],"scale":1.18609643,"type":"tree_aspen_small_b"}
{"pos":[-176.945251,-275.482971,264.488739],"rotationMatrix":[0.735997498,-0.676984072,0,0.676984072,0.735997498,0,0,0,0.999999881],"scale":1.14576852,"type":"tree_aspen_small_b"}
{"pos":[-173.984879,-280.324799,264.580078],"rotationMatrix":[0.957909167,0.287071258,0,-0.287071258,0.957909167,0,0,0,0.999999881],"scale":1.06510174,"type":"tree_aspen_small_b"}
{"pos":[-161.418381,-266.89505,263.719147],"rotationMatrix":[0.135846496,0.990729868,0,-0.990729868,0.135846496,0,0,0,0.999999881],"scale":1.32896066,"type":"tree_aspen_small_b"}
{"pos":[-153.794998,-264.01825,263.929535],"rotationMatrix":[-0.998741686,-0.0501488112,0,0.0501488112,-0.998741686,0,0,0,0.999999881],"scale":1.36815476,"type":"tree_aspen_small_b"}
{"pos":[-148.964127,-280.171631,263.902374],"rotationMatrix":[0.136995286,-0.990571678,0,0.990571678,0.136995286,0,0,0,0.999999881],"scale":1.03758228,"type":"tree_aspen_small_b"}
{"pos":[-143.11734,-273.419952,263.619598],"rotationMatrix":[0.965432346,0.260653764,0,-0.260653764,0.965432346,0,0,0,0.999999881],"scale":1.49963796,"type":"tree_aspen_small_b"}
{"pos":[-127.86512,-274.953522,263.691528],"rotationMatrix":[-0.848125041,0.529795885,0,-0.529795885,-0.848125041,0,0,0,0.999999881],"scale":1.35540962,"type":"tree_aspen_small_b"}
{"pos":[-97.6515579,-286.843842,264.034546],"rotationMatrix":[-0.558519304,0.829491317,0,-0.829491317,-0.558519304,0,0,0,0.999999881],"scale":1.43572831,"type":"tree_aspen_small_b"}
{"pos":[-201.31369,-309.952332,263.821503],"rotationMatrix":[-0.355698287,-0.93460077,0,0.93460077,-0.355698287,0,0,0,0.999999881],"scale":1.01242483,"type":"tree_aspen_small_b"}
{"pos":[-209.179382,-315.51297,266.491577],"rotationMatrix":[-0.685200691,0.728354037,0,-0.728354037,-0.685200691,0,0,0,0.999999881],"scale":1.13200951,"type":"tree_aspen_small_b"}
{"pos":[-258.442932,-267.830505,263.923279],"rotationMatrix":[0.730803847,-0.682587445,0,0.682587445,0.730803847,0,0,0,0.999999881],"scale":1.37722874,"type":"tree_aspen_small_b"}
{"pos":[-183.611862,-267.298706,264.406372],"rotationMatrix":[0.977411449,0.211345151,0,-0.211345151,0.977411449,0,0,0,0.999999881],"scale":1.06257999,"type":"tree_aspen_small_b"}
{"pos":[-358.811249,-289.321289,284.820801],"rotationMatrix":[-0.701818526,-0.712355733,0,0.712355733,-0.701818526,0,0,0,0.999999881],"scale":1.05455768,"type":"tree_aspen_small_b"}
{"pos":[-359.786652,-283.004456,285.09726],"rotationMatrix":[0.922141373,-0.38685286,0,0.38685286,0.922141373,0,0,0,0.999999881],"scale":1.38381743,"type":"tree_aspen_small_b"}
{"pos":[-431.253571,-286.961121,282.187531],"rotationMatrix":[-0.13500002,-0.990845561,0,0.990845561,-0.13500002,0,0,0,0.999999881],"scale":1.15526414,"type":"tree_aspen_small_b"}
{"pos":[-549.480713,-340.159698,283.507782],"rotationMatrix":[0.777713597,-0.628618658,0,0.628618658,0.777713597,0,0,0,0.999999881],"scale":1.28603125,"type":"tree_aspen_small_b"}
{"pos":[-575.430115,-350.983978,286.362549],"rotationMatrix":[0.864088476,-0.503339767,0,0.503339767,0.864088476,0,0,0,0.999999881],"scale":1.16753387,"type":"tree_aspen_small_b"}
{"pos":[-676.947327,-163.148087,268.6492],"rotationMatrix":[-0.851188958,0.524859309,0,-0.524859309,-0.851188958,0,0,0,0.999999881],"scale":1.46850634,"type":"tree_aspen_small_b"}
{"pos":[-677.6073,-145.605743,268.613922],"rotationMatrix":[-0.988489628,-0.151288196,0,0.151288196,-0.988489628,0,0,0,0.999999881],"scale":1.25128698,"type":"tree_aspen_small_b"}
{"pos":[-662.998108,-148.807755,268.407593],"rotationMatrix":[0.634429872,0.772980392,0,-0.772980392,0.634429872,0,0,0,0.999999881],"scale":1.00946295,"type":"tree_aspen_small_b"}
{"pos":[-647.027527,-114.902596,268.218018],"rotationMatrix":[0.995076001,0.0991138443,0,-0.0991138443,0.995076001,0,0,0,0.999999881],"scale":1.43349373,"type":"tree_aspen_small_b"}
{"pos":[-626.845215,-115.753838,267.987091],"rotationMatrix":[0.573803365,0.818993092,0,-0.818993092,0.573803365,0,0,0,0.999999881],"scale":1.14414477,"type":"tree_aspen_small_b"}
{"pos":[-608.54541,-104.031387,267.587494],"rotationMatrix":[-0.408645719,0.912692964,0,-0.912692964,-0.408645719,0,0,0,0.999999881],"scale":1.42169452,"type":"tree_aspen_small_b"}
{"pos":[-598.584717,-101.686134,266.468597],"rotationMatrix":[0.992116034,0.125322208,0,-0.125322208,0.992116034,0,0,0,0.999999881],"scale":1.13908875,"type":"tree_aspen_small_b"}
{"pos":[-596.419128,-104.607117,266.017761],"rotationMatrix":[0.236333653,0.971671939,0,-0.971671939,0.236333653,0,0,0,0.999999881],"scale":1.1696707,"type":"tree_aspen_small_b"}
{"pos":[-668.600037,-159.063126,268.080811],"rotationMatrix":[0.771665752,-0.636028051,0,0.636028051,0.771665752,0,0,0,0.999999881],"scale":1.24474883,"type":"tree_aspen_small_b"}
{"pos":[-677.836365,-180.187866,270.266418],"rotationMatrix":[0.14069134,-0.990053356,0,0.990053356,0.14069134,0,0,0,0.999999881],"scale":1.15853989,"type":"tree_aspen_small_b"}
{"pos":[-521.444824,-82.6603165,263.44458],"rotationMatrix":[-0.815412998,-0.578879416,0,0.578879416,-0.815412998,0,0,0,0.999999881],"scale":1.3785913,"type":"tree_aspen_small_b"}
{"pos":[-505.654846,-78.2209854,263.99234],"rotationMatrix":[0.99514395,0.0984296054,0,-0.0984296054,0.99514395,0,0,0,0.999999881],"scale":1.13908243,"type":"tree_aspen_small_b"}
{"pos":[-697.91687,-161.771027,272.397766],"rotationMatrix":[0.980016053,-0.198918045,0,0.198918045,0.980016053,0,0,0,0.999999881],"scale":1.2785151,"type":"tree_aspen_small_b"}
{"pos":[-666.065491,-117.02684,268.623871],"rotationMatrix":[-0.931061029,0.364863425,0,-0.364863425,-0.931061029,0,0,0,0.999999881],"scale":1.23019731,"type":"tree_aspen_small_b"}
{"pos":[-646.62262,-103.26535,269.191437],"rotationMatrix":[-0.376380563,0.926465034,0,-0.926465034,-0.376380563,0,0,0,0.999999881],"scale":1.34581423,"type":"tree_aspen_small_b"}
{"pos":[-631.049438,-106.84874,268.472351],"rotationMatrix":[0.445431143,0.895316184,0,-0.895316184,0.445431143,0,0,0,0.999999881],"scale":1.09972215,"type":"tree_aspen_small_b"}
{"pos":[-640.864075,-105.932831,268.473083],"rotationMatrix":[-0.405706853,0.914003134,0,-0.914003134,-0.405706853,0,0,0,0.999999881],"scale":1.37595868,"type":"tree_aspen_small_b"}
{"pos":[-674.022583,-108.039597,270.372284],"rotationMatrix":[-0.790306151,-0.612711966,0,0.612711966,-0.790306151,0,0,0,0.999999881],"scale":1.33156967,"type":"tree_aspen_small_b"}
{"pos":[-664.708069,-97.1307373,271.570557],"rotationMatrix":[0.241348311,-0.97043848,0,0.97043848,0.241348311,0,0,0,0.999999881],"scale":1.39338458,"type":"tree_aspen_small_b"}
{"pos":[-676.577209,-93.0619736,272.796631],"rotationMatrix":[0.997072995,0.07645417,0,-0.07645417,0.997072995,0,0,0,0.999999881],"scale":1.32947969,"type":"tree_aspen_small_b"}
{"pos":[-679.77887,-119.658852,270.142883],"rotationMatrix":[0.701379836,-0.712787628,0,0.712787628,0.701379836,0,0,0,0.999999881],"scale":1.26154947,"type":"tree_aspen_small_b"}
{"pos":[-698.109741,-185.454376,273.343048],"rotationMatrix":[-0.993597925,-0.112973407,0,0.112973407,-0.993597925,0,0,0,0.999999881],"scale":1.23953724,"type":"tree_aspen_small_b"}
{"pos":[-134.403427,-211.229782,273.765167],"rotationMatrix":[-0.786050022,-0.618162692,0,0.618162692,-0.786050022,0,0,0,0.999999881],"scale":1.1688,"type":"tree_aspen_small_b"}
{"pos":[-115.838654,-214.243668,273.661957],"rotationMatrix":[-0.950523794,-0.310651422,0,0.310651422,-0.950523794,0,0,0,0.999999881],"scale":1.079597,"type":"tree_aspen_small_b"}
{"pos":[-91.8510971,-217.667114,271.90271],"rotationMatrix":[0.107993506,0.994151533,0,-0.994151533,0.107993506,0,0,0,0.999999881],"scale":1.14619684,"type":"tree_aspen_small_b"}
{"pos":[-358.210999,-64.0201874,260.15741],"rotationMatrix":[0.636223197,0.771505058,0,-0.771505058,0.636223197,0,0,0,0.999999881],"scale":1.16361749,"type":"tree_aspen_small_b"}
{"pos":[-316.681458,-70.4486923,257.307648],"rotationMatrix":[0.43723157,-0.899348795,0,0.899348795,0.43723157,0,0,0,0.999999881],"scale":1.43779254,"type":"tree_aspen_small_b"}
{"pos":[-282.567535,-311.309204,303.235352],"rotationMatrix":[-0.542314112,-0.840175629,0,0.840175629,-0.542314112,0,0,0,0.999999881],"scale":1.48854995,"type":"tree_aspen_small_b"}
{"pos":[-284.217682,-323.091858,304.73053],"rotationMatrix":[0.954993069,-0.296627849,0,0.296627849,0.954993069,0,0,0,0.999999881],"scale":1.4962343,"type":"tree_aspen_small_b"}
{"pos":[-147.13736,-323.091827,291.782623],"rotationMatrix":[0.937595665,-0.34772718,0,0.34772718,0.937595665,0,0,0,0.999999881],"scale":1.10839319,"type":"tree_aspen_small_b"}
{"pos":[-152.381851,-364.950287,291.517822],"rotationMatrix":[0.555142641,0.831755161,0,-0.831755161,0.555142641,0,0,0,0.999999881],"scale":1.16222036,"type":"tree_aspen_small_b"}
{"pos":[-154.357407,-366.304901,291.641998],"rotationMatrix":[0.921863914,-0.387513429,0,0.387513429,0.921863914,0,0,0,0.999999881],"scale":1.09697151,"type":"tree_aspen_small_b"}
{"pos":[-105.270058,-354.759583,283.686676],"rotationMatrix":[-0.00428467011,0.999990702,0,-0.999990702,-0.00428467011,0,0,0,0.999999881],"scale":1.06898797,"type":"tree_aspen_small_b"}
{"pos":[-87.257019,-337.353912,285.482483],"rotationMatrix":[0.0564872138,0.998403192,0,-0.998403192,0.0564872138,0,0,0,0.999999881],"scale":1.4167223,"type":"tree_aspen_small_b"}
{"pos":[-91.2022629,-320.650085,285.840668],"rotationMatrix":[0.992505014,0.122203559,0,-0.122203559,0.992505014,0,0,0,0.999999881],"scale":1.16103792,"type":"tree_aspen_small_b"}
{"pos":[-99.0848541,-322.985718,286.000305],"rotationMatrix":[0.277117074,0.960836112,0,-0.960836112,0.277117074,0,0,0,0.999999881],"scale":1.23332024,"type":"tree_aspen_small_b"}
{"pos":[-94.2853088,-324.938263,286.104797],"rotationMatrix":[0.801790595,0.59760505,0,-0.59760505,0.801790595,0,0,0,0.999999881],"scale":1.09315002,"type":"tree_aspen_small_b"}
{"pos":[-68.1235809,-370.012634,283.909302],"rotationMatrix":[-0.899731815,-0.436442971,0,0.436442971,-0.899731815,0,0,0,0.999999881],"scale":1.01797569,"type":"tree_aspen_small_b"}
{"pos":[-115.914871,-360.23819,283.878021],"rotationMatrix":[0.99861908,0.0525330976,0,-0.0525330976,0.99861908,0,0,0,0.999999881],"scale":1.27676749,"type":"tree_aspen_small_b"}
{"pos":[133.641571,-296.765259,273.956543],"rotationMatrix":[-0.864274919,-0.503019571,0,0.503019571,-0.864274919,0,0,0,0.999999881],"scale":1.26700497,"type":"tree_aspen_small_b"}
{"pos":[76.8397217,-314.314697,275.256226],"rotationMatrix":[-0.113602251,0.99352622,0,-0.99352622,-0.113602251,0,0,0,0.999999881],"scale":1.30648756,"type":"tree_aspen_small_b"}
{"pos":[75.0969696,-337.740082,274.123688],"rotationMatrix":[-0.226338118,0.974048674,0,-0.974048674,-0.226338118,0,0,0,0.999999881],"scale":1.27741838,"type":"tree_aspen_small_b"}
{"pos":[68.3367996,-330.962463,274.588318],"rotationMatrix":[0.936255276,0.351320297,0,-0.351320297,0.936255276,0,0,0,0.999999881],"scale":1.27154064,"type":"tree_aspen_small_b"}
{"pos":[80.8452377,-301.371826,274.472229],"rotationMatrix":[-0.638810694,0.769363701,0,-0.769363701,-0.638810694,0,0,0,0.999999881],"scale":1.07718885,"type":"tree_aspen_small_b"}
{"pos":[178.097992,-141.116608,274.619659],"rotationMatrix":[0.29053542,-0.956864178,0,0.956864178,0.29053542,0,0,0,0.999999881],"scale":1.23802447,"type":"tree_aspen_small_b"}
{"pos":[192.997131,-246.931549,273.701813],"rotationMatrix":[-0.738539994,0.674209356,0,-0.674209356,-0.738539994,0,0,0,0.999999881],"scale":1.28219604,"type":"tree_aspen_small_b"}
{"pos":[177.868607,-227.707504,270.714417],"rotationMatrix":[-0.994596601,-0.103814512,0,0.103814512,-0.994596601,0,0,0,0.999999881],"scale":1.46054542,"type":"tree_aspen_small_b"}
{"pos":[-495.794495,148.347672,272.774139],"rotationMatrix":[-0.607608378,-0.794236779,0,0.794236779,-0.607608378,0,0,0,0.999999881],"scale":1.4192239,"type":"tree_aspen_small_b"}
{"pos":[-477.897552,141.726868,273.525482],"rotationMatrix":[-0.881631792,-0.471937954,0,0.471937954,-0.881631792,0,0,0,0.999999881],"scale":1.2762301,"type":"tree_aspen_small_b"}
{"pos":[-559.239441,141.419876,261.788879],"rotationMatrix":[0.979674101,-0.200595185,0,0.200595185,0.979674101,0,0,0,0.999999881],"scale":1.2496736,"type":"tree_aspen_small_b"}
{"pos":[-521.021118,193.307785,261.646332],"rotationMatrix":[-0.997492254,0.0707738325,0,-0.0707738325,-0.997492254,0,0,0,0.999999881],"scale":1.15549839,"type":"tree_aspen_small_b"}
{"pos":[-602.567261,181.728699,262.741943],"rotationMatrix":[-0.906062365,0.423144102,0,-0.423144102,-0.906062365,0,0,0,0.999999881],"scale":1.01184475,"type":"tree_aspen_small_b"}
{"pos":[-599.738831,207.147018,262.628357],"rotationMatrix":[-0.175449952,0.984488308,0,-0.984488308,-0.175449952,0,0,0,0.999999881],"scale":1.14277756,"type":"tree_aspen_small_b"}
{"pos":[-584.138611,199.140289,262.518127],"rotationMatrix":[-0.0574023314,0.998351038,0,-0.998351038,-0.0574023314,0,0,0,0.999999881],"scale":1.04016435,"type":"tree_aspen_small_b"}
{"pos":[-571.411194,202.619171,261.941681],"rotationMatrix":[0.800434113,0.599420726,0,-0.599420726,0.800434113,0,0,0,0.999999881],"scale":1.3623116,"type":"tree_aspen_small_b"}
{"pos":[-584.784912,194.471252,262.496033],"rotationMatrix":[-0.360524386,-0.932749689,0,0.932749689,-0.360524386,0,0,0,0.999999881],"scale":1.001405,"type":"tree_aspen_small_b"}
{"pos":[-705.699707,165.489426,289.486633],"rotationMatrix":[-0.970790446,0.239928767,0,-0.239928767,-0.970790446,0,0,0,0.999999881],"scale":1.09871602,"type":"tree_aspen_small_b"}
{"pos":[-697.772095,168.530487,289.697876],"rotationMatrix":[0.964801371,0.262979656,0,-0.262979656,0.964801371,0,0,0,0.999999881],"scale":1.00280917,"type":"tree_aspen_small_b"}
{"pos":[-700.679871,196.581635,289.250061],"rotationMatrix":[0.765200555,0.643791974,0,-0.643791974,0.765200555,0,0,0,0.999999881],"scale":1.25253773,"type":"tree_aspen_small_b"}
{"pos":[-694.520386,195.412415,289.405548],"rotationMatrix":[-0.900455415,-0.434948087,0,0.434948087,-0.900455415,0,0,0,0.999999881],"scale":1.19669545,"type":"tree_aspen_small_b"}
{"pos":[-678.848145,173.099518,291.774719],"rotationMatrix":[-0.625630736,0.780119121,0,-0.780119121,-0.625630736,0,0,0,0.999999881],"scale":1.00993776,"type":"tree_aspen_small_b"}
{"pos":[-784.75238,239.826447,295.200653],"rotationMatrix":[-0.836336374,0.548216283,0,-0.548216283,-0.836336374,0,0,0,0.999999881],"scale":1.00871277,"type":"tree_aspen_small_b"}
{"pos":[-764.202148,220.348587,289.890503],"rotationMatrix":[-0.940201342,-0.340618879,0,0.340618879,-0.940201342,0,0,0,0.999999881],"scale":1.32093263,"type":"tree_aspen_small_b"}
{"pos":[-813.37738,175.306915,289.751343],"rotationMatrix":[0.347950429,0.937512934,0,-0.937512934,0.347950429,0,0,0,0.999999881],"scale":1.02355087,"type":"tree_aspen_small_b"}
{"pos":[-726.362854,99.7363129,285.082062],"rotationMatrix":[-0.135649145,0.99075681,0,-0.99075681,-0.135649145,0,0,0,0.999999881],"scale":1.27355194,"type":"tree_aspen_small_b"}
{"pos":[-720.703613,107.203835,284.795593],"rotationMatrix":[-0.73569411,-0.677313745,0,0.677313745,-0.73569411,0,0,0,0.999999881],"scale":1.05953789,"type":"tree_aspen_small_b"}
{"pos":[-634.19165,238.260849,284.329712],"rotationMatrix":[0.0325061344,-0.999471366,0,0.999471366,0.0325061344,0,0,0,0.999999881],"scale":1.26418376,"type":"tree_aspen_small_b"}
{"pos":[-882.129211,-32.3302917,315.768127],"rotationMatrix":[-0.484298885,0.874902487,0,-0.874902487,-0.484298885,0,0,0,0.999999881],"scale":1.10797989,"type":"tree_aspen_small_b"}
{"pos":[-878.423279,-24.5906487,315.712433],"rotationMatrix":[0.989419162,0.145084813,0,-0.145084813,0.989419162,0,0,0,0.999999881],"scale":1.3446368,"type":"tree_aspen_small_b"}
{"pos":[-953.193604,-135.877838,362.584839],"rotationMatrix":[0.949330747,0.314278632,0,-0.314278632,0.949330747,0,0,0,0.999999881],"scale":1.10543156,"type":"tree_aspen_small_b"}
{"pos":[125.233208,384.442047,256.413513],"rotationMatrix":[0.930517077,0.366248369,0,-0.366248369,0.930517077,0,0,0,0.999999881],"scale":1.43120432,"type":"tree_aspen_small_b"}
{"pos":[146.275299,366.412628,251.089752],"rotationMatrix":[-0.834348381,0.551237166,0,-0.551237166,-0.834348381,0,0,0,0.999999881],"scale":1.36782241,"type":"tree_aspen_small_b"}
{"pos":[108.74749,363.009338,253.866638],"rotationMatrix":[-0.823614538,0.567149639,0,-0.567149639,-0.823614538,0,0,0,0.999999881],"scale":1.38255095,"type":"tree_aspen_small_b"}
{"pos":[117.612892,317.95285,248.765533],"rotationMatrix":[0.76465261,-0.644442558,0,0.644442558,0.76465261,0,0,0,0.999999881],"scale":1.36256516,"type":"tree_aspen_small_b"}
{"pos":[102.605484,303.241364,247.774612],"rotationMatrix":[0.202547997,0.979272306,0,-0.979272306,0.202547997,0,0,0,0.999999881],"scale":1.32560802,"type":"tree_aspen_small_b"}
{"pos":[234.948746,377.508789,250.490738],"rotationMatrix":[-0.791892529,0.610660315,0,-0.610660315,-0.791892529,0,0,0,0.999999881],"scale":1.2198875,"type":"tree_aspen_small_b"}
{"pos":[224.03006,357.131836,249.640839],"rotationMatrix":[0.992621243,-0.121255465,0,0.121255465,0.992621243,0,0,0,0.999999881],"scale":1.37790406,"type":"tree_aspen_small_b"}
{"pos":[195.246902,396.563477,251.687592],"rotationMatrix":[-0.820896208,0.571077347,0,-0.571077347,-0.820896208,0,0,0,0.999999881],"scale":1.27422416,"type":"tree_aspen_small_b"}
{"pos":[198.047653,386.9646,250.967133],"rotationMatrix":[-0.138064295,-0.990423143,0,0.990423143,-0.138064295,0,0,0,0.999999881],"scale":1.11851263,"type":"tree_aspen_small_b"}
{"pos":[98.67099,403.200562,255.864883],"rotationMatrix":[-0.582851231,-0.812578857,0,0.812578857,-0.582851231,0,0,0,0.999999881],"scale":1.17868662,"type":"tree_aspen_small_b"}
{"pos":[30.6291962,301.255829,255.247513],"rotationMatrix":[-0.52994144,0.848034084,0,-0.848034084,-0.52994144,0,0,0,0.999999881],"scale":1.41310942,"type":"tree_aspen_small_b"}
{"pos":[42.2855911,393.867767,258.896332],"rotationMatrix":[0.416493654,0.90913862,0,-0.90913862,0.416493654,0,0,0,0.999999881],"scale":1.00282133,"type":"tree_aspen_small_b"}
{"pos":[72.2472916,409.544495,259.201721],"rotationMatrix":[0.997024834,0.0770798326,0,-0.0770798326,0.997024834,0,0,0,0.999999881],"scale":1.1913439,"type":"tree_aspen_small_b"}
{"pos":[4.09253025,325.691162,261.03595],"rotationMatrix":[-0.643725216,-0.765256524,0,0.765256524,-0.643725216,0,0,0,0.999999881],"scale":1.12520456,"type":"tree_aspen_small_b"}
{"pos":[13.752512,292.989136,253.600082],"rotationMatrix":[-0.952005267,0.306081355,0,-0.306081355,-0.952005267,0,0,0,0.999999881],"scale":1.26523137,"type":"tree_aspen_small_b"}
{"pos":[-5.33922386,266.381012,245.177002],"rotationMatrix":[-0.416910797,-0.908947289,0,0.908947289,-0.416910797,0,0,0,0.999999881],"scale":1.19504452,"type":"tree_aspen_small_b"}
{"pos":[-7.57058907,264.355225,245.021606],"rotationMatrix":[-0.591995656,0.805940926,0,-0.805940926,-0.591995656,0,0,0,0.999999881],"scale":1.37157571,"type":"tree_aspen_small_b"}
{"pos":[-47.5700798,366.337128,261.600922],"rotationMatrix":[0.948179245,-0.317735612,0,0.317735612,0.948179245,0,0,0,0.999999881],"scale":1.24687696,"type":"tree_aspen_small_b"}
{"pos":[-11.1407709,409.221039,261.128632],"rotationMatrix":[0.125816911,0.992053449,0,-0.992053449,0.125816911,0,0,0,0.999999881],"scale":1.07510829,"type":"tree_aspen_small_b"}
{"pos":[-16.0624695,417.484558,262.376129],"rotationMatrix":[-0.482162684,-0.876081645,0,0.876081645,-0.482162684,0,0,0,0.999999881],"scale":1.1890564,"type":"tree_aspen_small_b"}
{"pos":[-43.0425873,407.520172,261.18573],"rotationMatrix":[-0.8853333,0.46495688,0,-0.46495688,-0.8853333,0,0,0,0.999999881],"scale":1.46846771,"type":"tree_aspen_small_b"}
{"pos":[-193.804199,496.712341,271.203552],"rotationMatrix":[-0.36815688,0.929763556,0,-0.929763556,-0.36815688,0,0,0,0.999999881],"scale":1.15245187,"type":"tree_aspen_small_b"}
{"pos":[-47.6717262,272.448395,248.807343],"rotationMatrix":[-0.770070255,0.637958825,0,-0.637958825,-0.770070255,0,0,0,0.999999881],"scale":1.0972048,"type":"tree_aspen_small_b"}
{"pos":[-88.2893753,553.325623,269.731232],"rotationMatrix":[-0.918214798,-0.396082729,0,0.396082729,-0.918214798,0,0,0,0.999999881],"scale":1.12267864,"type":"tree_aspen_small_b"}
{"pos":[-148.390396,401.104614,265.212067],"rotationMatrix":[0.513341963,0.858184159,0,-0.858184159,0.513341963,0,0,0,0.999999881],"scale":1.3402617,"type":"tree_aspen_small_b"}
{"pos":[-81.1279449,317.643585,264.99292],"rotationMatrix":[0.941427767,-0.337214381,0,0.337214381,0.941427767,0,0,0,0.999999881],"scale":1.45560944,"type":"tree_aspen_small_b"}
{"pos":[-67.7288132,383.869537,265.048035],"rotationMatrix":[-0.286997527,-0.957931221,0,0.957931221,-0.286997527,0,0,0,0.999999881],"scale":1.39158559,"type":"tree_aspen_small_b"}
{"pos":[-291.874146,492.242798,271.915131],"rotationMatrix":[-0.932498634,-0.361173272,0,0.361173272,-0.932498634,0,0,0,0.999999881],"scale":1.49782562,"type":"tree_aspen_small_b"}
{"pos":[-297.696533,304.960602,273.893188],"rotationMatrix":[0.958286941,0.28580761,0,-0.28580761,0.958286941,0,0,0,0.999999881],"scale":1.3088963,"type":"tree_aspen_small_b"}
{"pos":[-296.842468,311.151031,273.907745],"rotationMatrix":[0.42898497,-0.903311551,0,0.903311551,0.42898497,0,0,0,0.999999881],"scale":1.1810919,"type":"tree_aspen_small_b"}
{"pos":[-324.611359,331.365845,273.875885],"rotationMatrix":[-0.937059522,-0.349169612,0,0.349169612,-0.937059522,0,0,0,0.999999881],"scale":1.24298549,"type":"tree_aspen_small_b"}
{"pos":[35.0917015,280.483124,253.780075],"rotationMatrix":[0.837729514,-0.546085298,0,0.546085298,0.837729514,0,0,0,0.999999881],"scale":1.02328527,"type":"tree_aspen_small_b"}
{"pos":[-199.75563,331.488525,269.673889],"rotationMatrix":[0.620805562,0.783964574,0,-0.783964574,0.620805562,0,0,0,0.999999881],"scale":1.08695114,"type":"tree_aspen_small_b"}
{"pos":[-131.876862,311.454071,264.807434],"rotationMatrix":[0.952300251,0.30516237,0,-0.30516237,0.952300251,0,0,0,0.999999881],"scale":1.40734935,"type":"tree_aspen_small_b"}
{"pos":[-143.031494,299.143524,264.614899],"rotationMatrix":[-0.360782295,0.93264991,0,-0.93264991,-0.360782295,0,0,0,0.999999881],"scale":1.25027728,"type":"tree_aspen_small_b"}
{"pos":[393.981415,-1.7396723,273.038361],"rotationMatrix":[0.558112085,-0.829765379,0,0.829765379,0.558112085,0,0,0,0.999999881],"scale":1.36896813,"type":"tree_aspen_small_b"}
{"pos":[287.662628,-28.4518681,273.981567],"rotationMatrix":[0.303753793,0.952750564,0,-0.952750564,0.303753793,0,0,0,0.999999881],"scale":1.45713127,"type":"tree_aspen_small_b"}
{"pos":[297.591339,-23.1640129,273.597351],"rotationMatrix":[0.376941413,-0.926237047,0,0.926237047,0.376941413,0,0,0,0.999999881],"scale":1.45221913,"type":"tree_aspen_small_b"}
{"pos":[292.599091,-16.7946472,273.287659],"rotationMatrix":[0.452399373,0.891815484,0,-0.891815484,0.452399373,0,0,0,0.999999881],"scale":1.46064091,"type":"tree_aspen_small_b"}
{"pos":[365.24353,-13.9440308,271.315063],"rotationMatrix":[0.715250432,0.698868215,0,-0.698868215,0.715250432,0,0,0,0.999999881],"scale":1.4496032,"type":"tree_aspen_small_b"}
