{"pos":[336.226501,83.8420486,257.792969],"rotationMatrix":[-0.943221152,-0.332165152,0,0.332165152,-0.943221152,0,0,0,0.999999881],"scale":1.36913061,"type":"tree_aspen_large_a"}
{"pos":[332.444977,98.8734436,256.248596],"rotationMatrix":[0.296213299,-0.955121756,0,0.955121756,0.296213299,0,0,0,0.999999881],"scale":1.39807284,"type":"tree_aspen_large_a"}
{"pos":[275.518494,91.4025345,256.402344],"rotationMatrix":[-0.160075247,0.987104714,0,-0.987104714,-0.160075247,0,0,0,0.999999881],"scale":1.33981276,"type":"tree_aspen_large_a"}
{"pos":[283.294403,132.003128,254.930328],"rotationMatrix":[0.742862165,0.669444442,0,-0.669444442,0.742862165,0,0,0,0.999999881],"scale":1.4861325,"type":"tree_aspen_large_a"}
{"pos":[246.045166,164.160416,252.803192],"rotationMatrix":[0.973005354,-0.230782241,0,0.230782241,0.973005354,0,0,0,0.999999881],"scale":1.45018494,"type":"tree_aspen_large_a"}
{"pos":[178.959518,162.144806,253.325211],"rotationMatrix":[-0.97420603,0.225659981,0,-0.225659981,-0.97420603,0,0,0,0.999999881],"scale":1.27657211,"type":"tree_aspen_large_a"}
{"pos":[162.87738,120.860977,253.686417],"rotationMatrix":[-0.941664755,-0.336552352,0,0.336552352,-0.941664755,0,0,0,0.999999881],"scale":1.3359704,"type":"tree_aspen_large_a"}
{"pos":[153.278519,98.9189606,253.754761],"rotationMatrix":[-0.362542331,0.931967199,0,-0.931967199,-0.362542331,0,0,0,0.999999881],"scale":1.41158056,"type":"tree_aspen_large_a"}
{"pos":[304.785461,73.9543991,256.098724],"rotationMatrix":[0.24916257,-0.968461633,0,0.968461633,0.24916257,0,0,0,0.999999881],"scale":1.35345912,"type":"tree_aspen_large_a"}
{"pos":[231.084213,156.310211,252.731216],"rotationMatrix":[0.906552494,-0.422092974,0,0.422092974,0.906552494,0,0,0,0.999999881],"scale":1.32387662,"type":"tree_aspen_large_a"}
{"pos":[217.190216,159.90239,253.07373],"rotationMatrix":[0.581264496,0.813714683,0,-0.813714683,0.581264496,0,0,0,0.999999881],"scale":1.26051044,"type":"tree_aspen_large_a"}
{"pos":[217.273682,134.515411,254.094986],"rotationMatrix":[-0.999016225,-0.0443448089,0,0.0443448089,-0.999016225,0,0,0,0.999999881],"scale":1.2153008,"type":"tree_aspen_large_a"}
{"pos":[235.94455,153.802109,252.909515],"rotationMatrix":[0.4710612,-0.882100403,0,0.882100403,0.4710612,0,0,0,0.999999881],"scale":1.24453127,"type":"tree_aspen_large_a"}
{"pos":[231.358871,152.325439,253.467804],"rotationMatrix":[-0.872126758,0.489279896,0,-0.489279896,-0.872126758,0,0,0,0.999999881],"scale":1.4896369,"type":"tree_aspen_large_a"}
{"pos":[231.152588,129.530502,254.135727],"rotationMatrix":[0.267660201,0.963513374,0,-0.963513374,0.267660201,0,0,0,0.999999881],"scale":1.38922763,"type":"tree_aspen_large_a"}
{"pos":[210.714325,141.635193,253.748978],"rotationMatrix":[-0.0176962335,0.999843359,0,-0.999843359,-0.0176962335,0,0,0,0.999999881],"scale":1.32326055,"type":"tree_aspen_large_a"}
{"pos":[198.172134,142.964127,253.254623],"rotationMatrix":[-0.852288783,0.523071468,0,-0.523071468,-0.852288783,0,0,0,0.999999881],"scale":1.49133849,"type":"tree_aspen_large_a"}
{"pos":[204.309662,144.271591,253.328552],"rotationMatrix":[0.0130684543,-0.999914527,0,0.999914527,0.0130684543,0,0,0,0.999999881],"scale":1.30038333,"type":"tree_aspen_large_a"}
{"pos":[198.004822,144.839508,253.411743],"rotationMatrix":[0.883660614,-0.468127966,0,0.468127966,0.883660614,0,0,0,0.999999881],"scale":1.23209,"type":"tree_aspen_large_a"}
{"pos":[230.867599,127.7033,253.543533],"rotationMatrix":[-0.565437317,0.824791074,0,-0.824791074,-0.565437317,0,0,0,0.999999881],"scale":1.45315456,"type":"tree_aspen_large_a"}
{"pos":[214.488251,149.852951,253.232178],"rotationMatrix":[-0.258012712,-0.966141403,0,0.966141403,-0.258012712,0,0,0,0.999999881],"scale":1.34825706,"type":"tree_aspen_large_a"}
{"pos":[217.97551,128.26326,253.407715],"rotationMatrix":[-0.998546243,0.0538999401,0,-0.0538999401,-0.998546243,0,0,0,0.999999881],"scale":1.47734189,"type":"tree_aspen_large_a"}
{"pos":[234.0224,146.397568,253.802109],"rotationMatrix":[-0.702786326,-0.711400986,0,0.711400986,-0.702786326,0,0,0,0.999999881],"scale":1.46675014,"type":"tree_aspen_large_a"}
{"pos":[220.422668,139.670334,253.641327],"rotationMatrix":[-0.0836388916,0.996496022,0,-0.996496022,-0.0836388916,0,0,0,0.999999881],"scale":1.45345676,"type":"tree_aspen_large_a"}
{"pos":[234.976166,132.201859,253.365387],"rotationMatrix":[-0.993449032,-0.114275746,0,0.114275746,-0.993449032,0,0,0,0.999999881],"scale":1.21341944,"type":"tree_aspen_large_a"}
{"pos":[214.704422,129.171432,253.403519],"rotationMatrix":[-0.997508526,0.0705440938,0,-0.0705440938,-0.997508526,0,0,0,0.999999881],"scale":1.46136677,"type":"tree_aspen_large_a"}
{"pos":[214.093262,147.410873,254.279114],"rotationMatrix":[-0.220964134,0.975281775,0,-0.975281775,-0.220964134,0,0,0,0.999999881],"scale":1.30831337,"type":"tree_aspen_large_a"}
{"pos":[198.916443,160.012268,253.908661],"rotationMatrix":[-0.952447355,-0.304703116,0,0.304703116,-0.952447355,0,0,0,0.999999881],"scale":1.43669295,"type":"tree_aspen_large_a"}
{"pos":[210.48526,136.942841,253.999512],"rotationMatrix":[-0.663276494,-0.748374403,0,0.748374403,-0.663276494,0,0,0,0.999999881],"scale":1.32657695,"type":"tree_aspen_large_a"}
{"pos":[194.505219,150.428421,253.221115],"rotationMatrix":[0.147594362,-0.989047945,0,0.989047945,0.147594362,0,0,0,0.999999881],"scale":1.35266602,"type":"tree_aspen_large_a"}
{"pos":[198.116943,162.674805,254.013504],"rotationMatrix":[-0.434518188,-0.900663018,0,0.900663018,-0.434518188,0,0,0,0.999999881],"scale":1.43117607,"type":"tree_aspen_large_a"}
{"pos":[196.219925,157.469742,253.551468],"rotationMatrix":[0.242242455,-0.970215619,0,0.970215619,0.242242455,0,0,0,0.999999881],"scale":1.32752943,"type":"tree_aspen_large_a"}
{"pos":[181.888199,154.10994,253.490677],"rotationMatrix":[0.903091848,0.429447442,0,-0.429447442,0.903091848,0,0,0,0.999999881],"scale":1.37659872,"type":"tree_aspen_large_a"}
{"pos":[213.938904,138.289825,253.96524],"rotationMatrix":[0.371801734,-0.928312063,0,0.928312063,0.371801734,0,0,0,0.999999881],"scale":1.21242929,"type":"tree_aspen_large_a"}
{"pos":[195.171524,135.040298,254.004532],"rotationMatrix":[-0.756443202,-0.654059172,0,0.654059172,-0.756443202,0,0,0,0.999999881],"scale":1.4689101,"type":"tree_aspen_large_a"}
{"pos":[189.282623,154.24231,253.941147],"rotationMatrix":[0.683362544,0.730079174,0,-0.730079174,0.683362544,0,0,0,0.999999881],"scale":1.42571509,"type":"tree_aspen_large_a"}
{"pos":[180.631073,151.652802,253.266861],"rotationMatrix":[-0.871034384,0.491221994,0,-0.491221994,-0.871034384,0,0,0,0.999999881],"scale":1.48932135,"type":"tree_aspen_large_a"}
{"pos":[201.135849,165.530014,253.980103],"rotationMatrix":[-0.462775648,-0.886475325,0,0.886475325,-0.462775648,0,0,0,0.999999881],"scale":1.259588,"type":"tree_aspen_large_a"}
{"pos":[179.128479,139.687653,253.590439],"rotationMatrix":[-0.351825655,-0.936065495,0,0.936065495,-0.351825655,0,0,0,0.999999881],"scale":1.2528286,"type":"tree_aspen_large_a"}
{"pos":[195.782074,148.615524,253.367432],"rotationMatrix":[0.151516825,0.98845464,0,-0.98845464,0.151516825,0,0,0,0.999999881],"scale":1.25027919,"type":"tree_aspen_large_a"}
{"pos":[187.000626,111.843826,253.128479],"rotationMatrix":[0.735215485,0.677833438,0,-0.677833438,0.735215485,0,0,0,0.999999881],"scale":1.32148409,"type":"tree_aspen_large_a"}
{"pos":[168.98053,110.108505,253.382782],"rotationMatrix":[-0.838387251,0.54507494,0,-0.54507494,-0.838387251,0,0,0,0.999999881],"scale":1.42772126,"type":"tree_aspen_large_a"}
{"pos":[179.489685,127.397026,252.96611],"rotationMatrix":[0.500464916,-0.865756631,0,0.865756631,0.500464916,0,0,0,0.999999881],"scale":1.43111777,"type":"tree_aspen_large_a"}
{"pos":[168.90921,129.385849,254.298798],"rotationMatrix":[0.451916426,-0.892060161,0,0.892060161,0.451916426,0,0,0,0.999999881],"scale":1.36312962,"type":"tree_aspen_large_a"}
{"pos":[167.162872,136.847824,254.124496],"rotationMatrix":[0.647150218,0.76236254,0,-0.76236254,0.647150218,0,0,0,0.999999881],"scale":1.35774112,"type":"tree_aspen_large_a"}
{"pos":[187.526871,136.538818,253.182281],"rotationMatrix":[-0.12437696,0.992234886,0,-0.992234886,-0.12437696,0,0,0,0.999999881],"scale":1.44568038,"type":"tree_aspen_large_a"}
{"pos":[173.755829,106.652985,253.346954],"rotationMatrix":[-0.230593935,-0.973049998,0,0.973049998,-0.230593935,0,0,0,0.999999881],"scale":1.42889977,"type":"tree_aspen_large_a"}
{"pos":[189.532379,116.955582,253.655853],"rotationMatrix":[0.925797284,-0.378020257,0,0.378020257,0.925797284,0,0,0,0.999999881],"scale":1.27042687,"type":"tree_aspen_large_a"}
{"pos":[174.419067,123.700829,254.026764],"rotationMatrix":[0.721101701,-0.692829132,0,0.692829132,0.721101701,0,0,0,0.999999881],"scale":1.21628416,"type":"tree_aspen_large_a"}
{"pos":[172.389633,118.997032,253.24614],"rotationMatrix":[0.991311848,-0.131531835,0,0.131531835,0.991311848,0,0,0,0.999999881],"scale":1.36432147,"type":"tree_aspen_large_a"}
{"pos":[188.93573,127.11998,253.465988],"rotationMatrix":[0.0239176881,-0.999713838,0,0.999713838,0.0239176881,0,0,0,0.999999881],"scale":1.2261095,"type":"tree_aspen_large_a"}
{"pos":[169.303818,125.524307,253.329559],"rotationMatrix":[-0.00359090185,-0.999993443,0,0.999993443,-0.00359090185,0,0,0,0.999999881],"scale":1.25254679,"type":"tree_aspen_large_a"}
{"pos":[177.544769,115.208313,254.158112],"rotationMatrix":[-0.771422207,0.636323333,0,-0.636323333,-0.771422207,0,0,0,0.999999881],"scale":1.34162259,"type":"tree_aspen_large_a"}
{"pos":[196.719467,118.551025,254.225159],"rotationMatrix":[0.734566808,-0.678536236,0,0.678536236,0.734566808,0,0,0,0.999999881],"scale":1.2893393,"type":"tree_aspen_large_a"}
{"pos":[167.776489,117.899307,253.221802],"rotationMatrix":[-0.993212879,-0.116310105,0,0.116310105,-0.993212879,0,0,0,0.999999881],"scale":1.26489997,"type":"tree_aspen_large_a"}
{"pos":[190.616318,106.855301,254.020615],"rotationMatrix":[-0.223885536,-0.974615395,0,0.974615395,-0.223885536,0,0,0,0.999999881],"scale":1.35085273,"type":"tree_aspen_large_a"}
{"pos":[190.117432,122.152283,254.217087],"rotationMatrix":[-0.59508723,0.803660929,0,-0.803660929,-0.59508723,0,0,0,0.999999881],"scale":1.29699707,"type":"tree_aspen_large_a"}
{"pos":[166.364731,120.45874,253.435303],"rotationMatrix":[0.0570189804,0.998372972,0,-0.998372972,0.0570189804,0,0,0,0.999999881],"scale":1.2814436,"type":"tree_aspen_large_a"}
{"pos":[185.836761,122.901428,253.592224],"rotationMatrix":[-0.418228358,0.908341765,0,-0.908341765,-0.418228358,0,0,0,0.999999881],"scale":1.49103105,"type":"tree_aspen_large_a"}
{"pos":[171.224274,104.684326,254.044128],"rotationMatrix":[-0.986798763,0.161950916,0,-0.161950916,-0.986798763,0,0,0,0.999999881],"scale":1.25633836,"type":"tree_aspen_large_a"}
{"pos":[169.33371,123.934013,253.200439],"rotationMatrix":[-0.98948282,0.144649372,0,-0.144649372,-0.98948282,0,0,0,0.999999881],"scale":1.37544215,"type":"tree_aspen_large_a"}
{"pos":[172.742798,132.541824,254.063995],"rotationMatrix":[0.182004452,0.983297646,0,-0.983297646,0.182004452,0,0,0,0.999999881],"scale":1.21592665,"type":"tree_aspen_large_a"}
{"pos":[182.760437,121.087524,253.472153],"rotationMatrix":[-0.236698195,-0.971583128,0,0.971583128,-0.236698195,0,0,0,0.999999881],"scale":1.20767093,"type":"tree_aspen_large_a"}
{"pos":[194.202576,111.069946,253.351105],"rotationMatrix":[-0.369147778,-0.929370642,0,0.929370642,-0.369147778,0,0,0,0.999999881],"scale":1.28628123,"type":"tree_aspen_large_a"}
{"pos":[192.209015,121.115135,252.991699],"rotationMatrix":[-0.960391223,0.278655142,0,-0.278655142,-0.960391223,0,0,0,0.999999881],"scale":1.46481681,"type":"tree_aspen_large_a"}
{"pos":[171.879395,111.317909,253.959183],"rotationMatrix":[-0.994663298,0.103173234,0,-0.103173234,-0.994663298,0,0,0,0.999999881],"scale":1.30108857,"type":"tree_aspen_large_a"}
{"pos":[183.879395,111.229065,254.284271],"rotationMatrix":[-0.573482752,0.819217384,0,-0.819217384,-0.573482752,0,0,0,0.999999881],"scale":1.39361703,"type":"tree_aspen_large_a"}
{"pos":[176.392242,106.673683,253.224838],"rotationMatrix":[0.934407413,-0.356205851,0,0.356205851,0.934407413,0,0,0,0.999999881],"scale":1.42060113,"type":"tree_aspen_large_a"}
{"pos":[162.054901,135.016235,254.016464],"rotationMatrix":[-0.687255383,0.726415753,0,-0.726415753,-0.687255383,0,0,0,0.999999881],"scale":1.49832642,"type":"tree_aspen_large_a"}
{"pos":[182.912735,74.8037109,253.754028],"rotationMatrix":[0.9263255,-0.376723915,0,0.376723915,0.9263255,0,0,0,0.999999881],"scale":1.4626826,"type":"tree_aspen_large_a"}
{"pos":[170.551849,99.2275848,253.566757],"rotationMatrix":[-0.0727128685,0.997352779,0,-0.997352779,-0.0727128685,0,0,0,0.999999881],"scale":1.48067856,"type":"tree_aspen_large_a"}
{"pos":[190.013062,87.9729156,252.953903],"rotationMatrix":[0.569340944,-0.822101355,0,0.822101355,0.569340944,0,0,0,0.999999881],"scale":1.33210564,"type":"tree_aspen_large_a"}
{"pos":[158.89624,91.5351715,253.681946],"rotationMatrix":[0.143567711,0.989640415,0,-0.989640415,0.143567711,0,0,0,0.999999881],"scale":1.3911258,"type":"tree_aspen_large_a"}
{"pos":[179.624054,73.968483,253.893051],"rotationMatrix":[-0.372217059,0.928145587,0,-0.928145587,-0.372217059,0,0,0,0.999999881],"scale":1.35135269,"type":"tree_aspen_large_a"}
{"pos":[178.040466,86.3992081,253.504562],"rotationMatrix":[0.99444741,-0.105233513,0,0.105233513,0.99444741,0,0,0,0.999999881],"scale":1.22343004,"type":"tree_aspen_large_a"}
{"pos":[162.034622,86.2351074,253.330475],"rotationMatrix":[-0.0858285204,-0.996309817,0,0.996309817,-0.0858285204,0,0,0,0.999999881],"scale":1.35246825,"type":"tree_aspen_large_a"}
{"pos":[183.532684,78.2584763,253.845306],"rotationMatrix":[0.331934214,0.943302572,0,-0.943302572,0.331934214,0,0,0,0.999999881],"scale":1.24297035,"type":"tree_aspen_large_a"}
{"pos":[178.41304,90.3459549,253.845749],"rotationMatrix":[-0.9482885,0.317409456,0,-0.317409456,-0.9482885,0,0,0,0.999999881],"scale":1.29834032,"type":"tree_aspen_large_a"}
{"pos":[190.133194,90.906929,253.175217],"rotationMatrix":[-0.991569459,0.129575461,0,-0.129575461,-0.991569459,0,0,0,0.999999881],"scale":1.36598098,"type":"tree_aspen_large_a"}
{"pos":[190.910126,87.0102692,252.969543],"rotationMatrix":[0.461586416,-0.887095094,0,0.887095094,0.461586416,0,0,0,0.999999881],"scale":1.41332042,"type":"tree_aspen_large_a"}
{"pos":[166.115479,87.2677307,253.269485],"rotationMatrix":[-0.909882128,0.414866805,0,-0.414866805,-0.909882128,0,0,0,0.999999881],"scale":1.39512932,"type":"tree_aspen_large_a"}
{"pos":[180.314484,85.896759,253.722183],"rotationMatrix":[-0.169904321,-0.98546046,0,0.98546046,-0.169904321,0,0,0,0.999999881],"scale":1.39487231,"type":"tree_aspen_large_a"}
{"pos":[171.99498,77.9587173,253.287338],"rotationMatrix":[-0.73036617,-0.683055818,0,0.683055818,-0.73036617,0,0,0,0.999999881],"scale":1.26432633,"type":"tree_aspen_large_a"}
{"pos":[182.734085,96.1618576,254.279907],"rotationMatrix":[-0.967988431,0.250994235,0,-0.250994235,-0.967988431,0,0,0,0.999999881],"scale":1.45086074,"type":"tree_aspen_large_a"}
{"pos":[179.247772,91.8779373,253.107086],"rotationMatrix":[0.700564444,-0.713588953,0,0.713588953,0.700564444,0,0,0,0.999999881],"scale":1.39727259,"type":"tree_aspen_large_a"}
{"pos":[186.596237,75.3376236,253.151306],"rotationMatrix":[-0.725356579,0.688373208,0,-0.688373208,-0.725356579,0,0,0,0.999999881],"scale":1.28846085,"type":"tree_aspen_large_a"}
{"pos":[171.16452,106.405457,253.85849],"rotationMatrix":[-0.577274323,-0.816550136,0,0.816550136,-0.577274323,0,0,0,0.999999881],"scale":1.23342228,"type":"tree_aspen_large_a"}
{"pos":[164.4561,86.0258865,253.491211],"rotationMatrix":[0.41987431,0.907582283,0,-0.907582283,0.41987431,0,0,0,0.999999881],"scale":1.21161544,"type":"tree_aspen_large_a"}
{"pos":[178.787537,84.6279831,252.913315],"rotationMatrix":[-0.421282142,0.906929493,0,-0.906929493,-0.421282142,0,0,0,0.999999881],"scale":1.40041602,"type":"tree_aspen_large_a"}
{"pos":[213.786957,101.929138,253.846344],"rotationMatrix":[-0.97201544,0.234916687,0,-0.234916687,-0.97201544,0,0,0,0.999999881],"scale":1.45538187,"type":"tree_aspen_large_a"}
{"pos":[195.81517,114.151993,253.526154],"rotationMatrix":[0.588195145,0.808718979,0,-0.808718979,0.588195145,0,0,0,0.999999881],"scale":1.21295297,"type":"tree_aspen_large_a"}
{"pos":[201.078201,117.92675,253.9655],"rotationMatrix":[-0.992721617,0.120430775,0,-0.120430775,-0.992721617,0,0,0,0.999999881],"scale":1.43810177,"type":"tree_aspen_large_a"}
{"pos":[196.883698,96.9098969,253.558533],"rotationMatrix":[-0.802393496,-0.596795082,0,0.596795082,-0.802393496,0,0,0,0.999999881],"scale":1.37038541,"type":"tree_aspen_large_a"}
{"pos":[199.677856,102.318237,253.561752],"rotationMatrix":[0.49849242,0.866894066,0,-0.866894066,0.49849242,0,0,0,0.999999881],"scale":1.49010301,"type":"tree_aspen_large_a"}
{"pos":[210.136581,112.081779,253.255493],"rotationMatrix":[-0.917143464,0.398557216,0,-0.398557216,-0.917143464,0,0,0,0.999999881],"scale":1.32537282,"type":"tree_aspen_large_a"}
{"pos":[176.440506,110.012329,254.036484],"rotationMatrix":[0.0476455539,-0.998864174,0,0.998864174,0.0476455539,0,0,0,0.999999881],"scale":1.35392261,"type":"tree_aspen_large_a"}
{"pos":[186.436127,106.561569,253.381104],"rotationMatrix":[-0.568492413,0.822688282,0,-0.822688282,-0.568492413,0,0,0,0.999999881],"scale":1.44303608,"type":"tree_aspen_large_a"}
{"pos":[193.402512,94.6428146,253.960968],"rotationMatrix":[0.928278506,-0.371885598,0,0.371885598,0.928278506,0,0,0,0.999999881],"scale":1.47258687,"type":"tree_aspen_large_a"}
{"pos":[205.418213,106.411438,253.345367],"rotationMatrix":[0.835388243,-0.549660087,0,0.549660087,0.835388243,0,0,0,0.999999881],"scale":1.22296906,"type":"tree_aspen_large_a"}
{"pos":[208.042297,109.467041,253.252151],"rotationMatrix":[-0.558150172,0.829739749,0,-0.829739749,-0.558150172,0,0,0,0.999999881],"scale":1.34068775,"type":"tree_aspen_large_a"}
{"pos":[202.707489,117.198982,253.945221],"rotationMatrix":[-0.937724471,0.347379625,0,-0.347379625,-0.937724471,0,0,0,0.999999881],"scale":1.24034572,"type":"tree_aspen_large_a"}
{"pos":[193.722198,91.42556,253.459442],"rotationMatrix":[-0.71282953,0.701337218,0,-0.701337218,-0.71282953,0,0,0,0.999999881],"scale":1.3905561,"type":"tree_aspen_large_a"}
{"pos":[204.658112,99.5349731,253.266525],"rotationMatrix":[-0.0948510841,0.995491385,0,-0.995491385,-0.0948510841,0,0,0,0.999999881],"scale":1.42197418,"type":"tree_aspen_large_a"}
{"pos":[195.391998,99.8497696,254.284927],"rotationMatrix":[0.499476731,-0.866327286,0,0.866327286,0.499476731,0,0,0,0.999999881],"scale":1.25845897,"type":"tree_aspen_large_a"}
{"pos":[176.133652,118.894249,253.511398],"rotationMatrix":[-0.208177626,-0.978090942,0,0.978090942,-0.208177626,0,0,0,0.999999881],"scale":1.33902502,"type":"tree_aspen_large_a"}
{"pos":[190.971512,102.737953,254.220551],"rotationMatrix":[-0.944369018,-0.328887522,0,0.328887522,-0.944369018,0,0,0,0.999999881],"scale":1.29781866,"type":"tree_aspen_large_a"}
{"pos":[186.239777,124.387817,253.860916],"rotationMatrix":[-0.300260961,0.953856945,0,-0.953856945,-0.300260961,0,0,0,0.999999881],"scale":1.3700788,"type":"tree_aspen_large_a"}
{"pos":[222.834366,115.266953,253.444168],"rotationMatrix":[0.851199567,-0.524841845,0,0.524841845,0.851199567,0,0,0,0.999999881],"scale":1.21397138,"type":"tree_aspen_large_a"}
{"pos":[224.354202,123.181046,254.228714],"rotationMatrix":[0.748330116,0.663326442,0,-0.663326442,0.748330116,0,0,0,0.999999881],"scale":1.42904866,"type":"tree_aspen_large_a"}
{"pos":[208.822632,114.006401,253.873093],"rotationMatrix":[0.974948585,-0.222429723,0,0.222429723,0.974948585,0,0,0,0.999999881],"scale":1.44347548,"type":"tree_aspen_large_a"}
{"pos":[206.229935,134.743622,253.523407],"rotationMatrix":[-0.521755934,-0.853094757,0,0.853094757,-0.521755934,0,0,0,0.999999881],"scale":1.23032057,"type":"tree_aspen_large_a"}
{"pos":[206.557068,130.772461,253.976166],"rotationMatrix":[0.780236244,0.625484884,0,-0.625484884,0.780236244,0,0,0,0.999999881],"scale":1.44579494,"type":"tree_aspen_large_a"}
{"pos":[207.616791,133.583069,253.738739],"rotationMatrix":[0.898910165,-0.438132823,0,0.438132823,0.898910165,0,0,0,0.999999881],"scale":1.20711303,"type":"tree_aspen_large_a"}
{"pos":[224.777573,140.909714,253.45372],"rotationMatrix":[-0.16768007,-0.985841393,0,0.985841393,-0.16768007,0,0,0,0.999999881],"scale":1.3546443,"type":"tree_aspen_large_a"}
{"pos":[217.597122,124.904877,253.749237],"rotationMatrix":[0.927916944,-0.372786731,0,0.372786731,0.927916944,0,0,0,0.999999881],"scale":1.39526522,"type":"tree_aspen_large_a"}
{"pos":[214.990372,119.223167,253.606888],"rotationMatrix":[-0.673817694,-0.738897622,0,0.738897622,-0.673817694,0,0,0,0.999999881],"scale":1.38530695,"type":"tree_aspen_large_a"}
{"pos":[206.919189,126.85215,253.100266],"rotationMatrix":[0.996780694,-0.0801751912,0,0.0801751912,0.996780694,0,0,0,0.999999881],"scale":1.37626386,"type":"tree_aspen_large_a"}
{"pos":[224.769592,132.739853,253.960297],"rotationMatrix":[-0.387987763,-0.921664476,0,0.921664476,-0.387987763,0,0,0,0.999999881],"scale":1.31900942,"type":"tree_aspen_large_a"}
{"pos":[224.60141,120.07486,253.56218],"rotationMatrix":[-0.780829191,-0.624744356,0,0.624744356,-0.780829191,0,0,0,0.999999881],"scale":1.22166276,"type":"tree_aspen_large_a"}
{"pos":[231.334427,133.79097,253.988647],"rotationMatrix":[-0.874323785,0.485342741,0,-0.485342741,-0.874323785,0,0,0,0.999999881],"scale":1.23158145,"type":"tree_aspen_large_a"}
{"pos":[237.780975,120.922943,253.758163],"rotationMatrix":[0.312272906,-0.949992359,0,0.949992359,0.312272906,0,0,0,0.999999881],"scale":1.30251884,"type":"tree_aspen_large_a"}
{"pos":[215.527237,112.347832,254.065201],"rotationMatrix":[0.544490814,0.838766754,0,-0.838766754,0.544490814,0,0,0,0.999999881],"scale":1.35056567,"type":"tree_aspen_large_a"}
{"pos":[203.498642,135.73613,253.884857],"rotationMatrix":[0.990820289,-0.135184765,0,0.135184765,0.990820289,0,0,0,0.999999881],"scale":1.21591079,"type":"tree_aspen_large_a"}
{"pos":[227.80722,114.179001,254.204147],"rotationMatrix":[-0.516511619,-0.856280029,0,0.856280029,-0.516511619,0,0,0,0.999999881],"scale":1.23930669,"type":"tree_aspen_large_a"}
{"pos":[215.64502,118.090042,253.355942],"rotationMatrix":[0.667386949,0.744711161,0,-0.744711161,0.667386949,0,0,0,0.999999881],"scale":1.25991726,"type":"tree_aspen_large_a"}
{"pos":[174.60025,72.9749985,252.947784],"rotationMatrix":[-0.785443604,-0.618933022,0,0.618933022,-0.785443604,0,0,0,0.999999881],"scale":1.32503724,"type":"tree_aspen_large_a"}
{"pos":[175.705566,74.1363525,252.965607],"rotationMatrix":[-0.995806515,0.0914826617,0,-0.0914826617,-0.995806515,0,0,0,0.999999881],"scale":1.34063745,"type":"tree_aspen_large_a"}
{"pos":[185.381454,75.802475,253.753845],"rotationMatrix":[-0.631849706,-0.775090933,0,0.775090933,-0.631849706,0,0,0,0.999999881],"scale":1.23036993,"type":"tree_aspen_large_a"}
{"pos":[168.233215,63.3247414,253.76413],"rotationMatrix":[0.522359014,-0.852725506,0,0.852725506,0.522359014,0,0,0,0.999999881],"scale":1.49147391,"type":"tree_aspen_large_a"}
{"pos":[184.709198,63.0488548,253.441162],"rotationMatrix":[0.984425366,-0.175802216,0,0.175802216,0.984425366,0,0,0,0.999999881],"scale":1.42946839,"type":"tree_aspen_large_a"}
{"pos":[176.633896,70.400238,253.736938],"rotationMatrix":[0.925628245,0.378433883,0,-0.378433883,0.925628245,0,0,0,0.999999881],"scale":1.28122365,"type":"tree_aspen_large_a"}
{"pos":[169.17363,73.697052,253.224304],"rotationMatrix":[-0.164812773,-0.986324728,0,0.986324728,-0.164812773,0,0,0,0.999999881],"scale":1.42650795,"type":"tree_aspen_large_a"}
{"pos":[173.103409,79.5018463,253.574051],"rotationMatrix":[-0.732041061,0.681260288,0,-0.681260288,-0.732041061,0,0,0,0.999999881],"scale":1.41959596,"type":"tree_aspen_large_a"}
{"pos":[167.77774,76.154953,253.045624],"rotationMatrix":[0.299020261,0.9542467,0,-0.9542467,0.299020261,0,0,0,0.999999881],"scale":1.45455194,"type":"tree_aspen_large_a"}
{"pos":[173.088791,76.8396378,254.188309],"rotationMatrix":[-0.819671094,-0.572834253,0,0.572834253,-0.819671094,0,0,0,0.999999881],"scale":1.31523883,"type":"tree_aspen_large_a"}
{"pos":[170.690887,70.2362213,254.216782],"rotationMatrix":[0.91559118,-0.40211013,0,0.40211013,0.91559118,0,0,0,0.999999881],"scale":1.29776359,"type":"tree_aspen_large_a"}
{"pos":[158.830597,75.209198,254.242935],"rotationMatrix":[0.958106458,0.28641209,0,-0.28641209,0.958106458,0,0,0,0.999999881],"scale":1.46146345,"type":"tree_aspen_large_a"}
{"pos":[159.398163,83.4760208,253.413971],"rotationMatrix":[-0.509932578,0.860214174,0,-0.860214174,-0.509932578,0,0,0,0.999999881],"scale":1.29741907,"type":"tree_aspen_large_a"}
{"pos":[156.501755,84.4836121,254.081879],"rotationMatrix":[0.58598274,-0.810323417,0,0.810323417,0.58598274,0,0,0,0.999999881],"scale":1.42764103,"type":"tree_aspen_large_a"}
{"pos":[170.515945,72.8846741,254.261261],"rotationMatrix":[-0.910621881,-0.413240284,0,0.413240284,-0.910621881,0,0,0,0.999999881],"scale":1.28555381,"type":"tree_aspen_large_a"}
{"pos":[159.044312,89.518486,253.220306],"rotationMatrix":[0.0541481003,0.998532832,0,-0.998532832,0.0541481003,0,0,0,0.999999881],"scale":1.42683077,"type":"tree_aspen_large_a"}
{"pos":[157.2845,104.352356,254.16922],"rotationMatrix":[-0.751830339,-0.659356415,0,0.659356415,-0.751830339,0,0,0,0.999999881],"scale":1.35868669,"type":"tree_aspen_large_a"}
{"pos":[149.508926,100.19368,253.067215],"rotationMatrix":[0.628772974,0.777588904,0,-0.777588904,0.628772974,0,0,0,0.999999881],"scale":1.36275303,"type":"tree_aspen_large_a"}
{"pos":[181.312317,73.6489792,253.297913],"rotationMatrix":[-0.921196759,-0.389096797,0,0.389096797,-0.921196759,0,0,0,0.999999881],"scale":1.36979914,"type":"tree_aspen_large_a"}
{"pos":[195.799957,81.563736,253.913712],"rotationMatrix":[0.916465282,-0.400114,0,0.400114,0.916465282,0,0,0,0.999999881],"scale":1.47455072,"type":"tree_aspen_large_a"}
{"pos":[178.761353,75.4971008,253.726944],"rotationMatrix":[-0.201475427,-0.979493439,0,0.979493439,-0.201475427,0,0,0,0.999999881],"scale":1.34251928,"type":"tree_aspen_large_a"}
{"pos":[193.469604,78.059227,253.08168],"rotationMatrix":[-0.907271266,0.420545578,0,-0.420545578,-0.907271266,0,0,0,0.999999881],"scale":1.35523677,"type":"tree_aspen_large_a"}
{"pos":[187.90007,79.8562317,253.869293],"rotationMatrix":[-0.58044368,0.814300179,0,-0.814300179,-0.58044368,0,0,0,0.999999881],"scale":1.31477904,"type":"tree_aspen_large_a"}
{"pos":[205.996521,71.9525604,253.256104],"rotationMatrix":[0.847168565,-0.53132391,0,0.53132391,0.847168565,0,0,0,0.999999881],"scale":1.44203424,"type":"tree_aspen_large_a"}
{"pos":[209.511505,72.1137466,253.100586],"rotationMatrix":[0.291727662,0.956501424,0,-0.956501424,0.291727662,0,0,0,0.999999881],"scale":1.44049883,"type":"tree_aspen_large_a"}
{"pos":[189.926468,63.4066582,254.256119],"rotationMatrix":[-0.996875942,-0.0789823979,0,0.0789823979,-0.996875942,0,0,0,0.999999881],"scale":1.23627174,"type":"tree_aspen_large_a"}
{"pos":[216.210205,92.7557526,253.174957],"rotationMatrix":[0.716785967,-0.697293162,0,0.697293162,0.716785967,0,0,0,0.999999881],"scale":1.22027552,"type":"tree_aspen_large_a"}
{"pos":[216.331833,85.1694717,254.263824],"rotationMatrix":[-0.999800742,0.0199579727,0,-0.0199579727,-0.999800742,0,0,0,0.999999881],"scale":1.47251153,"type":"tree_aspen_large_a"}
{"pos":[203.497055,100.927055,254.108719],"rotationMatrix":[0.326964706,-0.945036411,0,0.945036411,0.326964706,0,0,0,0.999999881],"scale":1.29237556,"type":"tree_aspen_large_a"}
{"pos":[204.538376,79.4082031,254.266479],"rotationMatrix":[-0.905914009,-0.423461676,0,0.423461676,-0.905914009,0,0,0,0.999999881],"scale":1.35202599,"type":"tree_aspen_large_a"}
{"pos":[206.944824,78.4879913,253.850769],"rotationMatrix":[0.263601005,0.964631796,0,-0.964631796,0.263601005,0,0,0,0.999999881],"scale":1.23975742,"type":"tree_aspen_large_a"}
{"pos":[210.775864,98.9156723,253.945419],"rotationMatrix":[0.757189453,-0.653195143,0,0.653195143,0.757189453,0,0,0,0.999999881],"scale":1.47265875,"type":"tree_aspen_large_a"}
{"pos":[211.780548,105.41317,253.743683],"rotationMatrix":[0.387255788,0.921972334,0,-0.921972334,0.387255788,0,0,0,0.999999881],"scale":1.33421993,"type":"tree_aspen_large_a"}
{"pos":[215.602539,108.632835,253.051422],"rotationMatrix":[-0.931746423,0.363109559,0,-0.363109559,-0.931746423,0,0,0,0.999999881],"scale":1.36050332,"type":"tree_aspen_large_a"}
{"pos":[213.366348,108.874557,253.98381],"rotationMatrix":[0.999419987,0.0340513326,0,-0.0340513326,0.999419987,0,0,0,0.999999881],"scale":1.21187508,"type":"tree_aspen_large_a"}
{"pos":[222.247467,117.901634,253.154694],"rotationMatrix":[0.809583604,-0.587004304,0,0.587004304,0.809583604,0,0,0,0.999999881],"scale":1.46636748,"type":"tree_aspen_large_a"}
{"pos":[218.738022,102.782379,254.177765],"rotationMatrix":[-0.372192711,0.928155363,0,-0.928155363,-0.372192711,0,0,0,0.999999881],"scale":1.24998128,"type":"tree_aspen_large_a"}
{"pos":[236.519485,110.581078,253.566193],"rotationMatrix":[0.624167442,-0.781290531,0,0.781290531,0.624167442,0,0,0,0.999999881],"scale":1.44960177,"type":"tree_aspen_large_a"}
{"pos":[219.841476,117.269699,253.153824],"rotationMatrix":[0.809469402,0.587162077,0,-0.587162077,0.809469402,0,0,0,0.999999881],"scale":1.30131316,"type":"tree_aspen_large_a"}
{"pos":[243.933578,114.191818,254.00882],"rotationMatrix":[0.223570257,-0.974687755,0,0.974687755,0.223570257,0,0,0,0.999999881],"scale":1.35251236,"type":"tree_aspen_large_a"}
{"pos":[225.58786,117.602821,253.933319],"rotationMatrix":[0.994973481,0.10013774,0,-0.10013774,0.994973481,0,0,0,0.999999881],"scale":1.20380771,"type":"tree_aspen_large_a"}
{"pos":[227.624008,103.334412,253.594116],"rotationMatrix":[0.428728461,0.903433442,0,-0.903433442,0.428728461,0,0,0,0.999999881],"scale":1.40003312,"type":"tree_aspen_large_a"}
{"pos":[220.909485,112.20472,254.077194],"rotationMatrix":[0.756408215,-0.654099703,0,0.654099703,0.756408215,0,0,0,0.999999881],"scale":1.23657763,"type":"tree_aspen_large_a"}
{"pos":[232.733521,118.875221,254.189896],"rotationMatrix":[-0.995622754,-0.0934623778,0,0.0934623778,-0.995622754,0,0,0,0.999999881],"scale":1.30579734,"type":"tree_aspen_large_a"}
{"pos":[243.62851,116.935295,253.773407],"rotationMatrix":[-0.242619887,-0.970121384,0,0.970121384,-0.242619887,0,0,0,0.999999881],"scale":1.48863614,"type":"tree_aspen_large_a"}
{"pos":[252.370972,126.246933,253.958862],"rotationMatrix":[-0.145896047,-0.989299834,0,0.989299834,-0.145896047,0,0,0,0.999999881],"scale":1.23663104,"type":"tree_aspen_large_a"}
{"pos":[248.936478,128.876663,253.261368],"rotationMatrix":[-0.59546268,-0.803382814,0,0.803382814,-0.59546268,0,0,0,0.999999881],"scale":1.33654451,"type":"tree_aspen_large_a"}
{"pos":[242.155945,135.366318,253.949173],"rotationMatrix":[0.332172573,-0.943218529,0,0.943218529,0.332172573,0,0,0,0.999999881],"scale":1.27265096,"type":"tree_aspen_large_a"}
{"pos":[258.189789,129.394592,253.502411],"rotationMatrix":[-0.332269877,-0.943184316,0,0.943184316,-0.332269877,0,0,0,0.999999881],"scale":1.4935112,"type":"tree_aspen_large_a"}
{"pos":[248.273895,143.834518,252.682983],"rotationMatrix":[0.250563413,0.96810019,0,-0.96810019,0.250563413,0,0,0,0.999999881],"scale":1.37137222,"type":"tree_aspen_large_a"}
{"pos":[259.15387,132.564438,253.02449],"rotationMatrix":[0.457451671,-0.889234364,0,0.889234364,0.457451671,0,0,0,0.999999881],"scale":1.31402159,"type":"tree_aspen_large_a"}
{"pos":[262.020477,143.767136,252.81427],"rotationMatrix":[0.70382607,-0.710372269,0,0.710372269,0.70382607,0,0,0,0.999999881],"scale":1.47086382,"type":"tree_aspen_large_a"}
{"pos":[245.495422,144.240677,253.014603],"rotationMatrix":[0.828162909,-0.56048727,0,0.56048727,0.828162909,0,0,0,0.999999881],"scale":1.24440479,"type":"tree_aspen_large_a"}
{"pos":[249.127945,149.015366,253.618179],"rotationMatrix":[-0.554917455,0.831905186,0,-0.831905186,-0.554917455,0,0,0,0.999999881],"scale":1.47991955,"type":"tree_aspen_large_a"}
{"pos":[235.557602,141.237686,253.163544],"rotationMatrix":[-0.999886632,-0.0150504699,0,0.0150504699,-0.999886632,0,0,0,0.999999881],"scale":1.27053845,"type":"tree_aspen_large_a"}
{"pos":[243.536209,155.681915,253.069168],"rotationMatrix":[-0.50330174,0.864110589,0,-0.864110589,-0.50330174,0,0,0,0.999999881],"scale":1.48281646,"type":"tree_aspen_large_a"}
{"pos":[239.386215,147.866089,252.884079],"rotationMatrix":[-0.561182678,0.827691793,0,-0.827691793,-0.561182678,0,0,0,0.999999881],"scale":1.26054335,"type":"tree_aspen_large_a"}
{"pos":[256.677063,154.208588,252.768677],"rotationMatrix":[-0.946732223,0.322021544,0,-0.322021544,-0.946732223,0,0,0,0.999999881],"scale":1.41675365,"type":"tree_aspen_large_a"}
{"pos":[246.197815,150.326096,252.323685],"rotationMatrix":[-0.0742213279,-0.997241735,0,0.997241735,-0.0742213279,0,0,0,0.999999881],"scale":1.36482322,"type":"tree_aspen_large_a"}
{"pos":[234.900757,156.51239,253.897049],"rotationMatrix":[0.189470619,0.981886327,0,-0.981886327,0.189470619,0,0,0,0.999999881],"scale":1.32157469,"type":"tree_aspen_large_a"}
{"pos":[236.620575,171.54628,252.181503],"rotationMatrix":[0.936953604,-0.34945339,0,0.34945339,0.936953604,0,0,0,0.999999881],"scale":1.42251062,"type":"tree_aspen_large_a"}
{"pos":[251.559219,172.167099,251.849136],"rotationMatrix":[0.883868873,0.467734665,0,-0.467734665,0.883868873,0,0,0,0.999999881],"scale":1.42009187,"type":"tree_aspen_large_a"}
{"pos":[232.6651,165.814331,253.575226],"rotationMatrix":[0.0037576186,-0.999992847,0,0.999992847,0.0037576186,0,0,0,0.999999881],"scale":1.34911942,"type":"tree_aspen_large_a"}
{"pos":[243.840393,176.995529,252.211044],"rotationMatrix":[0.915678978,0.401910335,0,-0.401910335,0.915678978,0,0,0,0.999999881],"scale":1.25194883,"type":"tree_aspen_large_a"}
{"pos":[253.600861,169.093033,250.645691],"rotationMatrix":[-0.932659566,-0.360757709,0,0.360757709,-0.932659566,0,0,0,0.999999881],"scale":1.47356439,"type":"tree_aspen_large_a"}
{"pos":[237.408524,188.165634,252.287628],"rotationMatrix":[-0.193979859,-0.981005371,0,0.981005371,-0.193979859,0,0,0,0.999999881],"scale":1.27700424,"type":"tree_aspen_large_a"}
{"pos":[241.536194,171.900818,251.643906],"rotationMatrix":[0.999195039,-0.040113043,0,0.040113043,0.999195039,0,0,0,0.999999881],"scale":1.39573896,"type":"tree_aspen_large_a"}
{"pos":[243.547729,175.672043,251.635254],"rotationMatrix":[0.963405132,-0.268049091,0,0.268049091,0.963405132,0,0,0,0.999999881],"scale":1.21829343,"type":"tree_aspen_large_a"}
{"pos":[237.103821,170.080688,253.267517],"rotationMatrix":[0.912755549,-0.408505917,0,0.408505917,0.912755549,0,0,0,0.999999881],"scale":1.41742909,"type":"tree_aspen_large_a"}
{"pos":[229.533737,190.724655,251.934692],"rotationMatrix":[-0.805710256,-0.592309833,0,0.592309833,-0.805710256,0,0,0,0.999999881],"scale":1.27157462,"type":"tree_aspen_large_a"}
{"pos":[217.659836,185.50647,253.617554],"rotationMatrix":[0.544355631,0.838854551,0,-0.838854551,0.544355631,0,0,0,0.999999881],"scale":1.42930293,"type":"tree_aspen_large_a"}
{"pos":[207.515198,189.618729,253.897522],"rotationMatrix":[0.471231967,0.882009327,0,-0.882009327,0.471231967,0,0,0,0.999999881],"scale":1.45996904,"type":"tree_aspen_large_a"}
{"pos":[223.03833,185.830215,252.53775],"rotationMatrix":[0.993315518,-0.115429968,0,0.115429968,0.993315518,0,0,0,0.999999881],"scale":1.21875978,"type":"tree_aspen_large_a"}
{"pos":[212.306244,171.777374,253.487198],"rotationMatrix":[0.888176382,-0.459502548,0,0.459502548,0.888176382,0,0,0,0.999999881],"scale":1.27424836,"type":"tree_aspen_large_a"}
{"pos":[208.205887,188.148087,254.129822],"rotationMatrix":[-0.999633431,-0.0270714164,0,0.0270714164,-0.999633431,0,0,0,0.999999881],"scale":1.37075353,"type":"tree_aspen_large_a"}
{"pos":[224.511749,190.733765,253.61998],"rotationMatrix":[-0.534896433,0.844917476,0,-0.844917476,-0.534896433,0,0,0,0.999999881],"scale":1.32559109,"type":"tree_aspen_large_a"}
{"pos":[222.158356,192.091064,253.310364],"rotationMatrix":[0.377850622,0.925866544,0,-0.925866544,0.377850622,0,0,0,0.999999881],"scale":1.32857823,"type":"tree_aspen_large_a"}
{"pos":[221.608765,189.273804,253.393692],"rotationMatrix":[0.758346796,-0.651851118,0,0.651851118,0.758346796,0,0,0,0.999999881],"scale":1.26897776,"type":"tree_aspen_large_a"}
{"pos":[209.901398,185.390045,254.298218],"rotationMatrix":[-0.197841704,0.980233848,0,-0.980233848,-0.197841704,0,0,0,0.999999881],"scale":1.35722077,"type":"tree_aspen_large_a"}
{"pos":[205.14682,168.228607,253.733582],"rotationMatrix":[-0.30401966,0.952665627,0,-0.952665627,-0.30401966,0,0,0,0.999999881],"scale":1.49588442,"type":"tree_aspen_large_a"}
{"pos":[203.212006,184.802307,253.308533],"rotationMatrix":[0.805369735,-0.592772603,0,0.592772603,0.805369735,0,0,0,0.999999881],"scale":1.33827806,"type":"tree_aspen_large_a"}
{"pos":[202.315216,178.422409,253.340637],"rotationMatrix":[-0.978694439,0.205321491,0,-0.205321491,-0.978694439,0,0,0,0.999999881],"scale":1.40116167,"type":"tree_aspen_large_a"}
{"pos":[215.959366,184.731735,253.539185],"rotationMatrix":[-0.723394334,0.690434813,0,-0.690434813,-0.723394334,0,0,0,0.999999881],"scale":1.22979975,"type":"tree_aspen_large_a"}
{"pos":[195.738907,188.395233,253.656952],"rotationMatrix":[-0.820144176,-0.572156727,0,0.572156727,-0.820144176,0,0,0,0.999999881],"scale":1.41700804,"type":"tree_aspen_large_a"}
{"pos":[209.478729,182.532333,252.977768],"rotationMatrix":[0.967324376,-0.253541619,0,0.253541619,0.967324376,0,0,0,0.999999881],"scale":1.42760038,"type":"tree_aspen_large_a"}
{"pos":[217.804718,176.507507,253.516205],"rotationMatrix":[0.948120892,-0.317909628,0,0.317909628,0.948120892,0,0,0,0.999999881],"scale":1.41041994,"type":"tree_aspen_large_a"}
{"pos":[203.099686,163.813583,253.72789],"rotationMatrix":[-0.809938133,0.586515129,0,-0.586515129,-0.809938133,0,0,0,0.999999881],"scale":1.43191147,"type":"tree_aspen_large_a"}
{"pos":[189.375046,165.171875,253.305206],"rotationMatrix":[-0.992258012,-0.124192514,0,0.124192514,-0.992258012,0,0,0,0.999999881],"scale":1.3439008,"type":"tree_aspen_large_a"}
{"pos":[172.202805,154.253937,253.770172],"rotationMatrix":[0.677876115,0.735176146,0,-0.735176146,0.677876115,0,0,0,0.999999881],"scale":1.46416521,"type":"tree_aspen_large_a"}
{"pos":[181.940887,148.300461,254.328094],"rotationMatrix":[-0.0498082116,0.998758733,0,-0.998758733,-0.0498082116,0,0,0,0.999999881],"scale":1.38792241,"type":"tree_aspen_large_a"}
{"pos":[174.552505,135.639908,253.51712],"rotationMatrix":[-0.262699932,0.964877486,0,-0.964877486,-0.262699932,0,0,0,0.999999881],"scale":1.24627888,"type":"tree_aspen_large_a"}
{"pos":[164.824661,151.585693,253.80043],"rotationMatrix":[-0.410149723,-0.912018061,0,0.912018061,-0.410149723,0,0,0,0.999999881],"scale":1.26323199,"type":"tree_aspen_large_a"}
{"pos":[167.31749,144.59996,253.590622],"rotationMatrix":[0.493994504,0.869465053,0,-0.869465053,0.493994504,0,0,0,0.999999881],"scale":1.22403717,"type":"tree_aspen_large_a"}
{"pos":[156.988052,147.825851,253.790817],"rotationMatrix":[-0.996869266,-0.0790667757,0,0.0790667757,-0.996869266,0,0,0,0.999999881],"scale":1.21896505,"type":"tree_aspen_large_a"}
{"pos":[160.932571,158.407242,253.905701],"rotationMatrix":[-0.728813946,0.684711695,0,-0.684711695,-0.728813946,0,0,0,0.999999881],"scale":1.28011608,"type":"tree_aspen_large_a"}
{"pos":[152.722702,132.888275,253.990738],"rotationMatrix":[0.442398757,0.896818459,0,-0.896818459,0.442398757,0,0,0,0.999999881],"scale":1.20953763,"type":"tree_aspen_large_a"}
{"pos":[154.240601,129.221695,253.92337],"rotationMatrix":[0.151010796,-0.988532007,0,0.988532007,0.151010796,0,0,0,0.999999881],"scale":1.47685444,"type":"tree_aspen_large_a"}
{"pos":[161.982254,130.248428,254.155548],"rotationMatrix":[0.544315994,-0.838880122,0,0.838880122,0.544315994,0,0,0,0.999999881],"scale":1.3544029,"type":"tree_aspen_large_a"}
{"pos":[145.617844,114.588699,253.887848],"rotationMatrix":[-0.0432802513,0.999062836,0,-0.999062836,-0.0432802513,0,0,0,0.999999881],"scale":1.2480762,"type":"tree_aspen_large_a"}
