{"pos":[-16.2817993,-6.09579992,46.5654984],"rotationMatrix":[-0.913750529,0.406344295,0,-0.406344295,-0.913750529,0,0,0,1],"scale":1.01929998,"type":"tree_douglasfir_large_b"}
{"pos":[-4.10570002,-23.3829002,49.4916992],"rotationMatrix":[-0.804240108,0.594004929,0,-0.594004929,-0.804240108,0,0,0,1],"scale":0.952799976,"type":"tree_douglasfir_large_b"}
{"pos":[-0.260699987,-26.1285992,50.8280983],"rotationMatrix":[0.369660079,0.929229259,0,-0.929229259,0.369660079,0,0,0,1],"scale":1.08050001,"type":"tree_douglasfir_large_b"}
{"pos":[-4.84609985,-38.3158989,50.7038002],"rotationMatrix":[-0.86592567,-0.500142992,0,0.500142992,-0.86592567,0,0,0,1],"scale":1.06819999,"type":"tree_douglasfir_large_b"}
{"pos":[-30.5977268,-130.022614,46.5124359],"rotationMatrix":[-0.452830553,-0.891505778,0,0.891505778,-0.452830553,0,0,0,1],"scale":1.26209998,"type":"tree_douglasfir_large_b"}
{"pos":[-24.2735996,-142.678146,44.9657478],"rotationMatrix":[-0.96693778,-0.254866898,0,0.254866898,-0.96693778,0,0,0,1],"scale":1.29470003,"type":"tree_douglasfir_large_b"}
{"pos":[-118.874001,-173.932007,30.3880997],"rotationMatrix":[-0.443640351,0.896158099,0,-0.896158099,-0.443640351,0,0,0,1],"scale":1.12539995,"type":"tree_douglasfir_large_b"}
{"pos":[-116.473,-184.408997,31.0683002],"rotationMatrix":[0.810271978,-0.586062372,0,0.586062372,0.810271978,0,0,0,1],"scale":1.11570001,"type":"tree_douglasfir_large_b"}
{"pos":[-105.528,-191.192001,31.4246998],"rotationMatrix":[-0.987220526,0.158690557,0,-0.158690557,-0.987220526,0,0,0,1],"scale":0.950200021,"type":"tree_douglasfir_large_b"}
{"pos":[-115.669998,-201.524002,31.6735001],"rotationMatrix":[0.189480841,-0.98189187,0,0.98189187,0.189480841,0,0,0,1],"scale":1.27149999,"type":"tree_douglasfir_large_b"}
{"pos":[-110.174004,-219.811996,33.7201996],"rotationMatrix":[-0.851657629,-0.524014115,0,0.524014115,-0.851657629,0,0,0,1],"scale":1.25329995,"type":"tree_douglasfir_large_b"}
{"pos":[-121.373001,-221.621994,34.8558006],"rotationMatrix":[-0.766824007,0.642139673,0,-0.642139673,-0.766824007,0,0,0,1],"scale":1.26479995,"type":"tree_douglasfir_large_b"}
{"pos":[-90.1818008,-203.695999,30.8694],"rotationMatrix":[0.565688014,-0.824633598,0,0.824633598,0.565688014,0,0,0,1],"scale":1.28470004,"type":"tree_douglasfir_large_b"}
{"pos":[-75.335701,-220.955002,32.8092995],"rotationMatrix":[0.535737514,0.844402611,0,-0.844402611,0.535737514,0,0,0,1],"scale":0.951900005,"type":"tree_douglasfir_large_b"}
{"pos":[-65.3149033,-233.460007,33.0814018],"rotationMatrix":[-0.062007308,0.998173237,0,-0.998173237,-0.062007308,0,0,0,1],"scale":1.02719998,"type":"tree_douglasfir_large_b"}
{"pos":[-224.621002,-804.174011,15.2653999],"rotationMatrix":[-0.585624337,0.810620129,0,-0.810620129,-0.585624337,0,0,0,1],"scale":1.24000001,"type":"tree_douglasfir_large_b"}
{"pos":[-311.320007,-785.638,42.9350014],"rotationMatrix":[0.553865433,-0.832570434,0,0.832570434,0.553865433,0,0,0,1],"scale":0.988900006,"type":"tree_douglasfir_large_b"}
{"pos":[-312.434998,-800.877991,41.6980019],"rotationMatrix":[0.724124074,-0.689689815,0,0.689689815,0.724124074,0,0,0,1],"scale":1.10399997,"type":"tree_douglasfir_large_b"}
{"pos":[-272.215759,-846.608093,17.3701],"rotationMatrix":[0.371679425,0.928300142,0,-0.928300142,0.371679425,0,0,0,1],"scale":1.14830005,"type":"tree_douglasfir_large_b"}
{"pos":[-285.415985,-839.018005,21.6573009],"rotationMatrix":[0.479391873,0.877544045,0,-0.877544045,0.479391873,0,0,0,1],"scale":1.27269995,"type":"tree_douglasfir_large_b"}
{"pos":[-286.497986,-826.677979,25.5692005],"rotationMatrix":[-0.637326121,0.77070868,0,-0.77070868,-0.637326121,0,0,0,1],"scale":0.986299992,"type":"tree_douglasfir_large_b"}
{"pos":[-310.46701,-866.906982,19.4099007],"rotationMatrix":[-0.752941012,-0.658335865,0,0.658335865,-0.752941012,0,0,0,1],"scale":1.18200004,"type":"tree_douglasfir_large_b"}
{"pos":[-297.954987,-822.742981,33.0292015],"rotationMatrix":[-0.991209626,-0.130911365,0,0.130911365,-0.991209626,0,0,0,1],"scale":1.1092,"type":"tree_douglasfir_large_b"}
{"pos":[-302.796997,-818.109009,36.7970009],"rotationMatrix":[0.975667834,-0.21925433,0,0.21925433,0.975667834,0,0,0,1],"scale":1.00740004,"type":"tree_douglasfir_large_b"}
{"pos":[-312.960999,-798.528015,42.4005013],"rotationMatrix":[0.447279096,-0.894425929,0,0.894425929,0.447279096,0,0,0,1],"scale":1.09089994,"type":"tree_douglasfir_large_b"}
{"pos":[-314.105011,-870.281006,19.0093994],"rotationMatrix":[0.278799534,0.960319579,0,-0.960319579,0.278799534,0,0,0,1],"scale":1.00100005,"type":"tree_douglasfir_large_b"}
{"pos":[-317.990997,-855.138977,25.7290001],"rotationMatrix":[0.899558365,-0.436815709,0,0.436815709,0.899558365,0,0,0,1],"scale":1.20379996,"type":"tree_douglasfir_large_b"}
{"pos":[-313.559998,-850.127014,27.2719002],"rotationMatrix":[0.998914242,0.0465860181,0,-0.0465860181,0.998914242,0,0,0,1],"scale":0.932799995,"type":"tree_douglasfir_large_b"}
{"pos":[-316.006989,-845.924988,31.0475006],"rotationMatrix":[0.415935636,-0.909385204,0,0.909385204,0.415935636,0,0,0,1],"scale":1.20060003,"type":"tree_douglasfir_large_b"}
{"pos":[-316.678009,-839.429993,35.0257988],"rotationMatrix":[0.998398244,-0.0565773621,0,0.0565773621,0.998398244,0,0,0,1],"scale":1.13080001,"type":"tree_douglasfir_large_b"}
{"pos":[-320.628998,-813.507019,40.0988007],"rotationMatrix":[0.424335539,-0.905504704,0,0.905504704,0.424335539,0,0,0,1],"scale":1.01129997,"type":"tree_douglasfir_large_b"}
{"pos":[-975.065002,-121.370003,54.5968018],"rotationMatrix":[-0.703857899,-0.710156202,0,0.710156202,-0.703857899,0,0,0,1],"scale":1.02079999,"type":"tree_douglasfir_large_b"}
{"pos":[-982.583008,-153.345001,54.9682007],"rotationMatrix":[-0.960596085,0.278416127,0,-0.278416127,-0.960596085,0,0,0,1],"scale":1.14569998,"type":"tree_douglasfir_large_b"}
{"pos":[-983.911011,-169.445999,56.803299],"rotationMatrix":[-0.134319186,0.990928888,0,-0.990928888,-0.134319186,0,0,0,1],"scale":1.21270001,"type":"tree_douglasfir_large_b"}
{"pos":[-983.354004,-177.705002,55.1035004],"rotationMatrix":[-0.74919796,0.662308574,0,-0.662308574,-0.74919796,0,0,0,1],"scale":1.20630002,"type":"tree_douglasfir_large_b"}
{"pos":[-953.437012,-149.518997,52.4309998],"rotationMatrix":[-0.764944792,-0.644240558,0,0.644240558,-0.764944792,0,0,0,1],"scale":1.28289998,"type":"tree_douglasfir_large_b"}
{"pos":[-946.797974,-149.072006,51.4199982],"rotationMatrix":[0.836179137,-0.548473656,0,0.548473656,0.836179137,0,0,0,1],"scale":0.991100013,"type":"tree_douglasfir_large_b"}
{"pos":[-955.479004,-178.371002,54.3828011],"rotationMatrix":[-0.995602369,0.0942961648,0,-0.0942961648,-0.995602369,0,0,0,1],"scale":0.998000026,"type":"tree_douglasfir_large_b"}
{"pos":[-982.755981,-189.959,56.0983009],"rotationMatrix":[-0.862836003,-0.505133331,0,0.505133331,-0.862836003,0,0,0,1],"scale":1.24010003,"type":"tree_douglasfir_large_b"}
{"pos":[-815.406982,-357.718994,21.1721001],"rotationMatrix":[0.935917974,0.352236211,0,-0.352236211,0.935917974,0,0,0,1],"scale":1.0151,"type":"tree_douglasfir_large_b"}
{"pos":[-957.741028,-270.565002,53.3296013],"rotationMatrix":[-0.812988758,0.582494795,0,-0.582494795,-0.812988758,0,0,0,1],"scale":1.22549999,"type":"tree_douglasfir_large_b"}
{"pos":[-697.776978,-559.677002,22.6753006],"rotationMatrix":[-0.470612526,0.882367551,0,-0.882367551,-0.470612526,0,0,0,1],"scale":1.0036,"type":"tree_douglasfir_large_b"}
{"pos":[-764.616028,-570.439026,13.0318003],"rotationMatrix":[-0.363230824,-0.931607068,0,0.931607068,-0.363230824,0,0,0,1],"scale":1.1171,"type":"tree_douglasfir_large_b"}
{"pos":[-761.015991,-571.885986,14.3456001],"rotationMatrix":[-0.0107576847,0.999951959,0,-0.999951959,-0.0107576847,0,0,0,1],"scale":1.02719998,"type":"tree_douglasfir_large_b"}
{"pos":[-798.864014,-563.533997,12.3823004],"rotationMatrix":[0.901964068,-0.431818545,0,0.431818545,0.901964068,0,0,0,1],"scale":0.941399992,"type":"tree_douglasfir_large_b"}
{"pos":[-829.309021,-545.481995,17.6152992],"rotationMatrix":[0.998978496,0.0451864414,0,-0.0451864414,0.998978496,0,0,0,1],"scale":1.18789995,"type":"tree_douglasfir_large_b"}
{"pos":[-828.927979,-541.254028,18.4741993],"rotationMatrix":[0.810148835,-0.58625263,0,0.58625263,0.810148835,0,0,0,1],"scale":0.923699975,"type":"tree_douglasfir_large_b"}
{"pos":[-839.817017,-546.267029,19.0167007],"rotationMatrix":[0.972948611,0.23101832,0,-0.23101832,0.972948611,0,0,0,1],"scale":1.0654,"type":"tree_douglasfir_large_b"}
{"pos":[-923.22998,-594.856018,28.0452995],"rotationMatrix":[0.108620524,-0.994056344,0,0.994056344,0.108620524,0,0,0,1],"scale":1.00199997,"type":"tree_douglasfir_large_b"}
{"pos":[-929.335022,-685.27002,33.2402],"rotationMatrix":[0.706162214,-0.708031774,0,0.708031774,0.706162214,0,0,0,1],"scale":1.01719999,"type":"tree_douglasfir_large_b"}
{"pos":[-933.554993,-701.629028,33.4654007],"rotationMatrix":[-0.794375658,-0.607155204,0,0.607155204,-0.794375658,0,0,0,1],"scale":1.02279997,"type":"tree_douglasfir_large_b"}
{"pos":[-959.734985,-743.56897,34.5489006],"rotationMatrix":[0.561202884,0.827662766,0,-0.827662766,0.561202884,0,0,0,1],"scale":1.05130005,"type":"tree_douglasfir_large_b"}
{"pos":[-59.9939995,689.09198,30.4818954],"rotationMatrix":[-0.550912619,-0.834632635,0,0.834632635,-0.550912619,0,0,0,1],"scale":1.05509996,"type":"tree_douglasfir_large_b"}
{"pos":[-11.0592003,673.901001,33.8241844],"rotationMatrix":[0.976368606,0.216117337,0,-0.216117337,0.976368606,0,0,0,1],"scale":1.06770003,"type":"tree_douglasfir_large_b"}
{"pos":[-3.64650011,663.684998,35.2741547],"rotationMatrix":[-0.062007308,-0.998027563,0,0.998027563,-0.062007308,0,0,0,1],"scale":0.928200006,"type":"tree_douglasfir_large_b"}
{"pos":[-14.3732996,665.70697,35.1670494],"rotationMatrix":[0.999519527,-0.0309968982,0,0.0309968982,0.999519527,0,0,0,1],"scale":1.2256,"type":"tree_douglasfir_large_b"}
{"pos":[-43.9878006,651.34198,36.9638901],"rotationMatrix":[-0.997200966,-0.0735484809,0,0.0735484809,-0.997200966,0,0,0,1],"scale":1.28439999,"type":"tree_douglasfir_large_b"}
{"pos":[-69.2231979,698.961975,29.3749733],"rotationMatrix":[0.211231947,-0.977419198,0,0.977419198,0.211231947,0,0,0,1],"scale":1.14760005,"type":"tree_douglasfir_large_b"}
{"pos":[-69.572197,712.166565,29.3078613],"rotationMatrix":[0.0325594544,-0.999433577,0,0.999433577,0.0325594544,0,0,0,1],"scale":0.913900018,"type":"tree_douglasfir_large_b"}
{"pos":[-76.7479019,628.171997,37.3769531],"rotationMatrix":[-0.996401787,0.0849235058,0,-0.0849235058,-0.996401787,0,0,0,1],"scale":1.22739995,"type":"tree_douglasfir_large_b"}
{"pos":[-72.7668991,648.401978,36.7626266],"rotationMatrix":[-0.445680022,-0.895260572,0,0.895260572,-0.445680022,0,0,0,1],"scale":0.989199996,"type":"tree_douglasfir_large_b"}
{"pos":[-55.5955009,603.33197,38.3214951],"rotationMatrix":[0.872991979,0.487720817,0,-0.487720817,0.872991979,0,0,0,1],"scale":0.930899978,"type":"tree_douglasfir_large_b"}
{"pos":[-61.3735008,581.125,37.1164474],"rotationMatrix":[-0.999599934,-0.0341965817,0,0.0341965817,-0.999599934,0,0,0,1],"scale":1.18789995,"type":"tree_douglasfir_large_b"}
{"pos":[-58.0760002,500.5,37.6052094],"rotationMatrix":[0.566619515,-0.824028075,0,0.824028075,0.566619515,0,0,0,1],"scale":1.16559994,"type":"tree_douglasfir_large_b"}
{"pos":[-44.5229988,505.541992,37.5266876],"rotationMatrix":[0.850395501,0.526159286,0,-0.526159286,0.850395501,0,0,0,1],"scale":1.28480005,"type":"tree_douglasfir_large_b"}
{"pos":[-52.6212997,515.552002,36.878624],"rotationMatrix":[0.178494334,-0.983909726,0,0.983909726,0.178494334,0,0,0,1],"scale":1.26090002,"type":"tree_douglasfir_large_b"}
{"pos":[-124.101997,598.25,33.6993637],"rotationMatrix":[0.344487548,0.938785434,0,-0.938785434,0.344487548,0,0,0,1],"scale":1.13,"type":"tree_douglasfir_large_b"}
{"pos":[-84.4080963,601.094971,37.0370178],"rotationMatrix":[-0.962180376,-0.272189409,0,0.272189409,-0.962180376,0,0,0,1],"scale":1.16260004,"type":"tree_douglasfir_large_b"}
{"pos":[-75.4559021,602.13501,37.6121025],"rotationMatrix":[0.974597394,0.223957449,0,-0.223957449,0.974597394,0,0,0,1],"scale":0.916400015,"type":"tree_douglasfir_large_b"}
{"pos":[-103.080002,582.275024,35.2475624],"rotationMatrix":[0.941654742,-0.336578488,0,0.336578488,0.941654742,0,0,0,1],"scale":0.912,"type":"tree_douglasfir_large_b"}
{"pos":[-93.1793976,585.445984,36.0307236],"rotationMatrix":[0.0830711722,-0.996555746,0,0.996555746,0.0830711722,0,0,0,1],"scale":0.914900005,"type":"tree_douglasfir_large_b"}
{"pos":[-120.276001,554.913025,32.821907],"rotationMatrix":[-0.886847377,0.461950272,0,-0.461950272,-0.886847377,0,0,0,1],"scale":1.29939997,"type":"tree_douglasfir_large_b"}
{"pos":[-116.987999,551.182007,32.9059982],"rotationMatrix":[-0.955450892,0.294662416,0,-0.294662416,-0.955450892,0,0,0,1],"scale":0.902899981,"type":"tree_douglasfir_large_b"}
{"pos":[-111.727997,546.051025,33.1375465],"rotationMatrix":[0.911800027,-0.410633981,0,0.410633981,0.911800027,0,0,0,1],"scale":1.27740002,"type":"tree_douglasfir_large_b"}
{"pos":[-102.764,535.531982,33.6694794],"rotationMatrix":[0.683351159,0.730066895,0,-0.730066895,0.683351159,0,0,0,1],"scale":1.22119999,"type":"tree_douglasfir_large_b"}
{"pos":[-86.1496964,516.901001,35.051712],"rotationMatrix":[0.6171875,-0.786800027,0,0.786800027,0.6171875,0,0,0,1],"scale":1.06719995,"type":"tree_douglasfir_large_b"}
{"pos":[-101.817001,549.242004,33.7978859],"rotationMatrix":[-0.994803429,-0.100668959,0,0.100668959,-0.994803429,0,0,0,1],"scale":1.28470004,"type":"tree_douglasfir_large_b"}
{"pos":[-139.656998,641.255005,34.7476158],"rotationMatrix":[-0.0173083544,-0.999763727,0,0.999763727,-0.0173083544,0,0,0,1],"scale":1.15040004,"type":"tree_douglasfir_large_b"}
{"pos":[-164.317993,644.66803,31.4268608],"rotationMatrix":[-0.540714502,-0.841363192,0,0.841363192,-0.540714502,0,0,0,1],"scale":0.971800029,"type":"tree_douglasfir_large_b"}
{"pos":[-172.311996,642.783997,30.8211174],"rotationMatrix":[0.988899469,0.148582801,0,-0.148582801,0.988899469,0,0,0,1],"scale":1.09449995,"type":"tree_douglasfir_large_b"}
{"pos":[-171.977005,678.29303,26.1408272],"rotationMatrix":[-0.175351143,-0.984467685,0,0.984467685,-0.175351143,0,0,0,1],"scale":1.18260002,"type":"tree_douglasfir_large_b"}
{"pos":[-157.500244,684.151184,26.3497086],"rotationMatrix":[0.94981885,0.312808305,0,-0.312808305,0.94981885,0,0,0,1],"scale":0.9903,"type":"tree_douglasfir_large_b"}
{"pos":[-128.179001,598.103027,33.3515854],"rotationMatrix":[0.278318942,0.960519314,0,-0.960519314,0.278318942,0,0,0,1],"scale":1.2608,"type":"tree_douglasfir_large_b"}
{"pos":[-142.309006,593.778015,32.2281647],"rotationMatrix":[-0.608859181,-0.793218374,0,0.793218374,-0.608859181,0,0,0,1],"scale":0.970700026,"type":"tree_douglasfir_large_b"}
{"pos":[-249,564.129028,29.0805779],"rotationMatrix":[0.951078057,-0.30895254,0,0.30895254,0.951078057,0,0,0,1],"scale":1.28359997,"type":"tree_douglasfir_large_b"}
{"pos":[-213.123993,598.473022,30.6407967],"rotationMatrix":[0.421972513,0.906608641,0,-0.906608641,0.421972513,0,0,0,1],"scale":1.24520004,"type":"tree_douglasfir_large_b"}
{"pos":[-216.324997,604.255005,30.341938],"rotationMatrix":[-0.890734553,-0.454647452,0,0.454647452,-0.890734553,0,0,0,1],"scale":0.981599987,"type":"tree_douglasfir_large_b"}
{"pos":[-247.354004,591.622986,28.0811577],"rotationMatrix":[-0.781894326,0.623540342,0,-0.623540342,-0.781894326,0,0,0,1],"scale":1.25259995,"type":"tree_douglasfir_large_b"}
{"pos":[-256.459991,569.374023,29.1428757],"rotationMatrix":[-0.033921957,-0.999409974,0,0.999409974,-0.033921957,0,0,0,1],"scale":1.25080001,"type":"tree_douglasfir_large_b"}
{"pos":[-265.833008,598.963013,26.0708809],"rotationMatrix":[0.915621698,-0.402049959,0,0.402049959,0.915621698,0,0,0,1],"scale":1.27680004,"type":"tree_douglasfir_large_b"}
{"pos":[-304.563995,542.56897,28.356308],"rotationMatrix":[-0.996801257,-0.0797361583,0,0.0797361583,-0.996801257,0,0,0,1],"scale":1.04320002,"type":"tree_douglasfir_large_b"}
{"pos":[-300.931,535.593018,28.8670502],"rotationMatrix":[-0.438886523,0.898583055,0,-0.898583055,-0.438886523,0,0,0,1],"scale":1.04990005,"type":"tree_douglasfir_large_b"}
{"pos":[-296.515015,530.452026,29.9208755],"rotationMatrix":[0.559702754,-0.82870096,0,0.82870096,0.559702754,0,0,0,1],"scale":1.18449998,"type":"tree_douglasfir_large_b"}
{"pos":[-290.057007,523.810974,30.9004631],"rotationMatrix":[-0.430078745,-0.902762592,0,0.902762592,-0.430078745,0,0,0,1],"scale":1.18420005,"type":"tree_douglasfir_large_b"}
{"pos":[-280.528992,516.221985,32.0282402],"rotationMatrix":[-0.690592647,0.723200023,0,-0.723200023,-0.690592647,0,0,0,1],"scale":1.25,"type":"tree_douglasfir_large_b"}
{"pos":[-274.697998,511.098999,32.337162],"rotationMatrix":[-0.776175261,-0.608036041,0.167003974,0.596088886,-0.793913603,-0.120107636,0.205611661,0.00632610917,0.978613496],"scale":1.28690004,"type":"tree_douglasfir_large_b"}
{"pos":[-269.773987,506.562988,32.7248993],"rotationMatrix":[0.990171969,0.139849499,0,-0.139849499,0.990171969,0,0,0,1],"scale":0.979200006,"type":"tree_douglasfir_large_b"}
{"pos":[-262.980011,509.67099,32.9946404],"rotationMatrix":[0.911785424,-0.410661101,-9.69595276e-05,0.410522878,0.911472321,0.0261605587,-0.0106550399,-0.0238925572,0.99965775],"scale":1.25030005,"type":"tree_douglasfir_large_b"}
{"pos":[-268.690002,515.981995,32.4494057],"rotationMatrix":[-0.802720785,0.596223235,0,-0.596223235,-0.802720785,0,0,0,1],"scale":1.09909999,"type":"tree_douglasfir_large_b"}
{"pos":[-277.681,525.796997,31.2653732],"rotationMatrix":[-0.954264522,-0.299317807,0,0.299317807,-0.954264522,0,0,0,1],"scale":0.925899982,"type":"tree_douglasfir_large_b"}
{"pos":[-284.825012,532.986023,30.2501411],"rotationMatrix":[0.249442399,-0.968398154,0,0.968398154,0.249442399,0,0,0,1],"scale":1.26890004,"type":"tree_douglasfir_large_b"}
{"pos":[-292.945007,542.849976,29.2788696],"rotationMatrix":[-0.945180774,-0.327023923,0,0.327023923,-0.945180774,0,0,0,1],"scale":0.974699974,"type":"tree_douglasfir_large_b"}
{"pos":[-299.816986,555.164978,28.421505],"rotationMatrix":[-0.951497674,-0.307403356,0,0.307403356,-0.951497674,0,0,0,1],"scale":1.03349996,"type":"tree_douglasfir_large_b"}
{"pos":[-287.531006,533.979004,29.8007469],"rotationMatrix":[-0.0742849112,0.99718374,0,-0.99718374,-0.0742849112,0,0,0,1],"scale":1.0618,"type":"tree_douglasfir_large_b"}
{"pos":[-281.510986,538.127014,31.6551628],"rotationMatrix":[0.666582227,-0.745392501,0,0.745392501,0.666582227,0,0,0,1],"scale":1.18410003,"type":"tree_douglasfir_large_b"}
{"pos":[-300.463013,547.565979,28.3131676],"rotationMatrix":[0.962626219,0.270830035,0,-0.270830035,0.962626219,0,0,0,1],"scale":1.10090005,"type":"tree_douglasfir_large_b"}
{"pos":[-308.127991,558.734985,27.5578957],"rotationMatrix":[-1,0.00100000005,0,-0.00100000005,-1,0,0,0,1],"scale":1.17719996,"type":"tree_douglasfir_large_b"}
{"pos":[-311.18399,550.762024,27.8181877],"rotationMatrix":[-0.140956163,-0.990047216,0,0.990047216,-0.140956163,0,0,0,1],"scale":1.08969998,"type":"tree_douglasfir_large_b"}
{"pos":[-313.355011,565.768005,27.4158936],"rotationMatrix":[-0.685447931,-0.72815758,0,0.72815758,-0.685447931,0,0,0,1],"scale":1.06009996,"type":"tree_douglasfir_large_b"}
{"pos":[-31.2591991,440.356995,45.5055237],"rotationMatrix":[0.00341033936,-0.999977946,0,0.999977946,0.00341033936,0,0,0,1],"scale":1.01359999,"type":"tree_douglasfir_large_b"}
{"pos":[-35.2352982,444.542999,44.524353],"rotationMatrix":[-0.982040644,0.189144999,0,-0.189144999,-0.982040644,0,0,0,1],"scale":1.10899997,"type":"tree_douglasfir_large_b"}
{"pos":[-30.6063004,449.838989,43.9886703],"rotationMatrix":[0.477553606,0.878580868,0,-0.878580868,0.477553606,0,0,0,1],"scale":1.13730001,"type":"tree_douglasfir_large_b"}
{"pos":[-6.07340002,424.207001,51.0923767],"rotationMatrix":[-0.170755982,-0.985295773,0,0.985295773,-0.170755982,0,0,0,1],"scale":1.13049996,"type":"tree_douglasfir_large_b"}
{"pos":[-68.8179016,499.062988,37.405304],"rotationMatrix":[-0.481608987,-0.876192629,0,0.876192629,-0.481608987,0,0,0,1],"scale":1.0503,"type":"tree_douglasfir_large_b"}
{"pos":[-65.3796997,497.291992,39.1121979],"rotationMatrix":[-0.944391966,-0.328929603,0,0.328929603,-0.944391966,0,0,0,1],"scale":1.14530003,"type":"tree_douglasfir_large_b"}
{"pos":[-27.3323002,34.0158997,43.7893982],"rotationMatrix":[0.544560313,-0.838726699,0,0.838726699,0.544560313,0,0,0,1],"scale":1.01830006,"type":"tree_douglasfir_large_b"}
{"pos":[-19.9519997,9.69869995,45.026001],"rotationMatrix":[-0.933757663,0.358314514,0,-0.358314514,-0.933757663,0,0,0,1],"scale":0.986100018,"type":"tree_douglasfir_large_b"}
{"pos":[-52.6363983,32.1507988,43.6282005],"rotationMatrix":[-0.992407203,-0.123964019,0,0.123964019,-0.992407203,0,0,0,1],"scale":0.906199992,"type":"tree_douglasfir_large_b"}
{"pos":[-511.684998,611.481018,25.8469009],"rotationMatrix":[0.990615487,0.136684895,0,-0.136684895,0.990615487,0,0,0,1],"scale":0.952600002,"type":"tree_douglasfir_large_b"}
{"pos":[-544.526978,557.252991,25.7936993],"rotationMatrix":[0.960519493,-0.278218091,0,0.278218091,0.960519493,0,0,0,1],"scale":1.16180003,"type":"tree_douglasfir_large_b"}
{"pos":[-568.140991,555.484009,25.5951996],"rotationMatrix":[0.0651085377,0.997791827,0,-0.997791827,0.0651085377,0,0,0,1],"scale":1.24689996,"type":"tree_douglasfir_large_b"}
{"pos":[-631.270996,503.963013,24.4719009],"rotationMatrix":[0.975799978,-0.218658,0,0.218658,0.975799978,0,0,0,1],"scale":1.21619999,"type":"tree_douglasfir_large_b"}
{"pos":[-977.892029,872.172974,39.8096008],"rotationMatrix":[-0.0213063955,0.999868333,0,-0.999868333,-0.0213063955,0,0,0,1],"scale":1.06710005,"type":"tree_douglasfir_large_b"}
{"pos":[-996.268982,869.700989,46.8530998],"rotationMatrix":[0.164075494,-0.986429691,0,0.986429691,0.164075494,0,0,0,1],"scale":0.961899996,"type":"tree_douglasfir_large_b"}
{"pos":[-971.215027,672.752991,33.8189011],"rotationMatrix":[0.359967053,-0.932952404,0,0.932952404,0.359967053,0,0,0,1],"scale":1.02380002,"type":"tree_douglasfir_large_b"}
{"pos":[-793.01001,275.309998,33.8773003],"rotationMatrix":[0.995841265,-0.0911088064,0,0.0911088064,0.995841265,0,0,0,1],"scale":1.28489995,"type":"tree_douglasfir_large_b"}
{"pos":[-793.924988,294.127014,32.5666008],"rotationMatrix":[0.18922627,-0.981918693,0,0.981918693,0.18922627,0,0,0,1],"scale":1.16799998,"type":"tree_douglasfir_large_b"}
{"pos":[-784.385986,219.802002,32.9501991],"rotationMatrix":[0.896396518,0.443273753,0,-0.443273753,0.896396518,0,0,0,1],"scale":1.27149999,"type":"tree_douglasfir_large_b"}
{"pos":[-847.616028,125.126999,28.3817005],"rotationMatrix":[-0.989214659,0.147201478,0,-0.147201478,-0.989214659,0,0,0,1],"scale":1.24440002,"type":"tree_douglasfir_large_b"}
{"pos":[-852.062012,132.352005,29.2462006],"rotationMatrix":[0.0447615981,0.99891597,0,-0.99891597,0.0447615981,0,0,0,1],"scale":0.984099984,"type":"tree_douglasfir_large_b"}
{"pos":[-796.15802,120.413002,31.7119999],"rotationMatrix":[-0.108560443,0.994056344,0,-0.994056344,-0.108560443,0,0,0,1],"scale":1.08399999,"type":"tree_douglasfir_large_b"}
{"pos":[-785.18103,109.455002,28.6054001],"rotationMatrix":[-0.55443716,-0.832230449,0,0.832230449,-0.55443716,0,0,0,1],"scale":1.0632,"type":"tree_douglasfir_large_b"}
{"pos":[-792.739014,114.435997,29.559],"rotationMatrix":[0.138015568,0.990395844,0,-0.990395844,0.138015568,0,0,0,1],"scale":1.0395,"type":"tree_douglasfir_large_b"}
{"pos":[-779.317993,115.319,28.0622997],"rotationMatrix":[0.998895526,-0.0469858982,0,0.0469858982,0.998895526,0,0,0,1],"scale":1.29659998,"type":"tree_douglasfir_large_b"}
{"pos":[-849.85199,103.444,28.2073994],"rotationMatrix":[-0.643847108,-0.765351713,0,0.765351713,-0.643847108,0,0,0,1],"scale":1.22889996,"type":"tree_douglasfir_large_b"}
{"pos":[-848.997986,120.309998,30.1310997],"rotationMatrix":[0.0730226636,-0.997372031,0,0.997372031,0.0730226636,0,0,0,1],"scale":0.997399986,"type":"tree_douglasfir_large_b"}
{"pos":[-867.786011,120.528999,32.4129982],"rotationMatrix":[-0.733521938,-0.679816186,0,0.679816186,-0.733521938,0,0,0,1],"scale":0.902199984,"type":"tree_douglasfir_large_b"}
{"pos":[899.381897,-65.9533691,45.0245018],"rotationMatrix":[-0.446700454,0.894726038,0,-0.894726038,-0.446700454,0,0,0,1],"scale":0.971099973,"type":"tree_douglasfir_large_b"}
{"pos":[898.03717,-142.632416,42.1520996],"rotationMatrix":[-0.90398109,-0.427161455,0,0.427161455,-0.90398109,0,0,0,1],"scale":1.26970005,"type":"tree_douglasfir_large_b"}
{"pos":[898.859802,-177.704834,40.6525002],"rotationMatrix":[0.625368357,-0.780338407,0,0.780338407,0.625368357,0,0,0,1],"scale":0.91900003,"type":"tree_douglasfir_large_b"}
{"pos":[903.383362,-283.056366,39.3740997],"rotationMatrix":[-0.632263184,-0.774755836,0,0.774755836,-0.632263184,0,0,0,1],"scale":1.29610002,"type":"tree_douglasfir_large_b"}
{"pos":[903.007996,-250.733002,39.6408997],"rotationMatrix":[0.857635498,-0.514230311,0,0.514230311,0.857635498,0,0,0,1],"scale":1.15320003,"type":"tree_douglasfir_large_b"}
{"pos":[600.879028,-350.858002,13.2637997],"rotationMatrix":[0.946011007,-0.324131042,0,0.324131042,0.946011007,0,0,0,1],"scale":1.0539,"type":"tree_douglasfir_large_b"}
{"pos":[899.356018,-514.052002,42.6151009],"rotationMatrix":[-0.977265,-0.21118933,0,0.21118933,-0.977265,0,0,0,1],"scale":1.12240005,"type":"tree_douglasfir_large_b"}
{"pos":[898.606995,-521.872009,42.5470009],"rotationMatrix":[0.324413121,-0.945961118,0,0.945961118,0.324413121,0,0,0,1],"scale":1.29579997,"type":"tree_douglasfir_large_b"}
{"pos":[898.268005,-531.570984,42.4477005],"rotationMatrix":[-0.958616376,0.284213126,0,-0.284213126,-0.958616376,0,0,0,1],"scale":1.05929995,"type":"tree_douglasfir_large_b"}
{"pos":[898.05603,-542.304993,42.1949997],"rotationMatrix":[-0.606348872,-0.795108616,0,0.795108616,-0.606348872,0,0,0,1],"scale":1.12189996,"type":"tree_douglasfir_large_b"}
{"pos":[896.192017,-560.047974,40.5620995],"rotationMatrix":[0.965362906,-0.260910183,0,0.260910183,0.965362906,0,0,0,1],"scale":0.933300018,"type":"tree_douglasfir_large_b"}
{"pos":[882.865784,-614.810547,39.4031944],"rotationMatrix":[-0.508584499,-0.861030877,0,0.861030877,-0.508584499,0,0,0,1],"scale":1.03279996,"type":"tree_douglasfir_large_b"}
{"pos":[892.437317,-589.55426,39.2018013],"rotationMatrix":[-0.099347949,0.994958818,0,-0.994958818,-0.099347949,0,0,0,1],"scale":1.16620004,"type":"tree_douglasfir_large_b"}
{"pos":[896.291138,-573.302246,39.9562988],"rotationMatrix":[-0.0763379335,-0.997109175,0,0.997109175,-0.0763379335,0,0,0,1],"scale":1.0115,"type":"tree_douglasfir_large_b"}
{"pos":[896.867981,-567.958984,39.8345985],"rotationMatrix":[0.847979009,-0.530005693,0,0.530005693,0.847979009,0,0,0,1],"scale":0.989499986,"type":"tree_douglasfir_large_b"}
{"pos":[878.218018,-666.797974,41.7559013],"rotationMatrix":[0.229711294,0.973224878,0,-0.973224878,0.229711294,0,0,0,1],"scale":0.931100011,"type":"tree_douglasfir_large_b"}
{"pos":[866.679993,-657.880005,41.5671997],"rotationMatrix":[-0.232450128,-0.972615004,0,0.972615004,-0.232450128,0,0,0,1],"scale":1.05439997,"type":"tree_douglasfir_large_b"}
{"pos":[874.565002,-639.549988,41.5808983],"rotationMatrix":[0.936489522,0.350697637,0,-0.350697637,0.936489522,0,0,0,1],"scale":0.917900026,"type":"tree_douglasfir_large_b"}
{"pos":[393.313995,-6.87879992,49.1049004],"rotationMatrix":[0.970085442,0.242765501,0,-0.242765501,0.970085442,0,0,0,1],"scale":1.14820004,"type":"tree_douglasfir_large_b"}
{"pos":[398.21701,-11.6169004,48.8526993],"rotationMatrix":[-0.926291943,-0.377250165,0,0.377250165,-0.926291943,0,0,0,1],"scale":1.28559995,"type":"tree_douglasfir_large_b"}
{"pos":[404.666992,-18.0557003,48.1207008],"rotationMatrix":[0.422617435,0.906317651,0,-0.906317651,0.422617435,0,0,0,1],"scale":1.11210001,"type":"tree_douglasfir_large_b"}
{"pos":[406.906006,-21.5634003,48.8541985],"rotationMatrix":[0.629339457,-0.777138591,0,0.777138591,0.629339457,0,0,0,1],"scale":1.05340004,"type":"tree_douglasfir_large_b"}
{"pos":[463.429993,-230.169006,10.0427999],"rotationMatrix":[0.856244802,0.516575098,0,-0.516575098,0.856244802,0,0,0,1],"scale":1.05139995,"type":"tree_douglasfir_large_b"}
{"pos":[452.785004,-230.977997,10.8550997],"rotationMatrix":[-0.933757663,-0.357724518,0,0.357724518,-0.933757663,0,0,0,1],"scale":1.005,"type":"tree_douglasfir_large_b"}
{"pos":[385.183014,-169.222,42.7975998],"rotationMatrix":[-0.889179111,-0.457764894,0,0.457764894,-0.889179111,0,0,0,1],"scale":0.994599998,"type":"tree_douglasfir_large_b"}
{"pos":[386.57901,-177.598007,37.6185989],"rotationMatrix":[0.999075472,0.0429914035,0,-0.0429914035,0.999075472,0,0,0,1],"scale":1.18700004,"type":"tree_douglasfir_large_b"}
{"pos":[390.432007,-182.809006,32.0786018],"rotationMatrix":[-0.241572738,0.970377624,0,-0.970377624,-0.241572738,0,0,0,1],"scale":1.21959996,"type":"tree_douglasfir_large_b"}
{"pos":[401.375,-186.779999,26.0422001],"rotationMatrix":[-0.5228616,0.852530241,0,-0.852530241,-0.5228616,0,0,0,1],"scale":1.10029995,"type":"tree_douglasfir_large_b"}
{"pos":[415.528992,-199.626999,13.4417],"rotationMatrix":[0.00566798449,0.99997282,0,-0.99997282,0.00566798449,0,0,0,1],"scale":0.92809999,"type":"tree_douglasfir_large_b"}
{"pos":[418.062012,-205.160995,9.12660027],"rotationMatrix":[0.935055912,-0.354489446,0,0.354489446,0.935055912,0,0,0,1],"scale":0.93809998,"type":"tree_douglasfir_large_b"}
{"pos":[387.423004,-191.462006,22.2716999],"rotationMatrix":[0.0255919695,0.999675572,0,-0.999675572,0.0255919695,0,0,0,1],"scale":1.25849998,"type":"tree_douglasfir_large_b"}
{"pos":[391.182007,-187.746002,28.1965008],"rotationMatrix":[-0.124400139,-0.992285371,0,0.992285371,-0.124400139,0,0,0,1],"scale":1.14619994,"type":"tree_douglasfir_large_b"}
{"pos":[396.31601,-195.707001,21.4689007],"rotationMatrix":[0.913388789,0.40708524,0,-0.40708524,0.913388789,0,0,0,1],"scale":0.961899996,"type":"tree_douglasfir_large_b"}
{"pos":[403.100006,-189.339005,23.1674995],"rotationMatrix":[-0.700168014,0.713996768,0,-0.713996768,-0.700168014,0,0,0,1],"scale":1.10819995,"type":"tree_douglasfir_large_b"}
{"pos":[402.838013,-191.595993,22.5174007],"rotationMatrix":[-0.871725559,0.490084857,0,-0.490084857,-0.871725559,0,0,0,1],"scale":1.18649995,"type":"tree_douglasfir_large_b"}
{"pos":[404.587006,-193.164001,20.3264008],"rotationMatrix":[0.985719502,0.1683916,0,-0.1683916,0.985719502,0,0,0,1],"scale":1.21609998,"type":"tree_douglasfir_large_b"}
{"pos":[412.636993,-195.860992,16.4799004],"rotationMatrix":[-0.681044579,0.732156515,0,-0.732156515,-0.681044579,0,0,0,1],"scale":1.10380006,"type":"tree_douglasfir_large_b"}
{"pos":[402.174011,-201.951004,16.0877991],"rotationMatrix":[0.748233914,0.663405001,0,-0.663405001,0.748233914,0,0,0,1],"scale":0.966099977,"type":"tree_douglasfir_large_b"}
{"pos":[424.489014,-228.5,10.1613998],"rotationMatrix":[-0.820232034,0.572018385,0,-0.572018385,-0.820232034,0,0,0,1],"scale":1.04390001,"type":"tree_douglasfir_large_b"}
{"pos":[421.287994,-226.666,9.98910046],"rotationMatrix":[-0.959408045,0.282092988,0,-0.282092988,-0.959408045,0,0,0,1],"scale":1.21689999,"type":"tree_douglasfir_large_b"}
{"pos":[406.733002,-241.227005,23.2206993],"rotationMatrix":[-0.359930277,0.932952404,0,-0.932952404,-0.359930277,0,0,0,1],"scale":1.22300005,"type":"tree_douglasfir_large_b"}
{"pos":[410.098999,-242.044006,22.4235992],"rotationMatrix":[-0.835144758,0.550026119,0,-0.550026119,-0.835144758,0,0,0,1],"scale":1.29390001,"type":"tree_douglasfir_large_b"}
{"pos":[403.47699,-233.649002,21.6539001],"rotationMatrix":[0.998015523,0.0629685,0,-0.0629685,0.998015523,0,0,0,1],"scale":1.03489995,"type":"tree_douglasfir_large_b"}
{"pos":[405.993988,-234.897003,21.0739994],"rotationMatrix":[-0.31738925,-0.94827354,0,0.94827354,-0.31738925,0,0,0,1],"scale":0.922999978,"type":"tree_douglasfir_large_b"}
{"pos":[383.515015,-238.669006,37.3526993],"rotationMatrix":[-0.936512113,-0.350894392,0,0.350894392,-0.936512113,0,0,0,1],"scale":1.29540002,"type":"tree_douglasfir_large_b"}
{"pos":[380.856995,-239.671005,39.2361984],"rotationMatrix":[-0.918840528,-0.394738495,0,0.394738495,-0.918840528,0,0,0,1],"scale":1.00670004,"type":"tree_douglasfir_large_b"}
{"pos":[375.256012,-238.742996,42.698101],"rotationMatrix":[0.433313429,-0.901183844,0,0.901183844,0.433313429,0,0,0,1],"scale":1.25189996,"type":"tree_douglasfir_large_b"}
{"pos":[374.688995,-232.735001,44.4101982],"rotationMatrix":[-0.947548509,-0.320117921,0,0.320117921,-0.947548509,0,0,0,1],"scale":1.02779996,"type":"tree_douglasfir_large_b"}
{"pos":[367.994995,-220.393997,42.6169014],"rotationMatrix":[-0.299916983,0.954057157,0,-0.954057157,-0.299916983,0,0,0,1],"scale":0.916800022,"type":"tree_douglasfir_large_b"}
{"pos":[372.230011,-222.130005,40.8036995],"rotationMatrix":[-0.945180774,0.326432198,0,-0.326432198,-0.945180774,0,0,0,1],"scale":1.24170005,"type":"tree_douglasfir_large_b"}
{"pos":[30.2224998,-60.9742012,53.299099],"rotationMatrix":[-0.846273303,0.532475352,0,-0.532475352,-0.846273303,0,0,0,1],"scale":1.24179995,"type":"tree_douglasfir_large_b"}
{"pos":[51.3272018,-86.0552979,53.343399],"rotationMatrix":[-0.823668122,-0.567210615,0,0.567210615,-0.823668122,0,0,0,1],"scale":1.2342,"type":"tree_douglasfir_large_b"}
{"pos":[52.1780014,-108.880997,54.5195999],"rotationMatrix":[-0.0963844061,0.995245695,0,-0.995245695,-0.0963844061,0,0,0,1],"scale":1.21249998,"type":"tree_douglasfir_large_b"}
{"pos":[50.0517006,-104.482002,54.2487984],"rotationMatrix":[-0.998400331,0.0539784022,0,-0.0539784022,-0.998400331,0,0,0,1],"scale":1.05939996,"type":"tree_douglasfir_large_b"}
{"pos":[61.0052986,-120.569,54.4631996],"rotationMatrix":[-0.905932784,0.423475564,0,-0.423475564,-0.905932784,0,0,0,1],"scale":1.0316,"type":"tree_douglasfir_large_b"}
{"pos":[489.181,-812.151978,51.4515991],"rotationMatrix":[0.457951248,-0.888976574,0,0.888976574,0.457951248,0,0,0,1],"scale":0.9005,"type":"tree_douglasfir_large_b"}
{"pos":[470.649994,-812.127014,46.9877014],"rotationMatrix":[0.962899148,-0.269866675,0,0.269866675,0.962899148,0,0,0,1],"scale":1.10029995,"type":"tree_douglasfir_large_b"}
{"pos":[486.019012,-838.005005,46.3119011],"rotationMatrix":[0.466042161,-0.884797096,0,0.884797096,0.466042161,0,0,0,1],"scale":1.29540002,"type":"tree_douglasfir_large_b"}
{"pos":[484.419006,-834.208008,46.4292984],"rotationMatrix":[-0.82404995,0.566697001,0,-0.566697001,-0.82404995,0,0,0,1],"scale":1.18599999,"type":"tree_douglasfir_large_b"}
{"pos":[494.230011,-825.445984,51.0527992],"rotationMatrix":[-0.993605018,-0.112220161,0,0.112220161,-0.993605018,0,0,0,1],"scale":1.12870002,"type":"tree_douglasfir_large_b"}
{"pos":[499.014008,-817.593018,53.5763016],"rotationMatrix":[-0.909839511,-0.415114552,0,0.415114552,-0.909839511,0,0,0,1],"scale":1.16849995,"type":"tree_douglasfir_large_b"}
{"pos":[463.079987,-819.963989,44.3233986],"rotationMatrix":[-0.777743578,0.62865907,0,-0.62865907,-0.777743578,0,0,0,1],"scale":1.13670003,"type":"tree_douglasfir_large_b"}
{"pos":[461.261993,-851.401978,41.9230003],"rotationMatrix":[-0.783027172,-0.621850073,0,0.621850073,-0.783027172,0,0,0,1],"scale":1.07739997,"type":"tree_douglasfir_large_b"}
{"pos":[377.44101,-887.025024,39.4093018],"rotationMatrix":[-0.829019427,0.559244275,0,-0.559244275,-0.829019427,0,0,0,1],"scale":1.21159995,"type":"tree_douglasfir_large_b"}
{"pos":[477.971985,-878.991028,42.1980019],"rotationMatrix":[-0.964954734,-0.262866229,0,0.262866229,-0.964954734,0,0,0,1],"scale":1.02610004,"type":"tree_douglasfir_large_b"}
{"pos":[437.31601,-882.174988,38.7527008],"rotationMatrix":[0.803059101,-0.595906258,0,0.595906258,0.803059101,0,0,0,1],"scale":0.929099977,"type":"tree_douglasfir_large_b"}
{"pos":[433.752991,-885.232971,37.3171005],"rotationMatrix":[-0.657656193,0.753446996,0,-0.753446996,-0.657656193,0,0,0,1],"scale":1.0984,"type":"tree_douglasfir_large_b"}
{"pos":[444.717987,-884.981018,39.8188019],"rotationMatrix":[-0.688754439,-0.725012064,0,0.725012064,-0.688754439,0,0,0,1],"scale":1.06739998,"type":"tree_douglasfir_large_b"}
{"pos":[285.153992,-872.015015,46.2304993],"rotationMatrix":[-0.421972632,0.906777322,0,-0.906777322,-0.421972632,0,0,0,1],"scale":1.20990002,"type":"tree_douglasfir_large_b"}
{"pos":[294.022003,-867.028992,44.8470001],"rotationMatrix":[-0.225864768,0.974084139,0,-0.974084139,-0.225864768,0,0,0,1],"scale":1.02769995,"type":"tree_douglasfir_large_b"}
{"pos":[262.355011,-908.817993,44.2366982],"rotationMatrix":[-0.99520278,-0.099280715,0,0.099280715,-0.99520278,0,0,0,1],"scale":0.994799972,"type":"tree_douglasfir_large_b"}
{"pos":[264.442993,-894.026001,46.8930016],"rotationMatrix":[-0.849349141,0.52753377,0,-0.52753377,-0.849349141,0,0,0,1],"scale":1.07650006,"type":"tree_douglasfir_large_b"}
{"pos":[305.485992,-887.083008,44.0158005],"rotationMatrix":[0.69439441,-0.719568729,0,0.719568729,0.69439441,0,0,0,1],"scale":0.980499983,"type":"tree_douglasfir_large_b"}
{"pos":[283.152008,-902.974976,42.1343994],"rotationMatrix":[-0.525305867,-0.851118207,0,0.851118207,-0.525305867,0,0,0,1],"scale":0.940599978,"type":"tree_douglasfir_large_b"}
{"pos":[71.8013,-810.228027,27.5377998],"rotationMatrix":[0.00256311893,-0.999979198,0,0.999979198,0.00256311893,0,0,0,1],"scale":0.922399998,"type":"tree_douglasfir_large_b"}
{"pos":[80.9966965,-785.53302,33.4744987],"rotationMatrix":[-0.612448812,-0.79069072,0,0.79069072,-0.612448812,0,0,0,1],"scale":1.26769996,"type":"tree_douglasfir_large_b"}
{"pos":[74.9882965,-781.684998,31.3516998],"rotationMatrix":[-0.791345835,-0.611185133,0,0.611185133,-0.791345835,0,0,0,1],"scale":1.23409998,"type":"tree_douglasfir_large_b"}
{"pos":[83.6700974,-785.120972,33.0574989],"rotationMatrix":[-0.253261089,-0.967335165,0,0.967335165,-0.253261089,0,0,0,1],"scale":1.02289999,"type":"tree_douglasfir_large_b"}
{"pos":[93.1949997,-790.325012,34.6423988],"rotationMatrix":[0.880537271,-0.473989338,0,0.473989338,0.880537271,0,0,0,1],"scale":1.07480001,"type":"tree_douglasfir_large_b"}
{"pos":[71.5326004,-777.601013,31.4754009],"rotationMatrix":[0.335064828,-0.942164421,0,0.942164421,0.335064828,0,0,0,1],"scale":1.02869999,"type":"tree_douglasfir_large_b"}
{"pos":[6.54460001,-775.895996,16.6924992],"rotationMatrix":[-0.479200006,-0.877888024,0,0.877888024,-0.479200006,0,0,0,1],"scale":1.21860003,"type":"tree_douglasfir_large_b"}
{"pos":[26.4155006,-786.530029,17.7728996],"rotationMatrix":[0.692828774,0.721096039,0,-0.721096039,0.692828774,0,0,0,1],"scale":0.988099992,"type":"tree_douglasfir_large_b"}
{"pos":[33.9039993,-790.659973,19.9293003],"rotationMatrix":[0.884800017,0.465983987,0,-0.465983987,0.884800017,0,0,0,1],"scale":1.10669994,"type":"tree_douglasfir_large_b"}
{"pos":[17.4179001,-779.659973,18.5202999],"rotationMatrix":[0.446437597,0.894790828,0,-0.894790828,0.446437597,0,0,0,1],"scale":1.06149995,"type":"tree_douglasfir_large_b"}
{"pos":[834.076233,956.700439,95.3701019],"rotationMatrix":[-0.650744557,0.759324312,0,-0.759324312,-0.650744557,0,0,0,1],"scale":0.995800018,"type":"tree_douglasfir_large_b"}
{"pos":[821.432007,965.856018,99.4291],"rotationMatrix":[0.326039493,0.945286214,0,-0.945286214,0.326039493,0,0,0,1],"scale":1.05620003,"type":"tree_douglasfir_large_b"}
{"pos":[755.914001,945.127991,91.3276978],"rotationMatrix":[0.915785909,0.401658475,0,-0.401658475,0.915785909,0,0,0,1],"scale":0.907599986,"type":"tree_douglasfir_large_b"}
{"pos":[765.353027,939.057983,90.3086014],"rotationMatrix":[0.152137637,-0.988369763,0,0.988369763,0.152137637,0,0,0,1],"scale":1.28390002,"type":"tree_douglasfir_large_b"}
{"pos":[808.330994,966.789001,104.975998],"rotationMatrix":[0.957717657,0.287717521,0,-0.287717521,0.957717657,0,0,0,1],"scale":1.08589995,"type":"tree_douglasfir_large_b"}
{"pos":[763.361023,890.671021,82.367897],"rotationMatrix":[-0.798925161,-0.60166496,0,0.60166496,-0.798925161,0,0,0,1],"scale":1.28929996,"type":"tree_douglasfir_large_b"}
{"pos":[771.96698,880.997986,80.9869003],"rotationMatrix":[-0.0327718258,0.999428868,0,-0.999428868,-0.0327718258,0,0,0,1],"scale":1.16900003,"type":"tree_douglasfir_large_b"}
