{"pos":[338.439178,86.9932175,258.11441],"rotationMatrix":[-0.481126755,0.87665087,0,-0.87665087,-0.481126755,0,0,0,0.999999881],"scale":1,"type":"tree_oak_sml_b"}
{"pos":[167.057709,72.2608337,254.272461],"rotationMatrix":[0.829845846,-0.557992518,0,0.557992518,0.829845846,0,0,0,0.999999881],"scale":1,"type":"tree_oak_sml_b"}
{"pos":[158.165894,132.736969,254.379272],"rotationMatrix":[-0.399347961,-0.916799426,0,0.916799426,-0.399347961,0,0,0,0.999999881],"scale":1,"type":"tree_oak_sml_b"}
{"pos":[174.278488,167.830658,254.379272],"rotationMatrix":[-0.305302471,-0.952255368,0,0.952255368,-0.305302471,0,0,0,0.999999881],"scale":1,"type":"tree_oak_sml_b"}
{"pos":[211.47464,187.021805,254.296844],"rotationMatrix":[0.122493528,0.992469251,0,-0.992469251,0.122493528,0,0,0,0.999999881],"scale":1,"type":"tree_oak_sml_b"}
{"pos":[235.140884,196.602081,252.060608],"rotationMatrix":[-0.930212796,0.367020547,0,-0.367020547,-0.930212796,0,0,0,0.999999881],"scale":1,"type":"tree_oak_sml_b"}
{"pos":[418.89917,65.5564117,250.396729],"rotationMatrix":[-0.818121791,-0.57504493,0,0.57504493,-0.818121791,0,0,0,0.999999881],"scale":1,"type":"tree_oak_sml_b"}
{"pos":[412.507629,79.2782822,250.381714],"rotationMatrix":[-0.416870475,-0.908965766,0,0.908965766,-0.416870475,0,0,0,0.999999881],"scale":1,"type":"tree_oak_sml_b"}
{"pos":[304.77005,242.736862,253.960541],"rotationMatrix":[-0.313044816,0.949738204,0,-0.949738204,-0.313044816,0,0,0,0.999999881],"scale":1,"type":"tree_oak_sml_b"}
{"pos":[297.314697,230.058807,254.780197],"rotationMatrix":[0.110839225,-0.993838251,0,0.993838251,0.110839225,0,0,0,0.999999881],"scale":1,"type":"tree_oak_sml_b"}
{"pos":[412.602905,150.31958,258.86554],"rotationMatrix":[0.681143224,0.732150137,0,-0.732150137,0.681143224,0,0,0,0.999999881],"scale":1,"type":"tree_oak_sml_b"}
{"pos":[400.028625,149.503189,260.821625],"rotationMatrix":[-0.934369147,0.356306076,0,-0.356306076,-0.934369147,0,0,0,0.999999881],"scale":1,"type":"tree_oak_sml_b"}
{"pos":[372.118134,195.059677,263.99231],"rotationMatrix":[0.529901683,-0.848058999,0,0.848058999,0.529901683,0,0,0,0.999999881],"scale":1,"type":"tree_oak_sml_b"}
{"pos":[392.816467,231.090027,263.99231],"rotationMatrix":[0.589196563,-0.807989657,0,0.807989657,0.589196563,0,0,0,0.999999881],"scale":1,"type":"tree_oak_sml_b"}
{"pos":[411.891785,174.078476,259.798706],"rotationMatrix":[-0.37401849,0.927421093,0,-0.927421093,-0.37401849,0,0,0,0.999999881],"scale":1,"type":"tree_oak_sml_b"}
{"pos":[391.302887,155.513123,261.87793],"rotationMatrix":[0.67391938,0.738804877,0,-0.738804877,0.67391938,0,0,0,0.999999881],"scale":1,"type":"tree_oak_sml_b"}
{"pos":[386.393982,199.694336,263.870148],"rotationMatrix":[-0.671922028,0.740621805,0,-0.740621805,-0.671922028,0,0,0,0.999999881],"scale":1,"type":"tree_oak_sml_b"}
{"pos":[394.93927,208.306839,263.99231],"rotationMatrix":[-0.673705995,0.738999248,0,-0.738999248,-0.673705995,0,0,0,0.999999881],"scale":1,"type":"tree_oak_sml_b"}
{"pos":[337.192871,212.405716,263.99231],"rotationMatrix":[-0.986387134,0.164438859,0,-0.164438859,-0.986387134,0,0,0,0.999999881],"scale":1,"type":"tree_oak_sml_b"}
{"pos":[348.242096,232.661011,263.956665],"rotationMatrix":[-0.608195245,0.793787241,0,-0.793787241,-0.608195245,0,0,0,0.999999881],"scale":1,"type":"tree_oak_sml_b"}
{"pos":[413.943939,112.294662,259.688782],"rotationMatrix":[0.999035537,0.0439057425,0,-0.0439057425,0.999035537,0,0,0,0.999999881],"scale":1,"type":"tree_oak_sml_b"}
{"pos":[84.0799637,-15.7555914,254.379272],"rotationMatrix":[-0.950866163,-0.309601963,0,0.309601963,-0.950866163,0,0,0,0.999999881],"scale":1,"type":"tree_oak_sml_b"}
{"pos":[258.868591,71.2078781,254.294403],"rotationMatrix":[0.263065994,-0.964777768,0,0.964777768,0.263065994,0,0,0,0.999999881],"scale":1,"type":"tree_oak_sml_b"}
{"pos":[-104.824875,-5.21236134,250],"rotationMatrix":[0.129686907,0.991554916,0,-0.991554916,0.129686907,0,0,0,0.999999881],"scale":1,"type":"tree_oak_sml_b"}
{"pos":[-138.991486,5.4164896,250],"rotationMatrix":[0.877172172,0.480175912,0,-0.480175912,0.877172172,0,0,0,0.999999881],"scale":1,"type":"tree_oak_sml_b"}
{"pos":[-161.693436,-3.87963295,250],"rotationMatrix":[-0.951344192,-0.308130056,0,0.308130056,-0.951344192,0,0,0,0.999999881],"scale":1,"type":"tree_oak_sml_b"}
{"pos":[-121.83783,-69.5995483,255.996704],"rotationMatrix":[-0.210054427,0.977689564,0,-0.977689564,-0.210054427,0,0,0,0.999999881],"scale":1,"type":"tree_oak_sml_b"}
{"pos":[-287.58194,-9.77964306,255.668701],"rotationMatrix":[0.923968434,-0.382468432,0,0.382468432,0.923968434,0,0,0,0.999999881],"scale":1,"type":"tree_oak_sml_b"}
{"pos":[-359.148102,6.08087063,260.264587],"rotationMatrix":[0.911187112,0.411992759,0,-0.411992759,0.911187112,0,0,0,0.999999881],"scale":1,"type":"tree_oak_sml_b"}
{"pos":[-262.112244,-150.382065,292.421844],"rotationMatrix":[-0.152463302,0.988308966,0,-0.988308966,-0.152463302,0,0,0,0.999999881],"scale":1,"type":"tree_oak_sml_b"}
{"pos":[-260.458313,-153.913025,293.026917],"rotationMatrix":[-0.975240529,0.221146688,0,-0.221146688,-0.975240529,0,0,0,0.999999881],"scale":1,"type":"tree_oak_sml_b"}
{"pos":[-233.456253,-137.277054,293.724701],"rotationMatrix":[-0.831771791,0.555117369,0,-0.555117369,-0.831771791,0,0,0,0.999999881],"scale":1,"type":"tree_oak_sml_b"}
{"pos":[-205.742355,-126.174507,293.857697],"rotationMatrix":[-0.943332255,0.331849337,0,-0.331849337,-0.943332255,0,0,0,0.999999881],"scale":1,"type":"tree_oak_sml_b"}
{"pos":[-353.897583,-173.632858,283.981323],"rotationMatrix":[0.992700994,0.120600455,0,-0.120600455,0.992700994,0,0,0,0.999999881],"scale":1,"type":"tree_oak_sml_b"}
{"pos":[-376.465149,-205.173447,281.360779],"rotationMatrix":[-0.946923435,-0.321459055,0,0.321459055,-0.946923435,0,0,0,0.999999881],"scale":1,"type":"tree_oak_sml_b"}
{"pos":[-117.662224,-163.131699,273.92981],"rotationMatrix":[-0.52121973,0.853422344,0,-0.853422344,-0.52121973,0,0,0,0.999999881],"scale":1,"type":"tree_oak_sml_b"}
{"pos":[-168.473526,-162.486313,273.986816],"rotationMatrix":[0.999969006,0.00785849616,0,-0.00785849616,0.999969006,0,0,0,0.999999881],"scale":1,"type":"tree_oak_sml_b"}
{"pos":[-183.4599,-159.541611,273.986816],"rotationMatrix":[-0.831363976,-0.555728137,0,0.555728137,-0.831363976,0,0,0,0.999999881],"scale":1,"type":"tree_oak_sml_b"}
{"pos":[-243.067017,-179.726013,282.781433],"rotationMatrix":[0.853509068,-0.521077693,0,0.521077693,0.853509068,0,0,0,0.999999881],"scale":1,"type":"tree_oak_sml_b"}
{"pos":[-261.761444,-98.1140747,258.096405],"rotationMatrix":[-0.0621678829,0.998065591,0,-0.998065591,-0.0621678829,0,0,0,0.999999881],"scale":1,"type":"tree_oak_sml_b"}
{"pos":[-272.811615,-95.0863495,257.634369],"rotationMatrix":[-0.732182682,0.681108057,0,-0.681108057,-0.732182682,0,0,0,0.999999881],"scale":1,"type":"tree_oak_sml_b"}
{"pos":[-280.620697,-89.756012,257.196655],"rotationMatrix":[0.689443767,0.724339187,0,-0.724339187,0.689443767,0,0,0,0.999999881],"scale":1,"type":"tree_oak_sml_b"}
{"pos":[-331.754333,-94.4706421,260.951569],"rotationMatrix":[0.739272773,0.673406065,0,-0.673406065,0.739272773,0,0,0,0.999999881],"scale":1,"type":"tree_oak_sml_b"}
{"pos":[-353.847748,-86.3699646,263.039886],"rotationMatrix":[0.987618864,-0.156872019,0,0.156872019,0.987618864,0,0,0,0.999999881],"scale":1,"type":"tree_oak_sml_b"}
{"pos":[-369.427673,-110.823418,261.548218],"rotationMatrix":[-0.986037552,0.166522592,0,-0.166522592,-0.986037552,0,0,0,0.999999881],"scale":1,"type":"tree_oak_sml_b"}
{"pos":[-356.107697,-146.79567,268.033752],"rotationMatrix":[-0.839909673,-0.542726219,0,0.542726219,-0.839909673,0,0,0,0.999999881],"scale":1,"type":"tree_oak_sml_b"}
{"pos":[-433.818817,-190.179626,267.829987],"rotationMatrix":[0.626994908,0.779023349,0,-0.779023349,0.626994908,0,0,0,0.999999881],"scale":1,"type":"tree_oak_sml_b"}
{"pos":[-450.386444,-204.036102,268.872467],"rotationMatrix":[0.469014496,0.883190513,0,-0.883190513,0.469014496,0,0,0,0.999999881],"scale":1,"type":"tree_oak_sml_b"}
{"pos":[-68.6419907,-270.964691,264.814087],"rotationMatrix":[-0.68343991,0.730006516,0,-0.730006516,-0.68343991,0,0,0,0.999999881],"scale":1,"type":"tree_oak_sml_b"}
{"pos":[-65.7445526,-270.721466,264.674377],"rotationMatrix":[-0.742031038,0.670365393,0,-0.670365393,-0.742031038,0,0,0,0.999999881],"scale":1,"type":"tree_oak_sml_b"}
{"pos":[-76.7749634,-291.116089,264.283295],"rotationMatrix":[0.999992967,-0.00371299172,0,0.00371299172,0.999992967,0,0,0,0.999999881],"scale":1,"type":"tree_oak_sml_b"}
{"pos":[-82.1283875,-274.651825,265.379486],"rotationMatrix":[0.287127078,-0.957892418,0,0.957892418,0.287127078,0,0,0,0.999999881],"scale":1,"type":"tree_oak_sml_b"}
{"pos":[-84.4497223,-262.836792,263.99231],"rotationMatrix":[0.586464286,0.809975088,0,-0.809975088,0.586464286,0,0,0,0.999999881],"scale":1,"type":"tree_oak_sml_b"}
{"pos":[-77.3632278,-266.078278,264.480865],"rotationMatrix":[-0.999208272,-0.0397826619,0,0.0397826619,-0.999208272,0,0,0,0.999999881],"scale":1,"type":"tree_oak_sml_b"}
{"pos":[-91.9512405,-275.861694,265.34082],"rotationMatrix":[-0.69830358,0.715801656,0,-0.715801656,-0.69830358,0,0,0,0.999999881],"scale":1,"type":"tree_oak_sml_b"}
{"pos":[-105.663574,-273.611908,264.656342],"rotationMatrix":[0.979293168,0.20244725,0,-0.20244725,0.979293168,0,0,0,0.999999881],"scale":1,"type":"tree_oak_sml_b"}
{"pos":[-104.021683,-272.340607,264.678314],"rotationMatrix":[0.77915138,-0.626835704,0,0.626835704,0.77915138,0,0,0,0.999999881],"scale":1,"type":"tree_oak_sml_b"}
{"pos":[-122.633728,-269.674072,263.99231],"rotationMatrix":[-0.963468134,-0.267822593,0,0.267822593,-0.963468134,0,0,0,0.999999881],"scale":1,"type":"tree_oak_sml_b"}
{"pos":[-207.228943,-264.299347,263.99231],"rotationMatrix":[-0.504644811,0.863326907,0,-0.863326907,-0.504644811,0,0,0,0.999999881],"scale":1,"type":"tree_oak_sml_b"}
{"pos":[-219.292526,-280.242462,265.430298],"rotationMatrix":[0.932399988,-0.361427784,0,0.361427784,0.932399988,0,0,0,0.999999881],"scale":1,"type":"tree_oak_sml_b"}
{"pos":[-229.596588,-281.583588,265.523468],"rotationMatrix":[-0.953415394,0.30166021,0,-0.30166021,-0.953415394,0,0,0,0.999999881],"scale":1,"type":"tree_oak_sml_b"}
{"pos":[-254.151749,-279.67337,265.347076],"rotationMatrix":[0.927464068,-0.373911977,0,0.373911977,0.927464068,0,0,0,0.999999881],"scale":1,"type":"tree_oak_sml_b"}
{"pos":[-229.43219,-285.656677,265.601074],"rotationMatrix":[-0.544519722,-0.838748038,0,0.838748038,-0.544519722,0,0,0,0.999999881],"scale":1,"type":"tree_oak_sml_b"}
{"pos":[-222.022339,-290.324005,265.523895],"rotationMatrix":[0.751120806,0.660164773,0,-0.660164773,0.751120806,0,0,0,0.999999881],"scale":1,"type":"tree_oak_sml_b"}
{"pos":[-230.382156,-303.366455,264.119019],"rotationMatrix":[0.376678616,0.926343977,0,-0.926343977,0.376678616,0,0,0,0.999999881],"scale":1,"type":"tree_oak_sml_b"}
{"pos":[-224.531891,-303.051575,264.426575],"rotationMatrix":[0.474187225,0.880424082,0,-0.880424082,0.474187225,0,0,0,0.999999881],"scale":1,"type":"tree_oak_sml_b"}
{"pos":[-212.879791,-291.048218,265.519287],"rotationMatrix":[0.933033645,-0.359788924,0,0.359788924,0.933033645,0,0,0,0.999999881],"scale":1,"type":"tree_oak_sml_b"}
{"pos":[-219.780884,-302.821686,264.69278],"rotationMatrix":[0.684960246,-0.728580415,0,0.728580415,0.684960246,0,0,0,0.999999881],"scale":1,"type":"tree_oak_sml_b"}
{"pos":[-215.922989,-288.071045,265.532379],"rotationMatrix":[-0.152577385,-0.988291442,0,0.988291442,-0.152577385,0,0,0,0.999999881],"scale":1,"type":"tree_oak_sml_b"}
{"pos":[-218.499832,-297.092834,265.23645],"rotationMatrix":[0.508292437,0.861184537,0,-0.861184537,0.508292437,0,0,0,0.999999881],"scale":1,"type":"tree_oak_sml_b"}
{"pos":[-231.921036,-292.411774,265.365906],"rotationMatrix":[0.240325063,-0.970692396,0,0.970692396,0.240325063,0,0,0,0.999999881],"scale":1,"type":"tree_oak_sml_b"}
{"pos":[-212.186279,-307.211243,264.387726],"rotationMatrix":[-0.813544452,-0.581502497,0,0.581502497,-0.813544452,0,0,0,0.999999881],"scale":1,"type":"tree_oak_sml_b"}
{"pos":[-214.618103,-303.899353,264.748657],"rotationMatrix":[-0.164229527,0.986422002,0,-0.986422002,-0.164229527,0,0,0,0.999999881],"scale":1,"type":"tree_oak_sml_b"}
{"pos":[-219.593796,-305.275909,264.389221],"rotationMatrix":[-0.024794722,0.99969244,0,-0.99969244,-0.024794722,0,0,0,0.999999881],"scale":1,"type":"tree_oak_sml_b"}
{"pos":[-201.137863,-292.039093,265.38446],"rotationMatrix":[0.991734564,-0.12830539,0,0.12830539,0.991734564,0,0,0,0.999999881],"scale":1,"type":"tree_oak_sml_b"}
{"pos":[-213.266235,-293.531525,265.475525],"rotationMatrix":[0.96418637,0.265225381,0,-0.265225381,0.96418637,0,0,0,0.999999881],"scale":1,"type":"tree_oak_sml_b"}
{"pos":[-162.225937,-281.479706,264.193695],"rotationMatrix":[0.528260946,-0.849081933,0,0.849081933,0.528260946,0,0,0,0.999999881],"scale":1,"type":"tree_oak_sml_b"}
{"pos":[-151.173325,-280.187988,263.99231],"rotationMatrix":[0.902507603,0.430673897,0,-0.430673897,0.902507603,0,0,0,0.999999881],"scale":1,"type":"tree_oak_sml_b"}
{"pos":[-91.5214996,-286.493317,264.739258],"rotationMatrix":[-0.496949881,0.867779076,0,-0.867779076,-0.496949881,0,0,0,0.999999881],"scale":1,"type":"tree_oak_sml_b"}
{"pos":[-71.7861328,-291.71402,264.225616],"rotationMatrix":[0.868416131,0.49583596,0,-0.49583596,0.868416131,0,0,0,0.999999881],"scale":1,"type":"tree_oak_sml_b"}
{"pos":[-65.3833237,-289.073547,264.304688],"rotationMatrix":[0.15486756,-0.987935185,0,0.987935185,0.15486756,0,0,0,0.999999881],"scale":1,"type":"tree_oak_sml_b"}
{"pos":[-571.630127,-349.670258,286.433289],"rotationMatrix":[0.0755068958,-0.997145176,0,0.997145176,0.0755068958,0,0,0,0.999999881],"scale":1,"type":"tree_oak_sml_b"}
{"pos":[-554.715698,-339.648682,283.306671],"rotationMatrix":[-0.999937415,0.0111783473,0,-0.0111783473,-0.999937415,0,0,0,0.999999881],"scale":1,"type":"tree_oak_sml_b"}
{"pos":[-563.655029,-346.640045,285.623566],"rotationMatrix":[-0.759585679,0.650406957,0,-0.650406957,-0.759585679,0,0,0,0.999999881],"scale":1,"type":"tree_oak_sml_b"}
{"pos":[-649.775635,-286.944946,283.279419],"rotationMatrix":[0.919562221,0.392944306,0,-0.392944306,0.919562221,0,0,0,0.999999881],"scale":1,"type":"tree_oak_sml_b"}
{"pos":[-537.586243,-286.45578,282.983246],"rotationMatrix":[-0.57800144,0.816035509,0,-0.816035509,-0.57800144,0,0,0,0.999999881],"scale":1,"type":"tree_oak_sml_b"}
{"pos":[-676.8396,-212.235016,273.300842],"rotationMatrix":[0.552523077,0.833497584,0,-0.833497584,0.552523077,-0,-0,0,0.999999881],"scale":1,"type":"tree_oak_sml_b"}
{"pos":[-672.61377,-194.273438,270.782196],"rotationMatrix":[0.980890751,-0.194558859,0,0.194558859,0.980890751,0,-0,0,0.999999881],"scale":1,"type":"tree_oak_sml_b"}
{"pos":[-682.526733,-190.171143,271.567169],"rotationMatrix":[-0.236075237,0.971734703,-0,-0.971734703,-0.236075237,0,-0,0,0.999999881],"scale":1,"type":"tree_oak_sml_b"}
{"pos":[-693.523804,-164.081665,271.916718],"rotationMatrix":[0.834782302,0.550580144,0,-0.550580144,0.834782302,-0,-0,0,0.999999881],"scale":1,"type":"tree_oak_sml_b"}
{"pos":[-665.396362,-127.397919,268.463104],"rotationMatrix":[-0.938623071,0.344944209,-0,-0.344944209,-0.938623071,0,-0,0,0.999999881],"scale":1,"type":"tree_oak_sml_b"}
{"pos":[-662.705078,-114.63279,268.987885],"rotationMatrix":[0.875906646,0.482480586,0,-0.482480586,0.875906646,-0,-0,0,0.999999881],"scale":1,"type":"tree_oak_sml_b"}
{"pos":[-656.22583,-123.184845,268.387482],"rotationMatrix":[0.568782568,0.822487891,0,-0.822487891,0.568782568,-0,-0,0,0.999999881],"scale":1,"type":"tree_oak_sml_b"}
{"pos":[-668.695435,-122.526939,268.797241],"rotationMatrix":[0.405032814,-0.914301991,0,0.914301991,0.405032814,0,-0,0,0.999999881],"scale":1,"type":"tree_oak_sml_b"}
{"pos":[-635.17688,-110.214081,268.414093],"rotationMatrix":[0.120625384,-0.992698014,0,0.992698014,0.120625384,0,-0,0,0.999999881],"scale":1,"type":"tree_oak_sml_b"}
{"pos":[-605.900818,-102.993286,267.855438],"rotationMatrix":[-0.995649159,0.0931800753,-0,-0.0931800753,-0.995649159,0,-0,0,0.999999881],"scale":1,"type":"tree_oak_sml_b"}
{"pos":[-593.863953,-100.218773,266.20929],"rotationMatrix":[0.544425249,-0.838809311,0,0.838809311,0.544425249,0,-0,0,0.999999881],"scale":1,"type":"tree_oak_sml_b"}
{"pos":[-585.859619,-96.7968369,265.555908],"rotationMatrix":[-0.599521458,-0.800358474,0,0.800358474,-0.599521458,0,-0,0,0.999999881],"scale":1,"type":"tree_oak_sml_b"}
