{"pos":[-38.0905991,-122.724998,46.9762001],"rotationMatrix":[-0.015027523,0.99992466,0,-0.99992466,-0.015027523,0,0,0,1],"scale":1.00489998,"type":"tree_beech_large_c"}
{"pos":[-23.8868999,-119.082001,47.5326996],"rotationMatrix":[-0.733149529,0.680115521,0,-0.680115521,-0.733149529,0,0,0,1],"scale":0.943799973,"type":"tree_beech_large_c"}
{"pos":[-73.0851974,-29.3498001,45.8319016],"rotationMatrix":[0.865215659,0.50139147,0,-0.50139147,0.865215659,0,0,0,1],"scale":0.856400013,"type":"tree_beech_large_c"}
{"pos":[-78.5106964,-14.9097996,44.4497986],"rotationMatrix":[0.270126402,0.96281451,0,-0.96281451,0.270126402,0,0,0,1],"scale":0.981299996,"type":"tree_beech_large_c"}
{"pos":[-83.3868027,-43.0255013,46.2279015],"rotationMatrix":[-0.989214659,-0.145805269,0,0.145805269,-0.989214659,0,0,0,1],"scale":1.05050004,"type":"tree_beech_large_c"}
{"pos":[-77.0500031,-109.227997,45.9020996],"rotationMatrix":[-0.802340984,0.596729994,0,-0.596729994,-0.802340984,0,0,0,1],"scale":1.12080002,"type":"tree_beech_large_c"}
{"pos":[-90.1247025,-99.0606995,45.3289986],"rotationMatrix":[0.665928602,0.74604094,0,-0.74604094,0.665928602,0,0,0,1],"scale":1.27160001,"type":"tree_beech_large_c"}
{"pos":[-114.814003,-84.9019012,41.8140984],"rotationMatrix":[-0.882964253,-0.469625205,0,0.469625205,-0.882964253,0,0,0,1],"scale":0.768400013,"type":"tree_beech_large_c"}
{"pos":[-109.25,-102.622002,38.4258995],"rotationMatrix":[-0.703119755,0.711109698,0,-0.711109698,-0.703119755,0,0,0,1],"scale":0.656899989,"type":"tree_beech_large_c"}
{"pos":[-96.3291016,-76.6768036,46.5572014],"rotationMatrix":[0.690787494,0.723016143,0,-0.723016143,0.690787494,0,0,0,1],"scale":0.951300025,"type":"tree_beech_large_c"}
{"pos":[-70.5550003,-97.7555008,47.3254013],"rotationMatrix":[-0.748075962,0.663778961,0,-0.663778961,-0.748075962,0,0,0,1],"scale":0.601300001,"type":"tree_beech_large_c"}
{"pos":[-91.8082962,-117.362,40.2598],"rotationMatrix":[-0.110646009,0.993798733,0,-0.993798733,-0.110646009,0,0,0,1],"scale":0.844600022,"type":"tree_beech_large_c"}
{"pos":[-15.9785004,-155.761993,43.9435997],"rotationMatrix":[0.778754473,0.627350092,0,-0.627350092,0.778754473,0,0,0,1],"scale":1.14390004,"type":"tree_beech_large_c"}
{"pos":[-3.2967,-143.733994,45.1403008],"rotationMatrix":[-0.654744387,0.755877614,0,-0.755877614,-0.654744387,0,0,0,1],"scale":1.10469997,"type":"tree_beech_large_c"}
{"pos":[-43.2750015,-137.794998,44.4244995],"rotationMatrix":[-0.259919286,0.965615332,0,-0.965615332,-0.259919286,0,0,0,1],"scale":1.09130001,"type":"tree_beech_large_c"}
{"pos":[-64.5202026,-140.328003,37.2951012],"rotationMatrix":[-0.936905503,-0.349158674,0,0.349158674,-0.936905503,0,0,0,1],"scale":1.06040001,"type":"tree_beech_large_c"}
{"pos":[-110.421997,-244.199997,38.2829018],"rotationMatrix":[0.988264859,-0.152755722,0,0.152755722,0.988264859,0,0,0,1],"scale":0.695900023,"type":"tree_beech_large_c"}
{"pos":[-163.886002,-5.89690018,42.4081001],"rotationMatrix":[0.920718372,0.39023602,0,-0.39023602,0.920718372,0,0,0,1],"scale":1.19190001,"type":"tree_beech_large_c"}
{"pos":[-140.268005,-19.5153999,46.6105003],"rotationMatrix":[0.818436623,-0.57457906,0,0.57457906,0.818436623,0,0,0,1],"scale":0.693000019,"type":"tree_beech_large_c"}
{"pos":[-171.322998,-121.699997,31.7567997],"rotationMatrix":[0.960012078,0.279971987,0,-0.279971987,0.960012078,0,0,0,1],"scale":1.06710005,"type":"tree_beech_large_c"}
{"pos":[-151.345993,-84.7198029,31.8085003],"rotationMatrix":[-0.674815893,0.738119602,0,-0.738119602,-0.674815893,0,0,0,1],"scale":1.07550001,"type":"tree_beech_large_c"}
{"pos":[-240.022995,-51.844799,33.0494995],"rotationMatrix":[-0.974084496,-0.226120591,0,0.226120591,-0.974084496,0,0,0,1],"scale":0.960399985,"type":"tree_beech_large_c"}
{"pos":[-228.350006,-72.6252975,32.7871017],"rotationMatrix":[0.851269424,-0.524729371,0,0.524729371,0.851269424,0,0,0,1],"scale":0.903699994,"type":"tree_beech_large_c"}
{"pos":[-178.311996,-239.897003,38.6082001],"rotationMatrix":[-0.104692459,-0.994550228,0,0.994550228,-0.104692459,0,0,0,1],"scale":0.676100016,"type":"tree_beech_large_c"}
{"pos":[-6.81599998,-321.865997,41.8499985],"rotationMatrix":[-1,0.0153999999,0,-0.0153999999,-1,0,0,0,1],"scale":0.606000006,"type":"tree_beech_large_c"}
{"pos":[-77.7136993,-262.196014,38.3448982],"rotationMatrix":[-0.0772184134,-0.997076571,0,0.997076571,-0.0772184134,0,0,0,1],"scale":0.886200011,"type":"tree_beech_large_c"}
{"pos":[-102.869034,-274.969635,38.7622986],"rotationMatrix":[0.523095369,0.852264225,0,-0.852264225,0.523095369,0,0,0,1],"scale":1.17110002,"type":"tree_beech_large_c"}
{"pos":[-63.2391014,-269.102997,38.9455986],"rotationMatrix":[0.747523785,-0.664268911,0,0.664268911,0.747523785,0,0,0,1],"scale":1.13119996,"type":"tree_beech_large_c"}
{"pos":[-52.8832016,-496.941986,50.6808014],"rotationMatrix":[0.987644076,0.156712681,0,-0.156712681,0.987644076,0,0,0,1],"scale":0.925899982,"type":"tree_beech_large_c"}
{"pos":[-98.4798965,-414.428009,53.2494011],"rotationMatrix":[-0.947548509,0.319328487,0,-0.319328487,-0.947548509,0,0,0,1],"scale":0.851400018,"type":"tree_beech_large_c"}
{"pos":[-149.719696,-261.004456,38.1242981],"rotationMatrix":[0.946273565,0.323374718,0,-0.323374718,0.946273565,0,0,0,1],"scale":0.885100007,"type":"tree_beech_large_c"}
{"pos":[-204.682327,-263.475952,38.9210014],"rotationMatrix":[-0.465521514,-0.885065675,0,0.885065675,-0.465521514,0,0,0,1],"scale":1.00619996,"type":"tree_beech_large_c"}
{"pos":[-212.764008,-349.532013,37.1450005],"rotationMatrix":[0.999415159,-0.0341965817,0,0.0341965817,0.999415159,0,0,0,1],"scale":1.14590001,"type":"tree_beech_large_c"}
{"pos":[-234.947006,-381.846985,39.2360001],"rotationMatrix":[0.254335284,-0.967190385,0,0.967190385,0.254335284,0,0,0,1],"scale":1.15509999,"type":"tree_beech_large_c"}
{"pos":[-229.901001,-428.212006,38.7375984],"rotationMatrix":[0.721891165,-0.692027867,0,0.692027867,0.721891165,0,0,0,1],"scale":1.13730001,"type":"tree_beech_large_c"}
{"pos":[-436.27301,-69.1677017,31.9347992],"rotationMatrix":[0.324180543,0.946007669,0,-0.946007669,0.324180543,0,0,0,1],"scale":1.05970001,"type":"tree_beech_large_c"}
{"pos":[-380.980011,-198.766006,34.1898994],"rotationMatrix":[0.613327801,0.789877057,0,-0.789877057,0.613327801,0,0,0,1],"scale":0.632799983,"type":"tree_beech_large_c"}
{"pos":[-269.362,-241.856003,37.4110985],"rotationMatrix":[0.995139003,-0.0984816775,0,0.0984816775,0.995139003,0,0,0,1],"scale":0.699000001,"type":"tree_beech_large_c"}
{"pos":[-479.81601,-161.104004,35.0037003],"rotationMatrix":[0.237140417,0.97148478,0,-0.97148478,0.237140417,0,0,0,1],"scale":0.903900027,"type":"tree_beech_large_c"}
{"pos":[-254.039001,-16.7124004,31.3244991],"rotationMatrix":[0.436662614,-0.889260054,-0.136318684,0.899647713,0.431548357,0.0666392371,-0.000426597893,-0.151734591,0.988421619],"scale":1.19239998,"type":"tree_beech_large_c"}
{"pos":[-388.890015,-348.994995,35.2116013],"rotationMatrix":[0.495188534,-0.868750036,0,0.868750036,0.495188534,0,0,0,1],"scale":0.903100014,"type":"tree_beech_large_c"}
{"pos":[-376.882996,-353.368011,35.603199],"rotationMatrix":[-0.00876808167,0.999961615,0,-0.999961615,-0.00876808167,0,0,0,1],"scale":1.06089997,"type":"tree_beech_large_c"}
{"pos":[-455.154999,-297.981995,30.8374996],"rotationMatrix":[-0.503377914,0.864225566,0,-0.864225566,-0.503377914,0,0,0,1],"scale":0.998099983,"type":"tree_beech_large_c"}
{"pos":[-425.832001,-439.29599,38.7447014],"rotationMatrix":[-1,0.0027999999,0,-0.0027999999,-1,0,0,0,1],"scale":0.710600019,"type":"tree_beech_large_c"}
{"pos":[-465.574005,-377.123993,35.4967995],"rotationMatrix":[0.830288649,0.557315171,0,-0.557315171,0.830288649,0,0,0,1],"scale":0.912299991,"type":"tree_beech_large_c"}
{"pos":[-457.848999,-463.721985,34.3180008],"rotationMatrix":[0.953120768,-0.302586854,0,0.302586854,0.953120768,0,0,0,1],"scale":0.812099993,"type":"tree_beech_large_c"}
{"pos":[-465.411011,-420.278992,34.8987999],"rotationMatrix":[0.421972513,0.906608641,0,-0.906608641,0.421972513,0,0,0,1],"scale":0.952099979,"type":"tree_beech_large_c"}
{"pos":[-449.908997,-432.553986,35.1076012],"rotationMatrix":[0.97645551,-0.215719685,0,0.215719685,0.97645551,0,0,0,1],"scale":0.870700002,"type":"tree_beech_large_c"}
{"pos":[-52.6587982,-526.29303,50.2146988],"rotationMatrix":[-0.970906496,-0.239042148,0,0.239042148,-0.970906496,0,0,0,1],"scale":1.01489997,"type":"tree_beech_large_c"}
{"pos":[-26.2684994,-615.786987,49.2080002],"rotationMatrix":[-0.453171492,-0.891439915,0,0.891439915,-0.453171492,0,0,0,1],"scale":1.18799996,"type":"tree_beech_large_c"}
{"pos":[-58.0584984,-604.633972,54.9794006],"rotationMatrix":[0.77313149,-0.634261787,0,0.634261787,0.77313149,0,0,0,1],"scale":1.09679997,"type":"tree_beech_large_c"}
{"pos":[-17.5694008,-666.101013,34.5233994],"rotationMatrix":[0.336678326,-0.941596508,0,0.941596508,0.336678326,0,0,0,1],"scale":1.18050003,"type":"tree_beech_large_c"}
{"pos":[-131.828003,-720.622009,28.5482998],"rotationMatrix":[0.935127974,0.354292721,0,-0.354292721,0.935127974,0,0,0,1],"scale":0.815599978,"type":"tree_beech_large_c"}
{"pos":[-222.184998,-745.906006,35.2266998],"rotationMatrix":[0.9328022,0.360404462,0,-0.360404462,0.9328022,0,0,0,1],"scale":1.13020003,"type":"tree_beech_large_c"}
{"pos":[-190.975998,-735.237976,32.4975014],"rotationMatrix":[-0.51171279,-0.858967185,0,0.858967185,-0.51171279,0,0,0,1],"scale":0.73180002,"type":"tree_beech_large_c"}
{"pos":[-215.848999,-799.73999,15.8227997],"rotationMatrix":[-0.938874364,0.344216138,0,-0.344216138,-0.938874364,0,0,0,1],"scale":0.893000007,"type":"tree_beech_large_c"}
{"pos":[-242.227997,-779.796997,28.6112995],"rotationMatrix":[-0.486777782,0.873408616,0,-0.873408616,-0.486777782,0,0,0,1],"scale":1.08150005,"type":"tree_beech_large_c"}
{"pos":[-347.567993,-611.27301,53.2531013],"rotationMatrix":[-0.926684618,-0.375718236,0,0.375718236,-0.926684618,0,0,0,1],"scale":0.726300001,"type":"tree_beech_large_c"}
{"pos":[-343.565002,-545.528015,47.3414993],"rotationMatrix":[-0.996801257,-0.0799359977,0,0.0799359977,-0.996801257,0,0,0,1],"scale":0.734499991,"type":"tree_beech_large_c"}
{"pos":[-324.359985,-640.263977,56.5247993],"rotationMatrix":[-0.48298645,-0.875566542,0,0.875566542,-0.48298645,0,0,0,1],"scale":0.950600028,"type":"tree_beech_large_c"}
{"pos":[-333.554993,-652.796021,57.0770988],"rotationMatrix":[0.0250335336,0.999682724,0,-0.999682724,0.0250335336,0,0,0,1],"scale":1.15139997,"type":"tree_beech_large_c"}
{"pos":[-358.057007,-693.601013,57.1374016],"rotationMatrix":[-1,0.0197999999,0,-0.0197999999,-1,0,0,0,1],"scale":0.652700007,"type":"tree_beech_large_c"}
{"pos":[-440.553986,-507.542999,34.4371986],"rotationMatrix":[0.917175531,-0.398493707,0,0.398493707,0.917175531,0,0,0,1],"scale":1.0036,"type":"tree_beech_large_c"}
{"pos":[-457.104004,-506.018005,33.898201],"rotationMatrix":[-0.713470697,-0.700494051,0,0.700494051,-0.713470697,0,0,0,1],"scale":1.1904,"type":"tree_beech_large_c"}
{"pos":[-472.290985,-516.322021,35.5191994],"rotationMatrix":[-0.725338817,0.688426495,0,-0.688426495,-0.725338817,0,0,0,1],"scale":0.674499989,"type":"tree_beech_large_c"}
{"pos":[-324.506012,-768.91803,45.2276001],"rotationMatrix":[0.870357692,0.492396384,0,-0.492396384,0.870357692,0,0,0,1],"scale":1.05089998,"type":"tree_beech_large_c"}
{"pos":[-344.691986,-899.924011,25.9904995],"rotationMatrix":[0.368087173,-0.929825783,0,0.929825783,0.368087173,0,0,0,1],"scale":1.08580005,"type":"tree_beech_large_c"}
{"pos":[-428.502014,-849.343018,42.6463013],"rotationMatrix":[0.710135043,0.704066575,0,-0.704066575,0.710135043,0,0,0,1],"scale":1.08510005,"type":"tree_beech_large_c"}
{"pos":[-376.115997,-763.653015,44.0839996],"rotationMatrix":[0.973319471,-0.229452312,0,0.229452312,0.973319471,0,0,0,1],"scale":0.94660002,"type":"tree_beech_large_c"}
{"pos":[-594.883972,-14.1050997,25.6334991],"rotationMatrix":[0.926118314,-0.377250165,0,0.377250165,0.926118314,0,0,0,1],"scale":1.16129994,"type":"tree_beech_large_c"}
{"pos":[-595.676025,-50.1409988,28.2639008],"rotationMatrix":[0.893093109,-0.449868947,0,0.449868947,0.893093109,0,0,0,1],"scale":1.05789995,"type":"tree_beech_large_c"}
{"pos":[-587.603027,-33.7518997,28.1103001],"rotationMatrix":[0.984335482,0.176309705,0,-0.176309705,0.984335482,0,0,0,1],"scale":1.10469997,"type":"tree_beech_large_c"}
{"pos":[-608.85199,-38.3848991,22.9097996],"rotationMatrix":[0.564195514,-0.825675845,0,0.825675845,0.564195514,0,0,0,1],"scale":0.869099975,"type":"tree_beech_large_c"}
{"pos":[-593.809998,-103.028999,27.2658005],"rotationMatrix":[-0.986423016,0.163442403,0,-0.163442403,-0.986423016,0,0,0,1],"scale":1.15820003,"type":"tree_beech_large_c"}
{"pos":[-579.252014,-92.6727982,28.4370003],"rotationMatrix":[-0.278080583,0.960558951,0,-0.960558951,-0.278080583,0,0,0,1],"scale":0.879199982,"type":"tree_beech_large_c"}
{"pos":[-555.695984,-135.595993,30.7273998],"rotationMatrix":[-0.828254342,-0.560657024,0,0.560657024,-0.828254342,0,0,0,1],"scale":1.02149999,"type":"tree_beech_large_c"}
{"pos":[-536.500977,-232.526001,29.0902996],"rotationMatrix":[0.0400563478,-0.999156117,0,0.999156117,0.0400563478,0,0,0,1],"scale":0.90170002,"type":"tree_beech_large_c"}
{"pos":[-546.444885,-218.161774,29.5872002],"rotationMatrix":[0.999293149,0.0375924818,0,-0.0375924818,0.999293149,0,0,0,1],"scale":1.19840002,"type":"tree_beech_large_c"}
{"pos":[-677.880981,-244.145996,27.0028992],"rotationMatrix":[-0.00876808167,0.999961615,0,-0.999961615,-0.00876808167,0,0,0,1],"scale":1.14209998,"type":"tree_beech_large_c"}
{"pos":[-514.5,-426.683014,37.0862007],"rotationMatrix":[0.808419466,0.588607132,0,-0.588607132,0.808419466,0,0,0,1],"scale":0.862299979,"type":"tree_beech_large_c"}
{"pos":[-603.770996,-432.544006,34.4169006],"rotationMatrix":[0.540159464,-0.841522515,0,0.841522515,0.540159464,0,0,0,1],"scale":1.23210001,"type":"tree_beech_large_c"}
{"pos":[-612.148987,-408.031006,36.2258987],"rotationMatrix":[-0.688386917,-0.725300729,0,0.725300729,-0.688386917,0,0,0,1],"scale":0.608399987,"type":"tree_beech_large_c"}
{"pos":[-732.04303,-330.553009,23.3572998],"rotationMatrix":[-0.643484473,0.765629888,0,-0.765629888,-0.643484473,0,0,0,1],"scale":1.01989996,"type":"tree_beech_large_c"}
{"pos":[-705.187012,-466.100006,26.3400993],"rotationMatrix":[-0.627929568,-0.77823776,0,0.77823776,-0.627929568,0,0,0,1],"scale":0.777400017,"type":"tree_beech_large_c"}
{"pos":[-635.896973,-490.859985,29.7991009],"rotationMatrix":[0.371455312,0.928465724,0,-0.928465724,0.371455312,0,0,0,1],"scale":0.609600008,"type":"tree_beech_large_c"}
{"pos":[-712.085999,-383.799988,25.1075993],"rotationMatrix":[0.294328034,0.955745935,0,-0.955745935,0.294328034,0,0,0,1],"scale":0.8829,"type":"tree_beech_large_c"}
{"pos":[-739.416992,-386.761993,23.7744999],"rotationMatrix":[0.996472001,0.0839243978,0,-0.0839243978,0.996472001,0,0,0,1],"scale":0.79430002,"type":"tree_beech_large_c"}
{"pos":[-794.41803,-99.6138,23.9419003],"rotationMatrix":[0.899379015,-0.437160701,0,0.437160701,0.899379015,0,0,0,1],"scale":0.634500027,"type":"tree_beech_large_c"}
{"pos":[-802.247009,-99.3277969,26.7066994],"rotationMatrix":[0.155259907,0.987848043,0,-0.987848043,0.155259907,0,0,0,1],"scale":0.992999971,"type":"tree_beech_large_c"}
{"pos":[-873.849976,-38.0628014,46.4332008],"rotationMatrix":[0.564382255,-0.825498939,0,0.825498939,0.564382255,0,0,0,1],"scale":1.16429996,"type":"tree_beech_large_c"}
{"pos":[-856.192993,-56.4830017,44.1385002],"rotationMatrix":[0.581570506,-0.813531637,0,0.813531637,0.581570506,0,0,0,1],"scale":0.726199985,"type":"tree_beech_large_c"}
{"pos":[-823.593018,-86.8591995,29.4027996],"rotationMatrix":[0.830172062,-0.557506442,0,0.557506442,0.830172062,0,0,0,1],"scale":0.794799984,"type":"tree_beech_large_c"}
{"pos":[-822.463989,-71.6750031,31.9442997],"rotationMatrix":[0.523516774,-0.852027357,0,0.852027357,0.523516774,0,0,0,1],"scale":1.13680005,"type":"tree_beech_large_c"}
{"pos":[-854.737,-98.4972,43.6012001],"rotationMatrix":[0.151355982,-0.988434434,0,0.988434434,0.151355982,0,0,0,1],"scale":0.8574,"type":"tree_beech_large_c"}
{"pos":[-858.789978,-85.0470963,46.5718994],"rotationMatrix":[-0.419949532,-0.907648742,0,0.907648742,-0.419949532,0,0,0,1],"scale":0.853200018,"type":"tree_beech_large_c"}
{"pos":[-810.086975,-219.912994,24.3425007],"rotationMatrix":[0.312270164,-0.94996798,0,0.94996798,0.312270164,0,0,0,1],"scale":0.856100023,"type":"tree_beech_large_c"}
{"pos":[-796.148987,-243.401001,25.0478992],"rotationMatrix":[-0.44024384,0.897988498,0,-0.897988498,-0.44024384,0,0,0,1],"scale":1.01110005,"type":"tree_beech_large_c"}
{"pos":[-831.888,-138.744003,26.3714008],"rotationMatrix":[0.847206116,0.531240821,0,-0.531240821,0.847206116,0,0,0,1],"scale":1.13069999,"type":"tree_beech_large_c"}
{"pos":[-839.901978,-129.768005,29.4827995],"rotationMatrix":[-0.595969796,0.803076684,0,-0.803076684,-0.595969796,0,0,0,1],"scale":0.965399981,"type":"tree_beech_large_c"}
{"pos":[-880.776978,-5.77939987,49.9776993],"rotationMatrix":[0.872083187,-0.489361495,0,0.489361495,0.872083187,0,0,0,1],"scale":1.05330002,"type":"tree_beech_large_c"}
{"pos":[-881.10498,-1.92610002,49.0085983],"rotationMatrix":[-0.991209626,0.131510034,0,-0.131510034,-0.991209626,0,0,0,1],"scale":0.920899987,"type":"tree_beech_large_c"}
{"pos":[-920.254028,-52.987999,45.1329994],"rotationMatrix":[0.91188395,-0.410438478,0,0.410438478,0.91188395,0,0,0,1],"scale":0.896200001,"type":"tree_beech_large_c"}
{"pos":[-881.023987,-77.8874969,47.6850014],"rotationMatrix":[0.902318001,-0.431082606,0,0.431082606,0.902318001,0,0,0,1],"scale":0.955900013,"type":"tree_beech_large_c"}
{"pos":[-900.776978,-108.622002,40.2587013],"rotationMatrix":[0.814072013,-0.580773532,0,0.580773532,0.814072013,0,0,0,1],"scale":0.808300018,"type":"tree_beech_large_c"}
{"pos":[-895.604004,-89.5591965,42.1026001],"rotationMatrix":[-0.815274596,-0.579051077,0,0.579051077,-0.815274596,0,0,0,1],"scale":1.27980006,"type":"tree_beech_large_c"}
{"pos":[-921.213013,-66.3805008,45.2454987],"rotationMatrix":[0.740511894,-0.672061145,0,0.672061145,0.740511894,0,0,0,1],"scale":0.643000007,"type":"tree_beech_large_c"}
{"pos":[-971.432007,-34.0572014,45.9417992],"rotationMatrix":[-0.48229754,-0.876051903,0,0.876051903,-0.48229754,0,0,0,1],"scale":1.17369998,"type":"tree_beech_large_c"}
{"pos":[-939.247986,-54.6114006,43.9866982],"rotationMatrix":[-0.959408045,-0.282290965,0,0.282290965,-0.959408045,0,0,0,1],"scale":0.703400016,"type":"tree_beech_large_c"}
{"pos":[-901.671997,-131.667999,38.0189018],"rotationMatrix":[-0.882187963,0.470498502,0,-0.470498502,-0.882187963,0,0,0,1],"scale":1.02820003,"type":"tree_beech_large_c"}
{"pos":[-812.159973,-283.557007,26.2989998],"rotationMatrix":[-0.712360144,0.701562464,0,-0.701562464,-0.712360144,0,0,0,1],"scale":1.06550002,"type":"tree_beech_large_c"}
{"pos":[-764.723999,-330.838013,20.2845993],"rotationMatrix":[-0.639136314,-0.768961847,0,0.768961847,-0.639136314,0,0,0,1],"scale":0.927699983,"type":"tree_beech_large_c"}
{"pos":[-806.184021,-338.359985,20.8525009],"rotationMatrix":[-0.94084394,0.339268416,0,-0.339268416,-0.94084394,0,0,0,1],"scale":1.08249998,"type":"tree_beech_large_c"}
{"pos":[-834.984985,-341.421997,23.6315994],"rotationMatrix":[-0.761939883,0.647634029,0,-0.647634029,-0.761939883,0,0,0,1],"scale":1.17949998,"type":"tree_beech_large_c"}
{"pos":[-861.166992,-472.963013,17.5625992],"rotationMatrix":[0.479391873,0.877544045,0,-0.877544045,0.479391873,0,0,0,1],"scale":1.12609994,"type":"tree_beech_large_c"}
{"pos":[-861.005005,-441.472992,19.7632999],"rotationMatrix":[-0.982836962,-0.185200199,0,0.185200199,-0.982836962,0,0,0,1],"scale":1.05330002,"type":"tree_beech_large_c"}
{"pos":[-894.888977,-303.630005,30.4132004],"rotationMatrix":[0.34723258,-0.937846124,0,0.937846124,0.34723258,0,0,0,1],"scale":0.864899993,"type":"tree_beech_large_c"}
{"pos":[-882.642029,-313.460999,31.6903992],"rotationMatrix":[0.987894297,-0.155133188,0,0.155133188,0.987894297,0,0,0,1],"scale":0.618300021,"type":"tree_beech_large_c"}
{"pos":[-968.450012,-371.239014,51.3753014],"rotationMatrix":[0.934622705,-0.355633616,0,0.355633616,0.934622705,0,0,0,1],"scale":0.974300027,"type":"tree_beech_large_c"}
{"pos":[-939.997009,-368.260986,47.6080017],"rotationMatrix":[-0.272331476,-0.962224662,0,0.962224662,-0.272331476,0,0,0,1],"scale":1.38,"type":"tree_beech_large_c"}
{"pos":[-970.083008,-333.108002,54.1138],"rotationMatrix":[0.994254053,0.10704992,0,-0.10704992,0.994254053,0,0,0,1],"scale":0.608399987,"type":"tree_beech_large_c"}
{"pos":[-970.874023,-326.009003,54.8791008],"rotationMatrix":[0.136702001,-0.990624607,0,0.990624607,0.136702001,0,0,0,1],"scale":0.972299993,"type":"tree_beech_large_c"}
{"pos":[-935.211975,-424.326996,42.3237],"rotationMatrix":[0.761673927,0.647940397,0,-0.647940397,0.761673927,0,0,0,1],"scale":0.718999982,"type":"tree_beech_large_c"}
{"pos":[-926.81897,-495.804993,38.9457016],"rotationMatrix":[0.696111917,-0.717933655,0,0.717933655,0.696111917,0,0,0,1],"scale":1.00769997,"type":"tree_beech_large_c"}
{"pos":[-978.151001,-464.980988,46.8797989],"rotationMatrix":[-0.587049246,0.809380829,0,-0.809380829,-0.587049246,0,0,0,1],"scale":0.779500008,"type":"tree_beech_large_c"}
{"pos":[-571.672974,-593.81897,29.3955002],"rotationMatrix":[0.800919533,-0.598755896,0,0.598755896,0.800919533,0,0,0,1],"scale":1.13069999,"type":"tree_beech_large_c"}
{"pos":[-596.492004,-536.728027,26.1410999],"rotationMatrix":[0.64753592,-0.762020946,0,0.762020946,0.64753592,0,0,0,1],"scale":1.02849996,"type":"tree_beech_large_c"}
{"pos":[-577.864014,-512.513,32.2807007],"rotationMatrix":[0.764427543,-0.644735515,0,0.644735515,0.764427543,0,0,0,1],"scale":1.10230005,"type":"tree_beech_large_c"}
{"pos":[-569.317017,-519.721008,34.1221008],"rotationMatrix":[0.931771815,0.363046318,0,-0.363046318,0.931771815,0,0,0,1],"scale":0.788200021,"type":"tree_beech_large_c"}
{"pos":[-564.596985,-511.825989,34.0175018],"rotationMatrix":[0.81260556,0.582814455,0,-0.582814455,0.81260556,0,0,0,1],"scale":0.839999974,"type":"tree_beech_large_c"}
{"pos":[-510.483002,-520.961975,40.0037003],"rotationMatrix":[-0.745833039,0.665969074,0,-0.665969074,-0.745833039,0,0,0,1],"scale":0.908900023,"type":"tree_beech_large_c"}
{"pos":[-562.281982,-687.065979,34.5581017],"rotationMatrix":[0.99999994,-0.00039999999,0,0.00039999999,0.99999994,0,0,0,1],"scale":0.756099999,"type":"tree_beech_large_c"}
{"pos":[-523.76001,-678.796997,38.5542984],"rotationMatrix":[-0.843584061,0.53707993,0,-0.53707993,-0.843584061,0,0,0,1],"scale":1.18509996,"type":"tree_beech_large_c"}
{"pos":[-554.361023,-711.078979,35.9469986],"rotationMatrix":[-0.0521202087,-0.99873811,0,0.99873811,-0.0521202087,0,0,0,1],"scale":0.986100018,"type":"tree_beech_large_c"}
{"pos":[-571.900024,-636.939026,31.7306995],"rotationMatrix":[0.454614341,0.890664339,0,-0.890664339,0.454614341,0,0,0,1],"scale":0.858099997,"type":"tree_beech_large_c"}
{"pos":[-569.932983,-654.60498,32.6663017],"rotationMatrix":[-0.774351239,-0.632956803,0,0.632956803,-0.774351239,0,0,0,1],"scale":0.654100001,"type":"tree_beech_large_c"}
{"pos":[-610.599976,-682.18103,33.4903984],"rotationMatrix":[-0.202490211,-0.979330182,0,0.979330182,-0.202490211,0,0,0,1],"scale":1.14719999,"type":"tree_beech_large_c"}
{"pos":[-577.304993,-731.387024,35.3644981],"rotationMatrix":[-0.428388,0.903580964,0,-0.903580964,-0.428388,0,0,0,1],"scale":1.16460001,"type":"tree_beech_large_c"}
{"pos":[-597.265015,-707.031982,35.3222008],"rotationMatrix":[-0.104989886,-0.994386792,0,0.994386792,-0.104989886,0,0,0,1],"scale":1.17009997,"type":"tree_beech_large_c"}
{"pos":[-697.091003,-543.39801,24.8906994],"rotationMatrix":[0.95000881,0.312215865,0,-0.312215865,0.95000881,0,0,0,1],"scale":0.727599978,"type":"tree_beech_large_c"}
{"pos":[-678.390015,-608.906006,19.3178005],"rotationMatrix":[0.589038253,0.808052599,0,-0.808052599,0.589038253,0,0,0,1],"scale":0.983699977,"type":"tree_beech_large_c"}
{"pos":[-627.93103,-637.29303,32.6791992],"rotationMatrix":[-0.399464488,-0.916803956,0,0.916803956,-0.399464488,0,0,0,1],"scale":0.726499975,"type":"tree_beech_large_c"}
{"pos":[-684.916992,-674.736023,23.7912006],"rotationMatrix":[-0.47164166,0.881818414,0,-0.881818414,-0.47164166,0,0,0,1],"scale":0.819899976,"type":"tree_beech_large_c"}
{"pos":[-536.599976,-851.244019,45.418499],"rotationMatrix":[-0.562911987,-0.826539993,0,0.826539993,-0.562911987,0,0,0,1],"scale":0.975399971,"type":"tree_beech_large_c"}
{"pos":[-580.22699,-846.172974,43.8702011],"rotationMatrix":[0.446858346,0.894555926,0,-0.894555926,0.446858346,0,0,0,1],"scale":1.0654,"type":"tree_beech_large_c"}
{"pos":[-601.780029,-841.463989,44.4099998],"rotationMatrix":[-0.264686108,-0.964259505,0,0.964259505,-0.264686108,0,0,0,1],"scale":0.724399984,"type":"tree_beech_large_c"}
{"pos":[-614.255981,-834.400024,46.2300987],"rotationMatrix":[0.552731156,-0.8333444,0,0.8333444,0.552731156,0,0,0,1],"scale":0.85619998,"type":"tree_beech_large_c"}
{"pos":[-665.643982,-825.723022,42.8646011],"rotationMatrix":[-0.359600544,0.93300426,0,-0.93300426,-0.359600544,0,0,0,1],"scale":1.07850003,"type":"tree_beech_large_c"}
{"pos":[-695.791992,-766.396973,35.8978004],"rotationMatrix":[0.883452058,-0.468509108,0,0.468509108,0.883452058,0,0,0,1],"scale":0.715499997,"type":"tree_beech_large_c"}
{"pos":[-630.64801,-752.867004,46.6309013],"rotationMatrix":[0.172844708,-0.984972,0,0.984972,0.172844708,0,0,0,1],"scale":1.07809997,"type":"tree_beech_large_c"}
{"pos":[-845.433899,-595.842285,17.3602695],"rotationMatrix":[0.976930499,-0.213554159,0,0.213554159,0.976930499,0,0,0,1],"scale":0.822300017,"type":"tree_beech_large_c"}
{"pos":[-833.302979,-568.932983,17.5447006],"rotationMatrix":[0.87609756,0.482119292,0,-0.482119292,0.87609756,0,0,0,1],"scale":0.96359998,"type":"tree_beech_large_c"}
{"pos":[-855.37439,-626.239075,18.0434113],"rotationMatrix":[0.59607923,0.802898049,0,-0.802898049,0.59607923,0,0,0,1],"scale":0.76819998,"type":"tree_beech_large_c"}
{"pos":[-854.549011,-723.22699,33.2220993],"rotationMatrix":[0.379279196,-0.925343096,0,0.925343096,0.379279196,0,0,0,1],"scale":1.14549994,"type":"tree_beech_large_c"}
{"pos":[-918.702026,-519.283997,34.8022995],"rotationMatrix":[0.487725556,0.873022497,0,-0.873022497,0.487725556,0,0,0,1],"scale":0.673900008,"type":"tree_beech_large_c"}
{"pos":[-916.424011,-570.822021,30.1177998],"rotationMatrix":[-0.964558482,-0.264227271,0,0.264227271,-0.964558482,0,0,0,1],"scale":0.730099976,"type":"tree_beech_large_c"}
{"pos":[-905,-568.007019,29.5743008],"rotationMatrix":[-0.638774037,0.769420028,0,-0.769420028,-0.638774037,0,0,0,1],"scale":0.867799997,"type":"tree_beech_large_c"}
{"pos":[-980.749023,-517.202026,45.2377014],"rotationMatrix":[-0.972495198,-0.23298125,0,0.23298125,-0.972495198,0,0,0,1],"scale":0.625699997,"type":"tree_beech_large_c"}
{"pos":[-970.499023,-551.78302,43.6004982],"rotationMatrix":[0.889361918,0.457181752,0,-0.457181752,0.889361918,0,0,0,1],"scale":1.02409995,"type":"tree_beech_large_c"}
{"pos":[-961.494019,-609.393005,37.5243988],"rotationMatrix":[0.861661971,-0.507484794,0,0.507484794,0.861661971,0,0,0,1],"scale":0.725700021,"type":"tree_beech_large_c"}
{"pos":[-986.575012,-674.146973,43.1408005],"rotationMatrix":[0.650719166,0.759324312,0,-0.759324312,0.650719166,0,0,0,1],"scale":0.719200015,"type":"tree_beech_large_c"}
{"pos":[-974.645996,-679.495972,35.0021019],"rotationMatrix":[0.880341649,0.474328339,0,-0.474328339,0.880341649,0,0,0,1],"scale":0.8477,"type":"tree_beech_large_c"}
{"pos":[-955.299988,-654.929016,31.8598003],"rotationMatrix":[-0.863222122,-0.504606605,0,0.504606605,-0.863222122,0,0,0,1],"scale":1.19529998,"type":"tree_beech_large_c"}
{"pos":[-964.947021,-689.861023,32.1302986],"rotationMatrix":[0.729151964,-0.684332788,0,0.684332788,0.729151964,0,0,0,1],"scale":0.850399971,"type":"tree_beech_large_c"}
{"pos":[-806.432983,-788.388977,35.4812012],"rotationMatrix":[0.564568877,-0.825415432,0,0.825415432,0.564568877,0,0,0,1],"scale":0.602500021,"type":"tree_beech_large_c"}
{"pos":[-854.703003,-764.22699,40.0749016],"rotationMatrix":[0.589944303,0.807433009,0,-0.807433009,0.589944303,0,0,0,1],"scale":0.895600021,"type":"tree_beech_large_c"}
{"pos":[-873.078003,-774.455017,42.4668999],"rotationMatrix":[-0.932971239,0.360404462,0,-0.360404462,-0.932971239,0,0,0,1],"scale":0.718800008,"type":"tree_beech_large_c"}
{"pos":[-858.187988,-839.004028,34.2871017],"rotationMatrix":[-0.911794543,-0.410829514,0,0.410829514,-0.911794543,0,0,0,1],"scale":0.671599984,"type":"tree_beech_large_c"}
{"pos":[-847.195984,-826.065002,34.7440987],"rotationMatrix":[0.152918756,-0.988304853,0,0.988304853,0.152918756,0,0,0,1],"scale":1.06550002,"type":"tree_beech_large_c"}
{"pos":[-829.007996,-828.19397,35.0097008],"rotationMatrix":[0.121657431,-0.992592037,0,0.992592037,0.121657431,0,0,0,1],"scale":0.636399984,"type":"tree_beech_large_c"}
{"pos":[-904.346008,-775.348999,38.4145012],"rotationMatrix":[-0.459657073,-0.888130307,0,0.888130307,-0.459657073,0,0,0,1],"scale":0.751900017,"type":"tree_beech_large_c"}
{"pos":[-875.291016,-795.56897,38.2587013],"rotationMatrix":[0.617012501,-0.786979854,0,0.786979854,0.617012501,0,0,0,1],"scale":0.94749999,"type":"tree_beech_large_c"}
{"pos":[-905.825989,-830.366028,44.3620987],"rotationMatrix":[-0.571409822,0.820806384,0,-0.820806384,-0.571409822,0,0,0,1],"scale":0.606299996,"type":"tree_beech_large_c"}
{"pos":[-877.408997,-815.663025,38.0932999],"rotationMatrix":[-0.95901227,0.283054233,0,-0.283054233,-0.95901227,0,0,0,1],"scale":1.19920003,"type":"tree_beech_large_c"}
{"pos":[-931.211975,-866.268982,40.2457008],"rotationMatrix":[-0.488502502,0.872534752,0,-0.872534752,-0.488502502,0,0,0,1],"scale":1.17850006,"type":"tree_beech_large_c"}
{"pos":[-143.035004,924.799988,21.9841995],"rotationMatrix":[0.0906389952,0.995806217,0,-0.995806217,0.0906389952,0,0,0,1],"scale":1.01390004,"type":"tree_beech_large_c"}
{"pos":[-170.042007,934.750977,27.8738003],"rotationMatrix":[-0.272650599,-0.96218574,0,0.96218574,-0.272650599,0,0,0,1],"scale":0.686999977,"type":"tree_beech_large_c"}
{"pos":[-156.897995,909.439026,22.5454998],"rotationMatrix":[-0.95268321,-0.30413717,0,0.30413717,-0.95268321,0,0,0,1],"scale":0.762099981,"type":"tree_beech_large_c"}
{"pos":[-172.820007,909.023987,22.5146999],"rotationMatrix":[-0.992407203,-0.121568576,0,0.121568576,-0.992407203,0,0,0,1],"scale":0.975600004,"type":"tree_beech_large_c"}
{"pos":[-210.738007,933.067017,28.7730999],"rotationMatrix":[0.965046346,0.262073278,0,-0.262073278,0.965046346,0,0,0,1],"scale":0.908999979,"type":"tree_beech_large_c"}
{"pos":[-230.919006,935.401978,26.8803005],"rotationMatrix":[-0.570700884,-0.82133019,0,0.82133019,-0.570700884,0,0,0,1],"scale":0.981100023,"type":"tree_beech_large_c"}
{"pos":[-190.768005,907.322998,24.2311001],"rotationMatrix":[0.332525373,0.94303751,0,-0.94303751,0.332525373,0,0,0,1],"scale":0.669399977,"type":"tree_beech_large_c"}
{"pos":[-198.766006,895.849976,20.5450001],"rotationMatrix":[0.979069412,-0.203536078,0,0.203536078,0.979069412,0,0,0,1],"scale":1.03149998,"type":"tree_beech_large_c"}
{"pos":[-239.628006,813.401978,25.0123005],"rotationMatrix":[-0.85974884,0.510500371,0,-0.510500371,-0.85974884,0,0,0,1],"scale":0.943700016,"type":"tree_beech_large_c"}
{"pos":[-232.307007,799.625,29.1249008],"rotationMatrix":[-0.862449884,0.505852997,0,-0.505852997,-0.862449884,0,0,0,1],"scale":1.02579999,"type":"tree_beech_large_c"}
{"pos":[-230.694,776.58197,32.2585983],"rotationMatrix":[-0.977265,-0.212780207,0,0.212780207,-0.977265,0,0,0,1],"scale":0.888700008,"type":"tree_beech_large_c"}
{"pos":[-31.771225,728.435486,26.7614994],"rotationMatrix":[0.868723154,0.495285809,0,-0.495285809,0.868723154,0,0,0,1],"scale":1.00639999,"type":"tree_beech_large_c"}
{"pos":[-301.528992,885.903015,31.8556004],"rotationMatrix":[-0.593469501,0.804768145,0,-0.804768145,-0.593469501,0,0,0,1],"scale":0.868600011,"type":"tree_beech_large_c"}
{"pos":[-261.403992,935.031982,31.4127998],"rotationMatrix":[0.869132698,0.494563758,0,-0.494563758,0.869132698,0,0,0,1],"scale":0.75910002,"type":"tree_beech_large_c"}
{"pos":[-264.79599,904.528992,26.1865005],"rotationMatrix":[-0.778120875,-0.628348589,0,0.628348589,-0.778120875,0,0,0,1],"scale":0.828700006,"type":"tree_beech_large_c"}
{"pos":[-283.75528,911.427063,27.6170998],"rotationMatrix":[0.869949996,0.493118972,0,-0.493118972,0.869949996,0,0,0,1],"scale":1.17610002,"type":"tree_beech_large_c"}
{"pos":[-313.911011,902.088013,28.9204998],"rotationMatrix":[-0.90398109,0.427551746,0,-0.427551746,-0.90398109,0,0,0,1],"scale":0.994700015,"type":"tree_beech_large_c"}
{"pos":[-299.011993,854.713989,22.9734001],"rotationMatrix":[-0.957033277,0.290231258,0,-0.290231258,-0.957033277,0,0,0,1],"scale":1.07560003,"type":"tree_beech_large_c"}
{"pos":[-277.126007,793.223999,24.3145008],"rotationMatrix":[0.997835159,0.0657671019,0,-0.0657671019,0.997835159,0,0,0,1],"scale":0.925899982,"type":"tree_beech_large_c"}
{"pos":[-322.635986,832.698975,20.0897999],"rotationMatrix":[-0.95901227,-0.282856286,0,0.282856286,-0.95901227,0,0,0,1],"scale":0.714399993,"type":"tree_beech_large_c"}
{"pos":[-356.746002,809.382996,19.5594997],"rotationMatrix":[0.455449581,-0.890295148,0,0.890295148,0.455449581,0,0,0,1],"scale":0.803499997,"type":"tree_beech_large_c"}
{"pos":[-356.127014,810.708984,19.6364994],"rotationMatrix":[0.159414232,-0.987231195,0,0.987231195,0.159414232,0,0,0,1],"scale":0.637199998,"type":"tree_beech_large_c"}
{"pos":[-304.037994,847.059021,23.9734001],"rotationMatrix":[0.991314352,0.131510034,0,-0.131510034,0.991314352,0,0,0,1],"scale":0.979399979,"type":"tree_beech_large_c"}
{"pos":[-310.846985,732.882019,28.4536991],"rotationMatrix":[-0.738739491,0.673938751,0,-0.673938751,-0.738739491,0,0,0,1],"scale":0.885399997,"type":"tree_beech_large_c"}
{"pos":[-296.976013,715.653992,29.6466999],"rotationMatrix":[0.34997195,-0.93678838,0,0.93678838,0.34997195,0,0,0,1],"scale":0.682799995,"type":"tree_beech_large_c"}
{"pos":[-301.507996,709.015015,28.7446995],"rotationMatrix":[-0.164643288,-0.98638314,0,0.98638314,-0.164643288,0,0,0,1],"scale":1.07079995,"type":"tree_beech_large_c"}
{"pos":[-309.156006,688.039001,27.0834007],"rotationMatrix":[-0.87327373,-0.487190545,0,0.487190545,-0.87327373,0,0,0,1],"scale":0.696799994,"type":"tree_beech_large_c"}
{"pos":[-307.190002,694.052979,27.3304996],"rotationMatrix":[0.506379485,-0.862345457,0,0.862345457,0.506379485,0,0,0,1],"scale":1.00189996,"type":"tree_beech_large_c"}
{"pos":[-327.419006,699.427002,26.9505997],"rotationMatrix":[0.977059186,0.21295765,0,-0.21295765,0.977059186,0,0,0,1],"scale":0.863900006,"type":"tree_beech_large_c"}
{"pos":[-336.369995,648.414001,23.0709991],"rotationMatrix":[-0.825578332,0.564259231,0,-0.564259231,-0.825578332,0,0,0,1],"scale":1.14690006,"type":"tree_beech_large_c"}
{"pos":[-316.36499,661.078979,23.5084],"rotationMatrix":[-0.689489603,0.724434614,0,-0.724434614,-0.689489603,0,0,0,1],"scale":0.943499982,"type":"tree_beech_large_c"}
{"pos":[-420.707001,696.960022,26.5338993],"rotationMatrix":[0.514296293,-0.857570589,0,0.857570589,0.514296293,0,0,0,1],"scale":0.692799985,"type":"tree_beech_large_c"}
{"pos":[-406.38501,725.182007,22.8717003],"rotationMatrix":[-0.885682106,-0.464138001,0,0.464138001,-0.885682106,0,0,0,1],"scale":0.676599979,"type":"tree_beech_large_c"}
{"pos":[-411.730011,678.385986,25.9710007],"rotationMatrix":[0.785749435,0.618531525,0,-0.618531525,0.785749435,0,0,0,1],"scale":1.19120002,"type":"tree_beech_large_c"}
{"pos":[-394.806,679.065002,22.5310001],"rotationMatrix":[0.241580665,-0.970377624,0,0.970377624,0.241580665,0,0,0,1],"scale":0.72240001,"type":"tree_beech_large_c"}
{"pos":[-395.912994,679.963989,22.5958004],"rotationMatrix":[0.994979978,-0.100069739,0,0.100069739,0.994979978,0,0,0,1],"scale":0.920899987,"type":"tree_beech_large_c"}
{"pos":[-411.953003,656.031982,23.0147991],"rotationMatrix":[-0.827871919,-0.560980737,0,0.560980737,-0.827871919,0,0,0,1],"scale":1.03429997,"type":"tree_beech_large_c"}
{"pos":[-478.278015,643.835999,24.0205002],"rotationMatrix":[-0.932184935,0.361903787,0,-0.361903787,-0.932184935,0,0,0,1],"scale":0.872900009,"type":"tree_beech_large_c"}
{"pos":[-389.338013,593.432007,20.5268002],"rotationMatrix":[0.875399709,0.48342526,0,-0.48342526,0.875399709,0,0,0,1],"scale":0.981299996,"type":"tree_beech_large_c"}
{"pos":[-56.9598999,279.570007,66.8375015],"rotationMatrix":[-0.710880041,-0.703478932,0,0.703478932,-0.710880041,0,0,0,1],"scale":0.807299972,"type":"tree_beech_large_c"}
{"pos":[-29.3269005,254.912994,70.8249969],"rotationMatrix":[-0.555142522,-0.831713736,0,0.831713736,-0.555142522,0,0,0,1],"scale":1.00250006,"type":"tree_beech_large_c"}
{"pos":[-65.0531006,256.197998,65.5170975],"rotationMatrix":[-0.387778044,-0.921797872,0,0.921797872,-0.387778044,0,0,0,1],"scale":1.15110004,"type":"tree_beech_large_c"}
{"pos":[-168.238007,408.563995,35.3674011],"rotationMatrix":[-0.397123218,-0.917875528,0,0.917875528,-0.397123218,0,0,0,1],"scale":1.15240002,"type":"tree_beech_large_c"}
{"pos":[-182.593002,429.268005,34.9005013],"rotationMatrix":[0.20140475,0.979571402,0,-0.979571402,0.20140475,0,0,0,1],"scale":0.690400004,"type":"tree_beech_large_c"}
{"pos":[-188.684998,397.037994,35.2131996],"rotationMatrix":[-0.87986052,0.475248903,0,-0.475248903,-0.87986052,0,0,0,1],"scale":0.840399981,"type":"tree_beech_large_c"}
{"pos":[-147.175995,270.838013,30.6299992],"rotationMatrix":[-0.63009572,0.776588559,0,-0.776588559,-0.63009572,0,0,0,1],"scale":0.848399997,"type":"tree_beech_large_c"}
{"pos":[-210.787994,336.566986,35.7728996],"rotationMatrix":[0.836865306,0.547380984,0,-0.547380984,0.836865306,0,0,0,1],"scale":1.10339999,"type":"tree_beech_large_c"}
{"pos":[-208.164001,318.453003,34.5279999],"rotationMatrix":[-0.980846047,-0.19486016,0,0.19486016,-0.980846047,0,0,0,1],"scale":1.12650001,"type":"tree_beech_large_c"}
{"pos":[-201.420502,255.61795,29.8241005],"rotationMatrix":[0.0325594544,-0.999433577,0,0.999433577,0.0325594544,0,0,0,1],"scale":0.746299982,"type":"tree_beech_large_c"}
{"pos":[-3.27220011,219.576996,73.6396027],"rotationMatrix":[0.899916649,-0.436080784,0,0.436080784,0.899916649,0,0,0,1],"scale":0.893400013,"type":"tree_beech_large_c"}
{"pos":[-55.3003006,246.328995,67.7482986],"rotationMatrix":[0.315783918,0.948824823,0,-0.948824823,0.315783918,0,0,0,1],"scale":0.601199985,"type":"tree_beech_large_c"}
{"pos":[-56.2011986,246.593994,67.9522018],"rotationMatrix":[0.138803124,0.990337014,0,-0.990337014,0.138803124,0,0,0,1],"scale":0.682299972,"type":"tree_beech_large_c"}
{"pos":[-10.3965998,226.294998,72.4237976],"rotationMatrix":[0.926254213,0.362924665,-0.10165862,-0.369462103,0.927636325,-0.0546293035,0.0744751021,0.0881606266,0.993318081],"scale":0.993399978,"type":"tree_beech_large_c"}
{"pos":[-4.96939993,128.278,55.0289001],"rotationMatrix":[0.197608829,-0.980249882,0,0.980249882,0.197608829,0,0,0,1],"scale":0.833500028,"type":"tree_beech_large_c"}
{"pos":[-94.0596008,193.472,38.5480995],"rotationMatrix":[0.770293593,0.637674272,0,-0.637674272,0.770293593,0,0,0,1],"scale":1.02820003,"type":"tree_beech_large_c"}
{"pos":[-104.085999,229.479004,36.3390999],"rotationMatrix":[-0.853197455,-0.521729171,0,0.521729171,-0.853197455,0,0,0,1],"scale":0.640900016,"type":"tree_beech_large_c"}
{"pos":[-76.2492981,153.718002,40.4329987],"rotationMatrix":[-0.195367336,0.980754673,0,-0.980754673,-0.195367336,0,0,0,1],"scale":1.13180006,"type":"tree_beech_large_c"}
{"pos":[-87.308197,172.557999,39.7453995],"rotationMatrix":[-0.721625686,-0.692138791,0,0.692138791,-0.721625686,0,0,0,1],"scale":0.740999997,"type":"tree_beech_large_c"}
{"pos":[-120.327003,232.748993,35.0484009],"rotationMatrix":[0.992727816,0.12038292,0,-0.12038292,0.992727816,0,0,0,1],"scale":0.989499986,"type":"tree_beech_large_c"}
{"pos":[-36.4564018,80.4701004,42.0339012],"rotationMatrix":[-0.4229846,-0.906087756,0,0.906087756,-0.4229846,0,0,0,1],"scale":1.08070004,"type":"tree_beech_large_c"}
