{"pos":[-40.7449989,-232.268005,33.2060013],"rotationMatrix":[0.926655531,-0.375914484,0,0.375914484,0.926655531,0,0,0,1],"scale":1.25399995,"type":"tree_douglasfir_small_a"}
{"pos":[-122.365997,-143.270996,31.5853004],"rotationMatrix":[-0.845888853,-0.533572793,0,0.533572793,-0.845888853,0,0,0,1],"scale":0.940199971,"type":"tree_douglasfir_small_a"}
{"pos":[-104.598,-156.625,31.4703999],"rotationMatrix":[-0.714581609,-0.699424863,0,0.699424863,-0.714581609,0,0,0,1],"scale":1.21229994,"type":"tree_douglasfir_small_a"}
{"pos":[-165.660004,-75.1838989,31.7434006],"rotationMatrix":[0.674859524,0.737936616,0,-0.737936616,0.674859524,0,0,0,1],"scale":1.16139996,"type":"tree_douglasfir_small_a"}
{"pos":[-152.723007,-98.5585022,31.3836994],"rotationMatrix":[0.805686235,0.592354655,0,-0.592354655,0.805686235,0,0,0,1],"scale":0.933399975,"type":"tree_douglasfir_small_a"}
{"pos":[-153.072006,-110.017998,31.2205009],"rotationMatrix":[0.993479192,-0.114017278,0,0.114017278,0.993479192,0,0,0,1],"scale":1.17729998,"type":"tree_douglasfir_small_a"}
{"pos":[-165.682007,-99.9112015,31.6151009],"rotationMatrix":[0.250912011,0.968061566,0,-0.968061566,0.250912011,0,0,0,1],"scale":1.2651,"type":"tree_douglasfir_small_a"}
{"pos":[-167.026001,-96.9005966,31.4655991],"rotationMatrix":[0.999537945,-0.0303969607,0,0.0303969607,0.999537945,0,0,0,1],"scale":1.06830001,"type":"tree_douglasfir_small_a"}
{"pos":[-205.162994,-60.6787987,31.7865009],"rotationMatrix":[0.384172022,0.923242629,0,-0.923242629,0.384172022,0,0,0,1],"scale":0.903599977,"type":"tree_douglasfir_small_a"}
{"pos":[-215.610992,-50.4439011,32.5452003],"rotationMatrix":[0.673406363,0.739260495,0,-0.739260495,0.673406363,0,0,0,1],"scale":1.07669997,"type":"tree_douglasfir_small_a"}
{"pos":[-202.257004,-63.1478996,31.7026997],"rotationMatrix":[0.973641932,-0.228084639,0,0.228084639,0.973641932,0,0,0,1],"scale":0.94630003,"type":"tree_douglasfir_small_a"}
{"pos":[-126.064003,-138.815002,31.7577991],"rotationMatrix":[0.148748457,0.988907933,0,-0.988907933,0.148748457,0,0,0,1],"scale":1.17470002,"type":"tree_douglasfir_small_a"}
{"pos":[-14.1562004,-306.847992,41.1618004],"rotationMatrix":[-0.862836003,0.50551939,0,-0.50551939,-0.862836003,0,0,0,1],"scale":1.10280001,"type":"tree_douglasfir_small_a"}
{"pos":[-26.1662006,848.697998,26.3025398],"rotationMatrix":[-0.943209052,0.331983775,0,-0.331983775,-0.943209052,0,0,0,1],"scale":1.06480002,"type":"tree_douglasfir_small_a"}
{"pos":[-21.1958008,835.039001,26.1803169],"rotationMatrix":[-0.981244206,-0.193088204,0,0.193088204,-0.981244206,0,0,0,1],"scale":0.948800027,"type":"tree_douglasfir_small_a"}
{"pos":[-22.4848003,829.780029,26.6242867],"rotationMatrix":[0.147181988,0.989164352,0,-0.989164352,0.147181988,0,0,0,1],"scale":0.988099992,"type":"tree_douglasfir_small_a"}
{"pos":[-0.0952999964,839.614014,26.7432213],"rotationMatrix":[-0.998800278,-0.0447865576,0,0.0447865576,-0.998800278,0,0,0,1],"scale":1.05519998,"type":"tree_douglasfir_small_a"}
{"pos":[-19.3726997,801.325989,25.1373405],"rotationMatrix":[-0.405829191,0.91385603,0,-0.91385603,-0.405829191,0,0,0,1],"scale":0.939899981,"type":"tree_douglasfir_small_a"}
{"pos":[-18.5571003,796.059021,24.9116173],"rotationMatrix":[-0.859363317,0.511411667,0,-0.511411667,-0.859363317,0,0,0,1],"scale":0.953000009,"type":"tree_douglasfir_small_a"}
{"pos":[-18.6152992,790.624023,24.9836311],"rotationMatrix":[-0.65438056,-0.755976379,0,0.755976379,-0.65438056,0,0,0,1],"scale":0.944100022,"type":"tree_douglasfir_small_a"}
{"pos":[-4.55910015,769.275024,25.0213394],"rotationMatrix":[-0.968921781,-0.246660933,0,0.246660933,-0.968921781,0,0,0,1],"scale":1.20280004,"type":"tree_douglasfir_small_a"}
{"pos":[-134.080994,916.281982,22.5937996],"rotationMatrix":[-0.797408104,-0.60349685,0,0.60349685,-0.797408104,0,0,0,1],"scale":1.15890002,"type":"tree_douglasfir_small_a"}
{"pos":[-122.358002,702.18103,28.7182617],"rotationMatrix":[-0.731288314,0.681797147,0,-0.681797147,-0.731288314,0,0,0,1],"scale":1.24759996,"type":"tree_douglasfir_small_a"}
{"pos":[-106.587997,706.578003,28.8604584],"rotationMatrix":[-0.994803429,0.101667665,0,-0.101667665,-0.994803429,0,0,0,1],"scale":1.16120005,"type":"tree_douglasfir_small_a"}
{"pos":[-100.637001,708.046021,28.9588394],"rotationMatrix":[-0.799304366,0.600969553,0,-0.600969553,-0.799304366,0,0,0,1],"scale":1.09739995,"type":"tree_douglasfir_small_a"}
{"pos":[-94.1277008,707.926025,28.969593],"rotationMatrix":[0.745102048,-0.666947365,0,0.666947365,0.745102048,0,0,0,1],"scale":0.998199999,"type":"tree_douglasfir_small_a"}
{"pos":[-87.7565002,710.380981,29.0821266],"rotationMatrix":[0.999884486,0.0152000003,0,-0.0152000003,0.999884486,0,0,0,1],"scale":1.05809999,"type":"tree_douglasfir_small_a"}
{"pos":[-64.9838028,712.114014,29.3380089],"rotationMatrix":[0.70845753,0.705719113,0,-0.705719113,0.70845753,0,0,0,1],"scale":1.13209999,"type":"tree_douglasfir_small_a"}
{"pos":[-111.804001,722.151001,28.9154701],"rotationMatrix":[0.79276073,0.60954988,0,-0.60954988,0.79276073,0,0,0,1],"scale":1.01409996,"type":"tree_douglasfir_small_a"}
{"pos":[-99.8590012,726.960022,29.0209084],"rotationMatrix":[0.474072337,-0.880477548,0,0.880477548,0.474072337,0,0,0,1],"scale":0.916800022,"type":"tree_douglasfir_small_a"}
{"pos":[-75.9319992,727.718994,29.3953705],"rotationMatrix":[0.104342699,0.99456501,0,-0.99456501,0.104342699,0,0,0,1],"scale":1.26880002,"type":"tree_douglasfir_small_a"}
{"pos":[-70.2602005,728.817017,29.617115],"rotationMatrix":[0.342654228,-0.939524055,0,0.939524055,0.342654228,0,0,0,1],"scale":1.13950002,"type":"tree_douglasfir_small_a"}
{"pos":[-105.000999,595.815979,35.436306],"rotationMatrix":[0.676631212,-0.736325502,0,0.736325502,0.676631212,0,0,0,1],"scale":1.26859999,"type":"tree_douglasfir_small_a"}
{"pos":[-86.2031021,521.721985,34.9325256],"rotationMatrix":[-0.966144562,-0.257789999,0,0.257789999,-0.966144562,0,0,0,1],"scale":1.2421,"type":"tree_douglasfir_small_a"}
{"pos":[-136.776001,692.252014,28.2954597],"rotationMatrix":[0.546467066,-0.837445319,0,0.837445319,0.546467066,0,0,0,1],"scale":1.20959997,"type":"tree_douglasfir_small_a"}
{"pos":[-156.470993,682.73999,26.311367],"rotationMatrix":[0.474072337,-0.880477548,0,0.880477548,0.474072337,0,0,0,1],"scale":1.01610005,"type":"tree_douglasfir_small_a"}
{"pos":[-161.365005,680.638977,26.0799713],"rotationMatrix":[0.998595476,-0.0529787987,0,0.0529787987,0.998595476,0,0,0,1],"scale":0.931400001,"type":"tree_douglasfir_small_a"}
{"pos":[-187.369003,668.072021,26.0257912],"rotationMatrix":[0.0987126231,-0.995135069,0,0.995135069,0.0987126231,0,0,0,1],"scale":1.02629995,"type":"tree_douglasfir_small_a"}
{"pos":[-167.063995,614.140991,31.8543587],"rotationMatrix":[0.990367293,-0.13846688,0,0.13846688,0.990367293,0,0,0,1],"scale":1.14929998,"type":"tree_douglasfir_small_a"}
{"pos":[-144.360001,620.304016,33.5126457],"rotationMatrix":[0.91405344,-0.40560317,0,0.40560317,0.91405344,0,0,0,1],"scale":1.1516,"type":"tree_douglasfir_small_a"}
{"pos":[-282.093994,717.132996,29.0212994],"rotationMatrix":[-0.833229661,0.552611291,0,-0.552611291,-0.833229661,0,0,0,1],"scale":1.03050005,"type":"tree_douglasfir_small_a"}
{"pos":[-279.972992,714,28.4652996],"rotationMatrix":[0.8917014,0.452648044,0,-0.452648044,0.8917014,0,0,0,1],"scale":0.965799987,"type":"tree_douglasfir_small_a"}
{"pos":[-278.932007,705.965027,27.6079006],"rotationMatrix":[-0.983235359,-0.183426365,0,0.183426365,-0.983235359,0,0,0,1],"scale":0.983900011,"type":"tree_douglasfir_small_a"}
{"pos":[-311.138,667.116028,25.1847878],"rotationMatrix":[0.151355982,0.988434434,0,-0.988434434,0.151355982,0,0,0,1],"scale":0.995000005,"type":"tree_douglasfir_small_a"}
{"pos":[-536.812012,571.185974,25.8574009],"rotationMatrix":[0.902141094,0.431428492,0,-0.431428492,0.902141094,0,0,0,1],"scale":1.20159996,"type":"tree_douglasfir_small_a"}
{"pos":[-527.085999,590.700012,24.7052994],"rotationMatrix":[-0.955846429,-0.293703288,0,0.293703288,-0.955846429,0,0,0,1],"scale":1.16199994,"type":"tree_douglasfir_small_a"}
{"pos":[-508.050995,617.974976,26.1266003],"rotationMatrix":[0.546847939,-0.83718884,0,0.83718884,0.546847939,0,0,0,1],"scale":0.958599985,"type":"tree_douglasfir_small_a"}
{"pos":[-546.59198,559.273987,26.2998009],"rotationMatrix":[0.884703994,0.466130137,0,-0.466130137,0.884703994,0,0,0,1],"scale":0.931599975,"type":"tree_douglasfir_small_a"}
{"pos":[-597.025024,519.52002,25.6716995],"rotationMatrix":[0.95132798,0.308193594,0,-0.308193594,0.95132798,0,0,0,1],"scale":1.24310005,"type":"tree_douglasfir_small_a"}
{"pos":[-994.908997,773.013977,44.1295013],"rotationMatrix":[-0.988416791,0.150562093,0,-0.150562093,-0.988416791,0,0,0,1],"scale":1.02839994,"type":"tree_douglasfir_small_a"}
{"pos":[-989.468018,767.822998,40.7872009],"rotationMatrix":[0.42797792,-0.903811991,0,0.903811991,0.42797792,0,0,0,1],"scale":1.02550006,"type":"tree_douglasfir_small_a"}
{"pos":[-984.169006,705.856995,38.487999],"rotationMatrix":[-0.996401787,0.0865220577,0,-0.0865220577,-0.996401787,0,0,0,1],"scale":1.18540001,"type":"tree_douglasfir_small_a"}
{"pos":[-718.023987,440.098999,26.2406998],"rotationMatrix":[-1,0.0074,0,-0.0074,-1,0,0,0,1],"scale":1.12619996,"type":"tree_douglasfir_small_a"}
{"pos":[-733.502014,417.140015,31.0182991],"rotationMatrix":[0.805311978,-0.592862427,0,0.592862427,0.805311978,0,0,0,1],"scale":1.05569994,"type":"tree_douglasfir_small_a"}
{"pos":[-744.633972,414.998993,32.8179016],"rotationMatrix":[0.97037822,-0.241598845,0,0.241598845,0.97037822,0,0,0,1],"scale":1.11619997,"type":"tree_douglasfir_small_a"}
{"pos":[-751.955994,389.55899,33.8855019],"rotationMatrix":[-0.446020246,0.89502579,0,-0.89502579,-0.446020246,0,0,0,1],"scale":1.04709995,"type":"tree_douglasfir_small_a"}
{"pos":[-940.140991,347.992004,31.0986004],"rotationMatrix":[-0.660206318,-0.750928581,0,0.750928581,-0.660206318,0,0,0,1],"scale":0.965799987,"type":"tree_douglasfir_small_a"}
{"pos":[-942.77002,348.029999,30.9090004],"rotationMatrix":[0.961246729,-0.275699526,0,0.275699526,0.961246729,0,0,0,1],"scale":1.19679999,"type":"tree_douglasfir_small_a"}
{"pos":[-942.343018,345.34201,31.0508995],"rotationMatrix":[0.600024343,-0.799951375,0,0.799951375,0.600024343,0,0,0,1],"scale":1.07159996,"type":"tree_douglasfir_small_a"}
{"pos":[-903.947021,213.854004,34.2557983],"rotationMatrix":[-0.086337924,-0.996276557,0,0.996276557,-0.086337924,0,0,0,1],"scale":0.992900014,"type":"tree_douglasfir_small_a"}
{"pos":[-907.382996,212.860992,35.4571991],"rotationMatrix":[0.780348063,0.625351787,0,-0.625351787,0.780348063,0,0,0,1],"scale":0.938399971,"type":"tree_douglasfir_small_a"}
{"pos":[900.015015,-51.7304993,45.9239998],"rotationMatrix":[0.955299497,0.295651197,0,-0.295651197,0.955299497,0,0,0,1],"scale":1.15569997,"type":"tree_douglasfir_small_a"}
{"pos":[902.33197,-21.0858002,46.8410988],"rotationMatrix":[0.997142315,0.0755470768,0,-0.0755470768,0.997142315,0,0,0,1],"scale":1.2687,"type":"tree_douglasfir_small_a"}
{"pos":[888.976013,-26.3498001,47.0654984],"rotationMatrix":[0.702779472,0.711401701,0,-0.711401701,0.702779472,0,0,0,1],"scale":0.989300013,"type":"tree_douglasfir_small_a"}
{"pos":[889.786987,-44.8527985,46.4062004],"rotationMatrix":[-0.66713798,0.744825423,0,-0.744825423,-0.66713798,0,0,0,1],"scale":1.20009995,"type":"tree_douglasfir_small_a"}
{"pos":[877.406982,-84.4197998,46.4301987],"rotationMatrix":[-0.17688477,-0.984189272,0,0.984189272,-0.17688477,0,0,0,1],"scale":1.15849996,"type":"tree_douglasfir_small_a"}
{"pos":[895.674988,-162.505997,41.6818008],"rotationMatrix":[0.0914479494,-0.995767593,0,0.995767593,0.0914479494,0,0,0,1],"scale":1.21860003,"type":"tree_douglasfir_small_a"}
{"pos":[875.072021,-224.149994,40.9954987],"rotationMatrix":[-0.895404577,-0.445278913,0,0.445278913,-0.895404577,0,0,0,1],"scale":1.24660003,"type":"tree_douglasfir_small_a"}
{"pos":[877.708984,-229.822998,40.8306999],"rotationMatrix":[-0.715322495,0.698835075,0,-0.698835075,-0.715322495,0,0,0,1],"scale":1.28569996,"type":"tree_douglasfir_small_a"}
{"pos":[872.552979,-111.571999,44.4937782],"rotationMatrix":[-0.0745779276,-0.997173131,0,0.997173131,-0.0745779276,0,0,0,1],"scale":1.07000005,"type":"tree_douglasfir_small_a"}
{"pos":[891.437988,-294.022003,41.017601],"rotationMatrix":[-0.12469995,-0.992267668,0,0.992267668,-0.12469995,0,0,0,1],"scale":1.00870001,"type":"tree_douglasfir_small_a"}
{"pos":[62.2835999,-371.588013,43.6366005],"rotationMatrix":[0.535159171,0.844735622,0,-0.844735622,0.535159171,0,0,0,1],"scale":1.2378,"type":"tree_douglasfir_small_a"}
{"pos":[27.2957001,-366.834991,44.3501015],"rotationMatrix":[0.904864788,0.425687581,0,-0.425687581,0.904864788,0,0,0,1],"scale":1.27670002,"type":"tree_douglasfir_small_a"}
{"pos":[26.1490993,-358.644989,44.0802002],"rotationMatrix":[0.927875996,-0.372887641,0,0.372887641,0.927875996,0,0,0,1],"scale":1.14429998,"type":"tree_douglasfir_small_a"}
{"pos":[34.3381996,-339.911987,42.2678986],"rotationMatrix":[-0.936118484,-0.351252288,0,0.351252288,-0.936118484,0,0,0,1],"scale":1.23500001,"type":"tree_douglasfir_small_a"}
{"pos":[22.5114002,-325.015991,41.1111984],"rotationMatrix":[0.79082489,-0.612066865,0,0.612066865,0.79082489,0,0,0,1],"scale":0.925499976,"type":"tree_douglasfir_small_a"}
{"pos":[17.0386009,-316.678986,40.5937004],"rotationMatrix":[-0.14307189,-0.989755213,0,0.989755213,-0.14307189,0,0,0,1],"scale":0.931999981,"type":"tree_douglasfir_small_a"}
{"pos":[99.0122986,-395.390991,43.8242989],"rotationMatrix":[-0.984430432,0.176508933,0,-0.176508933,-0.984430432,0,0,0,1],"scale":1.21539998,"type":"tree_douglasfir_small_a"}
{"pos":[88.6185989,-390.200012,44.1295013],"rotationMatrix":[-0.933757663,-0.357921183,0,0.357921183,-0.933757663,0,0,0,1],"scale":0.959599972,"type":"tree_douglasfir_small_a"}
{"pos":[79.8986969,-382.768005,44.6313019],"rotationMatrix":[0.737042487,-0.675886393,0,0.675886393,0.737042487,0,0,0,1],"scale":1.19319999,"type":"tree_douglasfir_small_a"}
{"pos":[74.5904007,-386.30899,44.8717995],"rotationMatrix":[-0.344799995,0.938572049,0,-0.938572049,-0.344799995,0,0,0,1],"scale":1.13209999,"type":"tree_douglasfir_small_a"}
{"pos":[45.7910995,-379.920013,45.0203476],"rotationMatrix":[-0.316739917,-0.948526621,0,0.948526621,-0.316739917,0,0,0,1],"scale":1.22189999,"type":"tree_douglasfir_small_a"}
{"pos":[452.660004,-803.031982,45.6509018],"rotationMatrix":[0.814924717,-0.57956183,0,0.57956183,0.814924717,0,0,0,1],"scale":1.14189994,"type":"tree_douglasfir_small_a"}
{"pos":[449.799011,-801.343018,45.2738991],"rotationMatrix":[-0.946364641,-0.323177397,0,0.323177397,-0.946364641,0,0,0,1],"scale":1.16330004,"type":"tree_douglasfir_small_a"}
{"pos":[25.9894009,-551.76001,45.7187996],"rotationMatrix":[-0.882187963,-0.470692515,0,0.470692515,-0.882187963,0,0,0,1],"scale":1.27059996,"type":"tree_douglasfir_small_a"}
{"pos":[28.2147999,-554.966003,45.7187996],"rotationMatrix":[-0.176578045,-0.984367847,0,0.984367847,-0.176578045,0,0,0,1],"scale":0.93629998,"type":"tree_douglasfir_small_a"}
{"pos":[56.165699,-550.708984,44.7929993],"rotationMatrix":[0.593739033,0.804679811,0,-0.804679811,0.593739033,0,0,0,1],"scale":1.26789999,"type":"tree_douglasfir_small_a"}
{"pos":[819.434021,910.015991,88.8906021],"rotationMatrix":[-0.942814708,-0.333329916,0,0.333329916,-0.942814708,0,0,0,1],"scale":0.950600028,"type":"tree_douglasfir_small_a"}
{"pos":[813.088013,900.51001,86.9490967],"rotationMatrix":[-0.993205786,-0.117599741,0,0.117599741,-0.993205786,0,0,0,1],"scale":1.19910002,"type":"tree_douglasfir_small_a"}
{"pos":[817.434021,886.89801,86.3572998],"rotationMatrix":[-0.419275522,-0.907770276,0,0.907770276,-0.419275522,0,0,0,1],"scale":1.04949999,"type":"tree_douglasfir_small_a"}
{"pos":[816.664978,882.416992,86.0572968],"rotationMatrix":[-0.568928957,-0.822283864,0,0.822283864,-0.568928957,0,0,0,1],"scale":1.25989997,"type":"tree_douglasfir_small_a"}
{"pos":[818.562012,879.153992,85.4078979],"rotationMatrix":[-0.429402232,-0.903056264,0,0.903056264,-0.429402232,0,0,0,1],"scale":1.16009998,"type":"tree_douglasfir_small_a"}
{"pos":[829.744019,907.088013,89.1439972],"rotationMatrix":[0.79430306,0.607534051,0,-0.607534051,0.79430306,0,0,0,1],"scale":1.2076,"type":"tree_douglasfir_small_a"}
{"pos":[801.255005,898.557007,85.7957993],"rotationMatrix":[-0.559731126,-0.82870096,0,0.82870096,-0.559731126,0,0,0,1],"scale":1.24960005,"type":"tree_douglasfir_small_a"}
{"pos":[803.463989,925.591003,86.9501038],"rotationMatrix":[0.548559964,0.836080968,0,-0.836080968,0.548559964,0,0,0,1],"scale":0.940599978,"type":"tree_douglasfir_small_a"}
{"pos":[808.130005,929.742004,88.4054031],"rotationMatrix":[-0.995602369,-0.0920985863,0,0.0920985863,-0.995602369,0,0,0,1],"scale":1.13300002,"type":"tree_douglasfir_small_a"}
{"pos":[795.135986,915.72998,85.0541],"rotationMatrix":[-0.479200006,-0.877544045,0,0.877544045,-0.479200006,0,0,0,1],"scale":1.23769999,"type":"tree_douglasfir_small_a"}
{"pos":[814.843018,817.97998,74.8033981],"rotationMatrix":[0.907377899,0.420328647,0,-0.420328647,0.907377899,0,0,0,1],"scale":1.09150004,"type":"tree_douglasfir_small_a"}
{"pos":[814.398987,831.455994,75.9033966],"rotationMatrix":[-0.999599934,-0.0329966992,0,0.0329966992,-0.999599934,0,0,0,1],"scale":1.24549997,"type":"tree_douglasfir_small_a"}
{"pos":[822.883972,832.263977,74.6632004],"rotationMatrix":[-0.115121722,0.993260264,0,-0.993260264,-0.115121722,0,0,0,1],"scale":1.17190003,"type":"tree_douglasfir_small_a"}
{"pos":[816.340027,768.588013,69.8939972],"rotationMatrix":[0.569036722,-0.822283864,0,0.822283864,0.569036722,0,0,0,1],"scale":1.10090005,"type":"tree_douglasfir_small_a"}
{"pos":[817.409973,779.396973,72.5845032],"rotationMatrix":[0.727087259,0.68656683,0,-0.68656683,0.727087259,0,0,0,1],"scale":1.08210003,"type":"tree_douglasfir_small_a"}
{"pos":[814.669006,809.872986,74.5020981],"rotationMatrix":[-0.999599934,-0.0255974382,0,0.0255974382,-0.999599934,0,0,0,1],"scale":0.906599998,"type":"tree_douglasfir_small_a"}
{"pos":[813.666016,800.020996,74.467598],"rotationMatrix":[0.163558185,-0.986476243,0,0.986476243,0.163558185,0,0,0,1],"scale":0.987299979,"type":"tree_douglasfir_small_a"}
{"pos":[820.179016,752.197998,62.6637993],"rotationMatrix":[-0.936118484,-0.351252288,0,0.351252288,-0.936118484,0,0,0,1],"scale":1.0108,"type":"tree_douglasfir_small_a"}
{"pos":[820.359985,754.833984,63.4093018],"rotationMatrix":[-0.878697395,0.477234066,0,-0.477234066,-0.878697395,0,0,0,1],"scale":1.06239998,"type":"tree_douglasfir_small_a"}
{"pos":[820.903992,769.640015,67.4729996],"rotationMatrix":[-0.0981619358,0.995163023,0,-0.995163023,-0.0981619358,0,0,0,1],"scale":1.14030004,"type":"tree_douglasfir_small_a"}
{"pos":[807.750977,873.940979,84.1921997],"rotationMatrix":[-0.74882412,-0.662611842,0,0.662611842,-0.74882412,0,0,0,1],"scale":1.2062,"type":"tree_douglasfir_small_a"}
{"pos":[810.463013,842.994019,77.4392014],"rotationMatrix":[-0.311228275,-0.950425863,0,0.950425863,-0.311228275,0,0,0,1],"scale":0.916199982,"type":"tree_douglasfir_small_a"}
{"pos":[811.981018,831.041016,76.6596985],"rotationMatrix":[-0.278080583,0.960558951,0,-0.960558951,-0.278080583,0,0,0,1],"scale":0.912,"type":"tree_douglasfir_small_a"}
{"pos":[788.752014,769.507996,81.5535965],"rotationMatrix":[0.332987547,0.942941964,0,-0.942941964,0.332987547,0,0,0,1],"scale":1.28799999,"type":"tree_douglasfir_small_a"}
{"pos":[778.310974,776.070984,82.9017029],"rotationMatrix":[-0.967731357,0.252736121,0,-0.252736121,-0.967731357,0,0,0,1],"scale":1.06700003,"type":"tree_douglasfir_small_a"}
{"pos":[811.721985,802.26001,74.8983002],"rotationMatrix":[-0.105584502,0.994505584,0,-0.994505584,-0.105584502,0,0,0,1],"scale":0.953400016,"type":"tree_douglasfir_small_a"}
{"pos":[811.60498,799.213989,74.9235001],"rotationMatrix":[0.433100462,0.90135318,0,-0.90135318,0.433100462,0,0,0,1],"scale":1.01380002,"type":"tree_douglasfir_small_a"}
{"pos":[819.945984,593.330017,65.2708969],"rotationMatrix":[-0.814512491,0.579881966,0,-0.579881966,-0.814512491,0,0,0,1],"scale":0.973699987,"type":"tree_douglasfir_small_a"}
{"pos":[836.013,570.715027,56.1893005],"rotationMatrix":[-0.941632152,0.337169677,0,-0.337169677,-0.941632152,0,0,0,1],"scale":1.28789997,"type":"tree_douglasfir_small_a"}
{"pos":[830.890991,569.192017,56.2837982],"rotationMatrix":[-0.243149161,-0.9698897,0,0.9698897,-0.243149161,0,0,0,1],"scale":1.04320002,"type":"tree_douglasfir_small_a"}
{"pos":[898.054016,382.377014,68.4493027],"rotationMatrix":[-0.793239236,0.608667314,0,-0.608667314,-0.793239236,0,0,0,1],"scale":0.985700011,"type":"tree_douglasfir_small_a"}
{"pos":[900.898987,384.191986,68.655899],"rotationMatrix":[-0.0417017937,-0.999121487,0,0.999121487,-0.0417017937,0,0,0,1],"scale":1.22759998,"type":"tree_douglasfir_small_a"}
{"pos":[901.841003,386.731995,68.6284027],"rotationMatrix":[-0.0925375223,-0.995715499,0,0.995715499,-0.0925375223,0,0,0,1],"scale":0.960500002,"type":"tree_douglasfir_small_a"}
{"pos":[884.247009,380.729004,69.6112976],"rotationMatrix":[0.383727908,-0.923464358,0,0.923464358,0.383727908,0,0,0,1],"scale":1.01040006,"type":"tree_douglasfir_small_a"}
{"pos":[895.557007,319.858002,64.0904999],"rotationMatrix":[-0.420623779,0.907189965,0,-0.907189965,-0.420623779,0,0,0,1],"scale":0.903500021,"type":"tree_douglasfir_small_a"}
{"pos":[907.265015,337.109985,64.7013016],"rotationMatrix":[0.934188068,0.356777519,0,-0.356777519,0.934188068,0,0,0,1],"scale":1.00880003,"type":"tree_douglasfir_small_a"}
{"pos":[907.008423,345.15329,65.334198],"rotationMatrix":[0.341048002,-0.939982355,0,0.939982355,0.341048002,0,0,0,1],"scale":1.06439996,"type":"tree_douglasfir_small_a"}
{"pos":[875.526978,373.515991,70.1232986],"rotationMatrix":[-0.913750529,-0.40595299,0,0.40595299,-0.913750529,0,0,0,1],"scale":1.199,"type":"tree_douglasfir_small_a"}
{"pos":[897.880005,288.197998,61.2424011],"rotationMatrix":[-0.837061167,-0.547246397,0,0.547246397,-0.837061167,0,0,0,1],"scale":0.915799975,"type":"tree_douglasfir_small_a"}
{"pos":[899.13501,284.346985,60.7672997],"rotationMatrix":[0.880047977,0.474861115,0,-0.474861115,0.880047977,0,0,0,1],"scale":1.07700002,"type":"tree_douglasfir_small_a"}
{"pos":[899.15802,278.894989,60.2369003],"rotationMatrix":[-0.943997502,-0.330276489,0,0.330276489,-0.943997502,0,0,0,1],"scale":0.952199996,"type":"tree_douglasfir_small_a"}
{"pos":[899.711975,276.388,59.9547005],"rotationMatrix":[-0.820613623,-0.571505904,0,0.571505904,-0.820613623,0,0,0,1],"scale":1.25639999,"type":"tree_douglasfir_small_a"}
{"pos":[884.051025,306.868011,66.0036011],"rotationMatrix":[-0.583844066,0.811944783,0,-0.811944783,-0.583844066,0,0,0,1],"scale":0.966199994,"type":"tree_douglasfir_small_a"}
{"pos":[879.978027,311.881012,67.8602982],"rotationMatrix":[-0.83169806,-0.55525142,0,0.55525142,-0.83169806,0,0,0,1],"scale":1.12800002,"type":"tree_douglasfir_small_a"}
{"pos":[883.320007,303.505005,65.7276001],"rotationMatrix":[-0.672254682,-0.740115345,0,0.740115345,-0.672254682,0,0,0,1],"scale":0.927299976,"type":"tree_douglasfir_small_a"}
{"pos":[872.533997,375.401001,70.5],"rotationMatrix":[0.930211544,0.36702466,0,-0.36702466,0.930211544,0,0,0,1],"scale":1.20179999,"type":"tree_douglasfir_small_a"}
{"pos":[826.661011,440.735992,73.8001022],"rotationMatrix":[0.942403793,0.334478676,0,-0.334478676,0.942403793,0,0,0,1],"scale":1.19379997,"type":"tree_douglasfir_small_a"}
{"pos":[855.458984,427.898987,72.2381973],"rotationMatrix":[0.975001514,0.222191319,0,-0.222191319,0.975001514,0,0,0,1],"scale":0.913399994,"type":"tree_douglasfir_small_a"}
{"pos":[863.013977,417.927002,70.9950027],"rotationMatrix":[0.523907185,-0.851775825,0,0.851775825,0.523907185,0,0,0,1],"scale":1.23210001,"type":"tree_douglasfir_small_a"}
{"pos":[862.356995,442.382996,70.1690979],"rotationMatrix":[-0.986024618,0.167212695,0,-0.167212695,-0.986024618,0,0,0,1],"scale":1.18550003,"type":"tree_douglasfir_small_a"}
{"pos":[863.085999,440.113007,70.4592972],"rotationMatrix":[0.60038197,0.799683034,0,-0.799683034,0.60038197,0,0,0,1],"scale":1.22549999,"type":"tree_douglasfir_small_a"}
{"pos":[860.526978,445.32901,70.1386032],"rotationMatrix":[0.0892899632,0.99600476,0,-0.99600476,0.0892899632,0,0,0,1],"scale":1.29700005,"type":"tree_douglasfir_small_a"}
{"pos":[844.094971,463.945007,71.4076004],"rotationMatrix":[-0.994803429,-0.103065848,0,0.103065848,-0.994803429,0,0,0,1],"scale":1.25650001,"type":"tree_douglasfir_small_a"}
{"pos":[836.366028,461.627014,72.1800003],"rotationMatrix":[0.245762408,-0.969295442,0,0.969295442,0.245762408,0,0,0,1],"scale":1.1408,"type":"tree_douglasfir_small_a"}
{"pos":[834.278992,461.937988,72.3254013],"rotationMatrix":[0.994508505,0.104653284,0,-0.104653284,0.994508505,0,0,0,1],"scale":0.913999975,"type":"tree_douglasfir_small_a"}
{"pos":[864.79303,362.312988,70.7037964],"rotationMatrix":[-0.811846495,0.583643734,0,-0.583643734,-0.811846495,0,0,0,1],"scale":1.26680005,"type":"tree_douglasfir_small_a"}
{"pos":[873.226013,360.615997,70.1545029],"rotationMatrix":[-0.965351343,0.260315388,0,-0.260315388,-0.965351343,0,0,0,1],"scale":1.21340001,"type":"tree_douglasfir_small_a"}
{"pos":[866.91803,374.170013,70.697998],"rotationMatrix":[0.544942021,0.838470578,0,-0.838470578,0.544942021,0,0,0,1],"scale":1.16700006,"type":"tree_douglasfir_small_a"}
{"pos":[871.590027,372.26001,70.5081024],"rotationMatrix":[0.886330903,-0.463068157,0,0.463068157,0.886330903,0,0,0,1],"scale":1.23020005,"type":"tree_douglasfir_small_a"}
{"pos":[899.513,210.595993,53.4991989],"rotationMatrix":[-0.0535712242,0.998555601,0,-0.998555601,-0.0535712242,0,0,0,1],"scale":1.28269994,"type":"tree_douglasfir_small_a"}
{"pos":[899.022522,203.116364,53.5192986],"rotationMatrix":[-0.308638453,0.951266408,0,-0.951266408,-0.308638453,0,0,0,1],"scale":1.08959997,"type":"tree_douglasfir_small_a"}
{"pos":[899.58197,214.156998,53.8403015],"rotationMatrix":[0.986845553,-0.161664739,0,0.161664739,0.986845553,0,0,0,1],"scale":0.947300017,"type":"tree_douglasfir_small_a"}
{"pos":[899.031677,255.345764,55.9361],"rotationMatrix":[-0.697955966,0.716112077,0,-0.716112077,-0.697955966,0,0,0,1],"scale":1.25800002,"type":"tree_douglasfir_small_a"}
{"pos":[883.111023,185.315002,57.405201],"rotationMatrix":[0.35520637,0.934825897,0,-0.934825897,0.35520637,0,0,0,1],"scale":1.21099997,"type":"tree_douglasfir_small_a"}
{"pos":[877.364014,174.513,58.5796013],"rotationMatrix":[0.0620978475,-0.998027563,0,0.998027563,0.0620978475,0,0,0,1],"scale":1.02680004,"type":"tree_douglasfir_small_a"}
{"pos":[896.845825,139.279968,53.4346008],"rotationMatrix":[0.918876052,0.394542605,0,-0.394542605,0.918876052,0,0,0,1],"scale":0.963100016,"type":"tree_douglasfir_small_a"}
{"pos":[898.062988,79.0370026,51.1655998],"rotationMatrix":[-0.0716480017,0.997423172,0,-0.997423172,-0.0716480017,0,0,0,1],"scale":0.959599972,"type":"tree_douglasfir_small_a"}
{"pos":[896.335999,88.8962021,51.9383011],"rotationMatrix":[0.59139204,0.806367993,0,-0.806367993,0.59139204,0,0,0,1],"scale":1.25950003,"type":"tree_douglasfir_small_a"}
{"pos":[877.080017,71.4433975,52.1040993],"rotationMatrix":[0.189990103,0.981710613,0,-0.981710613,0.189990103,0,0,0,1],"scale":1.15719998,"type":"tree_douglasfir_small_a"}
{"pos":[903.828979,12.9731998,47.7652016],"rotationMatrix":[-0.998800278,-0.0499850027,0,0.0499850027,-0.998800278,0,0,0,1],"scale":1.17209995,"type":"tree_douglasfir_small_a"}
{"pos":[903.982971,8.95330048,47.5954018],"rotationMatrix":[0.987987518,-0.154534996,0,0.154534996,0.987987518,0,0,0,1],"scale":0.992500007,"type":"tree_douglasfir_small_a"}
{"pos":[903.32843,23.5337124,48.0614014],"rotationMatrix":[-0.806520343,0.591338873,0,-0.591338873,-0.806520343,0,0,0,1],"scale":1.0733,"type":"tree_douglasfir_small_a"}
{"pos":[889.885986,62.3506012,50.1852989],"rotationMatrix":[-0.780761957,0.624851882,0,-0.624851882,-0.780761957,0,0,0,1],"scale":0.982500017,"type":"tree_douglasfir_small_a"}
{"pos":[887.86499,4.28789997,48.2986984],"rotationMatrix":[0.927724004,0.373280376,0,-0.373280376,0.927724004,0,0,0,1],"scale":1.13370001,"type":"tree_douglasfir_small_a"}
{"pos":[873.054993,150.477005,60.8069992],"rotationMatrix":[-0.560791254,-0.827745795,0,0.827745795,-0.560791254,0,0,0,1],"scale":1.13180006,"type":"tree_douglasfir_small_a"}
{"pos":[871.317993,119.999001,58.7924004],"rotationMatrix":[0.683510303,0.729963005,0,-0.729963005,0.683510303,0,0,0,1],"scale":0.910000026,"type":"tree_douglasfir_small_a"}
{"pos":[872.794006,96.2835007,54.6991005],"rotationMatrix":[0.882290483,0.470692515,0,-0.470692515,0.882290483,0,0,0,1],"scale":1.23440003,"type":"tree_douglasfir_small_a"}
{"pos":[863.760986,79.4779968,55.1282997],"rotationMatrix":[-0.902420282,-0.43088755,0,0.43088755,-0.902420282,0,0,0,1],"scale":1.27579999,"type":"tree_douglasfir_small_a"}
{"pos":[874.453979,37.8278008,51.6852989],"rotationMatrix":[0.102199972,-0.994816005,0,0.994816005,0.102199972,0,0,0,1],"scale":0.998199999,"type":"tree_douglasfir_small_a"}
{"pos":[678.755981,23.5263004,48.3377991],"rotationMatrix":[-0.848579764,0.529154539,0,-0.529154539,-0.848579764,0,0,0,1],"scale":1.06799996,"type":"tree_douglasfir_small_a"}
{"pos":[255.117996,875.80603,37.362999],"rotationMatrix":[-0.365873814,-0.9306916,0,0.9306916,-0.365873814,0,0,0,1],"scale":1.08840001,"type":"tree_douglasfir_small_a"}
{"pos":[0.307500005,793.934021,25.1665077],"rotationMatrix":[-0.107071996,0.99428165,0,-0.99428165,-0.107071996,0,0,0,1],"scale":1.19430006,"type":"tree_douglasfir_small_a"}
{"pos":[90.1923981,634.315979,31.1046028],"rotationMatrix":[-0.552674413,-0.8333444,0,0.8333444,-0.552674413,0,0,0,1],"scale":1.04970002,"type":"tree_douglasfir_small_a"}
{"pos":[98.0282974,635.343994,30.9249535],"rotationMatrix":[0.888796747,0.458300889,0,-0.458300889,0.888796747,0,0,0,1],"scale":1.18270004,"type":"tree_douglasfir_small_a"}
{"pos":[49.0327988,714.432983,29.6720161],"rotationMatrix":[-0.502684474,0.864372969,0,-0.864372969,-0.502684474,0,0,0,1],"scale":0.958500028,"type":"tree_douglasfir_small_a"}
{"pos":[44.8711014,711.744995,28.0197639],"rotationMatrix":[-0.980846047,0.19525823,0,-0.19525823,-0.980846047,0,0,0,1],"scale":1.25870001,"type":"tree_douglasfir_small_a"}
{"pos":[47.0024986,713.950012,29.5039787],"rotationMatrix":[-0.996801257,-0.0803356767,0,0.0803356767,-0.996801257,0,0,0,1],"scale":1.12849998,"type":"tree_douglasfir_small_a"}
{"pos":[50.051899,713.609985,29.9574051],"rotationMatrix":[0.135650456,-0.990833282,0,0.990833282,0.135650456,0,0,0,1],"scale":0.947099984,"type":"tree_douglasfir_small_a"}
{"pos":[41.532299,706.651978,25.1504097],"rotationMatrix":[-0.962180376,0.272783697,0,-0.272783697,-0.962180376,0,0,0,1],"scale":1.25909996,"type":"tree_douglasfir_small_a"}
{"pos":[40.3274994,705.062988,24.1592407],"rotationMatrix":[0.626406312,-0.779515922,0,0.779515922,0.626406312,0,0,0,1],"scale":1.25259995,"type":"tree_douglasfir_small_a"}
{"pos":[19.6630001,712.049011,29.49646],"rotationMatrix":[0.422187448,-0.906547546,0,0.906547546,0.422187448,0,0,0,1],"scale":1.06210005,"type":"tree_douglasfir_small_a"}
{"pos":[23.8003006,704.359985,26.0100403],"rotationMatrix":[0.364710093,0.931067169,0,-0.931067169,0.364710093,0,0,0,1],"scale":0.954299986,"type":"tree_douglasfir_small_a"}
{"pos":[8.5387001,615.671021,35.6477852],"rotationMatrix":[0.651888311,-0.758302748,0,0.758302748,0.651888311,0,0,0,1],"scale":1.05579996,"type":"tree_douglasfir_small_a"}
{"pos":[378.156006,368.588989,58.7280998],"rotationMatrix":[-0.998000383,-0.0645677,0,0.0645677,-0.998000383,0,0,0,1],"scale":1.0108,"type":"tree_douglasfir_small_a"}
{"pos":[442.106995,365.825012,54.1529007],"rotationMatrix":[0.712566376,-0.701638281,0,0.701638281,0.712566376,0,0,0,1],"scale":1.13269997,"type":"tree_douglasfir_small_a"}
{"pos":[870.020081,463.393707,68.4763489],"rotationMatrix":[-0.561604202,-0.820928812,-0.103326291,0.822470069,-0.567502975,0.0384894758,-0.0902349949,-0.0633670911,0.993901432],"scale":1,"type":"tree_douglasfir_small_a"}
{"pos":[417.224335,580.107483,55.8566628],"rotationMatrix":[0.0676995963,0.997705758,0,-0.997705758,0.0676995963,0,0,0,1],"scale":1,"type":"tree_douglasfir_small_a"}
{"pos":[413.858429,567.538269,55.4299355],"rotationMatrix":[-0.99202019,-0.126078963,0,0.126078963,-0.99202019,0,0,0,1],"scale":1,"type":"tree_douglasfir_small_a"}
{"pos":[402.490509,591.672668,55.7363777],"rotationMatrix":[-0.947085679,0.320980817,0,-0.320980817,-0.947085679,0,0,0,1],"scale":1,"type":"tree_douglasfir_small_a"}
{"pos":[407.50708,606.226257,53.6100616],"rotationMatrix":[-0.851437211,0.524456501,0,-0.524456501,-0.851437211,0,0,0,1],"scale":1,"type":"tree_douglasfir_small_a"}
{"pos":[413.556274,688.060547,51.6691132],"rotationMatrix":[0.873022377,-0.487680167,0,0.487680167,0.873022377,0,0,0,1],"scale":1,"type":"tree_douglasfir_small_a"}
{"pos":[403.989288,663.628357,50.5118637],"rotationMatrix":[-0.614328802,-0.789015651,-0.00732973544,0.785062015,-0.612128496,0.0947355479,-0.0792345628,0.0524444021,0.995476186],"scale":1,"type":"tree_douglasfir_small_a"}
{"pos":[3.70239735,778.806335,25.9209175],"rotationMatrix":[-0.39485541,0.918743253,0,-0.918743253,-0.39485541,0,0,0,1],"scale":1,"type":"tree_douglasfir_small_a"}
{"pos":[-0.476393461,807.305298,24.7952919],"rotationMatrix":[0.801322997,0.598231971,0,-0.598231971,0.801322997,0,0,0,1],"scale":1,"type":"tree_douglasfir_small_a"}
{"pos":[-3.06874514,822.048584,26.2551308],"rotationMatrix":[0.484873444,0.874584317,0,-0.874584317,0.484873444,0,0,0,1],"scale":1,"type":"tree_douglasfir_small_a"}
{"pos":[2.91644764,847.973083,26.4560108],"rotationMatrix":[-0.998196721,-0.0600278825,0,0.0600278825,-0.998196721,0,0,0,1],"scale":1,"type":"tree_douglasfir_small_a"}
{"pos":[17.1179466,851.888855,28.6828308],"rotationMatrix":[0.254003584,0.967203259,0,-0.967203259,0.254003584,0,0,0,1],"scale":1,"type":"tree_douglasfir_small_a"}
{"pos":[20.3924294,849.930481,28.5789242],"rotationMatrix":[-0.912530303,0.409009159,0,-0.409009159,-0.912530303,0,0,0,1],"scale":1,"type":"tree_douglasfir_small_a"}
{"pos":[16.9117146,860.685669,26.7408218],"rotationMatrix":[0.809203863,-0.58752799,0,0.58752799,0.809203863,0,0,0,1],"scale":1,"type":"tree_douglasfir_small_a"}
{"pos":[-27.0332775,843.285828,26.2405434],"rotationMatrix":[0.761636138,-0.648004949,0,0.648004949,0.761636138,0,0,0,1],"scale":1,"type":"tree_douglasfir_small_a"}
{"pos":[-20.2722626,828.726196,26.0419159],"rotationMatrix":[0.522651196,0.852546573,0,-0.852546573,0.522651196,0,0,0,1],"scale":1,"type":"tree_douglasfir_small_a"}
{"pos":[-19.888279,822.891785,25.7547493],"rotationMatrix":[-0.998037994,0.0626114532,0,-0.0626114532,-0.998037994,0,0,0,1],"scale":1,"type":"tree_douglasfir_small_a"}
{"pos":[-27.4642792,822.08667,27.7401733],"rotationMatrix":[0.884156168,-0.467191428,0,0.467191428,0.884156168,0,0,0,1],"scale":1,"type":"tree_douglasfir_small_a"}
{"pos":[-29.7566719,820.288452,28.0938454],"rotationMatrix":[0.732844412,0.680396259,0,-0.680396259,0.732844412,0,0,0,1],"scale":1,"type":"tree_douglasfir_small_a"}
{"pos":[-29.5603085,804.844849,27.2613297],"rotationMatrix":[0.799185514,-0.601084411,0,0.601084411,0.799185514,0,0,0,1],"scale":1,"type":"tree_douglasfir_small_a"}
{"pos":[-24.2820816,801.570435,26.0188713],"rotationMatrix":[0.983478129,-0.181027129,0,0.181027129,0.983478129,0,0,0,1],"scale":1,"type":"tree_douglasfir_small_a"}
{"pos":[2.49297905,825.622559,27.1547127],"rotationMatrix":[-0.789525092,-0.613718271,0,0.613718271,-0.789525092,0,0,0,1],"scale":1,"type":"tree_douglasfir_small_a"}
{"pos":[0.859081268,768.562622,25.280983],"rotationMatrix":[0.736922026,-0.675977707,0,0.675977707,0.736922026,0,0,0,1],"scale":1,"type":"tree_douglasfir_small_a"}
{"pos":[-7.84149408,766.448486,24.7598],"rotationMatrix":[-0.564297736,-0.825571358,0,0.825571358,-0.564297736,0,0,0,1],"scale":1,"type":"tree_douglasfir_small_a"}
{"pos":[-11.5734501,758.633484,25.1531982],"rotationMatrix":[-0.402637422,-0.915359557,0,0.915359557,-0.402637422,0,0,0,1],"scale":1,"type":"tree_douglasfir_small_a"}
{"pos":[-13.2397051,756.871399,25.1992474],"rotationMatrix":[-0.352506459,-0.935809374,0,0.935809374,-0.352506459,0,0,0,1],"scale":1,"type":"tree_douglasfir_small_a"}
{"pos":[-17.1957378,742.311279,26.3512726],"rotationMatrix":[-0.995519638,0.0945549011,0,-0.0945549011,-0.995519638,0,0,0,1],"scale":1,"type":"tree_douglasfir_small_a"}
{"pos":[-7.4002037,731.293823,27.0525761],"rotationMatrix":[-0.213568658,-0.976928055,0,0.976928055,-0.213568658,0,0,0,1],"scale":1,"type":"tree_douglasfir_small_a"}
{"pos":[83.1914062,747.162537,34.1033401],"rotationMatrix":[0.999369264,0.0355114788,0,-0.0355114788,0.999369264,0,0,0,1],"scale":1,"type":"tree_douglasfir_small_a"}
{"pos":[68.7751694,748.435669,31.809639],"rotationMatrix":[0.607945204,0.793978989,0,-0.793978989,0.607945204,0,0,0,1],"scale":1,"type":"tree_douglasfir_small_a"}
{"pos":[94.9748001,759.665405,35.5503616],"rotationMatrix":[-0.999909878,0.0134252729,0,-0.0134252729,-0.999909878,0,0,0,1],"scale":1,"type":"tree_douglasfir_small_a"}
{"pos":[106.561958,754.175537,38.4334641],"rotationMatrix":[0.912725031,0.408574402,0,-0.408574402,0.912725031,0,0,0,1],"scale":1,"type":"tree_douglasfir_small_a"}
{"pos":[116.950821,757.031494,40.4824524],"rotationMatrix":[0.996139288,-0.0877865255,0,0.0877865255,0.996139288,0,0,0,1],"scale":1,"type":"tree_douglasfir_small_a"}
{"pos":[122.567955,758.434387,41.114193],"rotationMatrix":[0.435253888,0.900307775,0,-0.900307775,0.435253888,0,0,0,1],"scale":1,"type":"tree_douglasfir_small_a"}
{"pos":[193.320969,771.084351,50.6477966],"rotationMatrix":[-0.130671114,-0.991425753,0,0.991425753,-0.130671114,0,0,0,1],"scale":1,"type":"tree_douglasfir_small_a"}
{"pos":[213.969772,786.776794,52.5318985],"rotationMatrix":[-0.941732824,0.336361915,0,-0.336361915,-0.941732824,0,0,0,1],"scale":1,"type":"tree_douglasfir_small_a"}
{"pos":[209.901016,783.263184,52.2007828],"rotationMatrix":[0.669513345,-0.742800057,0,0.742800057,0.669513345,0,0,0,1],"scale":1,"type":"tree_douglasfir_small_a"}
{"pos":[196.722794,777.856079,51.4155464],"rotationMatrix":[-0.876061916,0.482198685,0,-0.482198685,-0.876061916,0,0,0,1],"scale":1,"type":"tree_douglasfir_small_a"}
{"pos":[212.259338,749.111511,52.9652519],"rotationMatrix":[-0.341724932,-0.939800024,0,0.939800024,-0.341724932,0,0,0,1],"scale":1,"type":"tree_douglasfir_small_a"}
{"pos":[195.86496,755.296082,50.2343407],"rotationMatrix":[0.0520393103,-0.998645008,0,0.998645008,0.0520393103,0,0,0,1],"scale":1,"type":"tree_douglasfir_small_a"}
{"pos":[194.520065,753.229126,49.9118004],"rotationMatrix":[0.880799711,0.473489046,0,-0.473489046,0.880799711,0,0,0,1],"scale":1,"type":"tree_douglasfir_small_a"}
{"pos":[159.837128,746.445679,46.1675568],"rotationMatrix":[-0.964050293,0.265719861,0,-0.265719861,-0.964050293,0,0,0,1],"scale":1,"type":"tree_douglasfir_small_a"}
{"pos":[100.553391,731.078979,36.6313477],"rotationMatrix":[0.648263633,0.761415958,0,-0.761415958,0.648263633,0,0,0,1],"scale":1,"type":"tree_douglasfir_small_a"}
{"pos":[69.0061874,717.77124,32.0855751],"rotationMatrix":[-0.08116889,0.996700346,0,-0.996700346,-0.08116889,0,0,0,1],"scale":1,"type":"tree_douglasfir_small_a"}
{"pos":[82.8359299,722.730896,34.0624313],"rotationMatrix":[-0.81981653,0.572626293,0,-0.572626293,-0.81981653,0,0,0,1],"scale":1,"type":"tree_douglasfir_small_a"}
{"pos":[56.4824867,721.637329,29.59342],"rotationMatrix":[0.674652576,-0.738135457,0,0.738135457,0.674652576,0,0,0,1],"scale":1,"type":"tree_douglasfir_small_a"}
{"pos":[281.622742,778.257751,51.2353287],"rotationMatrix":[-0.573508382,0.819199681,0,-0.819199681,-0.573508382,0,0,0,1],"scale":1,"type":"tree_douglasfir_small_a"}
{"pos":[296.570831,786.981445,51.9257431],"rotationMatrix":[0.642185092,-0.766549587,0,0.766549587,0.642185092,0,0,0,1],"scale":1,"type":"tree_douglasfir_small_a"}
{"pos":[263.451538,769.021912,52.528614],"rotationMatrix":[0.365251809,0.93090874,0,-0.93090874,0.365251809,0,0,0,1],"scale":1,"type":"tree_douglasfir_small_a"}
{"pos":[272.828735,776.528442,51.848732],"rotationMatrix":[0.981209636,-0.19294481,0,0.19294481,0.981209636,0,0,0,1],"scale":1,"type":"tree_douglasfir_small_a"}
