{"pos":[322.928619,86.764534,257.096069],"rotationMatrix":[-0.99125725,-0.131942779,0,0.131942779,-0.99125725,0,0,0,0.999999881],"scale":1.49443519,"type":"tree_aspen_small_low_group"}
{"pos":[324.115143,95.3700562,256.448242],"rotationMatrix":[0.476745039,-0.879041493,0,0.879041493,0.476745039,0,0,0,0.999999881],"scale":1.23556399,"type":"tree_aspen_small_low_group"}
{"pos":[306.626404,60.7533264,256.746765],"rotationMatrix":[0.464456618,0.885595918,0,-0.885595918,0.464456618,0,0,0,0.999999881],"scale":0.939682066,"type":"tree_aspen_small_low_group"}
{"pos":[230.723328,169.936768,253.581223],"rotationMatrix":[0.672438085,-0.740153193,0,0.740153193,0.672438085,0,0,0,0.999999881],"scale":1.00264478,"type":"tree_aspen_small_low_group"}
{"pos":[223.10582,171.629852,253.555389],"rotationMatrix":[0.469902396,-0.882718325,0,0.882718325,0.469902396,0,0,0,0.999999881],"scale":1.1737988,"type":"tree_aspen_small_low_group"}
{"pos":[191.222794,175.670273,253.658569],"rotationMatrix":[-0.0697680563,-0.997563124,0,0.997563124,-0.0697680563,0,0,0,0.999999881],"scale":1.46739578,"type":"tree_aspen_small_low_group"}
{"pos":[154.703354,92.0851974,254.248596],"rotationMatrix":[-0.989085376,-0.147342756,0,0.147342756,-0.989085376,0,0,0,0.999999881],"scale":1.02256262,"type":"tree_aspen_small_low_group"}
{"pos":[150.802399,77.5184021,253.774719],"rotationMatrix":[0.143826991,-0.989602804,0,0.989602804,0.143826991,0,0,0,0.999999881],"scale":1.25944614,"type":"tree_aspen_small_low_group"}
{"pos":[216.831955,98.0268173,254.262131],"rotationMatrix":[0.0615009852,0.998106897,0,-0.998106897,0.0615009852,0,0,0,0.999999881],"scale":1.33660531,"type":"tree_aspen_small_low_group"}
{"pos":[286.551514,64.5658188,255.529739],"rotationMatrix":[-0.911634982,-0.411000878,0,0.411000878,-0.911634982,0,0,0,0.999999881],"scale":1.26083183,"type":"tree_aspen_small_low_group"}
{"pos":[285.893066,219.261627,250.224457],"rotationMatrix":[0.977809489,-0.209495753,0,0.209495753,0.977809489,0,0,0,0.999999881],"scale":1.0204289,"type":"tree_aspen_small_low_group"}
{"pos":[308.950592,204.797363,263.039459],"rotationMatrix":[0.586903334,0.809656978,0,-0.809656978,0.586903334,0,0,0,0.999999881],"scale":1.10383451,"type":"tree_aspen_small_low_group"}
{"pos":[250.241776,105.976982,253.819199],"rotationMatrix":[0.464715034,0.885460317,0,-0.885460317,0.464715034,0,0,0,0.999999881],"scale":1.05606902,"type":"tree_aspen_small_low_group"}
{"pos":[-41.7315369,-327.448151,257.456909],"rotationMatrix":[0.417158544,0.908833742,0,-0.908833742,0.417158544,0,0,0,0.999999881],"scale":1.1617794,"type":"tree_aspen_small_low_group"}
{"pos":[-39.4238586,-108.116211,254.905762],"rotationMatrix":[0.254298389,-0.967125654,0,0.967125654,0.254298389,0,0,0,0.999999881],"scale":0.998220146,"type":"tree_aspen_small_low_group"}
{"pos":[-114.376755,-43.1905785,255.260574],"rotationMatrix":[-0.784576952,-0.620031476,0,0.620031476,-0.784576952,0,0,0,0.999999881],"scale":1.1467514,"type":"tree_aspen_small_low_group"}
{"pos":[-140.361511,-41.8982773,255.567047],"rotationMatrix":[-0.969875693,-0.243600056,0,0.243600056,-0.969875693,0,0,0,0.999999881],"scale":0.961925507,"type":"tree_aspen_small_low_group"}
{"pos":[-141.663605,-72.5231934,255.415817],"rotationMatrix":[0.941332042,0.337481797,0,-0.337481797,0.941332042,0,0,0,0.999999881],"scale":1.00045204,"type":"tree_aspen_small_low_group"}
{"pos":[-111.34494,-98.5943985,255.73288],"rotationMatrix":[0.418968737,-0.908000529,0,0.908000529,0.418968737,0,0,0,0.999999881],"scale":1.35282135,"type":"tree_aspen_small_low_group"}
{"pos":[-114.397621,-69.5965347,255.521408],"rotationMatrix":[-0.205695763,-0.97861588,0,0.97861588,-0.205695763,0,0,0,0.999999881],"scale":1.32644773,"type":"tree_aspen_small_low_group"}
{"pos":[-127.888123,-50.0401077,255.22641],"rotationMatrix":[-0.952070475,0.305878431,0,-0.305878431,-0.952070475,0,0,0,0.999999881],"scale":1.29176009,"type":"tree_aspen_small_low_group"}
{"pos":[-172.418655,-39.4291687,255.272293],"rotationMatrix":[-0.96400094,0.265898645,0,-0.265898645,-0.96400094,0,0,0,0.999999881],"scale":1.35972846,"type":"tree_aspen_small_low_group"}
{"pos":[-171.478989,-38.5022202,255.220139],"rotationMatrix":[-0.163011163,0.986624122,0,-0.986624122,-0.163011163,0,0,0,0.999999881],"scale":1.21565104,"type":"tree_aspen_small_low_group"}
{"pos":[-201.638351,-49.1385803,255.546448],"rotationMatrix":[0.650967002,0.75910598,0,-0.75910598,0.650967002,0,0,0,0.999999881],"scale":1.34411776,"type":"tree_aspen_small_low_group"}
{"pos":[-224.230637,-47.9637718,255.50528],"rotationMatrix":[0.329935908,0.944003344,0,-0.944003344,0.329935908,0,0,0,0.999999881],"scale":1.43250942,"type":"tree_aspen_small_low_group"}
{"pos":[-236.072891,-59.3571434,255.443329],"rotationMatrix":[-0.977121174,0.21268329,0,-0.21268329,-0.977121174,0,0,0,0.999999881],"scale":1.16077209,"type":"tree_aspen_small_low_group"}
{"pos":[-228.035934,-54.2011642,255.409256],"rotationMatrix":[0.003942654,0.999992132,0,-0.999992132,0.003942654,0,0,0,0.999999881],"scale":1.05606985,"type":"tree_aspen_small_low_group"}
{"pos":[-260.238556,1.38370895,252.60437],"rotationMatrix":[-0.794828951,-0.606833518,0,0.606833518,-0.794828951,0,0,0,0.999999881],"scale":1.01399803,"type":"tree_aspen_small_low_group"}
{"pos":[-242.049545,4.22504425,250.466309],"rotationMatrix":[0.99767381,-0.0681665316,0,0.0681665316,0.99767381,0,0,0,0.999999881],"scale":1.09116507,"type":"tree_aspen_small_low_group"}
{"pos":[-231.036331,-2.38446522,250.136703],"rotationMatrix":[0.878435314,-0.477861047,0,0.477861047,0.878435314,0,0,0,0.999999881],"scale":1.04920363,"type":"tree_aspen_small_low_group"}
{"pos":[-240.242676,10.3487968,249.781418],"rotationMatrix":[-0.575112522,0.818074107,0,-0.818074107,-0.575112522,0,0,0,0.999999881],"scale":1.35577202,"type":"tree_aspen_small_low_group"}
{"pos":[-238.56131,-5.88860321,250.588165],"rotationMatrix":[0.842745483,-0.538312137,0,0.538312137,0.842745483,0,0,0,0.999999881],"scale":1.37275755,"type":"tree_aspen_small_low_group"}
{"pos":[-246.227768,-9.56582928,251.109573],"rotationMatrix":[-0.788930416,0.614482462,0,-0.614482462,-0.788930416,0,0,0,0.999999881],"scale":1.3799063,"type":"tree_aspen_small_low_group"}
{"pos":[-238.624039,-4.5942173,250.904114],"rotationMatrix":[0.742939532,-0.669358432,0,0.669358432,0.742939532,0,0,0,0.999999881],"scale":0.949534655,"type":"tree_aspen_small_low_group"}
{"pos":[-208.285995,-0.663946152,249.018936],"rotationMatrix":[0.493019074,0.870018542,0,-0.870018542,0.493019074,0,0,0,0.999999881],"scale":1.1444335,"type":"tree_aspen_small_low_group"}
{"pos":[-175.204773,-4.70046949,249.61055],"rotationMatrix":[-0.588953137,0.808166981,0,-0.808166981,-0.588953137,0,0,0,0.999999881],"scale":0.985555887,"type":"tree_aspen_small_low_group"}
{"pos":[-167.622635,6.46349335,249.157562],"rotationMatrix":[-0.944070816,0.329742461,0,-0.329742461,-0.944070816,0,0,0,0.999999881],"scale":1.37508333,"type":"tree_aspen_small_low_group"}
{"pos":[-164.170044,-0.142072678,249.375076],"rotationMatrix":[0.772550583,-0.634952962,0,0.634952962,0.772550583,0,0,0,0.999999881],"scale":1.16991484,"type":"tree_aspen_small_low_group"}
{"pos":[-135.397247,0.407560349,249.301163],"rotationMatrix":[-0.109325618,0.994005859,0,-0.994005859,-0.109325618,0,0,0,0.999999881],"scale":1.00866866,"type":"tree_aspen_small_low_group"}
{"pos":[-124.490845,-0.315790176,249.878799],"rotationMatrix":[-0.90218544,0.431348145,0,-0.431348145,-0.90218544,0,0,0,0.999999881],"scale":1.04023325,"type":"tree_aspen_small_low_group"}
{"pos":[-115.136482,0.185027122,249.652573],"rotationMatrix":[-0.723781109,-0.690029502,0,0.690029502,-0.723781109,0,0,0,0.999999881],"scale":1.3109138,"type":"tree_aspen_small_low_group"}
{"pos":[-100.022949,-4.00013924,249.590317],"rotationMatrix":[-0.937479734,-0.348039806,0,0.348039806,-0.937479734,0,0,0,0.999999881],"scale":1.186077,"type":"tree_aspen_small_low_group"}
{"pos":[-287.056244,-23.1327,255.617691],"rotationMatrix":[-0.948085308,0.318015993,0,-0.318015993,-0.948085308,0,0,0,0.999999881],"scale":0.998978078,"type":"tree_aspen_small_low_group"}
{"pos":[-297.989716,8.07657719,254.921005],"rotationMatrix":[0.598446131,0.801163018,0,-0.801163018,0.598446131,0,0,0,0.999999881],"scale":1.36107719,"type":"tree_aspen_small_low_group"}
{"pos":[-296.818451,-7.4290638,255.604568],"rotationMatrix":[-0.332080513,0.943250954,0,-0.943250954,-0.332080513,0,0,0,0.999999881],"scale":0.929480135,"type":"tree_aspen_small_low_group"}
{"pos":[-302.447906,-13.6953249,256.368225],"rotationMatrix":[0.812905848,0.582395077,0,-0.582395077,0.812905848,0,0,0,0.999999881],"scale":1.25379789,"type":"tree_aspen_small_low_group"}
{"pos":[-312.663116,17.3530121,255.869186],"rotationMatrix":[-0.997912169,-0.0645842403,0,0.0645842403,-0.997912169,0,0,0,0.999999881],"scale":1.11359608,"type":"tree_aspen_small_low_group"}
{"pos":[-338.222839,-5.10175705,259.016632],"rotationMatrix":[0.860727072,-0.509066403,0,0.509066403,0.860727072,0,0,0,0.999999881],"scale":1.37699533,"type":"tree_aspen_small_low_group"}
{"pos":[-311.713043,-4.80568314,256.669891],"rotationMatrix":[0.0288762543,-0.999582887,0,0.999582887,0.0288762543,0,0,0,0.999999881],"scale":1.25938177,"type":"tree_aspen_small_low_group"}
{"pos":[-339.577271,-6.88168526,258.851837],"rotationMatrix":[-0.619849384,-0.784720659,0,0.784720659,-0.619849384,0,0,0,0.999999881],"scale":1.35855222,"type":"tree_aspen_small_low_group"}
{"pos":[-324.038727,13.2614803,257.08075],"rotationMatrix":[-0.810296834,-0.586019456,0,0.586019456,-0.810296834,0,0,0,0.999999881],"scale":1.26966739,"type":"tree_aspen_small_low_group"}
{"pos":[-344.842987,8.2898035,258.008331],"rotationMatrix":[0.856184781,0.516669631,0,-0.516669631,0.856184781,0,0,0,0.999999881],"scale":1.1369679,"type":"tree_aspen_small_low_group"}
{"pos":[-351.482788,-6.60665131,260.460876],"rotationMatrix":[-0.601466835,0.798897564,0,-0.798897564,-0.601466835,0,0,0,0.999999881],"scale":0.971605897,"type":"tree_aspen_small_low_group"}
{"pos":[-376.131317,-20.8359184,262.043884],"rotationMatrix":[-0.860133708,-0.510068476,0,0.510068476,-0.860133708,0,0,0,0.999999881],"scale":1.21185756,"type":"tree_aspen_small_low_group"}
{"pos":[-375.666534,-19.2671432,261.550232],"rotationMatrix":[-0.163256764,-0.986583531,0,0.986583531,-0.163256764,0,0,0,0.999999881],"scale":1.42770493,"type":"tree_aspen_small_low_group"}
{"pos":[-422.059235,8.04919243,262.736786],"rotationMatrix":[-0.368954748,0.929447234,0,-0.929447234,-0.368954748,0,0,0,0.999999881],"scale":0.997103035,"type":"tree_aspen_small_low_group"}
{"pos":[-462.735687,9.79351997,262.328339],"rotationMatrix":[-0.671544075,-0.740964472,0,0.740964472,-0.671544075,0,0,0,0.999999881],"scale":0.939180553,"type":"tree_aspen_small_low_group"}
{"pos":[-497.38562,8.36155415,262.138245],"rotationMatrix":[-0.863012254,0.505182743,0,-0.505182743,-0.863012254,0,0,0,0.999999881],"scale":1.22978234,"type":"tree_aspen_small_low_group"}
{"pos":[-518.619507,1.82854438,262.607422],"rotationMatrix":[-0.927505434,0.373809338,0,-0.373809338,-0.927505434,0,0,0,0.999999881],"scale":1.330042,"type":"tree_aspen_small_low_group"}
{"pos":[-518.72406,8.89523602,262.173798],"rotationMatrix":[-0.137462363,-0.990506947,0,0.990506947,-0.137462363,0,0,0,0.999999881],"scale":1.24845123,"type":"tree_aspen_small_low_group"}
{"pos":[-550.484924,7.99393177,262.626617],"rotationMatrix":[-0.199779674,0.979840755,0,-0.979840755,-0.199779674,0,0,0,0.999999881],"scale":1.25964236,"type":"tree_aspen_small_low_group"}
{"pos":[-578.205444,26.03265,262.414551],"rotationMatrix":[0.888549745,0.458780199,0,-0.458780199,0.888549745,0,0,0,0.999999881],"scale":1.44692814,"type":"tree_aspen_small_low_group"}
{"pos":[-593.846741,48.0181007,262.749939],"rotationMatrix":[0.466043621,-0.884761631,0,0.884761631,0.466043621,0,0,0,0.999999881],"scale":1.04769027,"type":"tree_aspen_small_low_group"}
{"pos":[-610.504028,73.6355667,262.030548],"rotationMatrix":[-0.647276044,0.76225543,0,-0.76225543,-0.647276044,0,0,0,0.999999881],"scale":1.08245957,"type":"tree_aspen_small_low_group"}
{"pos":[-565.482605,17.8189125,262.428955],"rotationMatrix":[-0.793772459,-0.608214796,0,0.608214796,-0.793772459,0,0,0,0.999999881],"scale":0.923474312,"type":"tree_aspen_small_low_group"}
{"pos":[-384.274872,45.9403458,260.507385],"rotationMatrix":[0.640002489,0.768372834,0,-0.768372834,0.640002489,0,0,0,0.999999881],"scale":1.04378462,"type":"tree_aspen_small_low_group"}
{"pos":[-338.464661,46.8963394,258.359863],"rotationMatrix":[0.798767984,-0.601638973,0,0.601638973,0.798767984,0,0,0,0.999999881],"scale":1.13226986,"type":"tree_aspen_small_low_group"}
{"pos":[-282.337555,53.220665,253.993149],"rotationMatrix":[-0.891171277,0.453666747,0,-0.453666747,-0.891171277,0,0,0,0.999999881],"scale":1.44903684,"type":"tree_aspen_small_low_group"}
{"pos":[-286.463531,43.7224731,254.306946],"rotationMatrix":[0.637886167,-0.770130455,0,0.770130455,0.637886167,0,0,0,0.999999881],"scale":1.00974631,"type":"tree_aspen_small_low_group"}
{"pos":[-173.942261,45.7677269,249.693481],"rotationMatrix":[-0.941260159,-0.337682068,0,0.337682068,-0.941260159,0,0,0,0.999999881],"scale":1.27471328,"type":"tree_aspen_small_low_group"}
{"pos":[35.7282982,43.8992653,251.879547],"rotationMatrix":[-0.22114782,0.975240171,0,-0.975240171,-0.22114782,0,0,0,0.999999881],"scale":1.28059053,"type":"tree_aspen_small_low_group"}
{"pos":[35.2774582,42.6403351,252.366867],"rotationMatrix":[-0.784413397,-0.620238364,0,0.620238364,-0.784413397,0,0,0,0.999999881],"scale":1.04295969,"type":"tree_aspen_small_low_group"}
{"pos":[-228.7034,-137.274597,293.238831],"rotationMatrix":[0.747327268,-0.664456069,0,0.664456069,0.747327268,0,0,0,0.999999881],"scale":1.24901879,"type":"tree_aspen_small_low_group"}
{"pos":[-224.252853,-136.879547,293.212494],"rotationMatrix":[0.98648113,-0.163874403,0,0.163874403,0.98648113,0,0,0,0.999999881],"scale":1.45557356,"type":"tree_aspen_small_low_group"}
{"pos":[-281.076263,-137.772293,286.616089],"rotationMatrix":[-0.529702842,0.848183095,0,-0.848183095,-0.529702842,0,0,0,0.999999881],"scale":1.03859973,"type":"tree_aspen_small_low_group"}
{"pos":[-286.327393,-139.048233,285.537323],"rotationMatrix":[-0.868523836,-0.495647222,0,0.495647222,-0.868523836,0,0,0,0.999999881],"scale":1.46806657,"type":"tree_aspen_small_low_group"}
{"pos":[-270.061157,-138.250565,288.336548],"rotationMatrix":[-0.370380104,-0.928880215,0,0.928880215,-0.370380104,0,0,0,0.999999881],"scale":1.18841481,"type":"tree_aspen_small_low_group"}
{"pos":[-316.713013,-174.249146,290.766876],"rotationMatrix":[-0.535317779,0.844650567,0,-0.844650567,-0.535317779,0,0,0,0.999999881],"scale":1.47380686,"type":"tree_aspen_small_low_group"}
{"pos":[-309.98349,-173.949524,291.443695],"rotationMatrix":[0.563767672,0.825933397,0,-0.825933397,0.563767672,0,0,0,0.999999881],"scale":1.3267982,"type":"tree_aspen_small_low_group"}
{"pos":[-361.109924,-183.249146,283.31369],"rotationMatrix":[0.728490889,0.685055494,0,-0.685055494,0.728490889,0,0,0,0.999999881],"scale":1.26054311,"type":"tree_aspen_small_low_group"}
{"pos":[-271.015472,-184.131348,283.609833],"rotationMatrix":[0.320085406,0.947388709,0,-0.947388709,0.320085406,0,0,0,0.999999881],"scale":1.46534145,"type":"tree_aspen_small_low_group"}
{"pos":[-239.727875,-173.222763,283.015228],"rotationMatrix":[-0.282438129,0.959285378,0,-0.959285378,-0.282438129,0,0,0,0.999999881],"scale":1.11605525,"type":"tree_aspen_small_low_group"}
{"pos":[-181.059586,-165.617874,273.207916],"rotationMatrix":[0.0751636252,0.997171164,0,-0.997171164,0.0751636252,0,0,0,0.999999881],"scale":1.27690983,"type":"tree_aspen_small_low_group"}
{"pos":[-181.363998,-166.9431,273.700775],"rotationMatrix":[0.28765893,-0.957732797,0,0.957732797,0.28765893,0,0,0,0.999999881],"scale":1.17257738,"type":"tree_aspen_small_low_group"}
{"pos":[-174.619614,-170.244019,273.480103],"rotationMatrix":[0.8015607,-0.597913146,0,0.597913146,0.8015607,0,0,0,0.999999881],"scale":1.47488523,"type":"tree_aspen_small_low_group"}
{"pos":[-156.202682,-175.813248,273.764618],"rotationMatrix":[0.300219208,-0.953870177,0,0.953870177,0.300219208,0,0,0,0.999999881],"scale":1.40540469,"type":"tree_aspen_small_low_group"}
{"pos":[-137.433716,-170.972061,273.970856],"rotationMatrix":[0.614153326,-0.789186537,0,0.789186537,0.614153326,0,0,0,0.999999881],"scale":0.964688182,"type":"tree_aspen_small_low_group"}
{"pos":[-133.338913,-165.174133,273.42865],"rotationMatrix":[-0.679229259,0.733926117,0,-0.733926117,-0.679229259,0,0,0,0.999999881],"scale":1.15424013,"type":"tree_aspen_small_low_group"}
{"pos":[-130.519943,-162.854889,273.143311],"rotationMatrix":[-0.690913439,-0.722937465,0,0.722937465,-0.690913439,0,0,0,0.999999881],"scale":1.44094634,"type":"tree_aspen_small_low_group"}
{"pos":[-129.650421,-164.672882,273.483765],"rotationMatrix":[0.0252774544,-0.9996804,0,0.9996804,0.0252774544,0,0,0,0.999999881],"scale":1.029935,"type":"tree_aspen_small_low_group"}
{"pos":[-125.1063,-176.955734,273.371765],"rotationMatrix":[-0.152496293,0.9883039,0,-0.9883039,-0.152496293,0,0,0,0.999999881],"scale":0.977962255,"type":"tree_aspen_small_low_group"}
{"pos":[-112.150253,-162.007217,273.789764],"rotationMatrix":[-0.629432797,-0.777054906,0,0.777054906,-0.629432797,0,0,0,0.999999881],"scale":0.920705855,"type":"tree_aspen_small_low_group"}
{"pos":[-104.783363,-175.186142,273.51059],"rotationMatrix":[-0.684556901,-0.728959262,0,0.728959262,-0.684556901,0,0,0,0.999999881],"scale":0.983081341,"type":"tree_aspen_small_low_group"}
{"pos":[-104.007385,-167.298859,272.401642],"rotationMatrix":[0.570496023,-0.821300209,0,0.821300209,0.570496023,0,0,0,0.999999881],"scale":1.39535856,"type":"tree_aspen_small_low_group"}
{"pos":[-101.329239,-169.027618,272.162384],"rotationMatrix":[0.645410895,0.763835549,0,-0.763835549,0.645410895,0,0,0,0.999999881],"scale":1.13529396,"type":"tree_aspen_small_low_group"}
{"pos":[-401.885651,-184.220108,270.939178],"rotationMatrix":[0.039410565,0.999222934,0,-0.999222934,0.039410565,0,0,0,0.999999881],"scale":1.36728442,"type":"tree_aspen_small_low_group"}
{"pos":[-374.810364,-176.998322,277.863983],"rotationMatrix":[0.503059745,0.864251673,0,-0.864251673,0.503059745,0,0,0,0.999999881],"scale":1.0151943,"type":"tree_aspen_small_low_group"}
{"pos":[-424.151215,-189.350555,267.956421],"rotationMatrix":[-0.253474355,-0.967342079,0,0.967342079,-0.253474355,0,0,0,0.999999881],"scale":1.38256431,"type":"tree_aspen_small_low_group"}
{"pos":[-425.288696,-199.211472,270.406525],"rotationMatrix":[-0.492091268,0.87054342,0,-0.87054342,-0.492091268,0,0,0,0.999999881],"scale":1.41899836,"type":"tree_aspen_small_low_group"}
{"pos":[-417.863129,-194.424362,270.231842],"rotationMatrix":[-0.601520896,0.798856854,0,-0.798856854,-0.601520896,0,0,0,0.999999881],"scale":0.999043345,"type":"tree_aspen_small_low_group"}
{"pos":[-394.693085,-169.886765,268.462799],"rotationMatrix":[-0.289625853,0.95713985,0,-0.95713985,-0.289625853,0,0,0,0.999999881],"scale":1.26702869,"type":"tree_aspen_small_low_group"}
{"pos":[-381.084259,-165.885605,268.450531],"rotationMatrix":[0.451715887,0.892161906,0,-0.892161906,0.451715887,0,0,0,0.999999881],"scale":1.02305484,"type":"tree_aspen_small_low_group"}
{"pos":[-357.466705,-154.30983,268.431488],"rotationMatrix":[-0.808482826,-0.588519812,0,0.588519812,-0.808482826,0,0,0,0.999999881],"scale":1.02706265,"type":"tree_aspen_small_low_group"}
{"pos":[-342.414856,-142.845139,267.960358],"rotationMatrix":[0.799931943,0.600090742,0,-0.600090742,0.799931943,0,0,0,0.999999881],"scale":1.0611192,"type":"tree_aspen_small_low_group"}
{"pos":[-328.052948,-114.937256,261.224182],"rotationMatrix":[0.978701055,0.205290198,0,-0.205290198,0.978701055,0,0,0,0.999999881],"scale":0.9704355,"type":"tree_aspen_small_low_group"}
{"pos":[-333.541534,-122.237083,261.950378],"rotationMatrix":[-0.723394692,-0.690434515,0,0.690434515,-0.723394692,0,0,0,0.999999881],"scale":0.912409425,"type":"tree_aspen_small_low_group"}
{"pos":[-290.417419,-100.76857,257.711945],"rotationMatrix":[0.972945631,-0.231033862,0,0.231033862,0.972945631,0,0,0,0.999999881],"scale":1.35765922,"type":"tree_aspen_small_low_group"}
{"pos":[-279.134003,-96.8758087,257.293243],"rotationMatrix":[0.353773266,-0.935331106,0,0.935331106,0.353773266,0,0,0,0.999999881],"scale":1.44789231,"type":"tree_aspen_small_low_group"}
{"pos":[-262.535828,-101.483147,257.80191],"rotationMatrix":[0.567960262,-0.823055804,0,0.823055804,0.567960262,0,0,0,0.999999881],"scale":1.0317899,"type":"tree_aspen_small_low_group"}
{"pos":[-261.495422,-99.8481674,257.265259],"rotationMatrix":[0.336728394,0.941601813,0,-0.941601813,0.336728394,0,0,0,0.999999881],"scale":1.4044646,"type":"tree_aspen_small_low_group"}
{"pos":[-584.212585,-187.301361,263.12088],"rotationMatrix":[-0.493866503,-0.869537592,0,0.869537592,-0.493866503,0,0,0,0.999999881],"scale":0.937358022,"type":"tree_aspen_small_low_group"}
{"pos":[-59.0709572,-291.995056,263.896637],"rotationMatrix":[0.277348459,0.960769355,0,-0.960769355,0.277348459,0,0,0,0.999999881],"scale":1.00171399,"type":"tree_aspen_small_low_group"}
{"pos":[-56.6951408,-283.876404,263.403992],"rotationMatrix":[0.899962187,0.435967892,0,-0.435967892,0.899962187,0,0,0,0.999999881],"scale":1.07556558,"type":"tree_aspen_small_low_group"}
{"pos":[-63.3444214,-274.89975,264.069153],"rotationMatrix":[-0.998511314,-0.0545430295,0,0.0545430295,-0.998511314,0,0,0,0.999999881],"scale":1.4737432,"type":"tree_aspen_small_low_group"}
{"pos":[-58.1441498,-268.974884,263.197815],"rotationMatrix":[0.373909563,-0.927465081,0,0.927465081,0.373909563,0,0,0,0.999999881],"scale":1.47678947,"type":"tree_aspen_small_low_group"}
{"pos":[-97.2474899,-293.063538,264.345734],"rotationMatrix":[0.666695237,0.745330393,0,-0.745330393,0.666695237,0,0,0,0.999999881],"scale":1.15837479,"type":"tree_aspen_small_low_group"}
{"pos":[-135.764587,-281.232208,263.932983],"rotationMatrix":[-0.216815084,-0.97621268,0,0.97621268,-0.216815084,0,0,0,0.999999881],"scale":1.11105752,"type":"tree_aspen_small_low_group"}
{"pos":[-145.895416,-292.056427,263.52417],"rotationMatrix":[0.62703836,0.778988361,0,-0.778988361,0.62703836,0,0,0,0.999999881],"scale":1.41034007,"type":"tree_aspen_small_low_group"}
{"pos":[-147.579514,-282.678741,263.372345],"rotationMatrix":[-0.023367485,0.999726772,0,-0.999726772,-0.023367485,0,0,0,0.999999881],"scale":1.28311503,"type":"tree_aspen_small_low_group"}
{"pos":[-163.528046,-290.66037,263.461334],"rotationMatrix":[0.296106279,-0.955154836,0,0.955154836,0.296106279,0,0,0,0.999999881],"scale":0.955863893,"type":"tree_aspen_small_low_group"}
{"pos":[-187.99263,-292.639465,264.430298],"rotationMatrix":[-0.0100790374,0.999949098,0,-0.999949098,-0.0100790374,0,0,0,0.999999881],"scale":0.982453942,"type":"tree_aspen_small_low_group"}
{"pos":[-192.715195,-305.945404,264.204529],"rotationMatrix":[-0.882807553,0.469734609,0,-0.469734609,-0.882807553,0,0,0,0.999999881],"scale":1.00678158,"type":"tree_aspen_small_low_group"}
{"pos":[-184.499268,-300.710052,264.434479],"rotationMatrix":[0.505139828,0.863037527,0,-0.863037527,0.505139828,0,0,0,0.999999881],"scale":1.24499917,"type":"tree_aspen_small_low_group"}
{"pos":[-196.53479,-297.86377,264.785675],"rotationMatrix":[0.854578793,-0.519321382,0,0.519321382,0.854578793,0,0,0,0.999999881],"scale":1.25122178,"type":"tree_aspen_small_low_group"}
{"pos":[-230.812668,-295.246063,264.423187],"rotationMatrix":[0.533782303,-0.845621884,0,0.845621884,0.533782303,0,0,0,0.999999881],"scale":1.04468632,"type":"tree_aspen_small_low_group"}
{"pos":[-250.96611,-277.68103,265.015717],"rotationMatrix":[-0.169147924,0.985590518,0,-0.985590518,-0.169147924,0,0,0,0.999999881],"scale":1.23285007,"type":"tree_aspen_small_low_group"}
{"pos":[-229.278397,-276.682892,264.770721],"rotationMatrix":[0.331936449,0.943301737,0,-0.943301737,0.331936449,0,0,0,0.999999881],"scale":1.22941363,"type":"tree_aspen_small_low_group"}
{"pos":[-191.42485,-279.678558,265.227448],"rotationMatrix":[-0.9537521,0.300593913,0,-0.300593913,-0.9537521,0,0,0,0.999999881],"scale":0.938129246,"type":"tree_aspen_small_low_group"}
{"pos":[-191.942902,-286.473328,265.196869],"rotationMatrix":[0.0702323839,0.99753058,0,-0.99753058,0.0702323839,0,0,0,0.999999881],"scale":1.47079861,"type":"tree_aspen_small_low_group"}
{"pos":[-175.893906,-278.831329,264.599182],"rotationMatrix":[-0.996057808,0.0887054652,0,-0.0887054652,-0.996057808,0,0,0,0.999999881],"scale":1.15365195,"type":"tree_aspen_small_low_group"}
{"pos":[-186.536789,-273.799103,264.792511],"rotationMatrix":[0.983297288,0.182006449,0,-0.182006449,0.983297288,0,0,0,0.999999881],"scale":0.923505783,"type":"tree_aspen_small_low_group"}
{"pos":[-171.401291,-278.049713,264.162231],"rotationMatrix":[0.567547679,0.823340476,0,-0.823340476,0.567547679,0,0,0,0.999999881],"scale":1.13170838,"type":"tree_aspen_small_low_group"}
{"pos":[-163.944748,-267.640686,263.838409],"rotationMatrix":[-0.88103652,-0.473048031,0,0.473048031,-0.88103652,0,0,0,0.999999881],"scale":1.05151772,"type":"tree_aspen_small_low_group"}
{"pos":[-140.181641,-273.022888,263.673767],"rotationMatrix":[-0.986036181,-0.166530877,0,0.166530877,-0.986036181,0,0,0,0.999999881],"scale":0.943499088,"type":"tree_aspen_small_low_group"}
{"pos":[-141.325928,-269.818542,263.9758],"rotationMatrix":[-0.837541044,0.546374321,0,-0.546374321,-0.837541044,0,0,0,0.999999881],"scale":1.34149516,"type":"tree_aspen_small_low_group"}
{"pos":[-118.891685,-278.460419,263.580719],"rotationMatrix":[-0.105198704,0.994451106,0,-0.994451106,-0.105198704,0,0,0,0.999999881],"scale":1.23888838,"type":"tree_aspen_small_low_group"}
{"pos":[-100.764076,-281.059418,264.739044],"rotationMatrix":[0.992938697,0.118627742,0,-0.118627742,0.992938697,0,0,0,0.999999881],"scale":1.4354924,"type":"tree_aspen_small_low_group"}
{"pos":[-102.104721,-277.3255,264.177246],"rotationMatrix":[-0.969689786,-0.244339019,0,0.244339019,-0.969689786,0,0,0,0.999999881],"scale":1.01748455,"type":"tree_aspen_small_low_group"}
{"pos":[-98.0410309,-275.919769,264.919739],"rotationMatrix":[-0.337368697,-0.941372573,0,0.941372573,-0.337368697,0,0,0,0.999999881],"scale":1.17428374,"type":"tree_aspen_small_low_group"}
{"pos":[-99.2282257,-289.796692,263.312317],"rotationMatrix":[-0.803521574,-0.59527564,0,0.59527564,-0.803521574,0,0,0,0.999999881],"scale":1.49788332,"type":"tree_aspen_small_low_group"}
{"pos":[-108.246048,-290.796143,263.765076],"rotationMatrix":[-0.36861217,-0.929583251,0,0.929583251,-0.36861217,0,0,0,0.999999881],"scale":1.32604623,"type":"tree_aspen_small_low_group"}
{"pos":[-182.42009,-314.242828,266.328827],"rotationMatrix":[0.881440938,0.472294122,0,-0.472294122,0.881440938,0,0,0,0.999999881],"scale":1.30717266,"type":"tree_aspen_small_low_group"}
{"pos":[-180.311386,-309.413696,264.333099],"rotationMatrix":[0.0813966915,-0.99668169,0,0.99668169,0.0813966915,0,0,0,0.999999881],"scale":1.19635797,"type":"tree_aspen_small_low_group"}
{"pos":[-183.339462,-313.223267,265.422028],"rotationMatrix":[-0.691362143,-0.722508252,0,0.722508252,-0.691362143,0,0,0,0.999999881],"scale":1.1639818,"type":"tree_aspen_small_low_group"}
{"pos":[-213.139816,-314.593445,265.213165],"rotationMatrix":[0.804539919,0.593898594,0,-0.593898594,0.804539919,0,0,0,0.999999881],"scale":1.38506722,"type":"tree_aspen_small_low_group"}
{"pos":[-260.722748,-279.533508,264.145264],"rotationMatrix":[-0.551172316,-0.834391415,0,0.834391415,-0.551172316,0,0,0,0.999999881],"scale":1.27802515,"type":"tree_aspen_small_low_group"}
{"pos":[-272.378082,-276.093658,263.985138],"rotationMatrix":[-0.310153157,0.950686455,0,-0.950686455,-0.310153157,0,0,0,0.999999881],"scale":1.37166095,"type":"tree_aspen_small_low_group"}
{"pos":[-270.980835,-270.041656,263.002869],"rotationMatrix":[0.540565133,-0.841302097,0,0.841302097,0.540565133,0,0,0,0.999999881],"scale":1.44998431,"type":"tree_aspen_small_low_group"}
{"pos":[-265.393585,-269.549927,263.467194],"rotationMatrix":[-0.531334221,-0.847162127,0,0.847162127,-0.531334221,0,0,0,0.999999881],"scale":1.17979908,"type":"tree_aspen_small_low_group"}
{"pos":[-172.949402,-266.311493,263.990936],"rotationMatrix":[-0.0550490767,-0.998483539,0,0.998483539,-0.0550490767,0,0,0,0.999999881],"scale":1.13787079,"type":"tree_aspen_small_low_group"}
{"pos":[-165.906021,-270.657013,263.405151],"rotationMatrix":[-0.357793957,-0.933800519,0,0.933800519,-0.357793957,0,0,0,0.999999881],"scale":1.12922502,"type":"tree_aspen_small_low_group"}
{"pos":[-365.591003,-289.548309,284.671234],"rotationMatrix":[-0.978147447,0.207911775,0,-0.207911775,-0.978147447,0,0,0,0.999999881],"scale":1.32087791,"type":"tree_aspen_small_low_group"}
{"pos":[-428.164398,-326.34787,283.240997],"rotationMatrix":[-0.392678589,-0.919675767,0,0.919675767,-0.392678589,0,0,0,0.999999881],"scale":1.11826861,"type":"tree_aspen_small_low_group"}
{"pos":[-676.931946,-147.958023,268.136169],"rotationMatrix":[-0.689542592,-0.724244952,0,0.724244952,-0.689542592,0,0,0,0.999999881],"scale":1.35783017,"type":"tree_aspen_small_low_group"}
{"pos":[-672.600708,-152.791931,268.231232],"rotationMatrix":[-0.967003763,0.254761755,0,-0.254761755,-0.967003763,0,0,0,0.999999881],"scale":1.0691185,"type":"tree_aspen_small_low_group"}
{"pos":[-668.022034,-145.884705,268.234406],"rotationMatrix":[-0.299353927,-0.954142034,0,0.954142034,-0.299353927,0,0,0,0.999999881],"scale":1.31640661,"type":"tree_aspen_small_low_group"}
{"pos":[-672.073425,-137.716232,268.218109],"rotationMatrix":[0.349712223,-0.936857045,0,0.936857045,0.349712223,0,0,0,0.999999881],"scale":1.10907376,"type":"tree_aspen_small_low_group"}
{"pos":[-662.92334,-130.997955,268.088287],"rotationMatrix":[0.661131144,0.750270307,0,-0.750270307,0.661131144,0,0,0,0.999999881],"scale":1.05855453,"type":"tree_aspen_small_low_group"}
{"pos":[-667.212952,-126.700134,268.309479],"rotationMatrix":[0.109405115,0.993997157,0,-0.993997157,0.109405115,0,0,0,0.999999881],"scale":0.985725701,"type":"tree_aspen_small_low_group"}
{"pos":[-641.868225,-119.363052,267.499115],"rotationMatrix":[-0.962489188,-0.271319747,0,0.271319747,-0.962489188,0,0,0,0.999999881],"scale":1.30443573,"type":"tree_aspen_small_low_group"}
{"pos":[-637.746643,-111.145622,267.808563],"rotationMatrix":[0.994044363,0.108975343,0,-0.108975343,0.994044363,0,0,0,0.999999881],"scale":1.4125576,"type":"tree_aspen_small_low_group"}
{"pos":[-618.629211,-107.851311,267.560211],"rotationMatrix":[0.718536913,0.695488751,0,-0.695488751,0.718536913,0,0,0,0.999999881],"scale":1.16245651,"type":"tree_aspen_small_low_group"}
{"pos":[-612.30896,-106.108673,267.600922],"rotationMatrix":[0.959067643,-0.283176571,0,0.283176571,0.959067643,0,0,0,0.999999881],"scale":1.40476906,"type":"tree_aspen_small_low_group"}
{"pos":[-668.114136,-224.553009,275.04187],"rotationMatrix":[-0.997714698,-0.0675660446,0,0.0675660446,-0.997714698,0,0,0,0.999999881],"scale":1.10279465,"type":"tree_aspen_small_low_group"}
{"pos":[-560.841064,-101.199753,263.598206],"rotationMatrix":[0.213401049,-0.976964533,0,0.976964533,0.213401049,0,0,0,0.999999881],"scale":1.25204718,"type":"tree_aspen_small_low_group"}
{"pos":[-531.297424,-90.3192062,263.293121],"rotationMatrix":[0.380971551,0.924586713,0,-0.924586713,0.380971551,0,0,0,0.999999881],"scale":1.24557304,"type":"tree_aspen_small_low_group"}
{"pos":[-685.034546,-190.317505,271.255249],"rotationMatrix":[0.52654928,0.850144625,0,-0.850144625,0.52654928,0,0,0,0.999999881],"scale":0.971108794,"type":"tree_aspen_small_low_group"}
{"pos":[-704.864624,-183.411209,273.346924],"rotationMatrix":[-0.388943017,-0.921261787,0,0.921261787,-0.388943017,0,0,0,0.999999881],"scale":1.4966681,"type":"tree_aspen_small_low_group"}
{"pos":[-698.719177,-176.752808,272.720428],"rotationMatrix":[0.689280331,0.724494696,0,-0.724494696,0.689280331,0,0,0,0.999999881],"scale":1.13157666,"type":"tree_aspen_small_low_group"}
{"pos":[-699.584045,-184.637253,273.405365],"rotationMatrix":[0.982647121,-0.18548432,0,0.18548432,0.982647121,0,0,0,0.999999881],"scale":0.99112308,"type":"tree_aspen_small_low_group"}
{"pos":[-689.974548,-172.593018,271.148621],"rotationMatrix":[0.858623087,0.512607396,0,-0.512607396,0.858623087,0,0,0,0.999999881],"scale":1.31192636,"type":"tree_aspen_small_low_group"}
{"pos":[-695.632202,-173.031006,272.118317],"rotationMatrix":[-0.677437127,-0.735580623,0,0.735580623,-0.677437127,0,0,0,0.999999881],"scale":1.29675603,"type":"tree_aspen_small_low_group"}
{"pos":[-673.330627,-136.548721,268.535034],"rotationMatrix":[0.799319863,-0.600905597,0,0.600905597,0.799319863,0,0,0,0.999999881],"scale":1.11988306,"type":"tree_aspen_small_low_group"}
{"pos":[-688.436523,-124.681305,271.46701],"rotationMatrix":[0.160600364,-0.98701936,0,0.98701936,0.160600364,0,0,0,0.999999881],"scale":1.37714064,"type":"tree_aspen_small_low_group"}
{"pos":[-682.604797,-136.760849,270.009216],"rotationMatrix":[-0.394286096,0.918987632,0,-0.918987632,-0.394286096,0,0,0,0.999999881],"scale":0.900047541,"type":"tree_aspen_small_low_group"}
{"pos":[-678.415405,-112.501709,269.638397],"rotationMatrix":[0.970079005,-0.242789283,0,0.242789283,0.970079005,0,0,0,0.999999881],"scale":1.4686867,"type":"tree_aspen_small_low_group"}
{"pos":[-675.912354,-111.676498,269.924683],"rotationMatrix":[-0.987654388,-0.156648234,0,0.156648234,-0.987654388,0,0,0,0.999999881],"scale":1.43061519,"type":"tree_aspen_small_low_group"}
{"pos":[-644.663513,-113.510895,267.703674],"rotationMatrix":[-0.110258386,-0.993902862,0,0.993902862,-0.110258386,0,0,0,0.999999881],"scale":1.14942718,"type":"tree_aspen_small_low_group"}
{"pos":[-634.070068,-104.930984,268.408295],"rotationMatrix":[0.725607872,-0.688108265,0,0.688108265,0.725607872,0,0,0,0.999999881],"scale":1.17035472,"type":"tree_aspen_small_low_group"}
{"pos":[-622.368347,-115.829529,266.859253],"rotationMatrix":[0.629724622,0.776818395,0,-0.776818395,0.629724622,0,0,0,0.999999881],"scale":1.18340802,"type":"tree_aspen_small_low_group"}
{"pos":[-618.972839,-110.235046,267.774902],"rotationMatrix":[0.789440751,0.613826752,0,-0.613826752,0.789440751,0,0,0,0.999999881],"scale":1.23969173,"type":"tree_aspen_small_low_group"}
{"pos":[-665.932495,-113.64312,268.745941],"rotationMatrix":[-0.999775052,0.0212067813,0,-0.0212067813,-0.999775052,0,0,0,0.999999881],"scale":1.19868183,"type":"tree_aspen_small_low_group"}
{"pos":[-671.972107,-99.8334198,271.213684],"rotationMatrix":[-0.927556217,-0.373683363,0,0.373683363,-0.927556217,0,0,0,0.999999881],"scale":1.0906086,"type":"tree_aspen_small_low_group"}
{"pos":[-680.789978,-104.005219,270.672241],"rotationMatrix":[0.989090741,0.147307053,0,-0.147307053,0.989090741,0,0,0,0.999999881],"scale":1.49446118,"type":"tree_aspen_small_low_group"}
{"pos":[-675.250183,-100.167671,270.474304],"rotationMatrix":[0.711273313,0.702915549,0,-0.702915549,0.711273313,0,0,0,0.999999881],"scale":1.39225888,"type":"tree_aspen_small_low_group"}
{"pos":[-686.530334,-110.255035,271.287903],"rotationMatrix":[0.987926364,0.154923767,0,-0.154923767,0.987926364,0,0,0,0.999999881],"scale":1.43319452,"type":"tree_aspen_small_low_group"}
{"pos":[-690.770142,-114.120178,272.018646],"rotationMatrix":[0.340405256,-0.940278769,0,0.940278769,0.340405256,0,0,0,0.999999881],"scale":1.03414941,"type":"tree_aspen_small_low_group"}
{"pos":[-678.129028,-105.688972,270.173218],"rotationMatrix":[-0.473475605,-0.880806923,0,0.880806923,-0.473475605,0,0,0,0.999999881],"scale":1.34802628,"type":"tree_aspen_small_low_group"}
{"pos":[-700.608093,-128.250259,273.904114],"rotationMatrix":[0.821347892,0.570427597,0,-0.570427597,0.821347892,0,0,0,0.999999881],"scale":1.14990449,"type":"tree_aspen_small_low_group"}
{"pos":[-692.824829,-150.101273,270.568756],"rotationMatrix":[-0.520450354,0.85389179,0,-0.85389179,-0.520450354,0,0,0,0.999999881],"scale":1.26073313,"type":"tree_aspen_small_low_group"}
{"pos":[-704.823364,-145.547928,272.841522],"rotationMatrix":[-0.949666679,-0.313262045,0,0.313262045,-0.949666679,0,0,0,0.999999881],"scale":1.34683037,"type":"tree_aspen_small_low_group"}
{"pos":[-712.394897,-161.237625,273.049835],"rotationMatrix":[-0.17241326,0.985024631,0,-0.985024631,-0.17241326,0,0,0,0.999999881],"scale":1.00785041,"type":"tree_aspen_small_low_group"}
{"pos":[-676.811035,-176.47731,269.252655],"rotationMatrix":[0.678036273,-0.735028207,0,0.735028207,0.678036273,0,0,0,0.999999881],"scale":0.916233718,"type":"tree_aspen_small_low_group"}
{"pos":[-674.88916,-132.624756,268.525635],"rotationMatrix":[-0.965960979,0.258687556,0,-0.258687556,-0.965960979,0,0,0,0.999999881],"scale":1.08305454,"type":"tree_aspen_small_low_group"}
{"pos":[-659.972839,-134.391754,267.466583],"rotationMatrix":[0.104597747,0.994514525,0,-0.994514525,0.104597747,0,0,0,0.999999881],"scale":1.36783993,"type":"tree_aspen_small_low_group"}
{"pos":[-101.841675,-220.219604,272.961304],"rotationMatrix":[0.633264065,0.773935795,0,-0.773935795,0.633264065,0,0,0,0.999999881],"scale":1.31963527,"type":"tree_aspen_small_low_group"}
{"pos":[-104.651245,-218.114838,273.325348],"rotationMatrix":[-0.986878872,-0.161462069,0,0.161462069,-0.986878872,0,0,0,0.999999881],"scale":0.907473564,"type":"tree_aspen_small_low_group"}
{"pos":[-126.267593,-215.165771,273.429718],"rotationMatrix":[0.0375308357,0.999295413,0,-0.999295413,0.0375308357,0,0,0,0.999999881],"scale":1.03978753,"type":"tree_aspen_small_low_group"}
{"pos":[-339.081421,-57.0208778,258.052246],"rotationMatrix":[0.799051464,0.601262629,0,-0.601262629,0.799051464,0,0,0,0.999999881],"scale":1.36756361,"type":"tree_aspen_small_low_group"}
{"pos":[-332.907928,-65.2215424,257.453705],"rotationMatrix":[0.875707805,-0.482841194,0,0.482841194,0.875707805,0,0,0,0.999999881],"scale":1.00987637,"type":"tree_aspen_small_low_group"}
{"pos":[-357.141418,-56.7017784,259.506927],"rotationMatrix":[0.936658204,0.350244582,0,-0.350244582,0.936658204,0,0,0,0.999999881],"scale":0.907289207,"type":"tree_aspen_small_low_group"}
{"pos":[-320.764557,-328.295898,301.770752],"rotationMatrix":[0.307783902,-0.951456189,0,0.951456189,0.307783902,0,0,0,0.999999881],"scale":1.41788816,"type":"tree_aspen_small_low_group"}
{"pos":[-291.951569,-309.61496,302.848358],"rotationMatrix":[-0.466190159,0.884684384,0,-0.884684384,-0.466190159,0,0,0,0.999999881],"scale":1.11576796,"type":"tree_aspen_small_low_group"}
{"pos":[-281.626923,-315.677032,303.481079],"rotationMatrix":[0.823607743,0.567159832,0,-0.567159832,0.823607743,0,0,0,0.999999881],"scale":1.18451226,"type":"tree_aspen_small_low_group"}
{"pos":[-288.052399,-323.274902,304.17923],"rotationMatrix":[-0.831394672,0.555682242,0,-0.555682242,-0.831394672,0,0,0,0.999999881],"scale":1.13967752,"type":"tree_aspen_small_low_group"}
{"pos":[-298.271667,-323.415863,303.477173],"rotationMatrix":[0.418430507,0.908248842,0,-0.908248842,0.418430507,0,0,0,0.999999881],"scale":1.2404561,"type":"tree_aspen_small_low_group"}
{"pos":[-312.773895,-351.505707,303.531281],"rotationMatrix":[-0.989493072,0.144579545,0,-0.144579545,-0.989493072,0,0,0,0.999999881],"scale":1.05243313,"type":"tree_aspen_small_low_group"}
{"pos":[-148.478836,-325.267334,291.892639],"rotationMatrix":[0.977756262,-0.209743947,0,0.209743947,0.977756262,0,0,0,0.999999881],"scale":1.1153903,"type":"tree_aspen_small_low_group"}
{"pos":[-145.680573,-363.956512,291.089691],"rotationMatrix":[-0.682965696,0.730450213,0,-0.730450213,-0.682965696,0,0,0,0.999999881],"scale":1.41583872,"type":"tree_aspen_small_low_group"}
{"pos":[-157.779968,-364.227753,290.955383],"rotationMatrix":[0.719021261,-0.694987953,0,0.694987953,0.719021261,0,0,0,0.999999881],"scale":1.34170663,"type":"tree_aspen_small_low_group"}
{"pos":[-153.460037,-364.162476,291.785217],"rotationMatrix":[-0.601729631,0.798699617,0,-0.798699617,-0.601729631,0,0,0,0.999999881],"scale":1.00006819,"type":"tree_aspen_small_low_group"}
{"pos":[-110.651413,-366.946686,283.75824],"rotationMatrix":[0.813862562,0.58105737,0,-0.58105737,0.813862562,0,0,0,0.999999881],"scale":1.16222191,"type":"tree_aspen_small_low_group"}
