{"pos":[162.786133,124.070892,253.699722],"rotationMatrix":[0.433638275,0.901087046,0,-0.901087046,0.433638275,0,0,0,0.999999881],"scale":1.18221152,"type":"tree_aspen_forest_a"}
{"pos":[186.544281,155.310043,254.13028],"rotationMatrix":[-0.443523198,0.896262765,0,-0.896262765,-0.443523198,0,0,0,0.999999881],"scale":0.952871144,"type":"tree_aspen_forest_a"}
{"pos":[178.063156,77.2819366,253.727448],"rotationMatrix":[0.528825998,0.848730266,0,-0.848730266,0.528825998,0,0,0,0.999999881],"scale":0.860680282,"type":"tree_aspen_forest_a"}
{"pos":[196.768768,51.7601318,253.0672],"rotationMatrix":[-0.312983245,0.94975853,0,-0.94975853,-0.312983245,0,0,0,0.999999881],"scale":0.831239283,"type":"tree_aspen_forest_a"}
{"pos":[290.05954,73.8117599,255.420486],"rotationMatrix":[-0.45781222,-0.889048755,0,0.889048755,-0.45781222,0,0,0,0.999999881],"scale":0.891002119,"type":"tree_aspen_forest_a"}
{"pos":[186.620941,63.8182869,253.610718],"rotationMatrix":[0.839888155,-0.542759418,0,0.542759418,0.839888155,0,0,0,0.999999881],"scale":0.999385238,"type":"tree_aspen_forest_a"}
{"pos":[159.924484,73.2759171,254.022141],"rotationMatrix":[-0.309722066,-0.950827062,0,0.950827062,-0.309722066,0,0,0,0.999999881],"scale":0.807790637,"type":"tree_aspen_forest_a"}
{"pos":[155.313385,64.4870911,253.573898],"rotationMatrix":[-0.201913983,-0.979403198,0,0.979403198,-0.201913983,0,0,0,0.999999881],"scale":0.819419205,"type":"tree_aspen_forest_a"}
{"pos":[169.907272,76.0215912,254.203903],"rotationMatrix":[0.261595845,-0.965177357,0,0.965177357,0.261595845,0,0,0,0.999999881],"scale":0.820041299,"type":"tree_aspen_forest_a"}
{"pos":[151.973862,70.088089,253.774765],"rotationMatrix":[0.722351611,-0.691525817,0,0.691525817,0.722351611,0,0,0,0.999999881],"scale":0.987745881,"type":"tree_aspen_forest_a"}
{"pos":[165.431992,81.9432068,253.498001],"rotationMatrix":[0.862619936,0.50585252,0,-0.50585252,0.862619936,0,0,0,0.999999881],"scale":0.948125541,"type":"tree_aspen_forest_a"}
{"pos":[156.020111,62.3540573,254.089264],"rotationMatrix":[0.319789946,0.947488487,0,-0.947488487,0.319789946,0,0,0,0.999999881],"scale":1.05359077,"type":"tree_aspen_forest_a"}
{"pos":[147.433624,104.753998,254.242706],"rotationMatrix":[-0.50977546,0.860307336,0,-0.860307336,-0.50977546,0,0,0,0.999999881],"scale":0.83410877,"type":"tree_aspen_forest_a"}
{"pos":[159.16449,111.257523,253.80864],"rotationMatrix":[-0.828462481,0.560044289,0,-0.560044289,-0.828462481,0,0,0,0.999999881],"scale":1.08020532,"type":"tree_aspen_forest_a"}
{"pos":[145.66449,97.838562,254.284088],"rotationMatrix":[-0.877034009,0.4804281,0,-0.4804281,-0.877034009,0,0,0,0.999999881],"scale":1.17658317,"type":"tree_aspen_forest_a"}
{"pos":[186.257782,59.1560287,254.031418],"rotationMatrix":[0.60823524,0.793756783,0,-0.793756783,0.60823524,0,0,0,0.999999881],"scale":1.1273948,"type":"tree_aspen_forest_a"}
{"pos":[183.606079,68.9944153,253.856705],"rotationMatrix":[0.629987955,0.776604891,0,-0.776604891,0.629987955,0,0,0,0.999999881],"scale":1.08101118,"type":"tree_aspen_forest_a"}
{"pos":[193.893585,63.0319138,254.137283],"rotationMatrix":[0.428616434,-0.90348649,0,0.90348649,0.428616434,0,0,0,0.999999881],"scale":0.88289994,"type":"tree_aspen_forest_a"}
{"pos":[193.51503,85.5266266,254.012344],"rotationMatrix":[-0.611753464,0.791048229,0,-0.791048229,-0.611753464,0,0,0,0.999999881],"scale":1.18453562,"type":"tree_aspen_forest_a"}
{"pos":[195.579224,83.3152847,254.041809],"rotationMatrix":[0.258263171,0.966074586,0,-0.966074586,0.258263171,0,0,0,0.999999881],"scale":1.18265474,"type":"tree_aspen_forest_a"}
{"pos":[200.486755,79.1645889,253.359375],"rotationMatrix":[-0.060478773,0.998169363,0,-0.998169363,-0.060478773,0,0,0,0.999999881],"scale":0.951364517,"type":"tree_aspen_forest_a"}
{"pos":[203.055939,86.4508743,253.188873],"rotationMatrix":[0.822442949,-0.568847477,0,0.568847477,0.822442949,0,0,0,0.999999881],"scale":1.13447857,"type":"tree_aspen_forest_a"}
{"pos":[199.583496,72.1031418,253.336578],"rotationMatrix":[0.0988451466,0.995102704,0,-0.995102704,0.0988451466,0,0,0,0.999999881],"scale":1.18866646,"type":"tree_aspen_forest_a"}
{"pos":[196.179291,70.7223358,253.540573],"rotationMatrix":[-0.72334528,-0.690486252,0,0.690486252,-0.72334528,0,0,0,0.999999881],"scale":0.893671036,"type":"tree_aspen_forest_a"}
{"pos":[193.346222,83.2162933,253.687592],"rotationMatrix":[0.545033038,0.83841455,0,-0.83841455,0.545033038,0,0,0,0.999999881],"scale":1.04243612,"type":"tree_aspen_forest_a"}
{"pos":[187.43338,66.0474014,253.669342],"rotationMatrix":[0.864792407,0.502129436,0,-0.502129436,0.864792407,0,0,0,0.999999881],"scale":1.14655864,"type":"tree_aspen_forest_a"}
{"pos":[206.641708,87.1881027,254.002762],"rotationMatrix":[0.049480401,-0.998775005,0,0.998775005,0.049480401,0,0,0,0.999999881],"scale":0.987714052,"type":"tree_aspen_forest_a"}
{"pos":[194.040588,88.1004639,254.053314],"rotationMatrix":[0.114205159,-0.993457079,0,0.993457079,0.114205159,0,0,0,0.999999881],"scale":0.908270121,"type":"tree_aspen_forest_a"}
{"pos":[205.780411,83.3930359,254.177353],"rotationMatrix":[-0.63516134,-0.772379458,0,0.772379458,-0.63516134,0,0,0,0.999999881],"scale":1.00139451,"type":"tree_aspen_forest_a"}
{"pos":[208.157913,82.0531616,253.647537],"rotationMatrix":[0.990126669,0.140175,0,-0.140175,0.990126669,0,0,0,0.999999881],"scale":1.18787467,"type":"tree_aspen_forest_a"}
{"pos":[212.730728,118.160622,253.699524],"rotationMatrix":[0.439499229,0.89824301,0,-0.89824301,0.439499229,0,0,0,0.999999881],"scale":0.942004144,"type":"tree_aspen_forest_a"}
{"pos":[214.122849,106.454086,253.377762],"rotationMatrix":[-0.347638488,0.937628508,0,-0.937628508,-0.347638488,0,0,0,0.999999881],"scale":0.991704583,"type":"tree_aspen_forest_a"}
{"pos":[213.840347,110.567421,254.222107],"rotationMatrix":[0.486350417,0.873763859,0,-0.873763859,0.486350417,0,0,0,0.999999881],"scale":0.847697079,"type":"tree_aspen_forest_a"}
{"pos":[217.573883,111.917465,254.081223],"rotationMatrix":[-0.969767094,0.244032159,0,-0.244032159,-0.969767094,0,0,0,0.999999881],"scale":1.11594486,"type":"tree_aspen_forest_a"}
{"pos":[210.029404,103.952354,253.856125],"rotationMatrix":[-0.017684577,-0.999843597,0,0.999843597,-0.017684577,0,0,0,0.999999881],"scale":1.08503473,"type":"tree_aspen_forest_a"}
{"pos":[206.704453,111.518654,253.815399],"rotationMatrix":[-0.337850541,-0.94119972,0,0.94119972,-0.337850541,0,0,0,0.999999881],"scale":0.999048114,"type":"tree_aspen_forest_a"}
{"pos":[238.441071,114.569626,254.300339],"rotationMatrix":[0.877489567,0.479595661,0,-0.479595661,0.877489567,0,0,0,0.999999881],"scale":1.00305903,"type":"tree_aspen_forest_a"}
{"pos":[219.989578,122.391586,253.828125],"rotationMatrix":[-0.865354478,-0.501160383,0,0.501160383,-0.865354478,0,0,0,0.999999881],"scale":0.942643523,"type":"tree_aspen_forest_a"}
{"pos":[226.177521,119.05497,254.094864],"rotationMatrix":[0.43594718,-0.8999722,0,0.8999722,0.43594718,0,0,0,0.999999881],"scale":0.836871922,"type":"tree_aspen_forest_a"}
{"pos":[230.466858,119.952087,254.232315],"rotationMatrix":[-0.448239893,0.89391315,0,-0.89391315,-0.448239893,0,0,0,0.999999881],"scale":0.980189085,"type":"tree_aspen_forest_a"}
{"pos":[241.144165,140.385254,254.091309],"rotationMatrix":[-0.825853288,-0.563884854,0,0.563884854,-0.825853288,0,0,0,0.999999881],"scale":0.892961383,"type":"tree_aspen_forest_a"}
{"pos":[252.365524,142.685028,253.510269],"rotationMatrix":[-0.983674467,-0.179956928,0,0.179956928,-0.983674467,0,0,0,0.999999881],"scale":1.18208623,"type":"tree_aspen_forest_a"}
{"pos":[236.810486,138.651093,253.867081],"rotationMatrix":[0.533287466,0.845934093,0,-0.845934093,0.533287466,0,0,0,0.999999881],"scale":1.0326488,"type":"tree_aspen_forest_a"}
{"pos":[234.008286,168.743729,252.917892],"rotationMatrix":[0.217729747,-0.976009071,0,0.976009071,0.217729747,0,0,0,0.999999881],"scale":1.14744067,"type":"tree_aspen_forest_a"}
{"pos":[247.669769,169.250259,251.899338],"rotationMatrix":[-0.92902106,-0.370026886,0,0.370026886,-0.92902106,0,0,0,0.999999881],"scale":0.845194221,"type":"tree_aspen_forest_a"}
{"pos":[228.559006,166.640625,253.709183],"rotationMatrix":[-0.76210016,-0.647459149,0,0.647459149,-0.76210016,0,0,0,0.999999881],"scale":0.837133944,"type":"tree_aspen_forest_a"}
{"pos":[232.755356,170.764008,253.223816],"rotationMatrix":[0.93222481,-0.361879498,0,0.361879498,0.93222481,0,0,0,0.999999881],"scale":1.14127076,"type":"tree_aspen_forest_a"}
{"pos":[221.701218,174.414886,253.840302],"rotationMatrix":[-0.435467035,0.900204539,0,-0.900204539,-0.435467035,0,0,0,0.999999881],"scale":1.03485882,"type":"tree_aspen_forest_a"}
{"pos":[224.40892,187.74733,253.331085],"rotationMatrix":[-0.989504635,0.144500747,0,-0.144500747,-0.989504635,0,0,0,0.999999881],"scale":0.818359375,"type":"tree_aspen_forest_a"}
{"pos":[235.307297,188.842194,251.74826],"rotationMatrix":[-0.998772144,0.0495370105,0,-0.0495370105,-0.998772144,0,0,0,0.999999881],"scale":0.809659243,"type":"tree_aspen_forest_a"}
{"pos":[223.468292,173.751648,253.600082],"rotationMatrix":[0.183404788,0.983037412,0,-0.983037412,0.183404788,0,0,0,0.999999881],"scale":0.832306385,"type":"tree_aspen_forest_a"}
{"pos":[221.706802,187.356995,253.162094],"rotationMatrix":[0.389521778,0.921017289,0,-0.921017289,0.389521778,0,0,0,0.999999881],"scale":1.01992404,"type":"tree_aspen_forest_a"}
{"pos":[223.891785,192.976456,252.698532],"rotationMatrix":[-0.661006749,-0.750379801,0,0.750379801,-0.661006749,0,0,0,0.999999881],"scale":1.04687047,"type":"tree_aspen_forest_a"}
{"pos":[217.365738,183.649231,253.814651],"rotationMatrix":[0.0996894613,-0.995018482,0,0.995018482,0.0996894613,0,0,0,0.999999881],"scale":0.840823889,"type":"tree_aspen_forest_a"}
{"pos":[208.009354,178.962906,253.29007],"rotationMatrix":[0.214838907,-0.976649463,0,0.976649463,0.214838907,0,0,0,0.999999881],"scale":1.13440728,"type":"tree_aspen_forest_a"}
{"pos":[215.509842,176.766769,253.66748],"rotationMatrix":[-0.997316897,-0.0732042044,0,0.0732042044,-0.997316897,0,0,0,0.999999881],"scale":0.808725893,"type":"tree_aspen_forest_a"}
{"pos":[207.397552,169.123016,253.69516],"rotationMatrix":[-0.45626843,-0.889842153,0,0.889842153,-0.45626843,0,0,0,0.999999881],"scale":1.09812868,"type":"tree_aspen_forest_a"}
{"pos":[216.267944,186.956345,253.244446],"rotationMatrix":[0.725893617,-0.687806845,0,0.687806845,0.725893617,0,0,0,0.999999881],"scale":1.0769515,"type":"tree_aspen_forest_a"}
{"pos":[200.502747,172.330139,254.198746],"rotationMatrix":[-0.0193827786,-0.999812007,0,0.999812007,-0.0193827786,0,0,0,0.999999881],"scale":1.10442472,"type":"tree_aspen_forest_a"}
{"pos":[199.361633,190.636719,253.696594],"rotationMatrix":[-0.961274564,-0.275592417,0,0.275592417,-0.961274564,0,0,0,0.999999881],"scale":0.928416371,"type":"tree_aspen_forest_a"}
{"pos":[188.430466,182.320053,253.60704],"rotationMatrix":[0.998050213,0.062414404,0,-0.062414404,0.998050213,0,0,0,0.999999881],"scale":1.08682597,"type":"tree_aspen_forest_a"}
{"pos":[204.846329,170.788467,254.205856],"rotationMatrix":[-0.138140336,-0.990412593,0,0.990412593,-0.138140336,0,0,0,0.999999881],"scale":0.926951647,"type":"tree_aspen_forest_a"}
{"pos":[200.291565,163.718048,253.651749],"rotationMatrix":[0.708936572,0.705272257,0,-0.705272257,0.708936572,0,0,0,0.999999881],"scale":1.02194834,"type":"tree_aspen_forest_a"}
{"pos":[195.122635,175.679153,253.549927],"rotationMatrix":[0.627084792,0.778950989,0,-0.778950989,0.627084792,0,0,0,0.999999881],"scale":1.00831378,"type":"tree_aspen_forest_a"}
{"pos":[176.856934,157.217194,254.048874],"rotationMatrix":[-0.484317243,0.874892294,0,-0.874892294,-0.484317243,0,0,0,0.999999881],"scale":0.98357439,"type":"tree_aspen_forest_a"}
{"pos":[178.027191,169.803192,253.47374],"rotationMatrix":[0.907787859,0.419429511,0,-0.419429511,0.907787859,0,0,0,0.999999881],"scale":1.19078386,"type":"tree_aspen_forest_a"}
{"pos":[181.686096,149.974854,253.673248],"rotationMatrix":[0.30506736,0.952330768,0,-0.952330768,0.30506736,0,0,0,0.999999881],"scale":0.944481373,"type":"tree_aspen_forest_a"}
{"pos":[165.951965,132.13588,254.306168],"rotationMatrix":[0.446024239,-0.895020783,0,0.895020783,0.446024239,0,0,0,0.999999881],"scale":0.912026763,"type":"tree_aspen_forest_a"}
{"pos":[152.961929,130.531479,253.980927],"rotationMatrix":[0.90312928,0.429368615,0,-0.429368615,0.90312928,0,0,0,0.999999881],"scale":1.05004776,"type":"tree_aspen_forest_a"}
{"pos":[155.56102,127.446953,254.341385],"rotationMatrix":[-0.785563111,0.618781447,0,-0.618781447,-0.785563111,0,0,0,0.999999881],"scale":0.815732658,"type":"tree_aspen_forest_a"}
{"pos":[159.105621,139.64679,254.006485],"rotationMatrix":[-0.99951762,-0.0310548972,0,0.0310548972,-0.99951762,0,0,0,0.999999881],"scale":0.913652837,"type":"tree_aspen_forest_a"}
{"pos":[159.951752,130.700714,253.382172],"rotationMatrix":[-0.367865562,0.929878831,0,-0.929878831,-0.367865562,0,0,0,0.999999881],"scale":1.07317019,"type":"tree_aspen_forest_a"}
{"pos":[167.59166,122.635033,254.087875],"rotationMatrix":[-0.981690764,0.190481037,0,-0.190481037,-0.981690764,0,0,0,0.999999881],"scale":0.809314191,"type":"tree_aspen_forest_a"}
{"pos":[149.694473,131.47673,253.888504],"rotationMatrix":[0.862400949,-0.506225646,0,0.506225646,0.862400949,0,0,0,0.999999881],"scale":0.928649485,"type":"tree_aspen_forest_a"}
{"pos":[147.225937,114.918999,253.563248],"rotationMatrix":[-0.169703901,-0.985495031,0,0.985495031,-0.169703901,0,0,0,0.999999881],"scale":0.920566142,"type":"tree_aspen_forest_a"}
{"pos":[146.331482,120.717819,253.540985],"rotationMatrix":[0.363303781,0.931670725,0,-0.931670725,0.363303781,0,0,0,0.999999881],"scale":1.0588634,"type":"tree_aspen_forest_a"}
{"pos":[184.306839,137.29689,253.808044],"rotationMatrix":[-0.829859734,-0.557972014,0,0.557972014,-0.829859734,0,0,0,0.999999881],"scale":1.04046047,"type":"tree_aspen_forest_a"}
{"pos":[195.072098,142.014069,253.675751],"rotationMatrix":[0.758929253,0.651173055,0,-0.651173055,0.758929253,0,0,0,0.999999881],"scale":0.803328991,"type":"tree_aspen_forest_a"}
{"pos":[195.405975,137.549026,253.7323],"rotationMatrix":[-0.702629566,-0.711555779,0,0.711555779,-0.702629566,0,0,0,0.999999881],"scale":0.959853828,"type":"tree_aspen_forest_a"}
{"pos":[188.875748,138.941772,253.966019],"rotationMatrix":[0.451729923,0.892154753,0,-0.892154753,0.451729923,0,0,0,0.999999881],"scale":0.925863028,"type":"tree_aspen_forest_a"}
{"pos":[359.966675,65.3648987,257.938568],"rotationMatrix":[-0.428012937,-0.903772473,0,0.903772473,-0.428012937,0,0,0,0.999999881],"scale":0.883130372,"type":"tree_aspen_forest_a"}
{"pos":[323.773926,69.7976761,257.592865],"rotationMatrix":[-0.995890558,-0.090563871,0,0.090563871,-0.995890558,0,0,0,0.999999881],"scale":1.16530049,"type":"tree_aspen_forest_a"}
{"pos":[346.536438,69.9957199,258.016296],"rotationMatrix":[-0.505170405,0.863019466,0,-0.863019466,-0.505170405,0,0,0,0.999999881],"scale":1.04379344,"type":"tree_aspen_forest_a"}
{"pos":[298.103363,72.0434189,256.131317],"rotationMatrix":[0.949244678,0.314538449,0,-0.314538449,0.949244678,0,0,0,0.999999881],"scale":0.950822353,"type":"tree_aspen_forest_a"}
{"pos":[329.116425,73.7884903,257.729126],"rotationMatrix":[-0.880556285,0.473941535,0,-0.473941535,-0.880556285,0,0,0,0.999999881],"scale":1.0669868,"type":"tree_aspen_forest_a"}
{"pos":[328.821777,71.2440948,257.063416],"rotationMatrix":[0.836963117,-0.547259152,0,0.547259152,0.836963117,0,0,0,0.999999881],"scale":0.881342947,"type":"tree_aspen_forest_a"}
{"pos":[325.829865,78.3801422,257.015442],"rotationMatrix":[0.406393915,-0.913697898,0,0.913697898,0.406393915,0,0,0,0.999999881],"scale":0.954686403,"type":"tree_aspen_forest_a"}
{"pos":[296.007141,86.4115295,256.450806],"rotationMatrix":[0.989490032,0.144600272,0,-0.144600272,0.989490032,0,0,0,0.999999881],"scale":0.916697979,"type":"tree_aspen_forest_a"}
{"pos":[414.842987,71.6374512,249.61084],"rotationMatrix":[0.361282438,-0.932456315,0,0.932456315,0.361282438,0,0,0,0.999999881],"scale":0.897361279,"type":"tree_aspen_forest_a"}
{"pos":[295.831055,233.700836,254.151535],"rotationMatrix":[-0.136048332,0.990702093,0,-0.990702093,-0.136048332,0,0,0,0.999999881],"scale":1.10011315,"type":"tree_aspen_forest_a"}
{"pos":[345.51178,232.538269,263.398254],"rotationMatrix":[0.465079963,-0.885268569,0,0.885268569,0.465079963,0,0,0,0.999999881],"scale":0.972510934,"type":"tree_aspen_forest_a"}
{"pos":[353.172394,243.526978,263.249634],"rotationMatrix":[0.902885735,0.429880589,0,-0.429880589,0.902885735,0,0,0,0.999999881],"scale":1.01091361,"type":"tree_aspen_forest_a"}
{"pos":[247.586975,212.672348,250.289993],"rotationMatrix":[-0.462804377,-0.886460304,0,0.886460304,-0.462804377,0,-0,0,0.999999881],"scale":0.866402566,"type":"tree_aspen_forest_a"}
{"pos":[241.906433,210.793457,250.653061],"rotationMatrix":[0.887178242,-0.461426795,0,0.461426795,0.887178242,0,-0,0,0.999999881],"scale":1.08564425,"type":"tree_aspen_forest_a"}
{"pos":[230.845276,216.883102,249.616486],"rotationMatrix":[-0.895026505,0.446012855,-0,-0.446012855,-0.895026505,0,-0,0,0.999999881],"scale":1.07456076,"type":"tree_aspen_forest_a"}
{"pos":[354.2276,205.941833,263.304291],"rotationMatrix":[0.987675071,-0.156517684,0,0.156517684,0.987675071,0,-0,0,0.999999881],"scale":0.912302852,"type":"tree_aspen_forest_a"}
{"pos":[338.729858,213.880417,263.839508],"rotationMatrix":[0.60467875,-0.796469331,0,0.796469331,0.60467875,0,-0,0,0.999999881],"scale":1.06998622,"type":"tree_aspen_forest_a"}
{"pos":[341.319977,198.437927,263.187714],"rotationMatrix":[0.928362846,-0.371674865,0,0.371674865,0.928362846,0,-0,0,0.999999881],"scale":0.932156026,"type":"tree_aspen_forest_a"}
{"pos":[328.945953,193.242645,263.803864],"rotationMatrix":[-0.351646632,0.936132729,-0,-0.936132729,-0.351646632,0,-0,0,0.999999881],"scale":1.14517009,"type":"tree_aspen_forest_a"}
{"pos":[421.94754,94.3070679,257.176666],"rotationMatrix":[-0.742420912,0.669933617,-0,-0.669933617,-0.742420912,0,-0,0,0.999999881],"scale":1.06767392,"type":"tree_aspen_forest_a"}
{"pos":[420.840759,100.865105,256.945801],"rotationMatrix":[0.889484882,-0.456964403,0,0.456964403,0.889484882,0,-0,0,0.999999881],"scale":0.892955601,"type":"tree_aspen_forest_a"}
{"pos":[418.017944,104.257629,257.408783],"rotationMatrix":[0.778287232,-0.62790823,0,0.62790823,0.778287232,0,-0,0,0.999999881],"scale":0.886698544,"type":"tree_aspen_forest_a"}
{"pos":[410.559387,139.38533,258.771057],"rotationMatrix":[0.94753629,0.319648206,0,-0.319648206,0.94753629,-0,-0,0,0.999999881],"scale":1.06423938,"type":"tree_aspen_forest_a"}
{"pos":[398.389038,152.919189,260.767273],"rotationMatrix":[-0.228805572,-0.973472059,0,0.973472059,-0.228805572,0,-0,0,0.999999881],"scale":0.856146872,"type":"tree_aspen_forest_a"}
{"pos":[393.048798,151.564484,261.321106],"rotationMatrix":[-0.978591144,-0.205813408,0,0.205813408,-0.978591144,0,-0,0,0.999999881],"scale":1.18829882,"type":"tree_aspen_forest_a"}
{"pos":[370.541046,156.909637,262.647369],"rotationMatrix":[0.876015663,0.482282579,0,-0.482282579,0.876015663,-0,-0,0,0.999999881],"scale":0.989391923,"type":"tree_aspen_forest_a"}
{"pos":[369.012939,186.309387,263.611755],"rotationMatrix":[-0.146388754,-0.989227057,0,0.989227057,-0.146388754,0,-0,0,0.999999881],"scale":0.825666964,"type":"tree_aspen_forest_a"}
{"pos":[377.356445,197.898804,263.892029],"rotationMatrix":[-0.886210144,0.463283241,-0,-0.463283241,-0.886210144,0,-0,0,0.999999881],"scale":0.843936622,"type":"tree_aspen_forest_a"}
{"pos":[375.650391,204.353775,262.932007],"rotationMatrix":[0.933700979,-0.358053297,0,0.358053297,0.933700979,0,-0,0,0.999999881],"scale":1.06277144,"type":"tree_aspen_forest_a"}
{"pos":[390.330292,224.448135,263.29892],"rotationMatrix":[-0.991899192,-0.127026618,0,0.127026618,-0.991899192,0,-0,0,0.999999881],"scale":1.11812031,"type":"tree_aspen_forest_a"}
{"pos":[404.231781,216.639191,263.793915],"rotationMatrix":[0.604262233,-0.796785414,0,0.796785414,0.604262233,0,-0,0,0.999999881],"scale":0.881400049,"type":"tree_aspen_forest_a"}
{"pos":[404.140076,209.205856,263.402252],"rotationMatrix":[-0.963521183,-0.267631918,0,0.267631918,-0.963521183,0,-0,0,0.999999881],"scale":0.873984873,"type":"tree_aspen_forest_a"}
{"pos":[400.409424,199.010742,263.446716],"rotationMatrix":[0.401367843,-0.9159168,0,0.9159168,0.401367843,0,-0,0,0.999999881],"scale":0.882922709,"type":"tree_aspen_forest_a"}
{"pos":[407.315002,173.133926,259.982269],"rotationMatrix":[0.984212458,-0.176990598,0,0.176990598,0.984212458,0,-0,0,0.999999881],"scale":0.890392661,"type":"tree_aspen_forest_a"}
{"pos":[382.003784,179.91391,262.820374],"rotationMatrix":[0.968441784,0.249239832,0,-0.249239832,0.968441784,-0,-0,0,0.999999881],"scale":0.897182226,"type":"tree_aspen_forest_a"}
{"pos":[385.60257,162.851089,262.21582],"rotationMatrix":[-0.476410002,0.879223108,-0,-0.879223108,-0.476410002,0,-0,0,0.999999881],"scale":1.13619769,"type":"tree_aspen_forest_a"}
{"pos":[389.545349,231.698364,263.018311],"rotationMatrix":[0.952372849,0.304935783,0,-0.304935783,0.952372849,-0,-0,0,0.999999881],"scale":1.05415285,"type":"tree_aspen_forest_a"}
{"pos":[394.816467,236.050735,263.778107],"rotationMatrix":[0.863128185,0.504984796,0,-0.504984796,0.863128185,-0,-0,0,0.999999881],"scale":1.14400399,"type":"tree_aspen_forest_a"}
{"pos":[382.403961,230.740814,263.514801],"rotationMatrix":[0.308553755,0.951206863,0,-0.951206863,0.308553755,-0,-0,0,0.999999881],"scale":0.982004642,"type":"tree_aspen_forest_a"}
{"pos":[394.997772,231.074249,263.256897],"rotationMatrix":[-0.928166926,-0.372164011,0,0.372164011,-0.928166926,0,-0,0,0.999999881],"scale":1.00838292,"type":"tree_aspen_forest_a"}
