{"pos":[52.5779076,817.126892,33.6517792],"rotationMatrix":[-0.966781795,-0.0360659882,0.253044963,0.0348906517,-0.999349415,-0.00913225859,0.25320968,2.3345692e-10,0.96741122],"scale":1.49883461,"type":"tree_douglasfir_dead_02"}
{"pos":[81.2423248,801.091125,34.7814026],"rotationMatrix":[-0.0822705552,-0.996610045,0,0.996610045,-0.0822705552,0,0,0,1],"scale":1.18347096,"type":"tree_douglasfir_dead_02"}
{"pos":[34.131031,790.504883,32.1769524],"rotationMatrix":[-0.76929611,-0.638892412,0,0.638892412,-0.76929611,0,0,0,1],"scale":1.40030968,"type":"tree_douglasfir_dead_02"}
{"pos":[314.749329,671.407349,52.3582573],"rotationMatrix":[-0.80195725,0.597381473,0,-0.597381473,-0.80195725,0,0,0,1],"scale":2.06982207,"type":"tree_douglasfir_dead_02"}
{"pos":[272.124634,629.812256,52.9030876],"rotationMatrix":[-0.985889852,-0.167395264,0,0.167395264,-0.985889852,0,0,0,1],"scale":0.905116618,"type":"tree_douglasfir_dead_02"}
{"pos":[262.047974,623.676575,54.0403023],"rotationMatrix":[0.997963309,-0.0637900829,0,0.0637900829,0.997963309,0,0,0,1],"scale":0.732193351,"type":"tree_douglasfir_dead_02"}
{"pos":[281.007935,639.067261,51.8652267],"rotationMatrix":[0.920832276,0.389958858,0,-0.389958858,0.920832276,0,0,0,1],"scale":1.16028178,"type":"tree_douglasfir_dead_02"}
{"pos":[266.762726,641.05603,51.5094795],"rotationMatrix":[0.771806657,-0.635857344,0,0.635857344,0.771806657,0,0,0,1],"scale":1.45576978,"type":"tree_douglasfir_dead_02"}
{"pos":[312.560883,651.61145,52.586853],"rotationMatrix":[-0.971962094,0.235137552,0,-0.235137552,-0.971962094,0,0,0,1],"scale":1.22602057,"type":"tree_douglasfir_dead_02"}
{"pos":[221.494888,652.531494,51.8291588],"rotationMatrix":[0.789764643,0.613409996,0,-0.613409996,0.789764643,0,0,0,1],"scale":0.928884566,"type":"tree_douglasfir_dead_02"}
{"pos":[216.163727,652.485291,51.756115],"rotationMatrix":[0.185378239,-0.982667267,0,0.982667267,0.185378239,0,0,0,1],"scale":1.11225832,"type":"tree_douglasfir_dead_02"}
{"pos":[211.361664,658.503723,51.102272],"rotationMatrix":[0.41790244,-0.90849191,0,0.90849191,0.41790244,0,0,0,1],"scale":1.29192328,"type":"tree_douglasfir_dead_02"}
{"pos":[198.753494,653.017822,49.0234413],"rotationMatrix":[-0.701710165,-0.712462544,0,0.712462544,-0.701710165,0,0,0,1],"scale":1.44665956,"type":"tree_douglasfir_dead_02"}
{"pos":[201.975006,649.536377,49.3767471],"rotationMatrix":[-0.961713374,-0.274057239,0,0.274057239,-0.961713374,0,0,0,1],"scale":1.44925809,"type":"tree_douglasfir_dead_02"}
{"pos":[216.006409,668.597168,51.4958115],"rotationMatrix":[0.991301298,-0.131611854,0,0.131611854,0.991301298,0,0,0,1],"scale":1.05419338,"type":"tree_douglasfir_dead_02"}
{"pos":[202.87059,656.543457,50.1013565],"rotationMatrix":[-0.580482304,0.814272881,0,-0.814272881,-0.580482304,0,0,0,1],"scale":1.04030335,"type":"tree_douglasfir_dead_02"}
{"pos":[215.285828,660.340637,51.353653],"rotationMatrix":[0.941047609,-0.338274091,0,0.338274091,0.941047609,0,0,0,1],"scale":1.45628095,"type":"tree_douglasfir_dead_02"}
{"pos":[20.2581539,662.961243,32.9736366],"rotationMatrix":[0.789896727,-0.613239884,0,0.613239884,0.789896727,0,0,0,1],"scale":0.906477332,"type":"tree_douglasfir_dead_02"}
{"pos":[17.0128918,661.384766,33.5603867],"rotationMatrix":[-0.968823016,0.247753769,0,-0.247753769,-0.968823016,0,0,0,1],"scale":1.24933982,"type":"tree_douglasfir_dead_02"}
{"pos":[30.0264072,653.605286,27.2012863],"rotationMatrix":[-0.0329044499,-0.999458492,0,0.999458492,-0.0329044499,0,0,0,1],"scale":1.25149214,"type":"tree_douglasfir_dead_02"}
{"pos":[-99.2961044,669.542236,32.8405113],"rotationMatrix":[-0.482280612,-0.876016796,0,0.876016796,-0.482280612,0,0,0,1],"scale":1.33881629,"type":"tree_douglasfir_dead_02"}
{"pos":[-96.015976,674.380798,32.4518852],"rotationMatrix":[-0.908651471,0.417555422,0,-0.417555422,-0.908651471,0,0,0,1],"scale":1.40328693,"type":"tree_douglasfir_dead_02"}
{"pos":[-98.2149124,675.328003,31.6536999],"rotationMatrix":[0.607362747,-0.794424593,0,0.794424593,0.607362747,0,0,0,1],"scale":1.2437706,"type":"tree_douglasfir_dead_02"}
{"pos":[-90.5623932,673.794373,32.9038582],"rotationMatrix":[0.790630519,0.612293541,0,-0.612293541,0.790630519,0,0,0,1],"scale":0.724242687,"type":"tree_douglasfir_dead_02"}
{"pos":[41.6467705,-968.835999,11.229948],"rotationMatrix":[-0.715908825,-0.698193789,0,0.698193789,-0.715908825,0,0,0,1],"scale":1.11778045,"type":"tree_douglasfir_dead_02"}
{"pos":[31.2223549,-961.511414,9.21815681],"rotationMatrix":[-0.205500379,0.978657007,0,-0.978657007,-0.205500379,0,0,0,1],"scale":0.969932795,"type":"tree_douglasfir_dead_02"}
{"pos":[29.7726555,-954.012817,10.7161093],"rotationMatrix":[-0.184889868,0.982759237,0,-0.982759237,-0.184889868,0,0,0,1],"scale":1.22645354,"type":"tree_douglasfir_dead_02"}
{"pos":[281.732544,-996.096375,15.249877],"rotationMatrix":[0.232494682,-0.972597659,0,0.972597659,0.232494682,0,0,0,1],"scale":0.999517918,"type":"tree_douglasfir_dead_02"}
{"pos":[301.665894,-978.825989,14.9399338],"rotationMatrix":[0.263756335,0.964589357,0,-0.964589357,0.263756335,0,0,0,1],"scale":0.981871486,"type":"tree_douglasfir_dead_02"}
{"pos":[302.511078,-986.314819,14.3401327],"rotationMatrix":[-0.939990699,0.341200054,0,-0.341200054,-0.939990699,0,0,0,1],"scale":0.978282094,"type":"tree_douglasfir_dead_02"}
{"pos":[310.59433,-988.490601,12.1061716],"rotationMatrix":[0.172888771,0.984941363,0,-0.984941363,0.172888771,0,0,0,1],"scale":1.06903148,"type":"tree_douglasfir_dead_02"}
{"pos":[253.717133,-997.191101,17.7666168],"rotationMatrix":[0.933926344,0.357465565,0,-0.357465565,0.933926344,0,0,0,1],"scale":1.29102731,"type":"tree_douglasfir_dead_02"}
{"pos":[243.688141,-998.5672,17.0274296],"rotationMatrix":[-0.803117037,0.595821261,0,-0.595821261,-0.803117037,0,0,0,1],"scale":1.47591579,"type":"tree_douglasfir_dead_02"}
{"pos":[237.981766,-1002.39679,15.1185617],"rotationMatrix":[0.210563228,0.977580249,0,-0.977580249,0.210563228,0,0,0,1],"scale":0.849572301,"type":"tree_douglasfir_dead_02"}
{"pos":[226.343658,-999.473206,17.2250729],"rotationMatrix":[-0.413635075,0.91044277,0,-0.91044277,-0.413635075,0,0,0,1],"scale":1.22338605,"type":"tree_douglasfir_dead_02"}
{"pos":[471.793854,-926.076782,22.7634029],"rotationMatrix":[-0.72767818,0.685918689,0,-0.685918689,-0.72767818,0,0,0,1],"scale":1.4061439,"type":"tree_douglasfir_dead_02"}
{"pos":[466.475037,-951.803589,12.3929539],"rotationMatrix":[-0.569606543,-0.821917534,0,0.821917534,-0.569606543,0,0,0,1],"scale":0.953289628,"type":"tree_douglasfir_dead_02"}
{"pos":[875.520203,-813.697205,29.3853893],"rotationMatrix":[0.983559549,0.180584192,0,-0.180584192,0.983559549,0,0,0,1],"scale":0.942460656,"type":"tree_douglasfir_dead_02"}
{"pos":[810.152588,-836.907654,38.293705],"rotationMatrix":[-0.993667781,0.112357885,0,-0.112357885,-0.993667781,0,0,0,1],"scale":1.01557553,"type":"tree_douglasfir_dead_02"}
{"pos":[815.167664,-830.058594,38.2315636],"rotationMatrix":[-0.987502515,0.157603204,0,-0.157603204,-0.987502515,0,0,0,1],"scale":0.830613434,"type":"tree_douglasfir_dead_02"}
{"pos":[833.668945,-797.643433,41.2206001],"rotationMatrix":[0.752882123,-0.658155382,0,0.658155382,0.752882123,0,0,0,1],"scale":1.48845601,"type":"tree_douglasfir_dead_02"}
{"pos":[848.589844,-781.33374,38.2718353],"rotationMatrix":[-0.496904045,-0.867805481,0,0.867805481,-0.496904045,0,0,0,1],"scale":0.883918643,"type":"tree_douglasfir_dead_02"}
{"pos":[851.577271,-773.264221,35.6924934],"rotationMatrix":[-0.999359548,0.0357836038,0,-0.0357836038,-0.999359548,0,0,0,1],"scale":1.03266716,"type":"tree_douglasfir_dead_02"}
{"pos":[869.890137,-789.856506,35.6151886],"rotationMatrix":[-0.967289686,-0.253674388,0,0.253674388,-0.967289686,0,0,0,1],"scale":1.08480406,"type":"tree_douglasfir_dead_02"}
{"pos":[891.282166,-832.772522,22.1412125],"rotationMatrix":[-0.739869058,0.67275089,0,-0.67275089,-0.739869058,0,0,0,1],"scale":0.834194839,"type":"tree_douglasfir_dead_02"}
{"pos":[905.608948,-830.770996,15.0960588],"rotationMatrix":[0.355024993,0.934856832,0,-0.934856832,0.355024993,0,0,0,1],"scale":1.19247353,"type":"tree_douglasfir_dead_02"}
{"pos":[898.322449,-836.867859,18.3042717],"rotationMatrix":[-0.610006869,0.792396128,0,-0.792396128,-0.610006869,0,0,0,1],"scale":1.09191728,"type":"tree_douglasfir_dead_02"}
{"pos":[-899.586914,-893.907654,39.3319168],"rotationMatrix":[0.916891813,-0.399135858,0,0.399135858,0.916891813,0,0,0,1],"scale":1.01708639,"type":"tree_douglasfir_dead_02"}
{"pos":[-875.711121,-897.891907,39.6709557],"rotationMatrix":[0.75534457,0.655327857,0,-0.655327857,0.75534457,0,0,0,1],"scale":1.06850851,"type":"tree_douglasfir_dead_02"}
{"pos":[-864.295959,-881.360046,38.2663269],"rotationMatrix":[-0.756309152,0.654214382,0,-0.654214382,-0.756309152,0,0,0,1],"scale":1.34878063,"type":"tree_douglasfir_dead_02"}
{"pos":[-879.488586,-916.263733,40.2189751],"rotationMatrix":[0.912300229,0.409522086,0,-0.409522086,0.912300229,0,0,0,1],"scale":1.21299005,"type":"tree_douglasfir_dead_02"}
{"pos":[-837.878357,-945.178406,17.6962814],"rotationMatrix":[0.821783006,-0.569800556,0,0.569800556,0.821783006,0,0,0,1],"scale":1.24356139,"type":"tree_douglasfir_dead_02"}
{"pos":[-847.781067,-933.984131,25.7151375],"rotationMatrix":[-0.878395915,0.477933735,0,-0.477933735,-0.878395915,0,0,0,1],"scale":0.857799292,"type":"tree_douglasfir_dead_02"}
{"pos":[-716.358398,-800.683167,21.9984436],"rotationMatrix":[-0.674105644,-0.738634944,0,0.738634944,-0.674105644,0,0,0,1],"scale":1.48605609,"type":"tree_douglasfir_dead_02"}
{"pos":[-723.044067,-802.180786,19.1393929],"rotationMatrix":[-0.747676253,0.664063454,0,-0.664063454,-0.747676253,0,0,0,1],"scale":0.936127782,"type":"tree_douglasfir_dead_02"}
{"pos":[-735.11261,-809.923218,11.5056181],"rotationMatrix":[0.965398073,-0.260780662,0,0.260780662,0.965398073,0,0,0,1],"scale":1.16642904,"type":"tree_douglasfir_dead_02"}
{"pos":[-688.543091,-880.907043,20.2265129],"rotationMatrix":[-0.968050778,0.250754237,0,-0.250754237,-0.968050778,0,0,0,1],"scale":0.854922891,"type":"tree_douglasfir_dead_02"}
{"pos":[-700.57074,-886.965393,15.425127],"rotationMatrix":[-0.502402186,0.864634037,0,-0.864634037,-0.502402186,0,0,0,1],"scale":1.00262332,"type":"tree_douglasfir_dead_02"}
{"pos":[-708.266418,-882.949768,12.9703245],"rotationMatrix":[0.458208561,-0.888844728,0,0.888844728,0.458208561,0,0,0,1],"scale":0.768771827,"type":"tree_douglasfir_dead_02"}
{"pos":[-665.090454,-899.119629,12.9337969],"rotationMatrix":[-0.858859837,-0.512210727,0,0.512210727,-0.858859837,0,0,0,1],"scale":0.952587247,"type":"tree_douglasfir_dead_02"}
{"pos":[-674.005066,-899.846558,13.7962599],"rotationMatrix":[-0.0573152006,-0.998356104,0,0.998356104,-0.0573152006,0,0,0,1],"scale":1.07233334,"type":"tree_douglasfir_dead_02"}
{"pos":[-483.984741,-937.702209,10.281291],"rotationMatrix":[-0.433944911,0.900939405,0,-0.900939405,-0.433944911,0,0,0,1],"scale":1.2219404,"type":"tree_douglasfir_dead_02"}
{"pos":[-475.957306,-945.909973,11.2368803],"rotationMatrix":[-0.481968611,0.876188457,0,-0.876188457,-0.481968611,0,0,0,1],"scale":1.31293809,"type":"tree_douglasfir_dead_02"}
{"pos":[-545.817383,-914.677124,15.4686441],"rotationMatrix":[0.826462269,0.562992156,0,-0.562992156,0.826462269,0,0,0,1],"scale":1.3107127,"type":"tree_douglasfir_dead_02"}
{"pos":[-424.546753,-927.929749,32.6363907],"rotationMatrix":[-0.67622757,0.736692786,0,-0.736692786,-0.67622757,0,0,0,1],"scale":1.12308812,"type":"tree_douglasfir_dead_02"}
{"pos":[-427.560547,-919.465759,34.0994072],"rotationMatrix":[-0.82417804,0.566330791,0,-0.566330791,-0.82417804,0,0,0,1],"scale":1.23105323,"type":"tree_douglasfir_dead_02"}
{"pos":[-438.036774,-903.676819,36.5238037],"rotationMatrix":[-0.981147945,0.193258032,0,-0.193258032,-0.981147945,0,0,0,1],"scale":1.34242308,"type":"tree_douglasfir_dead_02"}
{"pos":[-405.689301,-914.451904,37.6759071],"rotationMatrix":[-0.345088661,-0.938570082,0,0.938570082,-0.345088661,0,0,0,1],"scale":0.993597567,"type":"tree_douglasfir_dead_02"}
{"pos":[-374.507324,-912.413757,31.6688366],"rotationMatrix":[-0.136405632,0.990653098,0,-0.990653098,-0.136405632,0,0,0,1],"scale":1.16287053,"type":"tree_douglasfir_dead_02"}
{"pos":[-365.570862,-904.995605,30.5738659],"rotationMatrix":[-0.686281085,-0.727336466,0,0.727336466,-0.686281085,0,0,0,1],"scale":1.16855836,"type":"tree_douglasfir_dead_02"}
{"pos":[-350.160248,-908.55603,27.9341526],"rotationMatrix":[0.457285106,-0.889320135,0,0.889320135,0.457285106,0,0,0,1],"scale":1.28156567,"type":"tree_douglasfir_dead_02"}
{"pos":[931.100708,-659.158142,40.3138351],"rotationMatrix":[-0.871180594,-0.490962714,0,0.490962714,-0.871180594,0,0,0,1],"scale":0.79364872,"type":"tree_douglasfir_dead_02"}
{"pos":[931.151001,-669.939575,41.6896553],"rotationMatrix":[0.934624612,-0.355635822,0,0.355635822,0.934624612,0,0,0,1],"scale":1.48891401,"type":"tree_douglasfir_dead_02"}
{"pos":[924.191528,-603.797729,39.6721382],"rotationMatrix":[0.992843628,0.119421713,0,-0.119421713,0.992843628,0,0,0,1],"scale":1.38893533,"type":"tree_douglasfir_dead_02"}
{"pos":[922.147339,-684.091675,43.2299919],"rotationMatrix":[0.940762341,0.339066714,0,-0.339066714,0.940762341,0,0,0,1],"scale":1.42805612,"type":"tree_douglasfir_dead_02"}
{"pos":[923.655273,-352.835907,37.6708336],"rotationMatrix":[0.929774463,-0.368129611,0,0.368129611,0.929774463,0,0,0,1],"scale":1.38989162,"type":"tree_douglasfir_dead_02"}
{"pos":[968.030151,-401.485901,23.3783512],"rotationMatrix":[-0.999827981,0.0185487047,0,-0.0185487047,-0.999827981,0,0,0,1],"scale":0.835111022,"type":"tree_douglasfir_dead_02"}
{"pos":[953.194763,-406.759521,26.6034336],"rotationMatrix":[-0.865817547,-0.500359893,0,0.500359893,-0.865817547,0,0,0,1],"scale":0.922941685,"type":"tree_douglasfir_dead_02"}
{"pos":[977.105164,-396.764862,20.6665688],"rotationMatrix":[-0.0342626125,0.999412835,0,-0.999412835,-0.0342626125,0,0,0,1],"scale":1.22024894,"type":"tree_douglasfir_dead_02"}
{"pos":[928.54126,-280.445953,38.6077003],"rotationMatrix":[0.845858932,-0.533406615,0,0.533406615,0.845858932,0,0,0,1],"scale":1.00133371,"type":"tree_douglasfir_dead_02"}
{"pos":[926.122681,-262.057495,39.6126518],"rotationMatrix":[0.432174385,-0.901790023,0,0.901790023,0.432174385,0,0,0,1],"scale":1.03247428,"type":"tree_douglasfir_dead_02"}
{"pos":[942.883667,-232.3517,37.1534653],"rotationMatrix":[0.0225667991,0.999745309,0,-0.999745309,0.0225667991,0,0,0,1],"scale":0.965928555,"type":"tree_douglasfir_dead_02"}
{"pos":[956.68573,-243.35022,33.8754463],"rotationMatrix":[0.842146397,0.539249003,0,-0.539249003,0.842146397,0,0,0,1],"scale":0.811234355,"type":"tree_douglasfir_dead_02"}
{"pos":[965.733337,-247.605576,31.6461525],"rotationMatrix":[0.25365442,0.967294931,0,-0.967294931,0.25365442,0,0,0,1],"scale":0.761542439,"type":"tree_douglasfir_dead_02"}
{"pos":[972.181213,-255.315796,31.5200081],"rotationMatrix":[0.980398893,-0.197022796,0,0.197022796,0.980398893,0,0,0,1],"scale":0.821589589,"type":"tree_douglasfir_dead_02"}
{"pos":[957.232849,-264.999512,33.3549767],"rotationMatrix":[0.868678272,-0.495376676,0,0.495376676,0.868678272,0,0,0,1],"scale":1.20353341,"type":"tree_douglasfir_dead_02"}
{"pos":[946.479248,-269.418793,35.5077362],"rotationMatrix":[-0.300979197,-0.953630686,0,0.953630686,-0.300979197,0,0,0,1],"scale":0.859903574,"type":"tree_douglasfir_dead_02"}
{"pos":[967.691772,-308.473389,23.3724728],"rotationMatrix":[-0.81070292,-0.585457742,0,0.585457742,-0.81070292,0,0,0,1],"scale":1.36617446,"type":"tree_douglasfir_dead_02"}
{"pos":[926.708618,-319.141418,37.0278206],"rotationMatrix":[-0.999996126,0.00278385915,0,-0.00278385915,-0.999996126,0,0,0,1],"scale":1.25374556,"type":"tree_douglasfir_dead_02"}
{"pos":[930.024841,-307.755493,37.4121704],"rotationMatrix":[0.186200052,-0.982511878,0,0.982511878,0.186200052,0,0,0,1],"scale":1.32968652,"type":"tree_douglasfir_dead_02"}
{"pos":[922.513306,-304.033844,39.5377007],"rotationMatrix":[-0.86515373,0.501506686,0,-0.501506686,-0.86515373,0,0,0,1],"scale":0.75813359,"type":"tree_douglasfir_dead_02"}
{"pos":[945.183411,-128.24292,36.4252052],"rotationMatrix":[0.623896182,-0.781507254,0,0.781507254,0.623896182,0,0,0,1],"scale":0.776049137,"type":"tree_douglasfir_dead_02"}
{"pos":[922.444702,-154.821182,41.650528],"rotationMatrix":[-0.821750998,-0.569846749,0,0.569846749,-0.821750998,0,0,0,1],"scale":1.46406531,"type":"tree_douglasfir_dead_02"}
{"pos":[920.603027,-148.507721,41.4676132],"rotationMatrix":[-0.992025137,0.126040354,0,-0.126040354,-0.992025137,0,0,0,1],"scale":1.35611296,"type":"tree_douglasfir_dead_02"}
{"pos":[919.878052,-107.488373,39.8954887],"rotationMatrix":[-0.90118885,-0.433426648,0,0.433426648,-0.90118885,0,0,0,1],"scale":0.882519245,"type":"tree_douglasfir_dead_02"}
{"pos":[923.311035,-203.899429,40.5111885],"rotationMatrix":[0.714716971,0.699413776,0,-0.699413776,0.714716971,0,0,0,1],"scale":0.784766376,"type":"tree_douglasfir_dead_02"}
{"pos":[916.993591,-210.412582,39.4826622],"rotationMatrix":[0.923807144,-0.382858098,0,0.382858098,0.923807144,0,0,0,1],"scale":1.39628112,"type":"tree_douglasfir_dead_02"}
{"pos":[952.340637,-97.1972809,33.2599869],"rotationMatrix":[0.979621172,0.200854182,0,-0.200854182,0.979621172,0,0,0,1],"scale":1.4629488,"type":"tree_douglasfir_dead_02"}
{"pos":[956.279724,-90.9546356,35.1415939],"rotationMatrix":[0.553908765,-0.832577407,0,0.832577407,0.553908765,0,0,0,1],"scale":0.872616649,"type":"tree_douglasfir_dead_02"}
{"pos":[985.147461,-95.4613113,19.6475048],"rotationMatrix":[0.810030878,0.586387157,0,-0.586387157,0.810030878,0,0,0,1],"scale":0.75312072,"type":"tree_douglasfir_dead_02"}
{"pos":[978.647278,-93.9642029,22.1051464],"rotationMatrix":[-0.999782741,-0.0208440553,0,0.0208440553,-0.999782741,0,0,0,1],"scale":0.941470385,"type":"tree_douglasfir_dead_02"}
{"pos":[969.693604,-104.180779,25.5295181],"rotationMatrix":[-0.72859019,-0.684949875,0,0.684949875,-0.72859019,0,0,0,1],"scale":0.816343069,"type":"tree_douglasfir_dead_02"}
{"pos":[932.757996,-52.8992958,40.7065582],"rotationMatrix":[-0.852542341,0.522658169,0,-0.522658169,-0.852542341,0,0,0,1],"scale":1.08041239,"type":"tree_douglasfir_dead_02"}
{"pos":[924.819458,-40.4841499,43.8331833],"rotationMatrix":[-0.702724695,-0.711461842,0,0.711461842,-0.702724695,0,0,0,1],"scale":1.35157406,"type":"tree_douglasfir_dead_02"}
{"pos":[928.050049,-32.8125534,44.3387413],"rotationMatrix":[0.881833971,-0.471560001,0,0.471560001,0.881833971,0,0,0,1],"scale":1.40315008,"type":"tree_douglasfir_dead_02"}
{"pos":[966.801819,-32.8716774,31.7091408],"rotationMatrix":[0.82578516,0.563984871,0,-0.563984871,0.82578516,0,0,0,1],"scale":1.49732196,"type":"tree_douglasfir_dead_02"}
{"pos":[944.063171,-33.8549919,40.8373947],"rotationMatrix":[0.198251337,0.980151236,0,-0.980151236,0.198251337,0,0,0,1],"scale":1.37471914,"type":"tree_douglasfir_dead_02"}
{"pos":[969.731201,-29.0654984,31.2374115],"rotationMatrix":[0.887847245,-0.460138291,0,0.460138291,0.887847245,0,0,0,1],"scale":1.33974314,"type":"tree_douglasfir_dead_02"}
{"pos":[963.921204,-27.3877544,33.1028748],"rotationMatrix":[0.377058387,-0.926189482,0,0.926189482,0.377058387,0,0,0,1],"scale":1.20684719,"type":"tree_douglasfir_dead_02"}
{"pos":[976.967041,-21.1361656,26.4049664],"rotationMatrix":[0.342711389,0.939440727,0,-0.939440727,0.342711389,0,0,0,1],"scale":1.19142902,"type":"tree_douglasfir_dead_02"}
{"pos":[928.793762,17.8308315,44.0751648],"rotationMatrix":[-0.119209833,-0.992869079,0,0.992869079,-0.119209833,0,0,0,1],"scale":0.838376641,"type":"tree_douglasfir_dead_02"}
{"pos":[962.299805,-9.08615589,31.7589855],"rotationMatrix":[-0.650909722,-0.759155154,0,0.759155154,-0.650909722,0,0,0,1],"scale":1.36428452,"type":"tree_douglasfir_dead_02"}
{"pos":[972.049683,-11.5642862,27.3256226],"rotationMatrix":[0.728041172,-0.685533404,0,0.685533404,0.728041172,0,0,0,1],"scale":1.2526269,"type":"tree_douglasfir_dead_02"}
{"pos":[945.785583,66.5699997,40.2273407],"rotationMatrix":[-0.585469186,0.810694635,0,-0.810694635,-0.585469186,0,0,0,1],"scale":0.793445826,"type":"tree_douglasfir_dead_02"}
{"pos":[954.108337,79.8378754,35.3876801],"rotationMatrix":[0.946028829,-0.324082553,0,0.324082553,0.946028829,0,0,0,1],"scale":1.09572756,"type":"tree_douglasfir_dead_02"}
{"pos":[955.264465,68.9432831,36.6907158],"rotationMatrix":[0.339164197,-0.940727174,0,0.940727174,0.339164197,0,0,0,1],"scale":1.48863649,"type":"tree_douglasfir_dead_02"}
{"pos":[958.26709,65.4372864,35.2040138],"rotationMatrix":[-0.3360551,0.941842318,0,-0.941842318,-0.3360551,0,0,0,1],"scale":1.43682039,"type":"tree_douglasfir_dead_02"}
{"pos":[961.345032,81.4799881,29.4127579],"rotationMatrix":[0.469837934,0.870766222,-0.144974992,-0.832056224,0.491696328,0.256742448,0.294846475,1.40307677e-09,0.955544472],"scale":1.48863304,"type":"tree_douglasfir_dead_02"}
{"pos":[922.433594,140.766312,50.0938683],"rotationMatrix":[0.997951984,-0.0639674291,0,0.0639674291,0.997951984,0,0,0,1],"scale":1.08210206,"type":"tree_douglasfir_dead_02"}
{"pos":[930.262085,135.810898,43.3195724],"rotationMatrix":[-0.758991897,-0.651100099,0,0.651100099,-0.758991897,0,0,0,1],"scale":0.781535745,"type":"tree_douglasfir_dead_02"}
{"pos":[962.165771,311.081177,40.6862488],"rotationMatrix":[0.108226411,-0.99412626,0,0.99412626,0.108226411,0,0,0,1],"scale":1.13511181,"type":"tree_douglasfir_dead_02"}
{"pos":[924.794128,249.552277,47.0035439],"rotationMatrix":[-0.950533986,0.310620546,0,-0.310620546,-0.950533986,0,0,0,1],"scale":1.49252295,"type":"tree_douglasfir_dead_02"}
{"pos":[920.946655,11.4290113,45.4440651],"rotationMatrix":[0.743818998,0.668381155,0,-0.668381155,0.743818998,0,0,0,1],"scale":0.816851377,"type":"tree_douglasfir_dead_02"}
{"pos":[919.65564,-0.872605324,46.2089195],"rotationMatrix":[0.259820014,-0.965657055,0,0.965657055,0.259820014,0,0,0,1],"scale":0.914869905,"type":"tree_douglasfir_dead_02"}
{"pos":[923.686462,-28.2502995,44.7518806],"rotationMatrix":[0.682844222,-0.730563998,0,0.730563998,0.682844222,0,0,0,1],"scale":1.19631386,"type":"tree_douglasfir_dead_02"}
{"pos":[924.923462,-51.5455322,43.1889725],"rotationMatrix":[-0.602934897,0.797790349,0,-0.797790349,-0.602934897,0,0,0,1],"scale":1.24964988,"type":"tree_douglasfir_dead_02"}
{"pos":[949.842285,-76.8897247,37.9734497],"rotationMatrix":[0.806183398,-0.591665745,0,0.591665745,0.806183398,0,0,0,1],"scale":0.815202594,"type":"tree_douglasfir_dead_02"}
{"pos":[958.712158,123.921059,31.2705898],"rotationMatrix":[-0.287292987,0.957842767,0,-0.957842767,-0.287292987,0,0,0,1],"scale":0.710342169,"type":"tree_douglasfir_dead_02"}
{"pos":[961.130005,122.186577,29.962923],"rotationMatrix":[-0.998764813,-0.0496878102,0,0.0496878102,-0.998764813,0,0,0,1],"scale":1.09198558,"type":"tree_douglasfir_dead_02"}
{"pos":[969.872681,119.246735,25.7137012],"rotationMatrix":[0.667008936,0.745049715,0,-0.745049715,0.667008936,0,0,0,1],"scale":0.999285758,"type":"tree_douglasfir_dead_02"}
{"pos":[977.635742,405.424377,49.5876427],"rotationMatrix":[-0.679910004,0.73329556,0,-0.73329556,-0.679910004,0,0,0,1],"scale":0.783849895,"type":"tree_douglasfir_dead_02"}
{"pos":[967.048279,334.002136,40.4336319],"rotationMatrix":[-0.158390135,0.98737663,0,-0.98737663,-0.158390135,0,0,0,1],"scale":1.44870591,"type":"tree_douglasfir_dead_02"}
{"pos":[977.657654,359.317657,38.7452927],"rotationMatrix":[-0.998330116,0.057766296,0,-0.057766296,-0.998330116,0,0,0,1],"scale":1.11323345,"type":"tree_douglasfir_dead_02"}
{"pos":[977.188904,470.099915,48.3020096],"rotationMatrix":[-0.975713432,0.219050989,0,-0.219050989,-0.975713432,0,0,0,1],"scale":0.925818324,"type":"tree_douglasfir_dead_02"}
{"pos":[936.323975,203.623367,31.4428787],"rotationMatrix":[0.0109512564,-0.999940038,0,0.999940038,0.0109512564,0,0,0,1],"scale":0.856553018,"type":"tree_douglasfir_dead_02"}
{"pos":[943.908936,211.085464,28.8694973],"rotationMatrix":[0.942079484,0.335389733,0,-0.335389733,0.942079484,0,0,0,1],"scale":0.818173647,"type":"tree_douglasfir_dead_02"}
{"pos":[960.690247,183.805298,29.1119709],"rotationMatrix":[0.659075379,-0.752076924,0,0.752076924,0.659075379,0,0,0,1],"scale":0.712848485,"type":"tree_douglasfir_dead_02"}
{"pos":[948.519592,181.937408,34.2162437],"rotationMatrix":[-0.180630013,-0.983551145,0,0.983551145,-0.180630013,0,0,0,1],"scale":0.708331883,"type":"tree_douglasfir_dead_02"}
{"pos":[969.808289,168.042542,22.1307297],"rotationMatrix":[-0.849463344,-0.527647674,0,0.527647674,-0.849463344,0,0,0,1],"scale":1.4250077,"type":"tree_douglasfir_dead_02"}
{"pos":[943.69104,537.857544,26.3256912],"rotationMatrix":[-0.7219643,0.691930294,0,-0.691930294,-0.7219643,0,0,0,1],"scale":0.920254588,"type":"tree_douglasfir_dead_02"}
{"pos":[946.871338,492.07135,48.5358849],"rotationMatrix":[0.480230629,-0.877142251,0,0.877142251,0.480230629,0,0,0,1],"scale":1.33681273,"type":"tree_douglasfir_dead_02"}
{"pos":[863.521118,530.552429,47.8293152],"rotationMatrix":[0.991546631,-0.129750863,0,0.129750863,0.991546631,0,0,0,1],"scale":0.822474837,"type":"tree_douglasfir_dead_02"}
{"pos":[875.808411,513.744873,49.9309807],"rotationMatrix":[0.97885716,-0.204545096,0,0.204545096,0.97885716,0,0,0,1],"scale":1.32811308,"type":"tree_douglasfir_dead_02"}
{"pos":[886.050964,504.436462,51.3974228],"rotationMatrix":[0.258885801,0.965907931,0,-0.965907931,0.258885801,0,0,0,1],"scale":0.903413534,"type":"tree_douglasfir_dead_02"}
{"pos":[894.717712,503.347198,49.6635742],"rotationMatrix":[-0.873600245,0.486644268,0,-0.486644268,-0.873600245,0,0,0,1],"scale":0.964487493,"type":"tree_douglasfir_dead_02"}
{"pos":[898.072266,576.235352,22.3354435],"rotationMatrix":[-0.909435689,0.41584453,0,-0.41584453,-0.909435689,0,0,0,1],"scale":1.05571723,"type":"tree_douglasfir_dead_02"}
{"pos":[892.495972,558.973755,28.2078075],"rotationMatrix":[0.247193292,0.968966186,0,-0.968966186,0.247193292,0,0,0,1],"scale":0.943959832,"type":"tree_douglasfir_dead_02"}
{"pos":[880.25116,563.08667,29.8200836],"rotationMatrix":[0.555989087,-0.831189573,0,0.831189573,0.555989087,0,0,0,1],"scale":1.45987821,"type":"tree_douglasfir_dead_02"}
{"pos":[907.623901,546.512451,26.0334454],"rotationMatrix":[0.513117611,-0.858318329,0,0.858318329,0.513117611,0,0,0,1],"scale":1.36370754,"type":"tree_douglasfir_dead_02"}
{"pos":[852.262695,584.051514,38.7592278],"rotationMatrix":[0.829460323,0.558565617,0,-0.558565617,0.829460323,0,0,0,1],"scale":1.45834398,"type":"tree_douglasfir_dead_02"}
{"pos":[867.389404,543.042847,43.112114],"rotationMatrix":[-0.0663961545,-0.997793317,0,0.997793317,-0.0663961545,0,0,0,1],"scale":0.97272414,"type":"tree_douglasfir_dead_02"}
{"pos":[985.50061,703.269653,19.9491463],"rotationMatrix":[-0.518815815,-0.854886055,0,0.854886055,-0.518815815,0,0,0,1],"scale":1.21912122,"type":"tree_douglasfir_dead_02"}
{"pos":[977.896179,753.039185,15.4450293],"rotationMatrix":[-0.996689856,0.0812980235,0,-0.0812980235,-0.996689856,0,0,0,1],"scale":1.04863596,"type":"tree_douglasfir_dead_02"}
{"pos":[980.335693,754.21106,15.4035025],"rotationMatrix":[0.759951174,-0.649980187,0,0.649980187,0.759951174,0,0,0,1],"scale":1.09565401,"type":"tree_douglasfir_dead_02"}
{"pos":[988.320251,749.580872,14.2985363],"rotationMatrix":[0.793710291,0.608295977,0,-0.608295977,0.793710291,0,0,0,1],"scale":1.49976993,"type":"tree_douglasfir_dead_02"}
{"pos":[991.517151,737.053284,14.4313726],"rotationMatrix":[-0.226876572,0.973923504,0,-0.973923504,-0.226876572,0,0,0,1],"scale":1.0927546,"type":"tree_douglasfir_dead_02"}
{"pos":[982.312317,743.471985,15.4259024],"rotationMatrix":[-0.180904478,-0.983500659,0,0.983500659,-0.180904478,0,0,0,1],"scale":0.953129888,"type":"tree_douglasfir_dead_02"}
{"pos":[991.477356,716.570374,17.2012711],"rotationMatrix":[0.715195715,0.698924243,0,-0.698924243,0.715195715,0,0,0,1],"scale":0.967034101,"type":"tree_douglasfir_dead_02"}
{"pos":[967.660217,649.275391,12.7572384],"rotationMatrix":[0.00218726229,0.999997616,0,-0.999997616,0.00218726229,0,0,0,1],"scale":0.844874382,"type":"tree_douglasfir_dead_02"}
{"pos":[968.202271,945.93219,13.362812],"rotationMatrix":[0.841993034,-0.539488435,0,0.539488435,0.841993034,0,0,0,1],"scale":1.35644841,"type":"tree_douglasfir_dead_02"}
{"pos":[958.306458,924.80127,18.5329552],"rotationMatrix":[0.837309241,0.546729565,0,-0.546729565,0.837309241,0,0,0,1],"scale":0.771251619,"type":"tree_douglasfir_dead_02"}
{"pos":[955.238831,930.059265,20.6336727],"rotationMatrix":[0.701789141,-0.71238476,0,0.71238476,0.701789141,0,0,0,1],"scale":1.34837866,"type":"tree_douglasfir_dead_02"}
{"pos":[958.665894,913.037964,16.2093468],"rotationMatrix":[-0.700206995,-0.713939905,0,0.713939905,-0.700206995,0,0,0,1],"scale":1.14377892,"type":"tree_douglasfir_dead_02"}
{"pos":[910.388245,856.460693,12.7131405],"rotationMatrix":[-0.995271623,-0.0971310884,0,0.0971310884,-0.995271623,0,0,0,1],"scale":0.954327285,"type":"tree_douglasfir_dead_02"}
{"pos":[868.53479,790.873718,29.8301754],"rotationMatrix":[-0.995781302,0.0917580724,0,-0.0917580724,-0.995781302,0,0,0,1],"scale":1.24549353,"type":"tree_douglasfir_dead_02"}
{"pos":[875.525391,777.683289,21.0489311],"rotationMatrix":[0.999983072,-0.00582308322,0,0.00582308322,0.999983072,0,0,0,1],"scale":1.42368329,"type":"tree_douglasfir_dead_02"}
{"pos":[891.341919,778.28009,13.8442316],"rotationMatrix":[0.528162062,0.849143565,0,-0.849143565,0.528162062,0,0,0,1],"scale":1.31397915,"type":"tree_douglasfir_dead_02"}
{"pos":[881.329468,727.942749,12.6016617],"rotationMatrix":[0.986166358,-0.165758476,0,0.165758476,0.986166358,0,0,0,1],"scale":1.1549499,"type":"tree_douglasfir_dead_02"}
{"pos":[877.359009,719.237183,11.2075605],"rotationMatrix":[-0.656467378,0.754354417,0,-0.754354417,-0.656467378,0,0,0,1],"scale":1.02444792,"type":"tree_douglasfir_dead_02"}
{"pos":[828.135132,701.303711,53.5511818],"rotationMatrix":[-0.536853194,-0.843675673,0,0.843675673,-0.536853194,0,0,0,1],"scale":1.3825202,"type":"tree_douglasfir_dead_02"}
{"pos":[873.070496,668.645325,15.1741276],"rotationMatrix":[-0.999995232,0.00308784144,0,-0.00308784144,-0.999995232,0,0,0,1],"scale":0.767605364,"type":"tree_douglasfir_dead_02"}
{"pos":[853.48938,643.653076,39.3190117],"rotationMatrix":[-0.608439147,0.793600559,0,-0.793600559,-0.608439147,0,0,0,1],"scale":1.31476617,"type":"tree_douglasfir_dead_02"}
{"pos":[101.182526,771.251221,37.9753075],"rotationMatrix":[-0.330970466,-0.943641126,0,0.943641126,-0.330970466,0,0,0,1],"scale":1.47321963,"type":"tree_douglasfir_dead_02"}
{"pos":[127.543259,771.278259,40.0079422],"rotationMatrix":[-0.174005017,0.984744787,0,-0.984744787,-0.174005017,0,0,0,1],"scale":1.30778468,"type":"tree_douglasfir_dead_02"}
{"pos":[34.0944061,813.032288,30.8142509],"rotationMatrix":[0.887448251,-0.460907429,0,0.460907429,0.887448251,0,0,0,1],"scale":0.998435974,"type":"tree_douglasfir_dead_02"}
{"pos":[259.113007,616.587708,54.392498],"rotationMatrix":[0.694213092,-0.719769537,0,0.719769537,0.694213092,0,0,0,1],"scale":1.16651464,"type":"tree_douglasfir_dead_02"}
{"pos":[258.829834,647.355408,51.1899185],"rotationMatrix":[0.0651031882,-0.997878551,0,0.997878551,0.0651031882,0,0,0,1],"scale":1.31740475,"type":"tree_douglasfir_dead_02"}
{"pos":[308.087189,681.453796,51.9945946],"rotationMatrix":[0.993556142,-0.113340817,0,0.113340817,0.993556142,0,0,0,1],"scale":1.29288948,"type":"tree_douglasfir_dead_02"}
{"pos":[305.836884,753.632751,46.6321144],"rotationMatrix":[0.26309672,0.964769483,0,-0.964769483,0.26309672,0,0,0,1],"scale":0.981790245,"type":"tree_douglasfir_dead_02"}
{"pos":[194.243637,675.921692,49.0042152],"rotationMatrix":[0.588217854,0.808702528,0,-0.808702528,0.588217854,0,0,0,1],"scale":0.957196236,"type":"tree_douglasfir_dead_02"}
{"pos":[162.784103,692.2995,45.4811707],"rotationMatrix":[-0.181136623,-0.983457923,0,0.983457923,-0.181136623,0,0,0,1],"scale":0.863945186,"type":"tree_douglasfir_dead_02"}
{"pos":[181.707901,701.808594,48.8611946],"rotationMatrix":[0.844000161,0.536342859,0,-0.536342859,0.844000161,0,0,0,1],"scale":0.94497335,"type":"tree_douglasfir_dead_02"}
{"pos":[141.086761,746.421143,43.154747],"rotationMatrix":[0.395046443,0.918661177,0,-0.918661177,0.395046443,0,0,0,1],"scale":0.995881438,"type":"tree_douglasfir_dead_02"}
{"pos":[223.336014,665.718445,51.71978],"rotationMatrix":[-0.899750113,0.43640542,0,-0.43640542,-0.899750113,0,0,0,1],"scale":0.931165457,"type":"tree_douglasfir_dead_02"}
{"pos":[253.392853,632.414856,52.0744057],"rotationMatrix":[0.35375762,-0.935337126,0,0.935337126,0.35375762,0,0,0,1],"scale":0.738932669,"type":"tree_douglasfir_dead_02"}
{"pos":[73.1999817,798.519531,35.5152664],"rotationMatrix":[-0.596199989,-0.802835941,0,0.802835941,-0.596199989,0,0,0,1],"scale":0.870083928,"type":"tree_douglasfir_dead_02"}
{"pos":[519.970215,464.198242,57.4218216],"rotationMatrix":[0.604657292,-0.796485782,0,0.796485782,0.604657292,0,0,0,1],"scale":1.21971202,"type":"tree_douglasfir_dead_02"}
{"pos":[-189.266617,619.530212,31.4218674],"rotationMatrix":[0.622509837,-0.782611966,0,0.782611966,0.622509837,0,0,0,1],"scale":0.823530972,"type":"tree_douglasfir_dead_02"}
{"pos":[-204.329224,645.168884,27.787096],"rotationMatrix":[0.993768334,0.11146538,0,-0.11146538,0.993768334,0,0,0,1],"scale":1.10148203,"type":"tree_douglasfir_dead_02"}
{"pos":[-225.531387,641.503113,25.8628254],"rotationMatrix":[-0.695757985,-0.718276262,0,0.718276262,-0.695757985,0,0,0,1],"scale":1.3609004,"type":"tree_douglasfir_dead_02"}
{"pos":[-234.000946,613.997864,27.6599598],"rotationMatrix":[0.106326923,0.994331241,0,-0.994331241,0.106326923,0,0,0,1],"scale":1.0046277,"type":"tree_douglasfir_dead_02"}
{"pos":[-279.338593,558.140503,31.6084633],"rotationMatrix":[0.397890627,-0.917432845,0,0.917432845,0.397890627,0,0,0,1],"scale":0.983410597,"type":"tree_douglasfir_dead_02"}
{"pos":[-269.046539,600.514893,25.5711193],"rotationMatrix":[-0.982096732,0.18837741,0,-0.18837741,-0.982096732,0,0,0,1],"scale":0.734797657,"type":"tree_douglasfir_dead_02"}
{"pos":[-285.214447,598.40802,24.5449715],"rotationMatrix":[-0.602146327,-0.798385739,0,0.798385739,-0.602146327,0,0,0,1],"scale":1.21202064,"type":"tree_douglasfir_dead_02"}
{"pos":[-229.831543,741.071228,30.7879257],"rotationMatrix":[0.982066274,0.188536137,0,-0.188536137,0.982066274,0,0,0,1],"scale":1.15962958,"type":"tree_douglasfir_dead_02"}
{"pos":[-222.147324,739.947937,30.7205639],"rotationMatrix":[0.880453587,0.474132359,0,-0.474132359,0.880453587,0,0,0,1],"scale":0.825120449,"type":"tree_douglasfir_dead_02"}
{"pos":[-235.083893,683.211792,23.0744572],"rotationMatrix":[-0.39345482,0.919343948,0,-0.919343948,-0.39345482,0,0,0,1],"scale":0.778059959,"type":"tree_douglasfir_dead_02"}
{"pos":[-252.505569,687.278442,23.2626896],"rotationMatrix":[0.503439188,0.864030659,0,-0.864030659,0.503439188,0,0,0,1],"scale":1.13179827,"type":"tree_douglasfir_dead_02"}
{"pos":[-273.06543,673.896667,24.4335556],"rotationMatrix":[-0.355715364,0.934594333,0,-0.934594333,-0.355715364,0,0,0,1],"scale":1.3884666,"type":"tree_douglasfir_dead_02"}
{"pos":[-29.5918217,570.254578,35.5165787],"rotationMatrix":[0.987666547,0.15657188,0,-0.15657188,0.987666547,0,0,0,1],"scale":1.21075428,"type":"tree_douglasfir_dead_02"}
{"pos":[-9.68028259,570.274048,35.2110252],"rotationMatrix":[0.293006688,-0.956110418,0,0.956110418,0.293006688,0,0,0,1],"scale":0.760762215,"type":"tree_douglasfir_dead_02"}
{"pos":[-2.21908092,600.009216,36.5906944],"rotationMatrix":[-0.999273002,-0.0381245315,0,0.0381245315,-0.999273002,0,0,0,1],"scale":1.11483729,"type":"tree_douglasfir_dead_02"}
{"pos":[-68.6261978,597.934875,37.550457],"rotationMatrix":[-0.208233267,0.9780792,0,-0.9780792,-0.208233267,0,0,0,1],"scale":0.929560244,"type":"tree_douglasfir_dead_02"}
{"pos":[-63.6449928,601.36615,37.8633728],"rotationMatrix":[-0.725079298,-0.68866539,0,0.68866539,-0.725079298,0,0,0,1],"scale":1.31679773,"type":"tree_douglasfir_dead_02"}
{"pos":[-69.6736145,588.192627,36.9495811],"rotationMatrix":[0.481206387,0.876607358,0,-0.876607358,0.481206387,0,0,0,1],"scale":1.35900772,"type":"tree_douglasfir_dead_02"}
{"pos":[-67.5739822,587.53717,37.2579536],"rotationMatrix":[0.594150424,0.804353952,0,-0.804353952,0.594150424,0,0,0,1],"scale":0.894546628,"type":"tree_douglasfir_dead_02"}
{"pos":[-67.8842087,582.876526,37.011879],"rotationMatrix":[0.577793062,0.816183269,0,-0.816183269,0.577793062,0,0,0,1],"scale":0.787264347,"type":"tree_douglasfir_dead_02"}
{"pos":[-54.0051193,594.164307,37.5023689],"rotationMatrix":[-0.222117007,0.975019991,0,-0.975019991,-0.222117007,0,0,0,1],"scale":1.18715477,"type":"tree_douglasfir_dead_02"}
{"pos":[-54.9369583,591.114014,37.4183044],"rotationMatrix":[-0.159149215,-0.98725456,0,0.98725456,-0.159149215,0,0,0,1],"scale":1.33070672,"type":"tree_douglasfir_dead_02"}
{"pos":[167.672531,601.369812,39.3334885],"rotationMatrix":[-0.930915415,0.365234792,0,-0.365234792,-0.930915415,0,0,0,1],"scale":1.0352962,"type":"tree_douglasfir_dead_02"}
{"pos":[155.782257,609.932007,37.1110954],"rotationMatrix":[-0.681208432,0.73208952,0,-0.73208952,-0.681208432,0,0,0,1],"scale":1.3186692,"type":"tree_douglasfir_dead_02"}
{"pos":[179.490311,595.460022,41.8189316],"rotationMatrix":[-0.00557561591,0.999984443,0,-0.999984443,-0.00557561591,0,0,0,1],"scale":1.01025558,"type":"tree_douglasfir_dead_02"}
{"pos":[167.014236,598.192688,38.8064995],"rotationMatrix":[-0.540753722,-0.84118098,0,0.84118098,-0.540753722,0,0,0,1],"scale":0.915366232,"type":"tree_douglasfir_dead_02"}
{"pos":[160.841583,570.225281,36.516552],"rotationMatrix":[0.169247761,0.98557353,0,-0.98557353,0.169247761,0,0,0,1],"scale":1.01093245,"type":"tree_douglasfir_dead_02"}
{"pos":[94.8148575,284.473938,64.3206482],"rotationMatrix":[0.198025778,-0.980196834,0,0.980196834,0.198025778,0,0,0,1],"scale":0.908280253,"type":"tree_douglasfir_dead_02"}
{"pos":[100.042824,230.263794,77.7642136],"rotationMatrix":[-0.873874366,-0.486151874,0,0.486151874,-0.873874366,0,0,0,1],"scale":1.12044477,"type":"tree_douglasfir_dead_02"}
{"pos":[214.165665,464.031464,49.6835594],"rotationMatrix":[0.209146217,-0.977884352,0,0.977884352,0.209146217,0,0,0,1],"scale":0.826506615,"type":"tree_douglasfir_dead_02"}
{"pos":[209.568405,487.178101,47.0027657],"rotationMatrix":[-0.701094151,-0.713068724,0,0.713068724,-0.701094151,0,0,0,1],"scale":0.727836728,"type":"tree_douglasfir_dead_02"}
{"pos":[215.432205,501.062744,50.6653099],"rotationMatrix":[-0.191303119,0.981531024,0,-0.981531024,-0.191303119,0,0,0,1],"scale":0.805148602,"type":"tree_douglasfir_dead_02"}
{"pos":[264.286957,566.456665,60.4214249],"rotationMatrix":[0.427592605,-0.903971553,0,0.903971553,0.427592605,0,0,0,1],"scale":1.17684674,"type":"tree_douglasfir_dead_02"}
{"pos":[232.878677,561.432068,53.4689407],"rotationMatrix":[-0.952625096,-0.304146975,0,0.304146975,-0.952625096,0,0,0,1],"scale":1.02888083,"type":"tree_douglasfir_dead_02"}
{"pos":[310.593689,484.482574,70.5139923],"rotationMatrix":[-0.641151547,-0.767414272,0,0.767414272,-0.641151547,0,0,0,1],"scale":0.966102958,"type":"tree_douglasfir_dead_02"}
{"pos":[317.816071,476.306915,68.3012924],"rotationMatrix":[-0.856049001,-0.516894698,0,0.516894698,-0.856049001,0,0,0,1],"scale":0.93695277,"type":"tree_douglasfir_dead_02"}
{"pos":[303.211212,409.51001,69.1403503],"rotationMatrix":[-0.570881188,0.821032703,0,-0.821032703,-0.570881188,0,0,0,1],"scale":0.807151556,"type":"tree_douglasfir_dead_02"}
{"pos":[303.500702,394.068115,68.7987213],"rotationMatrix":[-0.915305376,-0.402760595,0,0.402760595,-0.915305376,0,0,0,1],"scale":1.45484436,"type":"tree_douglasfir_dead_02"}
{"pos":[283.519348,369.022369,66.8002625],"rotationMatrix":[0.649786532,0.760116756,0,-0.760116756,0.649786532,0,0,0,1],"scale":1.48447883,"type":"tree_douglasfir_dead_02"}
{"pos":[312.741577,520.932556,68.4603119],"rotationMatrix":[-0.598360956,-0.801226616,0,0.801226616,-0.598360956,0,0,0,1],"scale":0.869976044,"type":"tree_douglasfir_dead_02"}
{"pos":[302.127258,397.906219,69.4916916],"rotationMatrix":[-0.465243429,0.885182798,0,-0.885182798,-0.465243429,0,0,0,1],"scale":1.03007114,"type":"tree_douglasfir_dead_02"}
