{"pos":[361.360016,77.732193,258.214417],"rotationMatrix":[-0.850408673,0.52612263,0,-0.52612263,-0.850408673,0,0,0,0.999999881],"scale":1.200822,"type":"tree_aspen_large_b"}
{"pos":[291.588379,92.7420883,256.009521],"rotationMatrix":[-0.652040064,0.758184254,0,-0.758184254,-0.652040064,0,0,0,0.999999881],"scale":1.20096195,"type":"tree_aspen_large_b"}
{"pos":[255.496765,119.65802,253.813416],"rotationMatrix":[-0.925287306,-0.379266888,0,0.379266888,-0.925287306,0,0,0,0.999999881],"scale":1.41950405,"type":"tree_aspen_large_b"}
{"pos":[250.675613,152.224594,252.907242],"rotationMatrix":[-0.941004515,0.338393986,0,-0.338393986,-0.941004515,0,0,0,0.999999881],"scale":1.21521556,"type":"tree_aspen_large_b"}
{"pos":[243.4263,171.040649,252.142303],"rotationMatrix":[-0.0346927978,-0.999397933,0,0.999397933,-0.0346927978,0,0,0,0.999999881],"scale":1.28458261,"type":"tree_aspen_large_b"}
{"pos":[213.018997,176.337204,253.537338],"rotationMatrix":[-0.231541514,-0.972824872,0,0.972824872,-0.231541514,0,0,0,0.999999881],"scale":1.25218487,"type":"tree_aspen_large_b"}
{"pos":[173.230316,151.358582,254.319077],"rotationMatrix":[0.579160333,0.815213621,0,-0.815213621,0.579160333,0,0,0,0.999999881],"scale":1.43520629,"type":"tree_aspen_large_b"}
{"pos":[154.728149,59.0142326,253.285583],"rotationMatrix":[-0.0771625564,0.997018397,0,-0.997018397,-0.0771625564,0,0,0,0.999999881],"scale":1.42740107,"type":"tree_aspen_large_b"}
{"pos":[188.249573,62.4426346,253.95491],"rotationMatrix":[-0.934890628,0.354935646,0,-0.354935646,-0.934890628,0,0,0,0.999999881],"scale":1.24050629,"type":"tree_aspen_large_b"}
{"pos":[210.74765,86.2148438,253.59996],"rotationMatrix":[-0.778589964,0.627532899,0,-0.627532899,-0.778589964,0,0,0,0.999999881],"scale":1.29727232,"type":"tree_aspen_large_b"}
{"pos":[293.754456,75.6879349,255.179718],"rotationMatrix":[0.32994625,0.943999708,0,-0.943999708,0.32994625,0,0,0,0.999999881],"scale":1.29952586,"type":"tree_aspen_large_b"}
{"pos":[222.935074,155.621338,254.12056],"rotationMatrix":[-0.424670577,-0.905347943,0,0.905347943,-0.424670577,0,0,0,0.999999881],"scale":1.28175426,"type":"tree_aspen_large_b"}
{"pos":[236.927963,134.141953,253.430573],"rotationMatrix":[-0.69601661,-0.718025684,0,0.718025684,-0.69601661,0,0,0,0.999999881],"scale":1.37040401,"type":"tree_aspen_large_b"}
{"pos":[235.044342,144.143616,253.839951],"rotationMatrix":[-0.939144194,0.343522787,0,-0.343522787,-0.939144194,0,0,0,0.999999881],"scale":1.44272411,"type":"tree_aspen_large_b"}
{"pos":[202.599945,137.211746,253.588699],"rotationMatrix":[-0.985629141,-0.168922901,0,0.168922901,-0.985629141,0,0,0,0.999999881],"scale":1.34785926,"type":"tree_aspen_large_b"}
{"pos":[217.756699,146.614288,253.234238],"rotationMatrix":[-0.539380252,0.842062116,0,-0.842062116,-0.539380252,0,0,0,0.999999881],"scale":1.22377467,"type":"tree_aspen_large_b"}
{"pos":[215.074631,135.223282,253.990234],"rotationMatrix":[-0.057304766,-0.9983567,0,0.9983567,-0.057304766,0,0,0,0.999999881],"scale":1.27124298,"type":"tree_aspen_large_b"}
{"pos":[212.552673,126.562256,253.571533],"rotationMatrix":[-0.314131975,0.949379206,0,-0.949379206,-0.314131975,0,0,0,0.999999881],"scale":1.29409611,"type":"tree_aspen_large_b"}
{"pos":[211.16951,147.7509,254.031967],"rotationMatrix":[0.0393657796,0.999224842,0,-0.999224842,0.0393657796,0,0,0,0.999999881],"scale":1.41205895,"type":"tree_aspen_large_b"}
{"pos":[208.9944,130.681702,253.457672],"rotationMatrix":[-0.624622524,0.780926645,0,-0.780926645,-0.624622524,0,0,0,0.999999881],"scale":1.2571851,"type":"tree_aspen_large_b"}
{"pos":[226.832123,133.361832,254.14946],"rotationMatrix":[-0.935637951,0.352961123,0,-0.352961123,-0.935637951,0,0,0,0.999999881],"scale":1.25269544,"type":"tree_aspen_large_b"}
{"pos":[213.540787,143.873093,254.097229],"rotationMatrix":[-0.697714567,0.716375649,0,-0.716375649,-0.697714567,0,0,0,0.999999881],"scale":1.34019518,"type":"tree_aspen_large_b"}
{"pos":[228.66626,131.792313,253.999054],"rotationMatrix":[-0.180522755,-0.983570755,0,0.983570755,-0.180522755,0,0,0,0.999999881],"scale":1.28182817,"type":"tree_aspen_large_b"}
{"pos":[206.706589,151.486115,253.735504],"rotationMatrix":[-0.919170082,0.393860579,0,-0.393860579,-0.919170082,0,0,0,0.999999881],"scale":1.43526709,"type":"tree_aspen_large_b"}
{"pos":[203.383057,153.003571,253.713867],"rotationMatrix":[0.267555416,-0.963542402,0,0.963542402,0.267555416,0,0,0,0.999999881],"scale":1.2936132,"type":"tree_aspen_large_b"}
{"pos":[208.463776,158.500854,253.382339],"rotationMatrix":[0.436687738,0.899613142,0,-0.899613142,0.436687738,0,0,0,0.999999881],"scale":1.48939133,"type":"tree_aspen_large_b"}
{"pos":[230.734497,158.695526,253.972458],"rotationMatrix":[-0.42437911,0.905484498,0,-0.905484498,-0.42437911,0,0,0,0.999999881],"scale":1.41608942,"type":"tree_aspen_large_b"}
{"pos":[209.602982,153.086411,253.38028],"rotationMatrix":[0.670120656,0.742252171,0,-0.742252171,0.670120656,0,0,0,0.999999881],"scale":1.2657547,"type":"tree_aspen_large_b"}
{"pos":[215.77037,152.491959,253.530716],"rotationMatrix":[-0.0504130311,0.998728395,0,-0.998728395,-0.0504130311,0,0,0,0.999999881],"scale":1.27066112,"type":"tree_aspen_large_b"}
{"pos":[227.665192,148.647339,252.96666],"rotationMatrix":[0.455151141,0.890414238,0,-0.890414238,0.455151141,0,0,0,0.999999881],"scale":1.35127544,"type":"tree_aspen_large_b"}
{"pos":[223.361435,139.515701,253.476364],"rotationMatrix":[0.542536378,0.840032279,0,-0.840032279,0.542536378,0,0,0,0.999999881],"scale":1.32699502,"type":"tree_aspen_large_b"}
{"pos":[233.694336,134.42804,254.00592],"rotationMatrix":[0.855410993,-0.517949581,0,0.517949581,0.855410993,0,0,0,0.999999881],"scale":1.30299747,"type":"tree_aspen_large_b"}
{"pos":[239.744812,142.975586,253.865982],"rotationMatrix":[-0.525106251,-0.851036608,0,0.851036608,-0.525106251,0,0,0,0.999999881],"scale":1.41073632,"type":"tree_aspen_large_b"}
{"pos":[239.254761,138.683685,253.315445],"rotationMatrix":[-0.509249032,0.860619009,0,-0.860619009,-0.509249032,0,0,0,0.999999881],"scale":1.21070409,"type":"tree_aspen_large_b"}
{"pos":[184.70369,140.214432,253.44046],"rotationMatrix":[-0.330180883,0.943917572,0,-0.943917572,-0.330180883,0,0,0,0.999999881],"scale":1.24874318,"type":"tree_aspen_large_b"}
{"pos":[202.071442,140.039307,254.340851],"rotationMatrix":[-0.0107523194,-0.999942064,0,0.999942064,-0.0107523194,0,0,0,0.999999881],"scale":1.45623279,"type":"tree_aspen_large_b"}
{"pos":[192.431396,155.601639,253.75531],"rotationMatrix":[-0.846497118,0.532392979,0,-0.532392979,-0.846497118,0,0,0,0.999999881],"scale":1.39276695,"type":"tree_aspen_large_b"}
{"pos":[186.7211,152.705261,253.708969],"rotationMatrix":[-0.841026127,0.540994406,0,-0.540994406,-0.841026127,0,0,0,0.999999881],"scale":1.4322865,"type":"tree_aspen_large_b"}
{"pos":[204.649872,131.643753,253.796463],"rotationMatrix":[0.414357483,0.910114229,0,-0.910114229,0.414357483,0,0,0,0.999999881],"scale":1.38949943,"type":"tree_aspen_large_b"}
{"pos":[195.988358,129.67572,253.284012],"rotationMatrix":[0.344677746,0.938721061,0,-0.938721061,0.344677746,0,0,0,0.999999881],"scale":1.23591101,"type":"tree_aspen_large_b"}
{"pos":[197.664261,156.430206,253.85968],"rotationMatrix":[-0.999603748,-0.0281474665,0,0.0281474665,-0.999603748,0,0,0,0.999999881],"scale":1.28697097,"type":"tree_aspen_large_b"}
{"pos":[202.551697,147.74408,254.300598],"rotationMatrix":[-0.939055741,0.343764603,0,-0.343764603,-0.939055741,0,0,0,0.999999881],"scale":1.2732563,"type":"tree_aspen_large_b"}
{"pos":[207.039734,145.901337,254.082092],"rotationMatrix":[-0.729902506,-0.683551252,0,0.683551252,-0.729902506,0,0,0,0.999999881],"scale":1.4568609,"type":"tree_aspen_large_b"}
{"pos":[189.897095,149.628067,253.881058],"rotationMatrix":[-0.400931656,-0.916107833,0,0.916107833,-0.400931656,0,0,0,0.999999881],"scale":1.33096993,"type":"tree_aspen_large_b"}
{"pos":[203.185226,127.325806,253.959427],"rotationMatrix":[0.162282735,0.986744225,0,-0.986744225,0.162282735,0,0,0,0.999999881],"scale":1.3632046,"type":"tree_aspen_large_b"}
{"pos":[188.258484,161.613632,253.221451],"rotationMatrix":[0.995494366,-0.0948193148,0,0.0948193148,0.995494366,0,0,0,0.999999881],"scale":1.22664869,"type":"tree_aspen_large_b"}
{"pos":[180.382431,130.811661,253.110245],"rotationMatrix":[0.992235124,-0.124375433,0,0.124375433,0.992235124,0,0,0,0.999999881],"scale":1.46527994,"type":"tree_aspen_large_b"}
{"pos":[181.667419,139.649719,254.034988],"rotationMatrix":[-0.999727249,-0.0233520791,0,0.0233520791,-0.999727249,0,0,0,0.999999881],"scale":1.49655914,"type":"tree_aspen_large_b"}
{"pos":[195.031891,140.147568,253.868683],"rotationMatrix":[0.527888,-0.849313915,0,0.849313915,0.527888,0,0,0,0.999999881],"scale":1.48411989,"type":"tree_aspen_large_b"}
{"pos":[183.573776,133.72287,253.349091],"rotationMatrix":[0.99357754,0.113152176,0,-0.113152176,0.99357754,0,0,0,0.999999881],"scale":1.38072371,"type":"tree_aspen_large_b"}
{"pos":[192.832092,128.165024,254.093369],"rotationMatrix":[0.668221712,-0.743962109,0,0.743962109,0.668221712,0,0,0,0.999999881],"scale":1.32341623,"type":"tree_aspen_large_b"}
{"pos":[203.800354,133.944168,253.344635],"rotationMatrix":[-0.924966335,-0.380048811,0,0.380048811,-0.924966335,0,0,0,0.999999881],"scale":1.39916182,"type":"tree_aspen_large_b"}
{"pos":[195.35289,159.339294,253.315018],"rotationMatrix":[0.151639834,0.988435745,0,-0.988435745,0.151639834,0,0,0,0.999999881],"scale":1.4834305,"type":"tree_aspen_large_b"}
{"pos":[207.610382,160.860992,253.174103],"rotationMatrix":[0.428366333,-0.903605044,0,0.903605044,0.428366333,0,0,0,0.999999881],"scale":1.36821353,"type":"tree_aspen_large_b"}
{"pos":[157.807907,113.882866,253.626724],"rotationMatrix":[-0.311661899,-0.950193048,0,0.950193048,-0.311661899,0,0,0,0.999999881],"scale":1.48569357,"type":"tree_aspen_large_b"}
{"pos":[169.972855,114.019142,254.237534],"rotationMatrix":[-0.443007708,0.896517694,0,-0.896517694,-0.443007708,0,0,0,0.999999881],"scale":1.2626009,"type":"tree_aspen_large_b"}
{"pos":[159.687424,118.818451,254.235748],"rotationMatrix":[0.995507538,0.0946811438,0,-0.0946811438,0.995507538,0,0,0,0.999999881],"scale":1.37373304,"type":"tree_aspen_large_b"}
{"pos":[175.357498,103.936493,253.16275],"rotationMatrix":[-0.984023273,0.178039521,0,-0.178039521,-0.984023273,0,0,0,0.999999881],"scale":1.36876702,"type":"tree_aspen_large_b"}
{"pos":[177.220337,122.592049,254.153564],"rotationMatrix":[0.0851843506,-0.99636513,0,0.99636513,0.0851843506,0,0,0,0.999999881],"scale":1.49157763,"type":"tree_aspen_large_b"}
{"pos":[187.498932,129.073502,253.784164],"rotationMatrix":[-0.890738904,-0.454515189,0,0.454515189,-0.890738904,0,0,0,0.999999881],"scale":1.40826011,"type":"tree_aspen_large_b"}
{"pos":[158.063339,122.997528,254.158035],"rotationMatrix":[0.3440651,-0.938945711,0,0.938945711,0.3440651,0,0,0,0.999999881],"scale":1.25101757,"type":"tree_aspen_large_b"}
{"pos":[183.270737,129.548981,253.196991],"rotationMatrix":[0.0382422209,-0.999268413,0,0.999268413,0.0382422209,0,0,0,0.999999881],"scale":1.49310625,"type":"tree_aspen_large_b"}
{"pos":[169.415894,119.328308,253.314117],"rotationMatrix":[0.514342606,0.857584834,0,-0.857584834,0.514342606,0,0,0,0.999999881],"scale":1.40300047,"type":"tree_aspen_large_b"}
{"pos":[170.612762,117.142128,253.435669],"rotationMatrix":[-0.833753884,-0.552136302,0,0.552136302,-0.833753884,0,0,0,0.999999881],"scale":1.29131436,"type":"tree_aspen_large_b"}
{"pos":[183.942596,123.584778,254.177902],"rotationMatrix":[-0.197953209,-0.980211377,0,0.980211377,-0.197953209,0,0,0,0.999999881],"scale":1.29362464,"type":"tree_aspen_large_b"}
{"pos":[187.842468,106.598358,254.350662],"rotationMatrix":[0.992514908,0.12212263,0,-0.12212263,0.992514908,0,0,0,0.999999881],"scale":1.45719683,"type":"tree_aspen_large_b"}
{"pos":[174.60939,130.336838,253.35849],"rotationMatrix":[0.974446952,-0.224617362,0,0.224617362,0.974446952,0,0,0,0.999999881],"scale":1.25054717,"type":"tree_aspen_large_b"}
{"pos":[181.023163,112.703598,254.332108],"rotationMatrix":[-0.788377464,0.615191698,0,-0.615191698,-0.788377464,0,0,0,0.999999881],"scale":1.35827398,"type":"tree_aspen_large_b"}
{"pos":[182.409637,105.297935,253.46524],"rotationMatrix":[-0.946706712,0.322096705,0,-0.322096705,-0.946706712,0,0,0,0.999999881],"scale":1.31082344,"type":"tree_aspen_large_b"}
{"pos":[172.396164,102.763977,253.174362],"rotationMatrix":[0.677609265,-0.735422015,0,0.735422015,0.677609265,0,0,0,0.999999881],"scale":1.32660627,"type":"tree_aspen_large_b"}
{"pos":[162.60051,107.194443,254.177444],"rotationMatrix":[0.974702179,0.223507658,0,-0.223507658,0.974702179,0,0,0,0.999999881],"scale":1.33758819,"type":"tree_aspen_large_b"}
{"pos":[187.912613,109.767517,253.700684],"rotationMatrix":[0.823043466,-0.567978144,0,0.567978144,0.823043466,0,0,0,0.999999881],"scale":1.23817253,"type":"tree_aspen_large_b"}
{"pos":[174.794556,90.4252777,254.300766],"rotationMatrix":[0.641279757,-0.767306983,0,0.767306983,0.641279757,0,0,0,0.999999881],"scale":1.32908964,"type":"tree_aspen_large_b"}
{"pos":[186.917465,98.2450485,253.524551],"rotationMatrix":[-0.996122241,0.0879787505,0,-0.0879787505,-0.996122241,0,0,0,0.999999881],"scale":1.32547688,"type":"tree_aspen_large_b"}
{"pos":[182.61824,81.0744324,254.167542],"rotationMatrix":[0.317602843,0.948223829,0,-0.948223829,0.317602843,0,0,0,0.999999881],"scale":1.39202845,"type":"tree_aspen_large_b"}
{"pos":[169.546463,85.8461761,253.595612],"rotationMatrix":[0.83306998,-0.553167462,0,0.553167462,0.83306998,0,0,0,0.999999881],"scale":1.41682971,"type":"tree_aspen_large_b"}
{"pos":[184.236649,107.800262,253.456833],"rotationMatrix":[0.988061011,0.154062569,0,-0.154062569,0.988061011,0,0,0,0.999999881],"scale":1.2592206,"type":"tree_aspen_large_b"}
{"pos":[162.811234,76.8904572,254.202454],"rotationMatrix":[-0.81430763,-0.580433428,0,0.580433428,-0.81430763,0,0,0,0.999999881],"scale":1.24898076,"type":"tree_aspen_large_b"}
{"pos":[165.930374,84.1546936,254.333435],"rotationMatrix":[0.0513743684,-0.998679399,0,0.998679399,0.0513743684,0,0,0,0.999999881],"scale":1.38974261,"type":"tree_aspen_large_b"}
{"pos":[179.312195,82.5188522,253.37265],"rotationMatrix":[-0.467730492,-0.883871019,0,0.883871019,-0.467730492,0,0,0,0.999999881],"scale":1.38018656,"type":"tree_aspen_large_b"}
{"pos":[184.478516,98.8379364,253.411972],"rotationMatrix":[0.945144594,0.32665208,0,-0.32665208,0.945144594,0,0,0,0.999999881],"scale":1.27123368,"type":"tree_aspen_large_b"}
{"pos":[160.261169,99.8967896,253.158218],"rotationMatrix":[0.511832237,-0.859085321,0,0.859085321,0.511832237,0,0,0,0.999999881],"scale":1.2535665,"type":"tree_aspen_large_b"}
{"pos":[185.552353,86.7787933,253.627609],"rotationMatrix":[0.295697719,0.955281556,0,-0.955281556,0.295697719,0,0,0,0.999999881],"scale":1.3773452,"type":"tree_aspen_large_b"}
{"pos":[165.173462,88.6820297,253.12999],"rotationMatrix":[0.997355878,-0.0726715699,0,0.0726715699,0.997355878,0,0,0,0.999999881],"scale":1.3240366,"type":"tree_aspen_large_b"}
{"pos":[191.715424,97.6218262,253.449203],"rotationMatrix":[0.947482884,-0.319806099,0,0.319806099,0.947482884,0,0,0,0.999999881],"scale":1.4770205,"type":"tree_aspen_large_b"}
{"pos":[166.924011,110.229424,254.060608],"rotationMatrix":[-0.961575687,-0.274539828,0,0.274539828,-0.961575687,0,0,0,0.999999881],"scale":1.30394328,"type":"tree_aspen_large_b"}
{"pos":[186.194183,80.0904541,253.585342],"rotationMatrix":[-0.550596058,0.834771574,0,-0.834771574,-0.550596058,0,0,0,0.999999881],"scale":1.33327508,"type":"tree_aspen_large_b"}
{"pos":[169.701614,89.3723907,254.080704],"rotationMatrix":[0.125050277,-0.992150366,0,0.992150366,0.125050277,0,0,0,0.999999881],"scale":1.25264287,"type":"tree_aspen_large_b"}
{"pos":[159.894028,103.452682,254.102036],"rotationMatrix":[0.365266562,-0.930902898,0,0.930902898,0.365266562,0,0,0,0.999999881],"scale":1.23882723,"type":"tree_aspen_large_b"}
{"pos":[170.373474,83.4676971,253.424683],"rotationMatrix":[-0.318155885,0.94803828,0,-0.94803828,-0.318155885,0,0,0,0.999999881],"scale":1.48589122,"type":"tree_aspen_large_b"}
{"pos":[165.576645,103.0271,253.800293],"rotationMatrix":[0.30083546,-0.953675926,0,0.953675926,0.30083546,0,0,0,0.999999881],"scale":1.27315617,"type":"tree_aspen_large_b"}
{"pos":[166.493164,93.112648,253.359177],"rotationMatrix":[0.763558149,0.645739079,0,-0.645739079,0.763558149,0,0,0,0.999999881],"scale":1.21784675,"type":"tree_aspen_large_b"}
{"pos":[190.298676,100.313507,253.797195],"rotationMatrix":[0.569317997,-0.822117329,0,0.822117329,0.569317997,0,0,0,0.999999881],"scale":1.42355692,"type":"tree_aspen_large_b"}
{"pos":[177.086349,94.7912598,253.541183],"rotationMatrix":[0.893229365,0.449601263,0,-0.449601263,0.893229365,0,0,0,0.999999881],"scale":1.23082066,"type":"tree_aspen_large_b"}
{"pos":[200.423325,115.429955,253.137619],"rotationMatrix":[0.980841875,-0.19480525,0,0.19480525,0.980841875,0,0,0,0.999999881],"scale":1.43646991,"type":"tree_aspen_large_b"}
{"pos":[184.273621,91.135643,252.939209],"rotationMatrix":[0.989821136,-0.14231652,0,0.14231652,0.989821136,0,0,0,0.999999881],"scale":1.37144589,"type":"tree_aspen_large_b"}
{"pos":[187.587234,91.2948151,253.268478],"rotationMatrix":[0.414931983,0.909852445,0,-0.909852445,0.414931983,0,0,0,0.999999881],"scale":1.40103614,"type":"tree_aspen_large_b"}
{"pos":[183.819489,102.662331,253.717102],"rotationMatrix":[-0.711800754,0.702381313,0,-0.702381313,-0.711800754,0,0,0,0.999999881],"scale":1.36543977,"type":"tree_aspen_large_b"}
{"pos":[182.419922,100.123886,253.425613],"rotationMatrix":[-0.0218863562,-0.999760389,0,0.999760389,-0.0218863562,0,0,0,0.999999881],"scale":1.3411324,"type":"tree_aspen_large_b"}
{"pos":[205.22644,117.356079,253.666748],"rotationMatrix":[-0.888473928,-0.458926857,0,0.458926857,-0.888473928,0,0,0,0.999999881],"scale":1.38366413,"type":"tree_aspen_large_b"}
{"pos":[194.655334,108.703102,253.643372],"rotationMatrix":[0.826710224,0.562627912,0,-0.562627912,0.826710224,0,0,0,0.999999881],"scale":1.49558163,"type":"tree_aspen_large_b"}
{"pos":[209.975967,100.671944,254.046509],"rotationMatrix":[0.467132181,-0.884187341,0,0.884187341,0.467132181,0,0,0,0.999999881],"scale":1.36825514,"type":"tree_aspen_large_b"}
{"pos":[206.236328,122.539078,254.173035],"rotationMatrix":[0.0649482757,0.997888505,0,-0.997888505,0.0649482757,0,0,0,0.999999881],"scale":1.34326375,"type":"tree_aspen_large_b"}
{"pos":[193.516678,123.362457,253.453812],"rotationMatrix":[-0.98500669,0.172515914,0,-0.172515914,-0.98500669,0,0,0,0.999999881],"scale":1.20717084,"type":"tree_aspen_large_b"}
{"pos":[211.333405,109.160278,253.307327],"rotationMatrix":[0.819743276,-0.572730958,0,0.572730958,0.819743276,0,0,0,0.999999881],"scale":1.35834026,"type":"tree_aspen_large_b"}
{"pos":[207.922775,116.654587,254.204926],"rotationMatrix":[-0.996802866,-0.0798995495,0,0.0798995495,-0.996802866,0,0,0,0.999999881],"scale":1.32762694,"type":"tree_aspen_large_b"}
{"pos":[209.709747,120.139008,254.182327],"rotationMatrix":[0.984405696,-0.175912738,0,0.175912738,0.984405696,0,0,0,0.999999881],"scale":1.24350178,"type":"tree_aspen_large_b"}
{"pos":[179.366821,110.76783,254.005753],"rotationMatrix":[-0.188963652,0.98198396,0,-0.98198396,-0.188963652,0,0,0,0.999999881],"scale":1.4310869,"type":"tree_aspen_large_b"}
{"pos":[197.630692,93.6617889,253.985199],"rotationMatrix":[-0.971437991,-0.237293303,0,0.237293303,-0.971437991,0,0,0,0.999999881],"scale":1.31718719,"type":"tree_aspen_large_b"}
{"pos":[199.389557,128.676819,253.158936],"rotationMatrix":[-0.57409513,-0.818788588,0,0.818788588,-0.57409513,0,0,0,0.999999881],"scale":1.42993677,"type":"tree_aspen_large_b"}
{"pos":[205.053741,112.827026,253.274277],"rotationMatrix":[-0.588764668,-0.808304489,0,0.808304489,-0.588764668,0,0,0,0.999999881],"scale":1.35016561,"type":"tree_aspen_large_b"}
{"pos":[177.319397,97.5226288,253.361053],"rotationMatrix":[-0.685327113,-0.728235185,0,0.728235185,-0.685327113,0,0,0,0.999999881],"scale":1.2234695,"type":"tree_aspen_large_b"}
{"pos":[178.659393,106.987938,253.660065],"rotationMatrix":[0.485331804,0.874330103,0,-0.874330103,0.485331804,0,0,0,0.999999881],"scale":1.213148,"type":"tree_aspen_large_b"}
{"pos":[207.916412,93.8078918,254.240875],"rotationMatrix":[-0.537440658,0.843301356,0,-0.843301356,-0.537440658,0,0,0,0.999999881],"scale":1.40573621,"type":"tree_aspen_large_b"}
{"pos":[190.532181,110.78067,253.257095],"rotationMatrix":[0.813611746,0.58140856,0,-0.58140856,0.813611746,0,0,0,0.999999881],"scale":1.32523084,"type":"tree_aspen_large_b"}
{"pos":[198.828842,112.902084,253.338074],"rotationMatrix":[-0.635413945,0.772171438,0,-0.772171438,-0.635413945,0,0,0,0.999999881],"scale":1.45344234,"type":"tree_aspen_large_b"}
{"pos":[220.104172,134.986588,254.124847],"rotationMatrix":[0.361189723,-0.932492256,0,0.932492256,0.361189723,0,0,0,0.999999881],"scale":1.26710021,"type":"tree_aspen_large_b"}
{"pos":[221.821533,144.561859,254.120316],"rotationMatrix":[0.42234686,-0.906434238,0,0.906434238,0.42234686,0,0,0,0.999999881],"scale":1.3026216,"type":"tree_aspen_large_b"}
{"pos":[217.888474,107.83551,253.370926],"rotationMatrix":[0.063466467,0.997983873,0,-0.997983873,0.063466467,0,0,0,0.999999881],"scale":1.49108648,"type":"tree_aspen_large_b"}
{"pos":[209.420578,125.700386,254.257858],"rotationMatrix":[0.193477288,0.981104732,0,-0.981104732,0.193477288,0,0,0,0.999999881],"scale":1.26101112,"type":"tree_aspen_large_b"}
{"pos":[229.124908,126.352051,253.402771],"rotationMatrix":[-0.875682354,-0.482887417,0,0.482887417,-0.875682354,0,0,0,0.999999881],"scale":1.42902374,"type":"tree_aspen_large_b"}
{"pos":[219.570679,114.477188,254.241409],"rotationMatrix":[-0.739099145,-0.673596621,0,0.673596621,-0.739099145,0,0,0,0.999999881],"scale":1.33749735,"type":"tree_aspen_large_b"}
{"pos":[204.568451,140.237366,253.907013],"rotationMatrix":[-0.63341248,-0.773814142,0,0.773814142,-0.63341248,0,0,0,0.999999881],"scale":1.45074046,"type":"tree_aspen_large_b"}
{"pos":[206.852493,139.971054,254.287704],"rotationMatrix":[-0.472871959,-0.881131053,0,0.881131053,-0.472871959,0,0,0,0.999999881],"scale":1.28466225,"type":"tree_aspen_large_b"}
{"pos":[217.805511,141.296204,254.227234],"rotationMatrix":[0.780072331,-0.625689149,0,0.625689149,0.780072331,0,0,0,0.999999881],"scale":1.21685219,"type":"tree_aspen_large_b"}
{"pos":[226.02121,126.640182,253.636719],"rotationMatrix":[-0.868255496,0.496117085,0,-0.496117085,-0.868255496,0,0,0,0.999999881],"scale":1.37390113,"type":"tree_aspen_large_b"}
{"pos":[202.485687,121.008499,253.888199],"rotationMatrix":[0.269452006,-0.963013709,0,0.963013709,0.269452006,0,0,0,0.999999881],"scale":1.41022146,"type":"tree_aspen_large_b"}
{"pos":[215.576385,140.458832,253.273102],"rotationMatrix":[-0.781217515,-0.624258697,0,0.624258697,-0.781217515,0,0,0,0.999999881],"scale":1.24276578,"type":"tree_aspen_large_b"}
{"pos":[222.220535,130.754501,253.881104],"rotationMatrix":[0.615453064,0.788173556,0,-0.788173556,0.615453064,0,0,0,0.999999881],"scale":1.31117415,"type":"tree_aspen_large_b"}
{"pos":[226.211746,136.928452,253.894501],"rotationMatrix":[0.501177311,-0.865344524,0,0.865344524,0.501177311,0,0,0,0.999999881],"scale":1.38694608,"type":"tree_aspen_large_b"}
{"pos":[201.05954,133.745041,253.995331],"rotationMatrix":[-0.686193705,-0.72741884,0,0.72741884,-0.686193705,0,0,0,0.999999881],"scale":1.34132063,"type":"tree_aspen_large_b"}
{"pos":[222.839966,125.31839,254.155991],"rotationMatrix":[-0.931106985,0.364746213,0,-0.364746213,-0.931106985,0,0,0,0.999999881],"scale":1.22788382,"type":"tree_aspen_large_b"}
{"pos":[233.857178,113.82547,253.158905],"rotationMatrix":[-0.709073484,0.705134451,0,-0.705134451,-0.709073484,0,0,0,0.999999881],"scale":1.41478252,"type":"tree_aspen_large_b"}
{"pos":[216.731308,105.2976,254.260849],"rotationMatrix":[0.265806347,0.964026392,0,-0.964026392,0.265806347,0,0,0,0.999999881],"scale":1.4914149,"type":"tree_aspen_large_b"}
{"pos":[213.488678,122.480133,253.931534],"rotationMatrix":[-0.130250141,-0.991481006,0,0.991481006,-0.130250141,0,0,0,0.999999881],"scale":1.29103887,"type":"tree_aspen_large_b"}
{"pos":[218.669891,136.979156,253.612411],"rotationMatrix":[-0.9818483,0.189667642,0,-0.189667642,-0.9818483,0,0,0,0.999999881],"scale":1.40187168,"type":"tree_aspen_large_b"}
{"pos":[179.089539,59.6150894,254.29039],"rotationMatrix":[-0.366101533,-0.930574834,0,0.930574834,-0.366101533,0,0,0,0.999999881],"scale":1.41960502,"type":"tree_aspen_large_b"}
{"pos":[170.313507,61.6349831,253.557449],"rotationMatrix":[-0.879461288,-0.475970238,0,0.475970238,-0.879461288,0,0,0,0.999999881],"scale":1.45322466,"type":"tree_aspen_large_b"}
{"pos":[179.109512,71.2714767,253.057358],"rotationMatrix":[0.234991372,-0.971997321,0,0.971997321,0.234991372,0,0,0,0.999999881],"scale":1.30059981,"type":"tree_aspen_large_b"}
{"pos":[181.059479,66.3940048,254.24617],"rotationMatrix":[-0.262595028,0.964906037,0,-0.964906037,-0.262595028,0,0,0,0.999999881],"scale":1.27114928,"type":"tree_aspen_large_b"}
{"pos":[158.556702,61.9135895,253.363266],"rotationMatrix":[-0.951853037,-0.306554615,0,0.306554615,-0.951853037,0,0,0,0.999999881],"scale":1.35296679,"type":"tree_aspen_large_b"}
{"pos":[159.680099,69.8944321,253.452271],"rotationMatrix":[0.99689579,0.0787318051,0,-0.0787318051,0.99689579,0,0,0,0.999999881],"scale":1.41772354,"type":"tree_aspen_large_b"}
{"pos":[149.72377,93.1042404,253.792435],"rotationMatrix":[0.217494249,-0.976061523,0,0.976061523,0.217494249,0,0,0,0.999999881],"scale":1.32581258,"type":"tree_aspen_large_b"}
{"pos":[150.119568,103.397987,254.233612],"rotationMatrix":[0.923605859,-0.383343309,0,0.383343309,0.923605859,0,0,0,0.999999881],"scale":1.45630562,"type":"tree_aspen_large_b"}
{"pos":[147.340698,108.864822,254.232605],"rotationMatrix":[-0.489848495,-0.871807456,0,0.871807456,-0.489848495,0,0,0,0.999999881],"scale":1.26974082,"type":"tree_aspen_large_b"}
{"pos":[149.877167,106.194588,254.032242],"rotationMatrix":[-0.0896923542,0.995969415,0,-0.995969415,-0.0896923542,0,0,0,0.999999881],"scale":1.35999143,"type":"tree_aspen_large_b"}
{"pos":[189.415894,82.5479355,253.36879],"rotationMatrix":[-0.425818086,0.90480864,0,-0.90480864,-0.425818086,0,0,0,0.999999881],"scale":1.46677482,"type":"tree_aspen_large_b"}
{"pos":[194.176575,67.3421021,253.404602],"rotationMatrix":[0.681541502,0.731779456,0,-0.731779456,0.681541502,0,0,0,0.999999881],"scale":1.3118403,"type":"tree_aspen_large_b"}
{"pos":[192.477692,80.0429077,252.907089],"rotationMatrix":[-0.999944627,-0.0105135003,0,0.0105135003,-0.999944627,0,0,0,0.999999881],"scale":1.46824408,"type":"tree_aspen_large_b"}
{"pos":[191.569824,76.7334137,253.863647],"rotationMatrix":[-0.520329833,-0.853965223,0,0.853965223,-0.520329833,0,0,0,0.999999881],"scale":1.41339839,"type":"tree_aspen_large_b"}
{"pos":[192.907745,71.9014359,253.130005],"rotationMatrix":[0.555708885,0.83137697,0,-0.83137697,0.555708885,0,0,0,0.999999881],"scale":1.27651978,"type":"tree_aspen_large_b"}
{"pos":[189.622696,75.1892548,253.004044],"rotationMatrix":[0.000720174983,-0.999999583,0,0.999999583,0.000720174983,0,0,0,0.999999881],"scale":1.45555198,"type":"tree_aspen_large_b"}
{"pos":[187.247726,77.7810364,254.100922],"rotationMatrix":[0.809364974,0.587306023,0,-0.587306023,0.809364974,0,0,0,0.999999881],"scale":1.29292798,"type":"tree_aspen_large_b"}
{"pos":[186.933136,82.6317215,253.7276],"rotationMatrix":[-0.82072407,0.571324468,0,-0.571324468,-0.82072407,0,0,0,0.999999881],"scale":1.26144636,"type":"tree_aspen_large_b"}
{"pos":[201.387482,70.8237534,253.484787],"rotationMatrix":[0.886735678,0.462276757,0,-0.462276757,0.886735678,0,0,0,0.999999881],"scale":1.27171338,"type":"tree_aspen_large_b"}
{"pos":[206.979767,98.7812195,252.973663],"rotationMatrix":[0.344271243,-0.938870132,0,0.938870132,0.344271243,0,0,0,0.999999881],"scale":1.40323567,"type":"tree_aspen_large_b"}
{"pos":[198.718811,91.1016464,253.872116],"rotationMatrix":[-0.98270911,-0.185155481,0,0.185155481,-0.98270911,0,0,0,0.999999881],"scale":1.22526324,"type":"tree_aspen_large_b"}
{"pos":[216.166977,95.3623962,253.141846],"rotationMatrix":[-0.993364692,-0.115006179,0,0.115006179,-0.993364692,0,0,0,0.999999881],"scale":1.35643196,"type":"tree_aspen_large_b"}
{"pos":[208.337982,107.093857,254.201218],"rotationMatrix":[0.999915242,-0.0130135659,0,0.0130135659,0.999915242,0,0,0,0.999999881],"scale":1.36905622,"type":"tree_aspen_large_b"}
{"pos":[221.760086,107.633171,253.458206],"rotationMatrix":[-0.402376622,-0.915474117,0,0.915474117,-0.402376622,0,0,0,0.999999881],"scale":1.20060182,"type":"tree_aspen_large_b"}
{"pos":[218.39711,96.9469452,253.534958],"rotationMatrix":[-0.68905586,-0.7247082,0,0.7247082,-0.68905586,0,0,0,0.999999881],"scale":1.20948958,"type":"tree_aspen_large_b"}
{"pos":[231.707321,124.529472,253.69899],"rotationMatrix":[0.735123098,-0.677933574,0,0.677933574,0.735123098,0,0,0,0.999999881],"scale":1.25018477,"type":"tree_aspen_large_b"}
{"pos":[233.930862,127.592751,253.821609],"rotationMatrix":[0.517399728,0.855743825,0,-0.855743825,0.517399728,0,0,0,0.999999881],"scale":1.37341666,"type":"tree_aspen_large_b"}
{"pos":[228.608368,123.493729,253.483322],"rotationMatrix":[-0.344212562,-0.938891709,0,0.938891709,-0.344212562,0,0,0,0.999999881],"scale":1.29297304,"type":"tree_aspen_large_b"}
{"pos":[237.261429,106.470222,253.373398],"rotationMatrix":[-0.329431623,-0.944179356,0,0.944179356,-0.329431623,0,0,0,0.999999881],"scale":1.36080265,"type":"tree_aspen_large_b"}
{"pos":[247.363434,139.018463,253.62677],"rotationMatrix":[0.260717183,0.96541518,0,-0.96541518,0.260717183,0,0,0,0.999999881],"scale":1.46327007,"type":"tree_aspen_large_b"}
{"pos":[254.076996,140.686325,253.656952],"rotationMatrix":[-0.429721326,-0.902961433,0,0.902961433,-0.429721326,0,0,0,0.999999881],"scale":1.2761153,"type":"tree_aspen_large_b"}
{"pos":[241.925461,137.89032,253.055664],"rotationMatrix":[0.353753418,-0.935338676,0,0.935338676,0.353753418,0,0,0,0.999999881],"scale":1.36772954,"type":"tree_aspen_large_b"}
{"pos":[255.403214,155.465012,251.801834],"rotationMatrix":[0.853182077,0.521613181,0,-0.521613181,0.853182077,0,0,0,0.999999881],"scale":1.21656454,"type":"tree_aspen_large_b"}
{"pos":[251.42717,166.977234,251.213562],"rotationMatrix":[0.650833249,-0.759220541,0,0.759220541,0.650833249,0,0,0,0.999999881],"scale":1.46551204,"type":"tree_aspen_large_b"}
{"pos":[236.646469,178.372162,252.507675],"rotationMatrix":[0.0342003666,0.999414921,0,-0.999414921,0.0342003666,0,0,0,0.999999881],"scale":1.26251638,"type":"tree_aspen_large_b"}
{"pos":[233.774429,183.964905,251.930954],"rotationMatrix":[-0.51346159,-0.858112514,0,0.858112514,-0.51346159,0,0,0,0.999999881],"scale":1.2408179,"type":"tree_aspen_large_b"}
{"pos":[221.223526,194.619247,252.901306],"rotationMatrix":[-0.63612026,0.771589696,0,-0.771589696,-0.63612026,0,0,0,0.999999881],"scale":1.2654686,"type":"tree_aspen_large_b"}
{"pos":[211.99408,190.282364,253.398041],"rotationMatrix":[0.972480595,-0.232983336,0,0.232983336,0.972480595,0,0,0,0.999999881],"scale":1.39252019,"type":"tree_aspen_large_b"}
{"pos":[194.407394,169.442093,253.601562],"rotationMatrix":[0.130906627,-0.991394579,0,0.991394579,0.130906627,0,0,0,0.999999881],"scale":1.23388994,"type":"tree_aspen_large_b"}
{"pos":[180.745941,169.442291,254.30513],"rotationMatrix":[0.573939264,0.818897843,0,-0.818897843,0.573939264,0,0,0,0.999999881],"scale":1.48186564,"type":"tree_aspen_large_b"}
{"pos":[197.141296,164.32724,253.310974],"rotationMatrix":[0.714020967,0.700124323,0,-0.700124323,0.714020967,0,0,0,0.999999881],"scale":1.29099464,"type":"tree_aspen_large_b"}
{"pos":[179.837494,166.45639,253.838654],"rotationMatrix":[0.860199273,-0.509957969,0,0.509957969,0.860199273,0,0,0,0.999999881],"scale":1.33364797,"type":"tree_aspen_large_b"}
{"pos":[173.12236,165.424622,253.926041],"rotationMatrix":[-0.43587479,0.900007188,0,-0.900007188,-0.43587479,0,0,0,0.999999881],"scale":1.49138403,"type":"tree_aspen_large_b"}
{"pos":[179.002518,173.019257,253.863907],"rotationMatrix":[0.999343097,0.0362367555,0,-0.0362367555,0.999343097,0,0,0,0.999999881],"scale":1.32261658,"type":"tree_aspen_large_b"}
{"pos":[184.235199,152.835846,253.26152],"rotationMatrix":[-0.644015253,-0.765012443,0,0.765012443,-0.644015253,0,0,0,0.999999881],"scale":1.23289537,"type":"tree_aspen_large_b"}
{"pos":[155.513397,149.265503,253.913818],"rotationMatrix":[0.0205999892,0.999787688,0,-0.999787688,0.0205999892,0,0,0,0.999999881],"scale":1.33025551,"type":"tree_aspen_large_b"}
{"pos":[165.886963,158.857468,254.324707],"rotationMatrix":[0.996676147,0.0814648122,0,-0.0814648122,0.996676147,0,0,0,0.999999881],"scale":1.42624569,"type":"tree_aspen_large_b"}
{"pos":[177.190659,141.061523,254.243393],"rotationMatrix":[0.998142779,0.0609161779,0,-0.0609161779,0.998142779,0,0,0,0.999999881],"scale":1.26943731,"type":"tree_aspen_large_b"}
{"pos":[176.729797,144.286865,254.334366],"rotationMatrix":[-0.860310495,0.509770155,0,-0.509770155,-0.860310495,0,0,0,0.999999881],"scale":1.36077285,"type":"tree_aspen_large_b"}
{"pos":[169.728241,135.236664,253.266571],"rotationMatrix":[-0.996659398,-0.0816687718,0,0.0816687718,-0.996659398,0,0,0,0.999999881],"scale":1.28897834,"type":"tree_aspen_large_b"}
{"pos":[152.271912,143.410004,253.919754],"rotationMatrix":[0.883353412,0.468707561,0,-0.468707561,0.883353412,0,0,0,0.999999881],"scale":1.23136866,"type":"tree_aspen_large_b"}
{"pos":[149.968033,112.362747,254.047089],"rotationMatrix":[-0.56046927,-0.828175068,0,0.828175068,-0.56046927,0,0,0,0.999999881],"scale":1.34781778,"type":"tree_aspen_large_b"}
{"pos":[146.662704,125.626221,253.558029],"rotationMatrix":[0.397096545,0.917776883,0,-0.917776883,0.397096545,0,0,0,0.999999881],"scale":1.24272621,"type":"tree_aspen_large_b"}
{"pos":[146.577728,128.500687,253.188721],"rotationMatrix":[-0.688335001,-0.725392759,0,0.725392759,-0.688335001,0,0,0,0.999999881],"scale":1.20196331,"type":"tree_aspen_large_b"}
{"pos":[189.049011,134.851562,252.946365],"rotationMatrix":[-0.73758477,-0.675254345,0,0.675254345,-0.73758477,0,0,0,0.999999881],"scale":1.43313491,"type":"tree_aspen_large_b"}
{"pos":[192.875656,135.454666,253.963531],"rotationMatrix":[0.869801104,0.493402451,0,-0.493402451,0.869801104,0,0,0,0.999999881],"scale":1.25985575,"type":"tree_aspen_large_b"}
{"pos":[190.795761,143.45166,254.312622],"rotationMatrix":[0.52607733,-0.850436628,0,0.850436628,0.52607733,0,0,0,0.999999881],"scale":1.39661539,"type":"tree_aspen_large_b"}
{"pos":[193.911621,131.803864,254.334671],"rotationMatrix":[0.963314354,-0.268375188,0,0.268375188,0.963314354,0,0,0,0.999999881],"scale":1.4970907,"type":"tree_aspen_large_b"}
{"pos":[349.647308,75.5182419,257.877258],"rotationMatrix":[0.879762828,0.475412726,0,-0.475412726,0.879762828,0,0,0,0.999999881],"scale":1.34134078,"type":"tree_aspen_large_b"}
{"pos":[347.791382,67.7653503,258.4617],"rotationMatrix":[-0.764271796,-0.644894063,0,0.644894063,-0.764271796,0,0,0,0.999999881],"scale":1.23809481,"type":"tree_aspen_large_b"}
{"pos":[349.042419,73.241066,257.27359],"rotationMatrix":[-0.839544833,0.543290079,0,-0.543290079,-0.839544833,0,0,0,0.999999881],"scale":1.33428144,"type":"tree_aspen_large_b"}
{"pos":[331.149261,78.8278885,257.695862],"rotationMatrix":[-0.188041583,0.982160985,0,-0.982160985,-0.188041583,0,0,0,0.999999881],"scale":1.35827613,"type":"tree_aspen_large_b"}
{"pos":[342.085571,75.6493912,257.318298],"rotationMatrix":[-0.699491084,0.714641035,0,-0.714641035,-0.699491084,0,0,0,0.999999881],"scale":1.46852696,"type":"tree_aspen_large_b"}
{"pos":[321.519928,76.3569489,256.307922],"rotationMatrix":[-0.308989704,0.951065242,0,-0.951065242,-0.308989704,0,0,0,0.999999881],"scale":1.24556804,"type":"tree_aspen_large_b"}
{"pos":[327.667542,75.964035,256.791382],"rotationMatrix":[0.949320734,0.314308971,0,-0.314308971,0.949320734,0,0,0,0.999999881],"scale":1.33358121,"type":"tree_aspen_large_b"}
{"pos":[306.358002,75.847641,256.282166],"rotationMatrix":[-0.233017772,-0.972472429,0,0.972472429,-0.233017772,0,0,0,0.999999881],"scale":1.40068734,"type":"tree_aspen_large_b"}
{"pos":[287.446014,79.7258682,255.534882],"rotationMatrix":[-0.996008217,-0.089260973,0,0.089260973,-0.996008217,0,0,0,0.999999881],"scale":1.47994721,"type":"tree_aspen_large_b"}
{"pos":[335.864502,248.438965,258.370758],"rotationMatrix":[-0.21910657,-0.975700915,0,0.975700915,-0.21910657,0,-0,0,0.999999881],"scale":1.42475593,"type":"tree_aspen_large_b"}
{"pos":[345.9711,255.512177,260.193237],"rotationMatrix":[-0.995099962,0.0988723487,-0,-0.0988723487,-0.995099962,0,-0,0,0.999999881],"scale":1.43847847,"type":"tree_aspen_large_b"}
