{"pos":[365.38327,49.6074142,258.377075],"rotationMatrix":[-0.840729058,-0.541455984,0,0.541455984,-0.840729058,0,0,0,0.999999881],"scale":1,"type":"tree_oak_large_b"}
{"pos":[326.284912,53.2471809,257.251617],"rotationMatrix":[0.825318575,0.564667404,0,-0.564667404,0.825318575,0,0,0,0.999999881],"scale":1,"type":"tree_oak_large_b"}
{"pos":[286.254608,89.3615417,257.527161],"rotationMatrix":[-0.946802855,0.32181409,0,-0.32181409,-0.946802855,0,0,0,0.999999881],"scale":1,"type":"tree_oak_large_b"}
{"pos":[248.94696,115.476379,254.280457],"rotationMatrix":[0.901065409,0.433683068,0,-0.433683068,0.901065409,0,0,0,0.999999881],"scale":1,"type":"tree_oak_large_b"}
{"pos":[167.406464,68.7238464,254.272461],"rotationMatrix":[0.102874719,-0.994694173,0,0.994694173,0.102874719,0,0,0,0.999999881],"scale":1,"type":"tree_oak_large_b"}
{"pos":[142.964005,69.4351959,254.379272],"rotationMatrix":[0.05560169,0.998452961,0,-0.998452961,0.05560169,0,0,0,0.999999881],"scale":1,"type":"tree_oak_large_b"}
{"pos":[147.698456,81.2410126,254.379272],"rotationMatrix":[-0.426856726,0.904319108,0,-0.904319108,-0.426856726,0,0,0,0.999999881],"scale":1,"type":"tree_oak_large_b"}
{"pos":[155.940186,108.228546,254.379272],"rotationMatrix":[-0.915417671,-0.40250501,0,0.40250501,-0.915417671,0,0,0,0.999999881],"scale":1,"type":"tree_oak_large_b"}
{"pos":[248.749054,174.043686,252.461044],"rotationMatrix":[-0.354433417,-0.935081184,0,0.935081184,-0.354433417,0,0,0,0.999999881],"scale":1,"type":"tree_oak_large_b"}
{"pos":[245.175278,187.663223,251.540451],"rotationMatrix":[-0.979353249,-0.202156171,0,0.202156171,-0.979353249,0,0,0,0.999999881],"scale":1,"type":"tree_oak_large_b"}
{"pos":[242.090637,160.001465,253.503937],"rotationMatrix":[0.612075448,0.79079932,0,-0.79079932,0.612075448,0,0,0,0.999999881],"scale":1,"type":"tree_oak_large_b"}
{"pos":[246.827866,167.562302,252.89917],"rotationMatrix":[-0.467285365,-0.884106457,0,0.884106457,-0.467285365,0,0,0,0.999999881],"scale":1,"type":"tree_oak_large_b"}
{"pos":[355.810089,67.6354675,258.81543],"rotationMatrix":[-0.920746088,0.390162349,0,-0.390162349,-0.920746088,0,0,0,0.999999881],"scale":1,"type":"tree_oak_large_b"}
{"pos":[322.227814,60.7362137,257.274719],"rotationMatrix":[-0.473978281,-0.880536497,0,0.880536497,-0.473978281,0,0,0,0.999999881],"scale":1,"type":"tree_oak_large_b"}
{"pos":[321.260742,63.3099136,257.295105],"rotationMatrix":[0.193967551,0.981007874,0,-0.981007874,0.193967551,0,0,0,0.999999881],"scale":1,"type":"tree_oak_large_b"}
{"pos":[309.785034,76.2286606,256.70575],"rotationMatrix":[-0.25605008,-0.96666342,0,0.96666342,-0.25605008,0,0,0,0.999999881],"scale":1,"type":"tree_oak_large_b"}
{"pos":[298.098389,74.7535095,256.293396],"rotationMatrix":[-0.979108572,-0.203337982,0,0.203337982,-0.979108572,0,0,0,0.999999881],"scale":1,"type":"tree_oak_large_b"}
{"pos":[312.207367,66.4140778,257.150635],"rotationMatrix":[0.0565766916,-0.998398185,0,0.998398185,0.0565766916,0,0,0,0.999999881],"scale":1,"type":"tree_oak_large_b"}
{"pos":[302.590759,68.0013351,256.579285],"rotationMatrix":[-0.161158204,0.986928463,0,-0.986928463,-0.161158204,0,0,0,0.999999881],"scale":1,"type":"tree_oak_large_b"}
{"pos":[317.113953,91.2389374,256.700195],"rotationMatrix":[0.925024807,0.379906714,0,-0.379906714,0.925024807,0,0,0,0.999999881],"scale":1,"type":"tree_oak_large_b"}
{"pos":[311.000366,68.9451294,257.050385],"rotationMatrix":[-0.92920655,-0.369560838,0,0.369560838,-0.92920655,0,0,0,0.999999881],"scale":1,"type":"tree_oak_large_b"}
{"pos":[314.321014,76.0105438,257.022736],"rotationMatrix":[-0.114892676,-0.993377805,0,0.993377805,-0.114892676,0,0,0,0.999999881],"scale":1,"type":"tree_oak_large_b"}
{"pos":[178.343124,88.4155121,254.28772],"rotationMatrix":[-0.192035824,0.981387854,0,-0.981387854,-0.192035824,0,0,0,0.999999881],"scale":1,"type":"tree_oak_large_b"}
{"pos":[152.24913,96.6050949,254.379272],"rotationMatrix":[0.306200594,0.951967001,0,-0.951967001,0.306200594,0,0,0,0.999999881],"scale":1,"type":"tree_oak_large_b"}
{"pos":[205.45871,136.380493,254.34874],"rotationMatrix":[-0.816509545,-0.577331841,0,0.577331841,-0.816509545,0,0,0,0.999999881],"scale":1,"type":"tree_oak_large_b"}
{"pos":[211.956482,129.424622,254.333496],"rotationMatrix":[0.196736008,-0.980456412,0,0.980456412,0.196736008,0,0,0,0.999999881],"scale":1,"type":"tree_oak_large_b"}
{"pos":[212.091202,136.480743,254.348755],"rotationMatrix":[-0.795428991,-0.606046557,0,0.606046557,-0.795428991,0,0,0,0.999999881],"scale":1,"type":"tree_oak_large_b"}
{"pos":[219.362091,163.377899,254.276459],"rotationMatrix":[-0.999209285,0.0397573411,0,-0.0397573411,-0.999209285,0,0,0,0.999999881],"scale":1,"type":"tree_oak_large_b"}
{"pos":[235.329575,148.764145,254.067627],"rotationMatrix":[0.0728411376,0.997343481,0,-0.997343481,0.0728411376,0,0,0,0.999999881],"scale":1,"type":"tree_oak_large_b"}
{"pos":[214.572006,161.449982,254.372421],"rotationMatrix":[0.843571126,-0.537017286,0,0.537017286,0.843571126,0,0,0,0.999999881],"scale":1,"type":"tree_oak_large_b"}
{"pos":[222.905289,149.23526,254.379272],"rotationMatrix":[0.54769963,-0.836674988,0,0.836674988,0.54769963,0,0,0,0.999999881],"scale":1,"type":"tree_oak_large_b"}
{"pos":[223.105911,146.113937,254.379272],"rotationMatrix":[0.0332603194,-0.99944663,0,0.99944663,0.0332603194,0,0,0,0.999999881],"scale":1,"type":"tree_oak_large_b"}
{"pos":[216.895157,161.943146,254.335968],"rotationMatrix":[0.000926192442,0.999999464,0,-0.999999464,0.000926192442,0,0,0,0.999999881],"scale":1,"type":"tree_oak_large_b"}
{"pos":[218.171616,150.574738,254.379272],"rotationMatrix":[0.0536386035,-0.998560309,0,0.998560309,0.0536386035,0,0,0,0.999999881],"scale":1,"type":"tree_oak_large_b"}
{"pos":[201.096451,157.561646,254.379272],"rotationMatrix":[0.277093679,-0.960842788,0,0.960842788,0.277093679,0,0,0,0.999999881],"scale":1,"type":"tree_oak_large_b"}
{"pos":[177.140625,131.06456,254.379272],"rotationMatrix":[0.751730382,-0.659470439,0,0.659470439,0.751730382,0,0,0,0.999999881],"scale":1,"type":"tree_oak_large_b"}
{"pos":[180.037308,125.591728,254.379272],"rotationMatrix":[0.307343811,0.951598525,0,-0.951598525,0.307343811,0,0,0,0.999999881],"scale":1,"type":"tree_oak_large_b"}
{"pos":[195.270599,146.591919,254.379272],"rotationMatrix":[0.854699373,0.519123197,0,-0.519123197,0.854699373,0,0,0,0.999999881],"scale":1,"type":"tree_oak_large_b"}
{"pos":[226.524475,141.472031,254.379272],"rotationMatrix":[0.521403551,-0.853310108,0,0.853310108,0.521403551,0,0,0,0.999999881],"scale":1,"type":"tree_oak_large_b"}
{"pos":[217.136002,119.537003,254.318237],"rotationMatrix":[-0.21429345,0.976769269,0,-0.976769269,-0.21429345,0,0,0,0.999999881],"scale":1,"type":"tree_oak_large_b"}
{"pos":[199.303589,154.984222,254.379272],"rotationMatrix":[0.919479787,0.393137246,0,-0.393137246,0.919479787,0,0,0,0.999999881],"scale":1,"type":"tree_oak_large_b"}
{"pos":[411.794403,44.3539314,250.396729],"rotationMatrix":[-0.973419964,-0.229027271,0,0.229027271,-0.973419964,0,0,0,0.999999881],"scale":1,"type":"tree_oak_large_b"}
{"pos":[432.646088,32.8134499,258.377075],"rotationMatrix":[-0.194926649,0.980817556,0,-0.980817556,-0.194926649,0,0,0,0.999999762],"scale":0.720727563,"type":"tree_oak_large_b"}
{"pos":[321.76123,229.785858,263.99231],"rotationMatrix":[0.262232512,-0.965004623,0,0.965004623,0.262232512,0,0,0,0.999999881],"scale":1,"type":"tree_oak_large_b"}
{"pos":[283.487671,237.177917,250.862061],"rotationMatrix":[-0.935559332,0.353169233,0,-0.353169233,-0.935559332,0,0,0,0.999999881],"scale":1,"type":"tree_oak_large_b"}
{"pos":[288.266815,211.605774,250.83519],"rotationMatrix":[-0.935559332,0.353169233,0,-0.353169233,-0.935559332,0,0,0,0.999999881],"scale":1,"type":"tree_oak_large_b"}
{"pos":[307.516815,237.419891,255.035568],"rotationMatrix":[-0.935559332,0.353169233,0,-0.353169233,-0.935559332,0,0,0,0.999999881],"scale":1,"type":"tree_oak_large_b"}
{"pos":[409.819763,150.226212,259.294495],"rotationMatrix":[-0.956138432,0.292915016,0,-0.292915016,-0.956138432,0,0,0,0.999999881],"scale":1,"type":"tree_oak_large_b"}
{"pos":[366.070374,176.377899,263.90387],"rotationMatrix":[-0.321905941,0.946771562,0,-0.946771562,-0.321905941,0,0,0,0.999999881],"scale":1,"type":"tree_oak_large_b"}
{"pos":[378.763367,185.51828,263.648987],"rotationMatrix":[-0.266984463,-0.963700771,0,0.963700771,-0.266984463,0,0,0,0.999999881],"scale":1,"type":"tree_oak_large_b"}
{"pos":[391.491791,220.039856,263.99231],"rotationMatrix":[0.34719792,0.937791884,0,-0.937791884,0.34719792,0,0,0,0.999999881],"scale":1,"type":"tree_oak_large_b"}
{"pos":[406.773407,213.16127,263.99231],"rotationMatrix":[-0.490307778,-0.871549308,0,0.871549308,-0.490307778,0,0,0,0.999999881],"scale":1,"type":"tree_oak_large_b"}
{"pos":[411.6315,156.755737,258.870178],"rotationMatrix":[-0.770275831,-0.63771081,0,0.63771081,-0.770275831,0,0,0,0.999999881],"scale":1,"type":"tree_oak_large_b"}
{"pos":[382.72113,167.480682,262.844696],"rotationMatrix":[0.979446948,0.201701447,0,-0.201701447,0.979446948,0,0,0,0.999999881],"scale":1,"type":"tree_oak_large_b"}
{"pos":[383.787689,195.898605,263.809357],"rotationMatrix":[0.5109092,0.859634697,0,-0.859634697,0.5109092,0,0,0,0.999999881],"scale":1,"type":"tree_oak_large_b"}
{"pos":[402.586212,180.423416,261.252716],"rotationMatrix":[0.445957869,-0.895053864,0,0.895053864,0.445957869,0,0,0,0.999999881],"scale":1,"type":"tree_oak_large_b"}
{"pos":[328.358459,202.452026,263.99231],"rotationMatrix":[0.676732481,-0.736229002,0,0.736229002,0.676732481,0,0,0,0.999999881],"scale":1,"type":"tree_oak_large_b"}
{"pos":[345.284668,237.157166,262.957642],"rotationMatrix":[-0.221297115,-0.975206316,0,0.975206316,-0.221297115,0,0,0,0.999999881],"scale":1,"type":"tree_oak_large_b"}
{"pos":[318.743073,230.0186,263.99231],"rotationMatrix":[-0.271258622,0.962506354,0,-0.962506354,-0.271258622,0,0,0,0.999999881],"scale":1,"type":"tree_oak_large_b"}
{"pos":[-143.722183,0.574341774,250],"rotationMatrix":[0.997986376,0.0634271055,0,-0.0634271055,0.997986376,0,0,0,0.999999881],"scale":1,"type":"tree_oak_large_b"}
{"pos":[-180.009491,-4.34386539,250],"rotationMatrix":[0.982440054,0.186578318,0,-0.186578318,0.982440054,0,0,0,0.999999881],"scale":1,"type":"tree_oak_large_b"}
{"pos":[-180.379074,4.01805878,250],"rotationMatrix":[-0.40470466,-0.914447308,0,0.914447308,-0.40470466,0,0,0,0.999999881],"scale":1,"type":"tree_oak_large_b"}
{"pos":[-171.40506,10.3797283,250],"rotationMatrix":[-0.578407586,-0.815747797,0,0.815747797,-0.578407586,0,0,0,0.999999881],"scale":1,"type":"tree_oak_large_b"}
{"pos":[-188.225571,1.05450439,250],"rotationMatrix":[0.941575944,-0.336800516,0,0.336800516,0.941575944,0,0,0,0.999999881],"scale":1,"type":"tree_oak_large_b"}
{"pos":[-212.095016,6.19599628,249.722443],"rotationMatrix":[-0.999935031,0.0113874273,0,-0.0113874273,-0.999935031,0,0,0,0.999999881],"scale":1,"type":"tree_oak_large_b"}
{"pos":[-201.857864,8.88310242,249.896759],"rotationMatrix":[-0.999461532,0.0328106023,0,-0.0328106023,-0.999461532,0,0,0,0.999999881],"scale":1,"type":"tree_oak_large_b"}
{"pos":[-229.763824,14.0268421,250.064255],"rotationMatrix":[0.773677766,0.633579254,0,-0.633579254,0.773677766,0,0,0,0.999999881],"scale":1,"type":"tree_oak_large_b"}
{"pos":[-226.170319,12.1977768,249.836914],"rotationMatrix":[-0.902602971,-0.430474073,0,0.430474073,-0.902602971,0,0,0,0.999999881],"scale":1,"type":"tree_oak_large_b"}
{"pos":[-222.121719,-53.9012794,255.981445],"rotationMatrix":[-0.578764617,0.815494418,0,-0.815494418,-0.578764617,0,0,0,0.999999881],"scale":1,"type":"tree_oak_large_b"}
{"pos":[-196.987717,-43.4923058,255.996704],"rotationMatrix":[-0.811618149,0.584187984,0,-0.584187984,-0.811618149,0,0,0,0.999999881],"scale":1,"type":"tree_oak_large_b"}
{"pos":[-149.7733,-53.3668518,255.996704],"rotationMatrix":[-0.652138412,-0.758099914,0,0.758099914,-0.652138412,0,0,0,0.999999881],"scale":1,"type":"tree_oak_large_b"}
{"pos":[-121.169411,-79.0883179,255.996704],"rotationMatrix":[-0.672743738,-0.739875376,0,0.739875376,-0.672743738,0,0,0,0.999999881],"scale":1,"type":"tree_oak_large_b"}
{"pos":[-292.351257,-25.3926048,256.373108],"rotationMatrix":[-0.195682749,-0.980667174,0,0.980667174,-0.195682749,0,0,0,0.999999881],"scale":1,"type":"tree_oak_large_b"}
{"pos":[-364.824371,-3.77873039,261.635925],"rotationMatrix":[0.925368369,-0.379068851,0,0.379068851,0.925368369,0,0,0,0.999999881],"scale":1,"type":"tree_oak_large_b"}
{"pos":[-309.775024,51.6600952,257.038513],"rotationMatrix":[0.270723283,-0.962657094,0,0.962657094,0.270723283,0,0,0,0.999999881],"scale":1,"type":"tree_oak_large_b"}
{"pos":[-392.443939,47.3497925,261.258606],"rotationMatrix":[0.999870896,-0.0160606448,0,0.0160606448,0.999870896,0,0,0,0.999999881],"scale":1,"type":"tree_oak_large_b"}
{"pos":[-417.233978,45.3970299,261.310059],"rotationMatrix":[-0.990540862,-0.13721776,0,0.13721776,-0.990540862,0,0,0,0.999999881],"scale":1,"type":"tree_oak_large_b"}
{"pos":[-244.100143,-142.487411,293.653503],"rotationMatrix":[0.120744698,0.99268347,0,-0.99268347,0.120744698,0,0,0,0.999999881],"scale":1,"type":"tree_oak_large_b"}
{"pos":[-230.481171,-141.254684,293.789276],"rotationMatrix":[-0.573986948,0.818864167,0,-0.818864167,-0.573986948,0,0,0,0.999999881],"scale":1,"type":"tree_oak_large_b"}
{"pos":[-215.702484,-136.616791,293.823242],"rotationMatrix":[0.243551731,-0.969887793,0,0.969887793,0.243551731,0,0,0,0.999999881],"scale":1,"type":"tree_oak_large_b"}
{"pos":[-209.636948,-127.960846,293.828796],"rotationMatrix":[0.891613364,-0.452797443,0,0.452797443,0.891613364,0,0,0,0.999999881],"scale":1,"type":"tree_oak_large_b"}
{"pos":[-194.325378,-128.153824,293.970856],"rotationMatrix":[-0.730326414,0.683098197,0,-0.683098197,-0.730326414,0,0,0,0.999999881],"scale":1,"type":"tree_oak_large_b"}
{"pos":[-344.829865,-192.223114,283.761017],"rotationMatrix":[0.378738254,-0.92550379,0,0.92550379,0.378738254,0,0,0,0.999999881],"scale":1,"type":"tree_oak_large_b"}
{"pos":[-277.564148,-193.881073,283.708496],"rotationMatrix":[0.373289466,-0.927714825,0,0.927714825,0.373289466,0,0,0,0.999999881],"scale":1,"type":"tree_oak_large_b"}
{"pos":[-307.36264,-192.342438,283.707001],"rotationMatrix":[0.97716707,0.212471947,0,-0.212471947,0.97716707,0,0,0,0.999999881],"scale":1,"type":"tree_oak_large_b"}
{"pos":[-344.168732,-190.033997,283.780396],"rotationMatrix":[0.0807389468,0.996735275,0,-0.996735275,0.0807389468,0,0,0,0.999999881],"scale":1,"type":"tree_oak_large_b"}
{"pos":[-410.77713,-184.095245,269.106323],"rotationMatrix":[0.972638845,0.232322127,0,-0.232322127,0.972638845,0,0,0,0.999999881],"scale":1,"type":"tree_oak_large_b"}
{"pos":[-400.349976,-190.273987,274.136047],"rotationMatrix":[0.872353792,0.488875002,0,-0.488875002,0.872353792,0,0,0,0.999999881],"scale":1,"type":"tree_oak_large_b"}
{"pos":[-408.847382,-188.81543,271.026978],"rotationMatrix":[0.74068886,-0.671848059,0,0.671848059,0.74068886,0,0,0,0.999999881],"scale":1,"type":"tree_oak_large_b"}
{"pos":[-407.035645,-206.860718,275.638763],"rotationMatrix":[0.931546509,0.36362195,0,-0.36362195,0.931546509,0,0,0,0.999999881],"scale":1,"type":"tree_oak_large_b"}
{"pos":[-589.352722,-162.49321,263.436859],"rotationMatrix":[-0.93093431,-0.365186661,0,0.365186661,-0.93093431,0,0,0,0.999999881],"scale":1,"type":"tree_oak_large_b"}
{"pos":[-62.2346039,-267.769379,264.385773],"rotationMatrix":[0.594201505,0.804316223,0,-0.804316223,0.594201505,0,0,0,0.999999881],"scale":1,"type":"tree_oak_large_b"}
{"pos":[-82.2323303,-285.058655,265.012817],"rotationMatrix":[-0.955123365,-0.296208292,0,0.296208292,-0.955123365,0,0,0,0.999999881],"scale":1,"type":"tree_oak_large_b"}
{"pos":[-89.555542,-282.278503,265.218079],"rotationMatrix":[0.646275878,0.763103843,0,-0.763103843,0.646275878,0,0,0,0.999999881],"scale":1,"type":"tree_oak_large_b"}
{"pos":[-73.2313385,-267.941925,264.808044],"rotationMatrix":[0.977142811,-0.212583452,0,0.212583452,0.977142811,0,0,0,0.999999881],"scale":1,"type":"tree_oak_large_b"}
{"pos":[-86.0017319,-265.511505,264.101074],"rotationMatrix":[0.679455221,-0.733716846,0,0.733716846,0.679455221,0,0,0,0.999999881],"scale":1,"type":"tree_oak_large_b"}
{"pos":[-88.1488419,-261.911987,263.99231],"rotationMatrix":[0.0338002704,-0.999428511,0,0.999428511,0.0338002704,0,0,0,0.999999881],"scale":1,"type":"tree_oak_large_b"}
{"pos":[-107.259644,-272.214752,264.404144],"rotationMatrix":[-0.588870287,-0.80822742,0,0.80822742,-0.588870287,0,0,0,0.999999881],"scale":1,"type":"tree_oak_large_b"}
{"pos":[-103.697685,-274.349854,264.799622],"rotationMatrix":[-0.833868086,0.551963449,0,-0.551963449,-0.833868086,0,0,0,0.999999881],"scale":1,"type":"tree_oak_large_b"}
{"pos":[-125.588409,-266.902405,263.99231],"rotationMatrix":[0.493902057,-0.869517446,0,0.869517446,0.493902057,0,0,0,0.999999881],"scale":1,"type":"tree_oak_large_b"}
{"pos":[-127.197388,-273.043915,263.99231],"rotationMatrix":[-0.893565774,0.448932022,0,-0.448932022,-0.893565774,0,0,0,0.999999881],"scale":1,"type":"tree_oak_large_b"}
{"pos":[-122.989601,-274.718506,264.208466],"rotationMatrix":[0.805271327,-0.592906296,0,0.592906296,0.805271327,0,0,0,0.999999881],"scale":1,"type":"tree_oak_large_b"}
{"pos":[-147.511017,-265.281769,263.99231],"rotationMatrix":[-0.0762568563,0.997088075,0,-0.997088075,-0.0762568563,0,0,0,0.999999881],"scale":1,"type":"tree_oak_large_b"}
{"pos":[-140.546524,-267.099915,263.99231],"rotationMatrix":[0.831688881,0.555241883,0,-0.555241883,0.831688881,0,0,0,0.999999881],"scale":1,"type":"tree_oak_large_b"}
{"pos":[-166.788696,-267.06189,264.052948],"rotationMatrix":[-0.911898315,0.410416067,0,-0.410416067,-0.911898315,0,0,0,0.999999881],"scale":1,"type":"tree_oak_large_b"}
{"pos":[-182.011841,-279.873505,265.030273],"rotationMatrix":[0.441459864,0.897280991,0,-0.897280991,0.441459864,0,0,0,0.999999881],"scale":1,"type":"tree_oak_large_b"}
{"pos":[-195.933121,-269.087524,264.524872],"rotationMatrix":[0.992308199,0.123791672,0,-0.123791672,0.992308199,0,0,0,0.999999881],"scale":1,"type":"tree_oak_large_b"}
{"pos":[-183.737991,-271.584869,264.930603],"rotationMatrix":[0.962881744,0.26992324,0,-0.26992324,0.962881744,0,0,0,0.999999881],"scale":1,"type":"tree_oak_large_b"}
{"pos":[-228.853516,-267.857391,263.99231],"rotationMatrix":[0.151203111,-0.988502622,0,0.988502622,0.151203111,0,0,0,0.999999881],"scale":1,"type":"tree_oak_large_b"}
{"pos":[-274.387115,-279.959473,263.99231],"rotationMatrix":[-0.0913140774,0.995822012,0,-0.995822012,-0.0913140774,0,0,0,0.999999881],"scale":1,"type":"tree_oak_large_b"}
{"pos":[-246.419022,-284.659912,265.579285],"rotationMatrix":[0.994373977,0.105925605,0,-0.105925605,0.994373977,0,0,0,0.999999881],"scale":1,"type":"tree_oak_large_b"}
{"pos":[-222.717773,-296.495514,265.248077],"rotationMatrix":[0.939521134,0.342490762,0,-0.342490762,0.939521134,0,0,0,0.999999881],"scale":1,"type":"tree_oak_large_b"}
{"pos":[-236.956818,-296.074799,264.928741],"rotationMatrix":[0.976701915,-0.214600235,0,0.214600235,0.976701915,0,0,0,0.999999881],"scale":1,"type":"tree_oak_large_b"}
{"pos":[-219.325958,-292.0979,265.469421],"rotationMatrix":[-0.96881026,-0.247803703,0,0.247803703,-0.96881026,0,0,0,0.999999881],"scale":1,"type":"tree_oak_large_b"}
{"pos":[-215.512741,-293.054596,265.455444],"rotationMatrix":[-0.880521059,-0.4740071,0,0.4740071,-0.880521059,0,0,0,0.999999881],"scale":1,"type":"tree_oak_large_b"}
{"pos":[-214.239044,-308.000183,264.229126],"rotationMatrix":[0.0940396786,0.995568335,0,-0.995568335,0.0940396786,0,0,0,0.999999881],"scale":1,"type":"tree_oak_large_b"}
{"pos":[-189.435944,-291.945465,264.999084],"rotationMatrix":[0.660095155,-0.751181781,0,0.751181781,0.660095155,0,0,0,0.999999881],"scale":1,"type":"tree_oak_large_b"}
{"pos":[-186.145859,-299.313049,264.646515],"rotationMatrix":[0.984888077,0.173191488,0,-0.173191488,0.984888077,0,0,0,0.999999881],"scale":1,"type":"tree_oak_large_b"}
{"pos":[-176.374298,-306.891205,264.488281],"rotationMatrix":[0.516111553,-0.856521249,0,0.856521249,0.516111553,0,0,0,0.999999881],"scale":1,"type":"tree_oak_large_b"}
{"pos":[-184.21994,-287.507751,264.925171],"rotationMatrix":[0.967227459,-0.253911108,0,0.253911108,0.967227459,0,0,0,0.999999881],"scale":1,"type":"tree_oak_large_b"}
{"pos":[-176.029221,-300.981476,264.025574],"rotationMatrix":[0.551739633,-0.834016263,0,0.834016263,0.551739633,0,0,0,0.999999881],"scale":1,"type":"tree_oak_large_b"}
{"pos":[-180.683014,-292.319244,264.613739],"rotationMatrix":[0.321563601,0.94688797,0,-0.94688797,0.321563601,0,0,0,0.999999881],"scale":1,"type":"tree_oak_large_b"}
{"pos":[-162.398987,-289.845978,264.024445],"rotationMatrix":[0.941701591,0.336449206,0,-0.336449206,0.941701591,0,0,0,0.999999881],"scale":1,"type":"tree_oak_large_b"}
{"pos":[-143.406174,-285.88324,263.99231],"rotationMatrix":[0.938501656,0.345274478,0,-0.345274478,0.938501656,0,0,0,0.999999881],"scale":1,"type":"tree_oak_large_b"}
{"pos":[-154.101349,-277.621033,263.99231],"rotationMatrix":[0.649848163,0.760064006,0,-0.760064006,0.649848163,0,0,0,0.999999881],"scale":1,"type":"tree_oak_large_b"}
{"pos":[-155.978317,-297.809875,265.178528],"rotationMatrix":[0.841235816,-0.54066819,0,0.54066819,0.841235816,0,0,0,0.999999881],"scale":1,"type":"tree_oak_large_b"}
{"pos":[-147.40036,-294.142578,264.212219],"rotationMatrix":[-0.95965451,-0.281181663,0,0.281181663,-0.95965451,0,0,0,0.999999881],"scale":1,"type":"tree_oak_large_b"}
{"pos":[-152.034332,-297.194397,265.754944],"rotationMatrix":[0.0730044693,-0.99733156,0,0.99733156,0.0730044693,0,0,0,0.999999881],"scale":1,"type":"tree_oak_large_b"}
{"pos":[-148.346497,-289.758362,263.99231],"rotationMatrix":[-0.172336251,-0.985038102,0,0.985038102,-0.172336251,0,0,0,0.999999881],"scale":1,"type":"tree_oak_large_b"}
{"pos":[-130.479599,-285.192017,263.99231],"rotationMatrix":[0.113702551,0.993514717,0,-0.993514717,0.113702551,0,0,0,0.999999881],"scale":1,"type":"tree_oak_large_b"}
{"pos":[-124.096474,-283.887756,264.199036],"rotationMatrix":[0.240925118,-0.970543623,0,0.970543623,0.240925118,0,0,0,0.999999881],"scale":1,"type":"tree_oak_large_b"}
{"pos":[-127.773224,-287.143463,263.99231],"rotationMatrix":[0.0857074559,0.996320248,0,-0.996320248,0.0857074559,0,0,0,0.999999881],"scale":1,"type":"tree_oak_large_b"}
{"pos":[-80.9376984,-288.586304,264.587585],"rotationMatrix":[0.99852097,0.054367248,0,-0.054367248,0.99852097,0,0,0,0.999999881],"scale":1,"type":"tree_oak_large_b"}
{"pos":[-54.97258,-220.341782,265.374512],"rotationMatrix":[0.633278847,-0.773923516,0,0.773923516,0.633278847,0,0,0,0.999999881],"scale":1.43368542,"type":"tree_oak_large_b"}
{"pos":[-584.75116,-344.422638,285.580017],"rotationMatrix":[-0.792075932,0.610422432,0,-0.610422432,-0.792075932,0,0,0,0.999999881],"scale":1,"type":"tree_oak_large_b"}
{"pos":[-588.641541,-340.41684,284.495361],"rotationMatrix":[0.0234803371,0.999724209,0,-0.999724209,0.0234803371,0,0,0,0.999999881],"scale":1,"type":"tree_oak_large_b"}
{"pos":[-553.090027,-349.655396,286.556641],"rotationMatrix":[-0.305460274,-0.952204764,0,0.952204764,-0.305460274,0,0,0,0.999999881],"scale":1,"type":"tree_oak_large_b"}
{"pos":[-551.381653,-347.211517,286.02887],"rotationMatrix":[-0.923870623,0.382704556,0,-0.382704556,-0.923870623,0,0,0,0.999999881],"scale":1,"type":"tree_oak_large_b"}
{"pos":[-539.811707,-343.169342,285.085876],"rotationMatrix":[0.979299963,0.202414095,0,-0.202414095,0.979299963,0,0,0,0.999999881],"scale":1,"type":"tree_oak_large_b"}
{"pos":[-549.059021,-346.853607,285.889709],"rotationMatrix":[-0.3165977,-0.948559821,0,0.948559821,-0.3165977,0,0,0,0.999999881],"scale":1,"type":"tree_oak_large_b"}
{"pos":[-586.775391,-337.272095,283.286987],"rotationMatrix":[-0.475616634,-0.87965256,0,0.87965256,-0.475616634,0,0,0,0.999999881],"scale":1,"type":"tree_oak_large_b"}
{"pos":[-638.867004,-298.215729,283.21637],"rotationMatrix":[-0.804768741,-0.593588471,0,0.593588471,-0.804768741,0,0,0,0.999999881],"scale":1,"type":"tree_oak_large_b"}
{"pos":[-694.836304,-174.933929,272.906952],"rotationMatrix":[0.226271585,0.974064171,0,-0.974064171,0.226271585,0,0,0,0.999999881],"scale":1,"type":"tree_oak_large_b"}
{"pos":[-707.452515,-172.948532,273.832642],"rotationMatrix":[0.350438297,-0.936585724,0,0.936585724,0.350438297,0,0,0,0.999999881],"scale":1,"type":"tree_oak_large_b"}
{"pos":[-689.08313,-133.630295,271.829865],"rotationMatrix":[-0.983141601,-0.18284528,0,0.18284528,-0.983141601,0,0,0,0.999999881],"scale":1,"type":"tree_oak_large_b"}
{"pos":[-681.529236,-121.037857,270.725647],"rotationMatrix":[0.694267273,0.719717264,0,-0.719717264,0.694267273,0,0,0,0.999999881],"scale":1,"type":"tree_oak_large_b"}
{"pos":[-652.268677,-109.168579,268.963531],"rotationMatrix":[0.735322475,-0.677717328,0,0.677717328,0.735322475,0,0,0,0.999999881],"scale":1,"type":"tree_oak_large_b"}
{"pos":[-645.936401,-123.702728,268.413818],"rotationMatrix":[0.780248344,-0.625469744,0,0.625469744,0.780248344,0,0,0,0.999999881],"scale":1,"type":"tree_oak_large_b"}
{"pos":[-661.884155,-162.598099,268.186707],"rotationMatrix":[-0.575363696,-0.817897499,0,0.817897499,-0.575363696,0,0,0,0.999999881],"scale":1,"type":"tree_oak_large_b"}
{"pos":[-686.760254,-170.184616,271.16095],"rotationMatrix":[0.455425799,-0.890273631,0,0.890273631,0.455425799,0,0,0,0.999999881],"scale":1,"type":"tree_oak_large_b"}
{"pos":[-624.951721,-116.62027,267.787811],"rotationMatrix":[-0.993833482,0.110882528,0,-0.110882528,-0.993833482,0,0,0,0.999999881],"scale":1,"type":"tree_oak_large_b"}
{"pos":[-567.297241,-96.3046722,264.546143],"rotationMatrix":[-0.761686623,-0.647945404,0,0.647945404,-0.761686623,0,0,0,0.999999881],"scale":1,"type":"tree_oak_large_b"}
{"pos":[-117.625977,-220.939545,273.969666],"rotationMatrix":[-0.969819009,-0.243825972,0,0.243825972,-0.969819009,0,0,0,0.999999881],"scale":1,"type":"tree_oak_large_b"}
{"pos":[-254.978439,-325.86734,302.685608],"rotationMatrix":[0.757776082,0.652514637,0,-0.652514637,0.757776082,0,0,0,0.999999881],"scale":1,"type":"tree_oak_large_b"}
{"pos":[-254.005402,-328.180145,302.691528],"rotationMatrix":[0.29395172,0.955820262,0,-0.955820262,0.29395172,0,0,0,0.999999881],"scale":1,"type":"tree_oak_large_b"}
{"pos":[-260.230286,-316.97525,302.261383],"rotationMatrix":[0.70959878,-0.704605758,0,0.704605758,0.70959878,0,0,0,0.999999881],"scale":1,"type":"tree_oak_large_b"}
{"pos":[-280.183075,-316.993286,304.390839],"rotationMatrix":[-0.954028189,0.299716502,0,-0.299716502,-0.954028189,0,0,0,0.999999881],"scale":1,"type":"tree_oak_large_b"}
{"pos":[-300.004517,-313.611359,302.83316],"rotationMatrix":[-0.025529081,-0.999673963,0,0.999673963,-0.025529081,0,0,0,0.999999881],"scale":1,"type":"tree_oak_large_b"}
{"pos":[-319.837677,-341.167877,302.853821],"rotationMatrix":[0.993348956,-0.115141995,0,0.115141995,0.993348956,0,0,0,0.999999881],"scale":1,"type":"tree_oak_large_b"}
{"pos":[-301.895325,-322.74472,303.921265],"rotationMatrix":[0.958159447,0.286234826,0,-0.286234826,0.958159447,0,0,0,0.999999881],"scale":1,"type":"tree_oak_large_b"}
{"pos":[-265.671234,-329.06427,303.487823],"rotationMatrix":[-0.997895718,-0.0648378581,0,0.0648378581,-0.997895718,0,0,0,0.999999881],"scale":1,"type":"tree_oak_large_b"}
{"pos":[-255.658875,-332.638794,302.77951],"rotationMatrix":[0.334234834,-0.942489743,0,0.942489743,0.334234834,0,0,0,0.999999881],"scale":1,"type":"tree_oak_large_b"}
{"pos":[-64.5040665,-361.882355,283.981323],"rotationMatrix":[-0.304756373,0.952430189,0,-0.952430189,-0.304756373,0,0,0,0.999999881],"scale":1,"type":"tree_oak_large_b"}
{"pos":[-65.2341614,-329.222626,284.968201],"rotationMatrix":[-0.995612204,-0.0935744196,0,0.0935744196,-0.995612204,0,0,0,0.999999881],"scale":1,"type":"tree_oak_large_b"}
{"pos":[-96.4362717,-311.213165,284.72876],"rotationMatrix":[-0.60563904,0.795739233,0,-0.795739233,-0.60563904,0,0,0,0.999999881],"scale":1,"type":"tree_oak_large_b"}
{"pos":[-109.845741,-307.922546,284.410828],"rotationMatrix":[0.0853534862,-0.996350646,0,0.996350646,0.0853534862,0,0,0,0.999999881],"scale":1,"type":"tree_oak_large_b"}
{"pos":[-118.176598,-314.658905,284.869202],"rotationMatrix":[-0.630002141,0.776593149,0,-0.776593149,-0.630002141,0,0,0,0.999999881],"scale":1,"type":"tree_oak_large_b"}
{"pos":[-116.064644,-326.9935,284.660767],"rotationMatrix":[0.280182153,0.959946811,0,-0.959946811,0.280182153,0,0,0,0.999999881],"scale":1,"type":"tree_oak_large_b"}
{"pos":[-84.4416885,-343.382599,285.029205],"rotationMatrix":[0.279144257,-0.960249066,0,0.960249066,0.279144257,0,0,0,0.999999881],"scale":1,"type":"tree_oak_large_b"}
{"pos":[-70.5057602,-345.335602,285.13797],"rotationMatrix":[0.882681191,-0.469972074,0,0.469972074,0.882681191,0,0,0,0.999999881],"scale":1,"type":"tree_oak_large_b"}
{"pos":[-175.680679,-341.180878,291.879211],"rotationMatrix":[0.998232305,-0.0594307669,0,0.0594307669,0.998232305,0,0,0,0.999999881],"scale":1,"type":"tree_oak_large_b"}
{"pos":[-178.58194,-332.630005,291.697784],"rotationMatrix":[-0.991280735,-0.131765768,0,0.131765768,-0.991280735,0,0,0,0.999999881],"scale":1,"type":"tree_oak_large_b"}
{"pos":[-177.199951,-331.083099,291.701996],"rotationMatrix":[0.633186758,-0.773998976,0,0.773998976,0.633186758,0,0,0,0.999999881],"scale":1,"type":"tree_oak_large_b"}
{"pos":[-168.166,-359.47522,291.8396],"rotationMatrix":[0.565000176,-0.825090647,0,0.825090647,0.565000176,0,0,0,0.999999881],"scale":1,"type":"tree_oak_large_b"}
{"pos":[-302.988007,-349.487915,304.341003],"rotationMatrix":[-0.305006146,0.952350259,0,-0.952350259,-0.305006146,0,0,0,0.999999881],"scale":1,"type":"tree_oak_large_b"}
{"pos":[65.4077454,-322.266815,274.966125],"rotationMatrix":[0.247190207,0.968966961,0,-0.968966961,0.247190207,0,0,0,0.999999881],"scale":1,"type":"tree_oak_large_b"}
{"pos":[61.6669044,-314.569519,274.009949],"rotationMatrix":[0.123200506,-0.992381752,0,0.992381752,0.123200506,0,0,0,0.999999881],"scale":1,"type":"tree_oak_large_b"}
{"pos":[59.8431511,-321.394196,274.178101],"rotationMatrix":[0.595903039,0.803056359,0,-0.803056359,0.595903039,0,0,0,0.999999881],"scale":1,"type":"tree_oak_large_b"}
{"pos":[72.6678619,-340.525696,273.970795],"rotationMatrix":[0.0136043709,-0.999907315,0,0.999907315,0.0136043709,0,0,0,0.999999881],"scale":1,"type":"tree_oak_large_b"}
{"pos":[79.5239716,-345.317444,273.961121],"rotationMatrix":[0.923943698,0.382528305,0,-0.382528305,0.923943698,0,0,0,0.999999881],"scale":1,"type":"tree_oak_large_b"}
{"pos":[134.437363,-300.236298,273.980133],"rotationMatrix":[-0.0861332715,-0.996283591,0,0.996283591,-0.0861332715,0,0,0,0.999999881],"scale":1,"type":"tree_oak_large_b"}
{"pos":[189.82486,-226.232513,273.797607],"rotationMatrix":[-0.77296555,0.634447694,0,-0.634447694,-0.77296555,0,0,0,0.999999881],"scale":1,"type":"tree_oak_large_b"}
{"pos":[182.881897,-214.812851,273.293243],"rotationMatrix":[-0.784586072,0.620019794,0,-0.620019794,-0.784586072,0,0,0,0.999999881],"scale":1,"type":"tree_oak_large_b"}
{"pos":[179.26918,-213.846207,272.855316],"rotationMatrix":[0.503250122,0.864140809,0,-0.864140809,0.503250122,0,0,0,0.999999881],"scale":1,"type":"tree_oak_large_b"}
{"pos":[185.639374,-186.267059,274.053375],"rotationMatrix":[-0.0407109596,-0.99917084,0,0.99917084,-0.0407109596,0,0,0,0.999999881],"scale":1,"type":"tree_oak_large_b"}
{"pos":[178.560562,-183.827179,274.040924],"rotationMatrix":[-0.952445924,0.304707587,0,-0.304707587,-0.952445924,0,0,0,0.999999881],"scale":1,"type":"tree_oak_large_b"}
{"pos":[176.545944,-146.99649,275.061859],"rotationMatrix":[-0.23493427,0.972011149,0,-0.972011149,-0.23493427,0,0,0,0.999999881],"scale":1,"type":"tree_oak_large_b"}
{"pos":[190.223343,-139.106155,274.08844],"rotationMatrix":[0.291195363,0.956663549,0,-0.956663549,0.291195363,0,0,0,0.999999881],"scale":1,"type":"tree_oak_large_b"}
{"pos":[184.358002,-129.336273,274.387207],"rotationMatrix":[0.428180009,0.903693497,0,-0.903693497,0.428180009,0,0,0,0.999999881],"scale":1,"type":"tree_oak_large_b"}
{"pos":[199.494308,-127.92057,273.902802],"rotationMatrix":[-0.953238308,-0.302219629,0,0.302219629,-0.953238308,0,0,0,0.999999881],"scale":1,"type":"tree_oak_large_b"}
{"pos":[200.17308,-178.652405,273.928436],"rotationMatrix":[0.276422888,0.961036026,0,-0.961036026,0.276422888,0,0,0,0.999999881],"scale":1,"type":"tree_oak_large_b"}
{"pos":[199.562653,-157.819565,273.94104],"rotationMatrix":[-0.854186177,0.51996696,0,-0.51996696,-0.854186177,0,0,0,0.999999881],"scale":1,"type":"tree_oak_large_b"}
{"pos":[202.052078,-174.351059,273.96701],"rotationMatrix":[-0.789131045,-0.614224672,0,0.614224672,-0.789131045,0,0,0,0.999999881],"scale":1,"type":"tree_oak_large_b"}
{"pos":[196.639694,-199.773392,273.901581],"rotationMatrix":[-0.923013985,0.3847664,0,-0.3847664,-0.923013985,0,0,0,0.999999881],"scale":1,"type":"tree_oak_large_b"}
{"pos":[-525.020752,199.130325,261.917114],"rotationMatrix":[0.99969995,0.0244901143,0,-0.0244901143,0.99969995,0,0,0,0.999999881],"scale":1,"type":"tree_oak_large_b"}
{"pos":[-584.455505,184.799362,262.620728],"rotationMatrix":[0.575176418,-0.818029225,0,0.818029225,0.575176418,0,0,0,0.999999881],"scale":1,"type":"tree_oak_large_b"}
{"pos":[-585.631775,177.555237,262.786865],"rotationMatrix":[-0.923938513,-0.382540941,0,0.382540941,-0.923938513,0,0,0,0.999999881],"scale":1,"type":"tree_oak_large_b"}
{"pos":[-607.977417,80.8487473,262.786865],"rotationMatrix":[-0.914326489,-0.404977649,0,0.404977649,-0.914326489,0,0,0,0.999999881],"scale":1,"type":"tree_oak_large_b"}
{"pos":[-608.878784,198.372467,263.141541],"rotationMatrix":[0.960086524,0.279702991,0,-0.279702991,0.960086524,0,0,0,0.999999881],"scale":1,"type":"tree_oak_large_b"}
{"pos":[-624.186707,146.976044,262.943909],"rotationMatrix":[-0.779054761,0.626955628,0,-0.626955628,-0.779054761,0,0,0,0.999999881],"scale":1,"type":"tree_oak_large_b"}
{"pos":[-614.950989,71.7182541,262.992462],"rotationMatrix":[-0.951560676,0.307460576,0,-0.307460576,-0.951560676,0,0,0,0.999999881],"scale":1,"type":"tree_oak_large_b"}
{"pos":[-817.813782,158.563629,285.983154],"rotationMatrix":[-0.900254369,-0.435364097,0,0.435364097,-0.900254369,0,0,0,0.999999881],"scale":1,"type":"tree_oak_large_b"}
{"pos":[-802.725525,182.044449,290.128998],"rotationMatrix":[-0.521880448,0.853018463,0,-0.853018463,-0.521880448,0,0,0,0.999999881],"scale":1,"type":"tree_oak_large_b"}
{"pos":[-820.099121,189.65062,296.142578],"rotationMatrix":[-0.522315979,-0.85275197,0,0.85275197,-0.522315979,0,0,0,0.999999881],"scale":1,"type":"tree_oak_large_b"}
{"pos":[-780.149353,243.59407,295.30481],"rotationMatrix":[0.971753657,0.235997379,0,-0.235997379,0.971753657,0,0,0,0.999999881],"scale":1,"type":"tree_oak_large_b"}
{"pos":[-776.11554,218.652039,291.390381],"rotationMatrix":[-0.910278141,0.413996935,0,-0.413996935,-0.910278141,0,0,0,0.999999881],"scale":1,"type":"tree_oak_large_b"}
{"pos":[-763.875061,227.982742,291.274536],"rotationMatrix":[0.999264002,0.0383576788,0,-0.0383576788,0.999264002,0,0,0,0.999999881],"scale":1,"type":"tree_oak_large_b"}
{"pos":[-781.055359,238.567062,294.801208],"rotationMatrix":[-0.070239678,-0.997530043,0,0.997530043,-0.070239678,0,0,0,0.999999881],"scale":1,"type":"tree_oak_large_b"}
{"pos":[-710.068787,279.112244,291.137695],"rotationMatrix":[0.582360446,0.812930644,0,-0.812930644,0.582360446,0,0,0,0.999999881],"scale":1,"type":"tree_oak_large_b"}
{"pos":[-663.398193,251.243652,292.432617],"rotationMatrix":[0.73162812,-0.681703806,0,0.681703806,0.73162812,0,0,0,0.999999881],"scale":1,"type":"tree_oak_large_b"}
{"pos":[-684.253174,111.188362,282.328217],"rotationMatrix":[0.198755503,-0.980049014,0,0.980049014,0.198755503,0,0,0,0.999999881],"scale":1,"type":"tree_oak_large_b"}
{"pos":[-732.2901,104.365967,285.623535],"rotationMatrix":[0.735683382,0.677325606,0,-0.677325606,0.735683382,0,0,0,0.999999881],"scale":1,"type":"tree_oak_large_b"}
{"pos":[-736.653992,112.079384,286.109039],"rotationMatrix":[-0.683238685,-0.730194926,0,0.730194926,-0.683238685,0,0,0,0.999999881],"scale":1,"type":"tree_oak_large_b"}
{"pos":[-744.252014,119.83036,287.172729],"rotationMatrix":[-0.373868585,0.927481592,0,-0.927481592,-0.373868585,0,0,0,0.999999881],"scale":1,"type":"tree_oak_large_b"}
{"pos":[-737.552307,122.690987,287.425232],"rotationMatrix":[0.331061453,0.943609178,0,-0.943609178,0.331061453,0,0,0,0.999999881],"scale":1,"type":"tree_oak_large_b"}
{"pos":[-896.065308,-128.201828,360.680267],"rotationMatrix":[0.957230747,0.289325535,0,-0.289325535,0.957230747,0,0,0,0.999999881],"scale":1,"type":"tree_oak_large_b"}
{"pos":[-894.653809,-174.72554,362.734039],"rotationMatrix":[0.888489604,0.458896697,0,-0.458896697,0.888489604,0,0,0,0.999999881],"scale":1,"type":"tree_oak_large_b"}
{"pos":[-887.225464,-201.521423,359.480316],"rotationMatrix":[0.8474558,0.530865908,0,-0.530865908,0.8474558,0,0,0,0.999999881],"scale":1,"type":"tree_oak_large_b"}
{"pos":[-898.489868,-156.062927,364.168213],"rotationMatrix":[0.942139089,0.335222155,0,-0.335222155,0.942139089,0,0,0,0.999999881],"scale":1,"type":"tree_oak_large_b"}
{"pos":[-875.118469,-171.084915,360.420593],"rotationMatrix":[-0.742513239,0.669831157,0,-0.669831157,-0.742513239,0,0,0,0.999999881],"scale":1,"type":"tree_oak_large_b"}
{"pos":[-905.399658,-157.995865,365.054169],"rotationMatrix":[0.93255192,-0.361035556,0,0.361035556,0.93255192,0,0,0,0.999999881],"scale":1,"type":"tree_oak_large_b"}
{"pos":[-924.088013,-114.201691,360.580292],"rotationMatrix":[0.0926284492,-0.995700657,0,0.995700657,0.0926284492,0,0,0,0.999999881],"scale":1,"type":"tree_oak_large_b"}
{"pos":[-779.794739,-124.169182,340.901947],"rotationMatrix":[0.642328858,-0.766429007,0,0.766429007,0.642328858,0,0,0,0.999999881],"scale":1,"type":"tree_oak_large_b"}
{"pos":[155.815338,335.108612,249.474228],"rotationMatrix":[0.840090036,-0.542446852,0,0.542446852,0.840090036,0,-0,0,0.999999881],"scale":1,"type":"tree_oak_large_b"}
{"pos":[131.288437,350.979767,251.816101],"rotationMatrix":[0.594845057,-0.80384022,0,0.80384022,0.594845057,0,-0,0,0.999999881],"scale":1,"type":"tree_oak_large_b"}
{"pos":[105.745186,341.554596,253.615646],"rotationMatrix":[0.441258758,0.897379935,0,-0.897379935,0.441258758,-0,-0,0,0.999999881],"scale":1,"type":"tree_oak_large_b"}
{"pos":[92.3466492,352.39566,254.911041],"rotationMatrix":[-0.672177672,-0.740389705,0,0.740389705,-0.672177672,0,0,0,0.999999881],"scale":1,"type":"tree_oak_large_b"}
