{"pos":[-324.026001,-197.703995,37.3618011],"rotationMatrix":[-0.597399354,0.80182761,0,-0.80182761,-0.597399354,0,0,0,1],"scale":0.728500009,"type":"tree_oak_large_a"}
{"pos":[-306.601013,-295.645996,38.125],"rotationMatrix":[0.710895896,0.703293979,0,-0.703293979,0.710895896,0,0,0,1],"scale":0.861299992,"type":"tree_oak_large_a"}
{"pos":[-373.713013,-377.869995,36.2924004],"rotationMatrix":[0.985787034,-0.167993039,0,0.167993039,0.985787034,0,0,0,1],"scale":0.702099979,"type":"tree_oak_large_a"}
{"pos":[-376.014008,-491.101013,40.3727989],"rotationMatrix":[-0.795891523,-0.605705917,0,0.605705917,-0.795891523,0,0,0,1],"scale":0.91900003,"type":"tree_oak_large_a"}
{"pos":[-370.945007,-503.806,40.9478989],"rotationMatrix":[0.896760345,0.44249472,0,-0.44249472,0.896760345,0,0,0,1],"scale":1.28789997,"type":"tree_oak_large_a"}
{"pos":[-451.299988,-586.473999,34.9389992],"rotationMatrix":[-0.789075255,-0.614391685,0,0.614391685,-0.789075255,0,0,0,1],"scale":1.02600002,"type":"tree_oak_large_a"}
{"pos":[-323.015015,-838.78302,34.9143982],"rotationMatrix":[-0.559024811,0.82904309,0,-0.82904309,-0.559024811,0,0,0,1],"scale":1.21539998,"type":"tree_oak_large_a"}
{"pos":[-314.816986,-860.736023,23.0813007],"rotationMatrix":[0.170785666,-0.985295773,0,0.985295773,0.170785666,0,0,0,1],"scale":1.19340003,"type":"tree_oak_large_a"}
{"pos":[-426.450989,-837.333008,45.7714005],"rotationMatrix":[-0.515192389,0.857169926,0,-0.857169926,-0.515192389,0,0,0,1],"scale":0.964699984,"type":"tree_oak_large_a"}
{"pos":[-396.528015,-823.708008,46.7971992],"rotationMatrix":[0.875299811,-0.483568996,0,0.483568996,0.875299811,0,0,0,1],"scale":1.09930003,"type":"tree_oak_large_a"}
{"pos":[-537.380981,-247.494003,29.3162003],"rotationMatrix":[0.467694342,-0.883943081,0,0.883943081,0.467694342,0,0,0,1],"scale":0.918500006,"type":"tree_oak_large_a"}
{"pos":[-606.653992,-480.169006,33.8730011],"rotationMatrix":[0.900006056,0.435885817,0,-0.435885817,0.900006056,0,0,0,1],"scale":1.02629995,"type":"tree_oak_large_a"}
{"pos":[-827.960022,-65.1264038,33.4810982],"rotationMatrix":[0.902318001,-0.431082606,0,0.431082606,0.902318001,0,0,0,1],"scale":1.15699995,"type":"tree_oak_large_a"}
{"pos":[-848.146973,-114.717003,38.0326996],"rotationMatrix":[-0.993205786,0.114804506,0,-0.114804506,-0.993205786,0,0,0,1],"scale":0.961099982,"type":"tree_oak_large_a"}
{"pos":[-808.155029,-240.162994,26.7056007],"rotationMatrix":[0.898569942,-0.438824713,0,0.438824713,0.898569942,0,0,0,1],"scale":1.20449996,"type":"tree_oak_large_a"}
{"pos":[-890.445007,-63.3984985,47.8801003],"rotationMatrix":[-0.996801257,0.0775379241,0,-0.0775379241,-0.996801257,0,0,0,1],"scale":0.938300014,"type":"tree_oak_large_a"}
{"pos":[-819.762024,-305.419006,25.8899002],"rotationMatrix":[-0.668964505,0.743406296,0,-0.743406296,-0.668964505,0,0,0,1],"scale":0.827400029,"type":"tree_oak_large_a"}
{"pos":[-839.945984,-370.144989,23.8404007],"rotationMatrix":[-0.657292247,-0.753728449,0,0.753728449,-0.657292247,0,0,0,1],"scale":0.989000022,"type":"tree_oak_large_a"}
{"pos":[-812.453003,-386.391998,21.9304008],"rotationMatrix":[0.109154463,-0.994025588,0,0.994025588,0.109154463,0,0,0,1],"scale":0.964100003,"type":"tree_oak_large_a"}
{"pos":[-813.021973,-421.308014,21.9852009],"rotationMatrix":[-0.159459829,-0.987231195,0,0.987231195,-0.159459829,0,0,0,1],"scale":0.834800005,"type":"tree_oak_large_a"}
{"pos":[-896.927979,-370.15799,27.3568001],"rotationMatrix":[0.887661994,-0.460491002,0,0.460491002,0.887661994,0,0,0,1],"scale":1.15830004,"type":"tree_oak_large_a"}
{"pos":[-931.91803,-452.602997,43.2725983],"rotationMatrix":[0.31391108,0.949419677,0,-0.949419677,0.31391108,0,0,0,1],"scale":0.815900028,"type":"tree_oak_large_a"}
{"pos":[-605.221985,-525.794006,26.7770996],"rotationMatrix":[0.666092038,-0.745858431,0,0.745858431,0.666092038,0,0,0,1],"scale":1.14030004,"type":"tree_oak_large_a"}
{"pos":[-579.880005,-558.039978,29.1823997],"rotationMatrix":[-0.183952689,0.982985497,0,-0.982985497,-0.183952689,0,0,0,1],"scale":0.763899982,"type":"tree_oak_large_a"}
{"pos":[-527.062988,-712.981018,38.8684006],"rotationMatrix":[0.885566711,-0.464526385,0,0.464526385,0.885566711,0,0,0,1],"scale":1.0201,"type":"tree_oak_large_a"}
{"pos":[-657.677979,-519.367981,25.9080009],"rotationMatrix":[-0.193821549,-0.981047451,0,0.981047451,-0.193821549,0,0,0,1],"scale":0.939400017,"type":"tree_oak_large_a"}
{"pos":[-638.598022,-818.825989,42.9986],"rotationMatrix":[0.960407019,-0.278614134,0,0.278614134,0.960407019,0,0,0,1],"scale":0.902100027,"type":"tree_oak_large_a"}
{"pos":[-860.890015,-711.395996,32.0684013],"rotationMatrix":[-0.356633902,0.93429184,0,-0.93429184,-0.356633902,0,0,0,1],"scale":0.934599996,"type":"tree_oak_large_a"}
{"pos":[-919.083008,-649.330017,31.6713009],"rotationMatrix":[0.617012501,-0.786979854,0,0.786979854,0.617012501,0,0,0,1],"scale":1.12100005,"type":"tree_oak_large_a"}
{"pos":[-957.875,-744.984985,35.0689011],"rotationMatrix":[0.513310194,0.858144641,0,-0.858144641,0.513310194,0,0,0,1],"scale":0.832499981,"type":"tree_oak_large_a"}
{"pos":[-840.411011,-808.440979,35.5183983],"rotationMatrix":[0.991471827,-0.13032575,0,0.13032575,0.991471827,0,0,0,1],"scale":0.838,"type":"tree_oak_large_a"}
{"pos":[-866.744995,-797.598022,38.4434013],"rotationMatrix":[0.936703205,0.350107223,0,-0.350107223,0.936703205,0,0,0,1],"scale":0.9199,"type":"tree_oak_large_a"}
{"pos":[-859.257996,-823.963989,34.4580002],"rotationMatrix":[0.910704613,0.413049251,0,-0.413049251,0.910704613,0,0,0,1],"scale":0.932299972,"type":"tree_oak_large_a"}
{"pos":[-908.557007,-812.187988,45.5452995],"rotationMatrix":[-0.226804614,-0.973987579,0,0.973987579,-0.226804614,0,0,0,1],"scale":1.14859998,"type":"tree_oak_large_a"}
{"pos":[-925.721008,-787.33197,35.1245003],"rotationMatrix":[-0.705704451,0.708509207,0,-0.708509207,-0.705704451,0,0,0,1],"scale":0.987299979,"type":"tree_oak_large_a"}
{"pos":[-885.552002,-852.995972,39.2818985],"rotationMatrix":[0.792503178,0.609864175,0,-0.609864175,0.792503178,0,0,0,1],"scale":1.17159998,"type":"tree_oak_large_a"}
{"pos":[-897.107971,-863.513977,38.7061005],"rotationMatrix":[0.999005437,-0.0445910804,0,0.0445910804,0.999005437,0,0,0,1],"scale":1.16779995,"type":"tree_oak_large_a"}
{"pos":[-904.138977,-833.687012,43.7776985],"rotationMatrix":[0.999887526,-0.0149999997,0,0.0149999997,0.999887526,0,0,0,1],"scale":0.863799989,"type":"tree_oak_large_a"}
{"pos":[-249.591995,936.075989,29.0967007],"rotationMatrix":[-0.218360424,-0.975937128,0,0.975937128,-0.218360424,0,0,0,1],"scale":1.06570005,"type":"tree_oak_large_a"}
{"pos":[-314.966003,889.395996,32.2905998],"rotationMatrix":[-0.988815784,-0.147984475,0,0.147984475,-0.988815784,0,0,0,1],"scale":1.31260002,"type":"tree_oak_large_a"}
{"pos":[-285.808014,736.348022,30.5480995],"rotationMatrix":[0.320455194,0.947329104,0,-0.947329104,0.320455194,0,0,0,1],"scale":1.13970006,"type":"tree_oak_large_a"}
{"pos":[-185.044006,351.730988,40.3194008],"rotationMatrix":[-0.248832107,0.968627155,0,-0.968627155,-0.248832107,0,0,0,1],"scale":0.807500005,"type":"tree_oak_large_a"}
{"pos":[-119.473,213.593002,37.8970985],"rotationMatrix":[0.989889562,-0.141844496,0,0.141844496,0.989889562,0,0,0,1],"scale":1.15639997,"type":"tree_oak_large_a"}
{"pos":[-15.7341003,172.959,66.3242035],"rotationMatrix":[-0.348410368,-0.937367737,0,0.937367737,-0.348410368,0,0,0,1],"scale":0.735099971,"type":"tree_oak_large_a"}
{"pos":[-8.84630013,161.921997,65.6222],"rotationMatrix":[0.988988698,-0.147984475,0,0.147984475,0.988988698,0,0,0,1],"scale":1.2845,"type":"tree_oak_large_a"}
{"pos":[-46.6641006,93.7398987,41.5475006],"rotationMatrix":[0.995877683,0.090709202,0,-0.090709202,0.995877683,0,0,0,1],"scale":0.864799976,"type":"tree_oak_large_a"}
{"pos":[-29.7891006,116.052002,46.725399],"rotationMatrix":[0.0960254669,0.995407343,0,-0.995407343,0.0960254669,0,0,0,1],"scale":0.761799991,"type":"tree_oak_large_a"}
{"pos":[-89.0106964,9.80990028,43.8499985],"rotationMatrix":[0.319522262,-0.947629213,0,0.947629213,0.319522262,0,0,0,1],"scale":1.18280005,"type":"tree_oak_large_a"}
{"pos":[-181.339996,17.3962994,46.2723999],"rotationMatrix":[-0.830167174,0.557315171,0,-0.557315171,-0.830167174,0,0,0,1],"scale":1.00220001,"type":"tree_oak_large_a"}
{"pos":[-224.339005,116.998001,46.6049004],"rotationMatrix":[-0.274246573,-0.961671352,0,0.961671352,-0.274246573,0,0,0,1],"scale":0.808499992,"type":"tree_oak_large_a"}
{"pos":[-205.839996,106.754997,45.5056992],"rotationMatrix":[-0.513800025,0.857820034,0,-0.857820034,-0.513800025,0,0,0,1],"scale":1.12950003,"type":"tree_oak_large_a"}
{"pos":[-205.669006,4.2322998,36.5737],"rotationMatrix":[0.79698807,-0.60400188,0,0.60400188,0.79698807,0,0,0,1],"scale":1.03900003,"type":"tree_oak_large_a"}
{"pos":[-223.395996,25.5569,39.4398994],"rotationMatrix":[-0.63515532,-0.772548497,0,0.772548497,-0.63515532,0,0,0,1],"scale":0.956900001,"type":"tree_oak_large_a"}
{"pos":[-382.373993,275.118988,45.0439987],"rotationMatrix":[-0.992806435,0.119983643,0,-0.119983643,-0.992806435,0,0,0,1],"scale":0.887600005,"type":"tree_oak_large_a"}
{"pos":[-262.93399,175.130005,39.6809006],"rotationMatrix":[0.265770376,-0.96410805,0,0.96410805,0.265770376,0,0,0,1],"scale":0.736299992,"type":"tree_oak_large_a"}
{"pos":[-795.619995,660.5,28.8465004],"rotationMatrix":[-0.829019427,-0.559435487,0,0.559435487,-0.829019427,0,0,0,1],"scale":0.871900022,"type":"tree_oak_large_a"}
{"pos":[-814.963013,694.216003,32.1661987],"rotationMatrix":[0.371006668,-0.928684831,0,0.928684831,0.371006668,0,0,0,1],"scale":1.03499997,"type":"tree_oak_large_a"}
{"pos":[-828.197021,533.515991,26.6301003],"rotationMatrix":[-0.966541052,0.257022709,0,-0.257022709,-0.966541052,0,0,0,1],"scale":1.24249995,"type":"tree_oak_large_a"}
{"pos":[-848.747986,502.976013,28.3246994],"rotationMatrix":[-0.881412029,0.472341299,0,-0.472341299,-0.881412029,0,0,0,1],"scale":1.01619995,"type":"tree_oak_large_a"}
{"pos":[-533.528992,282.882996,23.8952007],"rotationMatrix":[-0.138540387,-0.990356684,0,0.990356684,-0.138540387,0,0,0,1],"scale":1.07879996,"type":"tree_oak_large_a"}
{"pos":[-730.153015,103.391998,28.2661991],"rotationMatrix":[0.622940779,0.782254696,0,-0.782254696,0.622940779,0,0,0,1],"scale":0.995800018,"type":"tree_oak_large_a"}
{"pos":[-962.862976,393.205994,26.6557007],"rotationMatrix":[0.241580665,0.970377624,0,-0.970377624,0.241580665,0,0,0,1],"scale":0.749499977,"type":"tree_oak_large_a"}
{"pos":[-866.724976,130.330002,34.6603012],"rotationMatrix":[-0.337266684,-0.94149977,0,0.94149977,-0.337266684,0,0,0,1],"scale":1.16340005,"type":"tree_oak_large_a"}
{"pos":[-813.698975,157.772995,33.6935005],"rotationMatrix":[0.623114347,0.782161415,0,-0.782161415,0.623114347,0,0,0,1],"scale":1.15289998,"type":"tree_oak_large_a"}
{"pos":[-897.10498,87.3564987,38.5379982],"rotationMatrix":[0.96163547,-0.274340808,0,0.274340808,0.96163547,0,0,0,1],"scale":1.04849994,"type":"tree_oak_large_a"}
{"pos":[-885.45697,25.6065006,43.5428009],"rotationMatrix":[0.363131046,-0.931772172,0,0.931772172,0.363131046,0,0,0,1],"scale":0.777700007,"type":"tree_oak_large_a"}
{"pos":[808.512024,-72.0263977,50.1092987],"rotationMatrix":[-0.893068671,-0.449674368,0,0.449674368,-0.893068671,0,0,0,1],"scale":1.42340004,"type":"tree_oak_large_a"}
{"pos":[787.004028,-495.744995,55.5368004],"rotationMatrix":[-0.947153807,0.320677489,0,-0.320677489,-0.947153807,0,0,0,1],"scale":1.12699997,"type":"tree_oak_large_a"}
{"pos":[671.948975,-720.622009,44.5357018],"rotationMatrix":[-0.978458285,0.207075715,0,-0.207075715,-0.978458285,0,0,0,1],"scale":1.25179994,"type":"tree_oak_large_a"}
{"pos":[570.244995,-626.007996,49.9628983],"rotationMatrix":[0.702162385,-0.711985469,0,0.711985469,0.702162385,0,0,0,1],"scale":1.16240001,"type":"tree_oak_large_a"}
{"pos":[264.022003,-233.681,60.0499001],"rotationMatrix":[-0.992806435,0.118785806,0,-0.118785806,-0.992806435,0,0,0,1],"scale":1.29390001,"type":"tree_oak_large_a"}
{"pos":[434.834991,-269.22699,41.2683983],"rotationMatrix":[-0.56503427,0.825154841,0,-0.825154841,-0.56503427,0,0,0,1],"scale":1.12709999,"type":"tree_oak_large_a"}
{"pos":[434.143005,-289.960999,41.8288994],"rotationMatrix":[-0.49541223,-0.868677676,0,0.868677676,-0.49541223,0,0,0,1],"scale":1.19949996,"type":"tree_oak_large_a"}
{"pos":[257.182007,-254.761993,58.2090988],"rotationMatrix":[-0.948732853,0.315674573,0,-0.315674573,-0.948732853,0,0,0,1],"scale":1.07420003,"type":"tree_oak_large_a"}
{"pos":[326.001007,-437.911011,42.7784996],"rotationMatrix":[0.994103014,0.108437099,0,-0.108437099,0.994103014,0,0,0,1],"scale":1.04480004,"type":"tree_oak_large_a"}
{"pos":[303.09201,-410.752014,42.1893005],"rotationMatrix":[-0.878309608,0.47796011,0,-0.47796011,-0.878309608,0,0,0,1],"scale":1.28840005,"type":"tree_oak_large_a"}
{"pos":[246.106995,-212.970001,63.0601006],"rotationMatrix":[-0.974879503,-0.222191319,0,0.222191319,-0.974879503,0,0,0,1],"scale":0.987200022,"type":"tree_oak_large_a"}
{"pos":[80.8394012,-168.576996,56.6968002],"rotationMatrix":[-0.515888691,0.856496274,0,-0.856496274,-0.515888691,0,0,0,1],"scale":1.13049996,"type":"tree_oak_large_a"}
{"pos":[200.647995,-355.398987,40.4772987],"rotationMatrix":[-0.948337913,-0.317616582,0,0.317616582,-0.948337913,0,0,0,1],"scale":1.01670003,"type":"tree_oak_large_a"}
{"pos":[168.358994,-256.975006,49.4487],"rotationMatrix":[0.151877105,-0.98839134,0,0.98839134,0.151877105,0,0,0,1],"scale":0.851000011,"type":"tree_oak_large_a"}
{"pos":[485.457001,-513.702026,56.5657005],"rotationMatrix":[0.264800608,-0.964259505,0,0.964259505,0.264800608,0,0,0,1],"scale":0.721000016,"type":"tree_oak_large_a"}
{"pos":[377.876007,-540.44397,47.155899],"rotationMatrix":[-0.998000383,-0.0599699989,0,0.0599699989,-0.998000383,0,0,0,1],"scale":0.744799972,"type":"tree_oak_large_a"}
{"pos":[278.752991,-584.651978,36.8605995],"rotationMatrix":[0.674859524,0.737936616,0,-0.737936616,0.674859524,0,0,0,1],"scale":1.34630001,"type":"tree_oak_large_a"}
{"pos":[159.612,-652.249023,39.6328011],"rotationMatrix":[-0.253261089,0.967493534,0,-0.967493534,-0.253261089,0,0,0,1],"scale":0.726100028,"type":"tree_oak_large_a"}
{"pos":[54.155201,-587.172974,45.7294998],"rotationMatrix":[-0.851291299,-0.516692758,0.0903260782,0.513801694,-0.856069684,-0.0545828417,0.105537124,-5.87590039e-05,0.994415104],"scale":1.3592,"type":"tree_oak_large_a"}
{"pos":[97.0858002,-641.804016,40.9123993],"rotationMatrix":[0.318588614,0.947928786,0,-0.947928786,0.318588614,0,0,0,1],"scale":1.074,"type":"tree_oak_large_a"}
{"pos":[6.9531002,-685.504028,35.1921997],"rotationMatrix":[-0.733149529,-0.679929376,0,0.679929376,-0.733149529,0,0,0,1],"scale":0.983399987,"type":"tree_oak_large_a"}
{"pos":[45.773201,-708.60498,32.7226982],"rotationMatrix":[0.318588614,-0.947928786,0,0.947928786,0.318588614,0,0,0,1],"scale":0.974099994,"type":"tree_oak_large_a"}
{"pos":[116.575996,-836.643982,37.6016006],"rotationMatrix":[0.964675188,-0.26343438,0,0.26343438,0.964675188,0,0,0,1],"scale":1.00769997,"type":"tree_oak_large_a"}
{"pos":[770.065979,339.959991,69.6287994],"rotationMatrix":[0.268191993,0.963363707,0,-0.963363707,0.268191993,0,0,0,1],"scale":0.884299994,"type":"tree_oak_large_a"}
{"pos":[834.278992,254.809006,68.5280991],"rotationMatrix":[0.21875,-0.975750029,0,0.975750029,0.21875,0,0,0,1],"scale":1.09619999,"type":"tree_oak_large_a"}
{"pos":[610.731018,462.579987,58.7797012],"rotationMatrix":[0.504788518,-0.863236427,0,0.863236427,0.504788518,0,0,0,1],"scale":1.12469995,"type":"tree_oak_large_a"}
{"pos":[551.260986,304.39801,52.9567986],"rotationMatrix":[0.819880009,0.572530746,0,-0.572530746,0.819880009,0,0,0,1],"scale":1.13209999,"type":"tree_oak_large_a"}
{"pos":[522.919006,244.492996,53.7080002],"rotationMatrix":[0.545132756,-0.838294804,0,0.838294804,0.545132756,0,0,0,1],"scale":1.19560003,"type":"tree_oak_large_a"}
{"pos":[209.023376,874.793945,38.1595001],"rotationMatrix":[-0.979651928,-0.199775919,0,0.199775919,-0.979651928,0,0,0,1],"scale":1.29980004,"type":"tree_oak_large_a"}
{"pos":[129.669006,358.488007,39.7364998],"rotationMatrix":[-0.975674391,-0.220049456,0,0.220049456,-0.975674391,0,0,0,1],"scale":0.700999975,"type":"tree_oak_large_a"}
{"pos":[136.007004,374.339996,37.6637001],"rotationMatrix":[-1,0,0,0,-1,0,0,0,1],"scale":1.0862,"type":"tree_oak_large_a"}
{"pos":[-80.8019791,-823.104919,13.8776531],"rotationMatrix":[-0.33661443,-0.941642702,0,0.941642702,-0.33661443,0,0,0,1],"scale":1.00289679,"type":"tree_oak_large_a"}
{"pos":[689.397766,-269.03476,53.8691635],"rotationMatrix":[0.262259483,-0.963368595,0.0560245067,0.942113161,0.268176645,0.201256752,-0.208908945,2.16431495e-08,0.977934659],"scale":0.74618721,"type":"tree_oak_large_a"}
{"pos":[520.864014,-27.5335236,53.2464218],"rotationMatrix":[0.800111473,-0.599849761,0,0.599849761,0.800111473,0,0,0,1],"scale":1,"type":"tree_oak_large_a"}
{"pos":[-187.212906,-104.83989,32.6939201],"rotationMatrix":[-0.410836697,-0.911708951,0,0.911708951,-0.410836697,0,0,0,1],"scale":1,"type":"tree_oak_large_a"}
