{"pos":[371.969513,74.4440002,257.916443],"rotationMatrix":[-0.585064173,-0.810986936,0,0.810986936,-0.585064173,0,0,0,0.999999881],"scale":1.02931845,"type":"tree_oak_forest_group"}
{"pos":[313.620239,88.2975082,256.417816],"rotationMatrix":[-0.650464177,-0.759536743,0,0.759536743,-0.650464177,0,0,0,0.999999881],"scale":1.18182087,"type":"tree_oak_forest_group"}
{"pos":[245.536041,156.156448,252.801468],"rotationMatrix":[-0.285388559,0.958411813,0,-0.958411813,-0.285388559,0,0,0,0.999999881],"scale":0.911874592,"type":"tree_oak_forest_group"}
{"pos":[258.686096,134.733017,253.244904],"rotationMatrix":[-0.962127149,0.27260083,0,-0.27260083,-0.962127149,0,0,0,0.999999881],"scale":1.19894648,"type":"tree_oak_forest_group"}
{"pos":[248.679794,157.125641,252.668076],"rotationMatrix":[-0.905939043,-0.423407912,0,0.423407912,-0.905939043,0,0,0,0.999999881],"scale":1.03098845,"type":"tree_oak_forest_group"}
{"pos":[145.726257,84.4735565,254.071335],"rotationMatrix":[-0.417012602,0.908900559,0,-0.908900559,-0.417012602,0,0,0,0.999999881],"scale":0.881426811,"type":"tree_oak_forest_group"}
{"pos":[150.292557,75.3507233,253.626205],"rotationMatrix":[-0.883112192,0.469161779,0,-0.469161779,-0.883112192,0,0,0,0.999999881],"scale":0.910449922,"type":"tree_oak_forest_group"}
{"pos":[156.662277,82.1911926,254.050705],"rotationMatrix":[-0.825816691,0.56393832,0,-0.56393832,-0.825816691,0,0,0,0.999999881],"scale":0.817811668,"type":"tree_oak_forest_group"}
{"pos":[164.225861,135.449158,253.451569],"rotationMatrix":[0.406164289,-0.913799942,0,0.913799942,0.406164289,0,0,0,0.999999881],"scale":1.10720146,"type":"tree_oak_forest_group"}
{"pos":[180.387299,175.739441,253.652557],"rotationMatrix":[-0.975854814,0.218419582,0,-0.218419582,-0.975854814,0,0,0,0.999999881],"scale":1.09584498,"type":"tree_oak_forest_group"}
{"pos":[198.223282,166.982269,254.135529],"rotationMatrix":[-0.763016939,0.646378398,0,-0.646378398,-0.763016939,0,0,0,0.999999881],"scale":1.07508123,"type":"tree_oak_forest_group"}
{"pos":[173.334183,157.935242,253.645874],"rotationMatrix":[-0.740965664,0.671542823,0,-0.671542823,-0.740965664,0,0,0,0.999999881],"scale":0.843597829,"type":"tree_oak_forest_group"}
{"pos":[180.801849,155.86438,253.816833],"rotationMatrix":[0.999640763,0.0267977249,0,-0.0267977249,0.999640763,0,0,0,0.999999881],"scale":1.10688424,"type":"tree_oak_forest_group"}
{"pos":[412.448517,55.3589554,250.014297],"rotationMatrix":[-0.629235685,0.777214348,0,-0.777214348,-0.629235685,0,0,0,0.999999881],"scale":0.949089646,"type":"tree_oak_forest_group"}
{"pos":[326.24826,249.160934,257.541534],"rotationMatrix":[-0.700112045,0.714032769,0,-0.714032769,-0.700112045,0,0,0,0.999999881],"scale":0.892750442,"type":"tree_oak_forest_group"}
{"pos":[327.68399,226.236221,263.141693],"rotationMatrix":[0.722452044,0.691421032,0,-0.691421032,0.722452044,0,0,0,0.999999881],"scale":1.13606822,"type":"tree_oak_forest_group"}
{"pos":[368.83493,166.606628,262.956543],"rotationMatrix":[0.255927294,-0.966695905,0,0.966695905,0.255927294,0,0,0,0.999999881],"scale":0.811775625,"type":"tree_oak_forest_group"}
{"pos":[383.040466,222.493362,263.017822],"rotationMatrix":[-0.951382697,-0.308011204,0,0.308011204,-0.951382697,0,0,0,0.999999881],"scale":0.977021456,"type":"tree_oak_forest_group"}
{"pos":[410.942261,180.153214,259.734863],"rotationMatrix":[-0.87990576,0.475148052,0,-0.475148052,-0.87990576,0,0,0,0.999999881],"scale":0.946151853,"type":"tree_oak_forest_group"}
{"pos":[408.075287,156.079178,258.600067],"rotationMatrix":[0.515548408,-0.85686034,0,0.85686034,0.515548408,0,0,0,0.999999881],"scale":1.12340319,"type":"tree_oak_forest_group"}
{"pos":[379.226685,181.357666,263.268616],"rotationMatrix":[0.956848562,-0.29058677,0,0.29058677,0.956848562,0,0,0,0.999999881],"scale":1.05111456,"type":"tree_oak_forest_group"}
{"pos":[401.946167,187.160156,261.549591],"rotationMatrix":[0.382513195,-0.923950016,0,0.923950016,0.382513195,0,0,0,0.999999881],"scale":1.10352814,"type":"tree_oak_forest_group"}
{"pos":[405.25238,182.531082,260.958313],"rotationMatrix":[0.632328808,0.774700105,0,-0.774700105,0.632328808,0,0,0,0.999999881],"scale":0.932834804,"type":"tree_oak_forest_group"}
{"pos":[327.887024,222.373108,263.467468],"rotationMatrix":[-0.0656935647,-0.997839749,0,0.997839749,-0.0656935647,0,0,0,0.999999881],"scale":0.907135844,"type":"tree_oak_forest_group"}
{"pos":[443.566742,63.5398293,257.796387],"rotationMatrix":[0.619638026,-0.784887612,0,0.784887612,0.619638026,0,0,0,0.999999881],"scale":0.902633548,"type":"tree_oak_forest_group"}
{"pos":[301.525513,109.034302,254.868561],"rotationMatrix":[0.669281006,-0.743009329,0,0.743009329,0.669281006,0,0,0,0.999999881],"scale":1.14539289,"type":"tree_oak_forest_group"}
{"pos":[-94.2138901,-109.578674,255.98439],"rotationMatrix":[-0.976132929,-0.217173561,0,0.217173561,-0.976132929,0,0,0,0.999999881],"scale":0.960219264,"type":"tree_oak_forest_group"}
{"pos":[-110.31646,-1.21813679,249.786453],"rotationMatrix":[-0.200611293,-0.979670823,0,0.979670823,-0.200611293,0,0,0,0.999999881],"scale":0.849033237,"type":"tree_oak_forest_group"}
{"pos":[-150.658646,3.84276009,249.595551],"rotationMatrix":[-0.917550862,0.397618264,0,-0.397618264,-0.917550862,0,0,0,0.999999881],"scale":1.0505476,"type":"tree_oak_forest_group"}
{"pos":[-187.178665,-3.47860527,249.090881],"rotationMatrix":[-0.980899692,0.194513559,0,-0.194513559,-0.980899692,0,0,0,0.999999881],"scale":0.995630741,"type":"tree_oak_forest_group"}
{"pos":[-238.10202,-63.9448547,255.056702],"rotationMatrix":[-0.996162295,0.0875244215,0,-0.0875244215,-0.996162295,0,0,0,0.999999881],"scale":1.16696119,"type":"tree_oak_forest_group"}
{"pos":[-218.401093,-61.7712746,255.476837],"rotationMatrix":[0.297194839,-0.954816759,0,0.954816759,0.297194839,0,0,0,0.999999881],"scale":0.820506155,"type":"tree_oak_forest_group"}
{"pos":[-153.53418,-53.3969803,255.960648],"rotationMatrix":[-0.947161794,0.320755869,0,-0.320755869,-0.947161794,0,0,0,0.999999881],"scale":0.88665539,"type":"tree_oak_forest_group"}
{"pos":[-144.958847,-50.8241959,255.169556],"rotationMatrix":[-0.310061127,0.950716496,0,-0.950716496,-0.310061127,0,0,0,0.999999881],"scale":1.13145077,"type":"tree_oak_forest_group"}
{"pos":[-284.546906,-23.5083504,255.95874],"rotationMatrix":[-0.792251766,-0.610194385,0,0.610194385,-0.792251766,0,0,0,0.999999881],"scale":0.854954362,"type":"tree_oak_forest_group"}
{"pos":[-356.320129,-10.946991,261.365784],"rotationMatrix":[-0.392015845,0.919958353,0,-0.919958353,-0.392015845,0,0,0,0.999999881],"scale":1.16616797,"type":"tree_oak_forest_group"}
{"pos":[-417.341156,0.705243587,262.576172],"rotationMatrix":[0.818647861,0.574295819,0,-0.574295819,0.818647861,0,0,0,0.999999881],"scale":1.02662671,"type":"tree_oak_forest_group"}
{"pos":[-539.528687,7.55353069,262.563873],"rotationMatrix":[0.373598874,-0.927590251,0,0.927590251,0.373598874,0,0,0,0.999999881],"scale":1.11339808,"type":"tree_oak_forest_group"}
{"pos":[-588.118103,28.6101704,261.981598],"rotationMatrix":[-0.795572579,-0.605858266,0,0.605858266,-0.795572579,0,0,0,0.999999881],"scale":0.854737759,"type":"tree_oak_forest_group"}
{"pos":[-490.419342,46.3690834,261.491455],"rotationMatrix":[0.962342381,0.271840066,0,-0.271840066,0.962342381,0,0,0,0.999999881],"scale":0.838615954,"type":"tree_oak_forest_group"}
{"pos":[-450.185791,-143.804062,261.864319],"rotationMatrix":[-0.821035564,-0.570877016,0,0.570877016,-0.821035564,0,0,0,0.999999881],"scale":1.09073651,"type":"tree_oak_forest_group"}
{"pos":[-257.694214,-124.648575,290.342499],"rotationMatrix":[0.326461315,0.945210516,0,-0.945210516,0.326461315,0,0,0,0.999999881],"scale":0.943821073,"type":"tree_oak_forest_group"}
{"pos":[-203.861877,-138.104492,293.800812],"rotationMatrix":[0.543698311,-0.839280427,0,0.839280427,0.543698311,0,0,0,0.999999642],"scale":0.915026784,"type":"tree_oak_forest_group"}
{"pos":[-120.733971,-159.751678,273.509064],"rotationMatrix":[-0.795163333,0.606395185,0,-0.606395185,-0.795163333,0,0,0,0.999999881],"scale":0.862103403,"type":"tree_oak_forest_group"}
{"pos":[-146.146179,-159.992783,273.133728],"rotationMatrix":[-0.173428684,-0.984846294,0,0.984846294,-0.173428684,0,0,0,0.999999881],"scale":0.910618007,"type":"tree_oak_forest_group"}
{"pos":[-190.127457,-162.651031,274.982605],"rotationMatrix":[-0.415549368,0.909570515,0,-0.909570515,-0.415549368,0,0,0,0.999999881],"scale":0.812782109,"type":"tree_oak_forest_group"}
{"pos":[-197.671005,-164.795593,276.488861],"rotationMatrix":[-0.98485297,-0.173391402,0,0.173391402,-0.98485297,0,0,0,0.999999881],"scale":1.12281549,"type":"tree_oak_forest_group"}
{"pos":[-208.955429,-173.250504,279.238434],"rotationMatrix":[0.656952739,0.753931761,0,-0.753931761,0.656952739,0,0,0,0.999999881],"scale":0.847707927,"type":"tree_oak_forest_group"}
{"pos":[-218.183594,-167.058456,281.690063],"rotationMatrix":[0.385005474,0.922914326,0,-0.922914326,0.385005474,0,0,0,0.999999881],"scale":0.979018688,"type":"tree_oak_forest_group"}
{"pos":[-236.168365,-182.067734,281.468872],"rotationMatrix":[-0.213113517,0.977027357,0,-0.977027357,-0.213113517,0,0,0,0.999999881],"scale":1.13494813,"type":"tree_oak_forest_group"}
{"pos":[-319.124969,-199.002548,283.536011],"rotationMatrix":[-0.299045861,0.954238653,0,-0.954238653,-0.299045861,0,0,0,0.999999881],"scale":0.924094737,"type":"tree_oak_forest_group"}
{"pos":[-435.698975,-192.986176,267.027802],"rotationMatrix":[0.302826405,0.953045666,0,-0.953045666,0.302826405,0,0,0,0.999999881],"scale":1.05156064,"type":"tree_oak_forest_group"}
{"pos":[-349.141541,-89.2503586,261.855835],"rotationMatrix":[0.466751605,-0.884388328,0,0.884388328,0.466751605,0,0,0,0.999999881],"scale":1.06154466,"type":"tree_oak_forest_group"}
{"pos":[-336.372711,-125.942192,262.407684],"rotationMatrix":[0.999308169,0.0371893086,0,-0.0371893086,0.999308169,0,0,0,0.999999881],"scale":1.0973438,"type":"tree_oak_forest_group"}
{"pos":[-59.4650269,-271.511353,263.570587],"rotationMatrix":[0.147692725,0.989033222,0,-0.989033222,0.147692725,0,0,0,0.999999881],"scale":0.824891567,"type":"tree_oak_forest_group"}
{"pos":[-100.234589,-264.072449,263.691132],"rotationMatrix":[-0.77921617,0.626754999,0,-0.626754999,-0.77921617,0,0,0,0.999999881],"scale":1.01144278,"type":"tree_oak_forest_group"}
{"pos":[-122.693459,-265.452271,263.316772],"rotationMatrix":[0.209925368,-0.97771734,0,0.97771734,0.209925368,0,0,0,0.999999881],"scale":0.806065083,"type":"tree_oak_forest_group"}
{"pos":[-130.072693,-276.667511,263.027618],"rotationMatrix":[0.134205103,-0.990953505,0,0.990953505,0.134205103,0,0,0,0.999999881],"scale":1.13419068,"type":"tree_oak_forest_group"}
{"pos":[-151.84108,-266.834015,263.765503],"rotationMatrix":[-0.427772015,-0.903886497,0,0.903886497,-0.427772015,0,0,0,0.999999881],"scale":1.03766811,"type":"tree_oak_forest_group"}
{"pos":[-167.988037,-264.306366,263.46228],"rotationMatrix":[0.978758037,-0.205018207,0,0.205018207,0.978758037,0,0,0,0.999999881],"scale":0.906612396,"type":"tree_oak_forest_group"}
{"pos":[-156.589279,-282.500916,263.859253],"rotationMatrix":[-0.995683253,-0.0928147957,0,0.0928147957,-0.995683253,0,0,0,0.999999881],"scale":1.06065643,"type":"tree_oak_forest_group"}
{"pos":[-180.229248,-271.832489,264.472321],"rotationMatrix":[0.993223369,-0.116220109,0,0.116220109,0.993223369,0,0,0,0.999999881],"scale":0.834424734,"type":"tree_oak_forest_group"}
{"pos":[-170.148285,-275.170135,263.603363],"rotationMatrix":[-0.0331361033,-0.999450743,0,0.999450743,-0.0331361033,0,0,0,0.999999881],"scale":1.09948969,"type":"tree_oak_forest_group"}
{"pos":[-198.352448,-268.815887,263.446228],"rotationMatrix":[0.963604093,0.26733318,0,-0.26733318,0.963604093,0,0,0,0.999999881],"scale":0.820348382,"type":"tree_oak_forest_group"}
{"pos":[-194.888474,-279.847046,264.720795],"rotationMatrix":[-0.867593944,0.497272998,0,-0.497272998,-0.867593944,0,0,0,0.999999881],"scale":1.06052375,"type":"tree_oak_forest_group"}
{"pos":[-217.981979,-267.858368,263.939453],"rotationMatrix":[-0.89017576,-0.455617249,0,0.455617249,-0.89017576,0,0,0,0.999999881],"scale":0.888537288,"type":"tree_oak_forest_group"}
{"pos":[-221.059555,-278.679382,264.975372],"rotationMatrix":[0.965683162,0.259722829,0,-0.259722829,0.965683162,0,0,0,0.999999881],"scale":0.972270966,"type":"tree_oak_forest_group"}
{"pos":[-235.578033,-281.673981,264.692505],"rotationMatrix":[-0.530633986,-0.847600937,0,0.847600937,-0.530633986,0,0,0,0.999999881],"scale":1.14087629,"type":"tree_oak_forest_group"}
{"pos":[-235.513535,-277.649506,264.581696],"rotationMatrix":[0.796633303,0.604462862,0,-0.604462862,0.796633303,0,0,0,0.999999881],"scale":1.02992177,"type":"tree_oak_forest_group"}
{"pos":[-250.547211,-273.379944,264.986115],"rotationMatrix":[-0.476463288,-0.8791942,0,0.8791942,-0.476463288,0,0,0,0.999999881],"scale":0.81014508,"type":"tree_oak_forest_group"}
{"pos":[-257.525238,-272.179413,263.411957],"rotationMatrix":[-0.553383708,0.832926214,0,-0.832926214,-0.553383708,0,0,0,0.999999881],"scale":0.894214272,"type":"tree_oak_forest_group"}
{"pos":[-261.448029,-268.380859,263.712616],"rotationMatrix":[0.15171054,0.988424838,0,-0.988424838,0.15171054,0,0,0,0.999999881],"scale":0.844560802,"type":"tree_oak_forest_group"}
{"pos":[-254.702927,-267.411591,263.05249],"rotationMatrix":[-0.807951808,-0.589248359,0,0.589248359,-0.807951808,0,0,0,0.999999881],"scale":1.09565914,"type":"tree_oak_forest_group"}
{"pos":[-273.983093,-275.912506,263.705383],"rotationMatrix":[-0.000375572796,0.999999881,0,-0.999999881,-0.000375572796,0,0,0,0.999999881],"scale":1.00594485,"type":"tree_oak_forest_group"}
{"pos":[-288.352966,-268.339203,262.992157],"rotationMatrix":[-0.923854947,-0.382742494,0,0.382742494,-0.923854947,0,0,0,0.999999881],"scale":1.03344965,"type":"tree_oak_forest_group"}
{"pos":[-249.552277,-298.330505,263.959747],"rotationMatrix":[0.984116375,-0.17752409,0,0.17752409,0.984116375,0,0,0,0.999999881],"scale":1.11715424,"type":"tree_oak_forest_group"}
{"pos":[-226.863892,-284.311951,265.035889],"rotationMatrix":[-0.94865334,-0.31631729,0,0.31631729,-0.94865334,0,0,0,0.999999881],"scale":0.993146598,"type":"tree_oak_forest_group"}
{"pos":[-201.199402,-300.778412,264.627563],"rotationMatrix":[-0.681739032,0.731595337,0,-0.731595337,-0.681739032,0,0,0,0.999999881],"scale":0.902445436,"type":"tree_oak_forest_group"}
{"pos":[-201.764816,-303.72345,264.215149],"rotationMatrix":[0.795919955,0.605401874,0,-0.605401874,0.795919955,0,0,0,0.999999881],"scale":0.958044171,"type":"tree_oak_forest_group"}
{"pos":[-190.318146,-301.109161,263.552887],"rotationMatrix":[0.234190196,0.972190797,0,-0.972190797,0.234190196,0,0,0,0.999999881],"scale":1.13469183,"type":"tree_oak_forest_group"}
{"pos":[-198.88208,-299.222565,264.776154],"rotationMatrix":[0.372762978,-0.927926481,0,0.927926481,0.372762978,0,0,0,0.999999881],"scale":0.834684849,"type":"tree_oak_forest_group"}
{"pos":[-207.041779,-287.094513,265.364075],"rotationMatrix":[-0.168270901,0.985740662,0,-0.985740662,-0.168270901,0,0,0,0.999999881],"scale":1.04509187,"type":"tree_oak_forest_group"}
{"pos":[-195.927887,-311.90802,263.289062],"rotationMatrix":[-0.170067132,-0.985432386,0,0.985432386,-0.170067132,0,0,0,0.999999881],"scale":1.10286522,"type":"tree_oak_forest_group"}
{"pos":[-181.069855,-299.078522,263.706665],"rotationMatrix":[-0.948832273,0.315780491,0,-0.315780491,-0.948832273,0,0,0,0.999999881],"scale":0.940814435,"type":"tree_oak_forest_group"}
{"pos":[-190.735214,-289.515198,265.027954],"rotationMatrix":[-0.991029203,0.133645087,0,-0.133645087,-0.991029203,0,0,0,0.999999881],"scale":0.922736526,"type":"tree_oak_forest_group"}
{"pos":[-173.074234,-283.644745,264.450348],"rotationMatrix":[-0.181943178,-0.983308971,0,0.983308971,-0.181943178,0,0,0,0.999999881],"scale":1.10844588,"type":"tree_oak_forest_group"}
{"pos":[-164.452042,-295.593872,263.341858],"rotationMatrix":[0.512257576,-0.858831704,0,0.858831704,0.512257576,0,0,0,0.999999881],"scale":0.999527574,"type":"tree_oak_forest_group"}
{"pos":[-180.771118,-295.276672,263.414368],"rotationMatrix":[-0.742566884,-0.669771731,0,0.669771731,-0.742566884,0,0,0,0.999999881],"scale":1.13897622,"type":"tree_oak_forest_group"}
{"pos":[-72.6690826,-296.765442,263.158112],"rotationMatrix":[0.673952699,-0.738774359,0,0.738774359,0.673952699,0,0,0,0.999999881],"scale":0.993225217,"type":"tree_oak_forest_group"}
{"pos":[-626.69873,-319.566437,284.225342],"rotationMatrix":[-0.595358074,-0.8034603,0,0.8034603,-0.595358074,0,0,0,0.999999881],"scale":1.05312276,"type":"tree_oak_forest_group"}
{"pos":[-559.06012,-354.593872,285.968719],"rotationMatrix":[0.99841702,0.0562421568,0,-0.0562421568,0.99841702,0,0,0,0.999999881],"scale":1.15239906,"type":"tree_oak_forest_group"}
{"pos":[-530.002014,-339.814362,284.515717],"rotationMatrix":[0.984293163,-0.176541388,0,0.176541388,0.984293163,0,0,0,0.999999881],"scale":1.1731106,"type":"tree_oak_forest_group"}
{"pos":[-637.215942,-303.053833,283.187836],"rotationMatrix":[0.984937131,0.172912523,0,-0.172912523,0.984937131,0,0,0,0.999999881],"scale":1.15661442,"type":"tree_oak_forest_group"}
{"pos":[-680.293335,-199.754395,271.896759],"rotationMatrix":[-0.993139684,0.11693304,0,-0.11693304,-0.993139684,0,0,0,0.999999881],"scale":1.06857896,"type":"tree_oak_forest_group"}
{"pos":[-687.250122,-177.033035,270.977417],"rotationMatrix":[0.721608162,0.69230175,0,-0.69230175,0.721608162,0,0,0,0.999999881],"scale":0.978799701,"type":"tree_oak_forest_group"}
{"pos":[-688.110229,-146.357819,270.482269],"rotationMatrix":[0.922840297,-0.385182619,0,0.385182619,0.922840297,0,0,0,0.999999881],"scale":1.13679171,"type":"tree_oak_forest_group"}
{"pos":[-703.238586,-140.988861,273.103149],"rotationMatrix":[0.94482559,-0.327573419,0,0.327573419,0.94482559,0,0,0,0.999999881],"scale":1.04835832,"type":"tree_oak_forest_group"}
{"pos":[-696.628662,-139.657867,272.187866],"rotationMatrix":[0.953746378,-0.300612211,0,0.300612211,0.953746378,0,0,0,0.999999881],"scale":1.10914457,"type":"tree_oak_forest_group"}
{"pos":[-695.167969,-124.693733,272.582855],"rotationMatrix":[-0.29197225,0.95642668,0,-0.95642668,-0.29197225,0,0,0,0.999999881],"scale":1.09301186,"type":"tree_oak_forest_group"}
{"pos":[-695.777039,-112.486908,273.127533],"rotationMatrix":[0.0648821294,0.997892797,0,-0.997892797,0.0648821294,0,0,0,0.999999881],"scale":0.997472525,"type":"tree_oak_forest_group"}
{"pos":[-687.509155,-118.126968,271.929871],"rotationMatrix":[0.74239254,-0.669964969,0,0.669964969,0.74239254,0,0,0,0.999999881],"scale":1.0049156,"type":"tree_oak_forest_group"}
{"pos":[-663.514465,-110.563828,268.729401],"rotationMatrix":[-0.991964996,0.126512185,0,-0.126512185,-0.991964996,0,0,0,0.999999881],"scale":1.00335956,"type":"tree_oak_forest_group"}
{"pos":[-650.300842,-104.639931,268.534027],"rotationMatrix":[0.868615448,-0.495486796,0,0.495486796,0.868615448,0,0,0,0.999999881],"scale":1.05126905,"type":"tree_oak_forest_group"}
{"pos":[-674.945618,-145.274582,267.866821],"rotationMatrix":[0.00222673989,-0.999997437,0,0.999997437,0.00222673989,0,0,0,0.999999881],"scale":1.0268749,"type":"tree_oak_forest_group"}
{"pos":[-682.28064,-147.436142,268.956635],"rotationMatrix":[0.681809425,-0.731529653,0,0.731529653,0.681809425,0,0,0,0.999999881],"scale":0.914012671,"type":"tree_oak_forest_group"}
{"pos":[-671.243042,-154.988098,267.666626],"rotationMatrix":[-0.996953905,0.0779912025,0,-0.0779912025,-0.996953905,0,0,0,0.999999881],"scale":0.806020558,"type":"tree_oak_forest_group"}
{"pos":[-617.164368,-113.111542,267.21109],"rotationMatrix":[-0.1844998,0.982832432,0,-0.982832432,-0.1844998,0,0,0,0.999999881],"scale":0.987332582,"type":"tree_oak_forest_group"}
{"pos":[-613.759521,-108.428047,267.791321],"rotationMatrix":[-0.999695957,-0.0246532317,0,0.0246532317,-0.999695957,0,0,0,0.999999881],"scale":1.16097152,"type":"tree_oak_forest_group"}
{"pos":[-144.365204,-209.862747,273.301605],"rotationMatrix":[-0.999957502,0.00921197329,0,-0.00921197329,-0.999957502,0,0,0,0.999999881],"scale":0.87812227,"type":"tree_oak_forest_group"}
{"pos":[-328.360626,-54.9354935,257.146759],"rotationMatrix":[-0.895525515,0.445010066,0,-0.445010066,-0.895525515,0,0,0,0.999999881],"scale":0.969011784,"type":"tree_oak_forest_group"}
{"pos":[-228.797775,-336.844879,302.07959],"rotationMatrix":[-0.423505485,-0.905893385,0,0.905893385,-0.423505485,0,0,0,0.999999881],"scale":1.09500325,"type":"tree_oak_forest_group"}
{"pos":[-247.180969,-326.01535,302.401367],"rotationMatrix":[0.568470359,-0.8227036,0,0.8227036,0.568470359,0,0,0,0.999999881],"scale":0.861837864,"type":"tree_oak_forest_group"}
{"pos":[-280.324249,-308.716492,302.224091],"rotationMatrix":[-0.292292416,-0.956328928,0,0.956328928,-0.292292416,0,0,0,0.999999881],"scale":0.806725025,"type":"tree_oak_forest_group"}
{"pos":[-283.803131,-319.135254,304.05304],"rotationMatrix":[0.000611003139,0.999999702,0,-0.999999702,0.000611003139,0,0,0,0.999999881],"scale":0.992336869,"type":"tree_oak_forest_group"}
{"pos":[-290.299011,-318.213135,303.095245],"rotationMatrix":[0.475110948,-0.879925787,0,0.879925787,0.475110948,0,0,0,0.999999881],"scale":1.09497154,"type":"tree_oak_forest_group"}
{"pos":[-301.57843,-330.60556,303.843445],"rotationMatrix":[-0.998760939,-0.0497644842,0,0.0497644842,-0.998760939,0,0,0,0.999999881],"scale":0.901892841,"type":"tree_oak_forest_group"}
{"pos":[-286.36853,-321.36322,304.21582],"rotationMatrix":[-0.987319887,-0.158742666,0,0.158742666,-0.987319887,0,0,0,0.999999881],"scale":1.11264348,"type":"tree_oak_forest_group"}
{"pos":[-269.219788,-329.294495,303.093262],"rotationMatrix":[-0.68260473,-0.730787754,0,0.730787754,-0.68260473,0,0,0,0.999999881],"scale":0.947929978,"type":"tree_oak_forest_group"}
{"pos":[-56.9911842,-335.927979,283.482391],"rotationMatrix":[-0.00100738183,0.999999404,0,-0.999999404,-0.00100738183,0,0,0,0.999999881],"scale":0.924029529,"type":"tree_oak_forest_group"}
{"pos":[-82.4141693,-312.233887,283.955261],"rotationMatrix":[-0.197852463,0.980231702,0,-0.980231702,-0.197852463,0,0,0,0.999999881],"scale":1.16640019,"type":"tree_oak_forest_group"}
{"pos":[-123.258507,-309.948578,283.720276],"rotationMatrix":[-0.59902519,-0.80072999,0,0.80072999,-0.59902519,0,0,0,0.999999881],"scale":0.808670759,"type":"tree_oak_forest_group"}
{"pos":[-119.532722,-331.924042,283.451752],"rotationMatrix":[0.879158199,-0.476529807,0,0.476529807,0.879158199,0,0,0,0.999999881],"scale":1.01694727,"type":"tree_oak_forest_group"}
{"pos":[-150.506378,-331.001801,291.024384],"rotationMatrix":[-0.948816717,-0.315827131,0,0.315827131,-0.948816717,0,0,0,0.999999881],"scale":1.00407636,"type":"tree_oak_forest_group"}
{"pos":[-148.672302,-328.629456,291.546448],"rotationMatrix":[-0.624006748,-0.78141892,0,0.78141892,-0.624006748,0,0,0,0.999999881],"scale":1.04812074,"type":"tree_oak_forest_group"}
{"pos":[-146.969299,-333.910797,290.970764],"rotationMatrix":[-0.598974049,-0.800768435,0,0.800768435,-0.598974049,0,0,0,0.999999881],"scale":0.892036319,"type":"tree_oak_forest_group"}
{"pos":[-170.788223,-343.776123,290.951263],"rotationMatrix":[0.190182209,-0.98174876,0,0.98174876,0.190182209,0,0,0,0.999999881],"scale":0.96319139,"type":"tree_oak_forest_group"}
{"pos":[-167.109161,-337.888031,292.154907],"rotationMatrix":[-0.816157579,0.577829063,0,-0.577829063,-0.816157579,0,0,0,0.999999881],"scale":1.08100939,"type":"tree_oak_forest_group"}
{"pos":[-161.265518,-364.191956,291.719666],"rotationMatrix":[0.904896259,0.425632119,0,-0.425632119,0.904896259,0,0,0,0.999999881],"scale":0.897914767,"type":"tree_oak_forest_group"}
{"pos":[-160.548264,-360.306152,291.038116],"rotationMatrix":[-0.754331946,0.656493127,0,-0.656493127,-0.754331946,0,0,0,0.999999881],"scale":0.834770262,"type":"tree_oak_forest_group"}
{"pos":[-289.669708,-339.457367,302.617462],"rotationMatrix":[0.930268228,-0.366879851,0,0.366879851,0.930268228,0,0,0,0.999999881],"scale":0.820597172,"type":"tree_oak_forest_group"}
{"pos":[-267.812134,-341.674194,302.881317],"rotationMatrix":[-0.649065435,-0.760732532,0,0.760732532,-0.649065435,0,0,0,0.999999881],"scale":0.854741812,"type":"tree_oak_forest_group"}
{"pos":[80.0019302,-298.678741,273.452209],"rotationMatrix":[0.834900677,0.550400615,0,-0.550400615,0.834900677,0,0,0,0.999999881],"scale":0.814945519,"type":"tree_oak_forest_group"}
{"pos":[80.8115768,-295.965149,274.355408],"rotationMatrix":[-0.0341142602,-0.999417841,0,0.999417841,-0.0341142602,0,0,0,0.999999881],"scale":1.01657748,"type":"tree_oak_forest_group"}
{"pos":[64.3470306,-314.715759,273.843445],"rotationMatrix":[-0.0925723612,-0.995705843,0,0.995705843,-0.0925723612,0,0,0,0.999999881],"scale":0.869363785,"type":"tree_oak_forest_group"}
{"pos":[97.153923,-336.488525,273.877014],"rotationMatrix":[0.0406288616,0.999174237,0,-0.999174237,0.0406288616,0,0,0,0.999999881],"scale":0.865332127,"type":"tree_oak_forest_group"}
{"pos":[97.9381866,-325.261627,273.394165],"rotationMatrix":[-0.981317759,-0.192393646,0,0.192393646,-0.981317759,0,0,0,0.999999881],"scale":1.15565002,"type":"tree_oak_forest_group"}
{"pos":[115.32505,-313.679352,273.928162],"rotationMatrix":[0.924382269,-0.381467223,0,0.381467223,0.924382269,0,0,0,0.999999881],"scale":0.853978872,"type":"tree_oak_forest_group"}
{"pos":[120.405167,-312.115814,273.37915],"rotationMatrix":[-0.98099798,0.194017276,0,-0.194017276,-0.98099798,0,0,0,0.999999881],"scale":1.08637023,"type":"tree_oak_forest_group"}
{"pos":[157.385193,-289.730133,273.199188],"rotationMatrix":[-0.406372696,0.913707256,0,-0.913707256,-0.406372696,0,0,0,0.999999881],"scale":0.978396118,"type":"tree_oak_forest_group"}
{"pos":[180.251556,-234.756622,270.852081],"rotationMatrix":[-0.906934679,0.421271145,0,-0.421271145,-0.906934679,0,0,0,0.999999881],"scale":0.862654269,"type":"tree_oak_forest_group"}
{"pos":[176.882828,-193.170563,272.150482],"rotationMatrix":[-0.999247611,0.0387824886,0,-0.0387824886,-0.999247611,0,0,0,0.999999881],"scale":1.0539881,"type":"tree_oak_forest_group"}
{"pos":[168.361572,-163.764618,274.822968],"rotationMatrix":[-0.999184668,-0.0403703675,0,0.0403703675,-0.999184668,0,0,0,0.999999881],"scale":1.11886775,"type":"tree_oak_forest_group"}
{"pos":[173.594223,-153.497559,274.42688],"rotationMatrix":[-0.782228589,0.622991264,0,-0.622991264,-0.782228589,0,0,0,0.999999881],"scale":0.912471175,"type":"tree_oak_forest_group"}
{"pos":[192.608734,-122.237839,273.73175],"rotationMatrix":[0.203702599,-0.979032695,0,0.979032695,0.203702599,0,0,0,0.999999881],"scale":0.831467569,"type":"tree_oak_forest_group"}
{"pos":[192.80806,-101.89769,273.050751],"rotationMatrix":[0.131352425,0.99133569,0,-0.99133569,0.131352425,0,0,0,0.999999881],"scale":1.16181898,"type":"tree_oak_forest_group"}
{"pos":[200.456818,-96.3975983,273.028534],"rotationMatrix":[-0.940375984,0.340136379,0,-0.340136379,-0.940375984,0,0,0,0.999999881],"scale":1.13549697,"type":"tree_oak_forest_group"}
{"pos":[206.145935,-93.5653076,273.497589],"rotationMatrix":[0.673549592,-0.739141881,0,0.739141881,0.673549592,0,0,0,0.999999881],"scale":1.15176558,"type":"tree_oak_forest_group"}
{"pos":[212.261276,-89.8665009,273.418701],"rotationMatrix":[-0.833715141,-0.552194536,0,0.552194536,-0.833715141,0,0,0,0.999999881],"scale":0.94730711,"type":"tree_oak_forest_group"}
{"pos":[205.369354,-108.825966,273.179657],"rotationMatrix":[-0.986199319,-0.165562242,0,0.165562242,-0.986199319,0,0,0,0.999999881],"scale":0.929274082,"type":"tree_oak_forest_group"}
{"pos":[198.465439,-250.488235,273.311493],"rotationMatrix":[-0.180206135,0.983628809,0,-0.983628809,-0.180206135,0,0,0,0.999999881],"scale":0.800329506,"type":"tree_oak_forest_group"}
{"pos":[205.806686,-229.166794,273.117737],"rotationMatrix":[0.811309338,0.584617078,0,-0.584617078,0.811309338,0,0,0,0.999999881],"scale":1.1845243,"type":"tree_oak_forest_group"}
{"pos":[195.71524,-214.210449,273.082977],"rotationMatrix":[0.114887051,-0.99337846,0,0.99337846,0.114887051,0,0,0,0.999999881],"scale":0.933134079,"type":"tree_oak_forest_group"}
{"pos":[-553.150452,157.523605,261.676758],"rotationMatrix":[-0.832624197,0.553838015,0,-0.553838015,-0.832624197,0,0,0,0.999999881],"scale":0.847750247,"type":"tree_oak_forest_group"}
{"pos":[-565.439026,141.553925,261.160919],"rotationMatrix":[0.572758973,0.819723785,0,-0.819723785,0.572758973,0,0,0,0.999999881],"scale":0.928014517,"type":"tree_oak_forest_group"}
{"pos":[-570.502625,225.521347,261.085571],"rotationMatrix":[0.422702998,-0.90626812,0,0.90626812,0.422702998,0,0,0,0.999999881],"scale":1.05089188,"type":"tree_oak_forest_group"}
{"pos":[-605.292603,154.537704,262.406982],"rotationMatrix":[-0.396389335,0.918082416,0,-0.918082416,-0.396389335,0,0,0,0.999999881],"scale":0.922101617,"type":"tree_oak_forest_group"}
{"pos":[-604.153076,143.006317,262.29715],"rotationMatrix":[-0.155480564,0.987838924,0,-0.987838924,-0.155480564,0,0,0,0.999999881],"scale":0.877693295,"type":"tree_oak_forest_group"}
{"pos":[-612.646545,150.869003,262.162292],"rotationMatrix":[0.630621731,0.776090324,0,-0.776090324,0.630621731,0,0,0,0.999999881],"scale":0.843640208,"type":"tree_oak_forest_group"}
{"pos":[-608.816345,203.141296,263.191406],"rotationMatrix":[-0.982515514,-0.186180189,0,0.186180189,-0.982515514,0,0,0,0.999999881],"scale":0.922821403,"type":"tree_oak_forest_group"}
{"pos":[-619.357239,164.03624,262.730042],"rotationMatrix":[-0.312656254,0.949866235,0,-0.949866235,-0.312656254,0,0,0,0.999999881],"scale":0.996419549,"type":"tree_oak_forest_group"}
{"pos":[-803.200012,156.890091,287.272827],"rotationMatrix":[0.237153664,0.971472085,0,-0.971472085,0.237153664,0,0,0,0.999999881],"scale":0.953596115,"type":"tree_oak_forest_group"}
{"pos":[-798.783508,180.306503,289.545746],"rotationMatrix":[-0.820955276,-0.57099247,0,0.57099247,-0.820955276,0,0,0,0.999999881],"scale":0.830824018,"type":"tree_oak_forest_group"}
{"pos":[-784.779114,184.995804,288.977234],"rotationMatrix":[0.274038613,-0.961718619,0,0.961718619,0.274038613,0,0,0,0.999999881],"scale":0.83937633,"type":"tree_oak_forest_group"}
{"pos":[-774.900452,189.553818,288.943237],"rotationMatrix":[0.708361924,0.705849409,0,-0.705849409,0.708361924,0,0,0,0.999999881],"scale":0.894258142,"type":"tree_oak_forest_group"}
{"pos":[-817.170166,192.862823,295.964233],"rotationMatrix":[-0.111618929,-0.993750989,0,0.993750989,-0.111618929,0,0,0,0.999999881],"scale":0.880732715,"type":"tree_oak_forest_group"}
{"pos":[-805.340271,247.176178,297.937042],"rotationMatrix":[0.255931675,-0.966694772,0,0.966694772,0.255931675,0,0,0,0.999999881],"scale":0.808774889,"type":"tree_oak_forest_group"}
{"pos":[-788.930359,227.690506,294.109985],"rotationMatrix":[-0.980377734,0.197127715,0,-0.197127715,-0.980377734,0,0,0,0.999999881],"scale":1.02223337,"type":"tree_oak_forest_group"}
{"pos":[-781.722168,245.204666,295.269318],"rotationMatrix":[0.733266711,0.679941118,0,-0.679941118,0.733266711,0,0,0,0.999999881],"scale":0.908536136,"type":"tree_oak_forest_group"}
{"pos":[-758.12384,270.673004,296.840637],"rotationMatrix":[0.595954359,-0.803018153,0,0.803018153,0.595954359,0,0,0,0.999999881],"scale":0.892202079,"type":"tree_oak_forest_group"}
{"pos":[-754.247559,255.901779,295.020935],"rotationMatrix":[-0.0758731663,0.997117341,0,-0.997117341,-0.0758731663,0,0,0,0.999999881],"scale":0.925779343,"type":"tree_oak_forest_group"}
{"pos":[-702.087341,212.92543,289.047852],"rotationMatrix":[0.655792594,0.754941106,0,-0.754941106,0.655792594,0,0,0,0.999999881],"scale":1.08013284,"type":"tree_oak_forest_group"}
{"pos":[-710.236511,179.724503,289.243439],"rotationMatrix":[-0.954653502,-0.297719061,0,0.297719061,-0.954653502,0,0,0,0.999999881],"scale":0.815312088,"type":"tree_oak_forest_group"}
{"pos":[-708.467224,144.020554,289.156891],"rotationMatrix":[-0.088374868,0.996087134,0,-0.996087134,-0.088374868,0,0,0,0.999999881],"scale":1.14705527,"type":"tree_oak_forest_group"}
{"pos":[-727.017151,134.995544,288.872925],"rotationMatrix":[-0.836369812,-0.548165381,0,0.548165381,-0.836369812,0,0,0,0.999999881],"scale":0.841073573,"type":"tree_oak_forest_group"}
{"pos":[-661.230957,136.615036,278.197357],"rotationMatrix":[0.529320896,0.848421752,0,-0.848421752,0.529320896,0,0,0,0.999999881],"scale":1.08273983,"type":"tree_oak_forest_group"}
{"pos":[-904.257874,-110.138565,359.247345],"rotationMatrix":[0.92831403,-0.371796817,0,0.371796817,0.92831403,0,0,0,0.999999881],"scale":1.12879765,"type":"tree_oak_forest_group"}
{"pos":[-935.738037,-127.282043,362.512878],"rotationMatrix":[0.868549049,-0.495602995,0,0.495602995,0.868549049,0,0,0,0.999999881],"scale":1.17511511,"type":"tree_oak_forest_group"}
{"pos":[-917.254639,-173.940063,363.721405],"rotationMatrix":[-0.405587673,-0.914056063,0,0.914056063,-0.405587673,0,0,0,0.999999881],"scale":1.02656555,"type":"tree_oak_forest_group"}
{"pos":[-942.39502,-178.364456,360.644379],"rotationMatrix":[-0.715798497,-0.698306739,0,0.698306739,-0.715798497,0,0,0,0.999999881],"scale":0.943951011,"type":"tree_oak_forest_group"}
{"pos":[-937.735718,-170.68129,361.914734],"rotationMatrix":[-0.496436268,0.868073046,0,-0.868073046,-0.496436268,0,0,0,0.999999881],"scale":1.08842742,"type":"tree_oak_forest_group"}
{"pos":[-926.64093,-192.147263,359.962891],"rotationMatrix":[0.883522034,-0.468389362,0,0.468389362,0.883522034,0,0,0,0.999999881],"scale":1.12466562,"type":"tree_oak_forest_group"}
{"pos":[-894.659546,-169.86911,362.636017],"rotationMatrix":[-0.652916312,0.757429779,0,-0.757429779,-0.652916312,0,0,0,0.999999881],"scale":0.829697847,"type":"tree_oak_forest_group"}
{"pos":[-881.629028,-155.119156,361.826691],"rotationMatrix":[0.995421886,-0.0955772251,0,0.0955772251,0.995421886,0,0,0,0.999999881],"scale":0.853531659,"type":"tree_oak_forest_group"}
{"pos":[-886.066895,-153.270477,361.946991],"rotationMatrix":[-0.357204109,0.934026241,0,-0.934026241,-0.357204109,0,0,0,0.999999881],"scale":0.860278606,"type":"tree_oak_forest_group"}
{"pos":[-877.525391,-157.342697,361.27301],"rotationMatrix":[0.568254769,-0.822852552,0,0.822852552,0.568254769,0,0,0,0.999999881],"scale":0.804885507,"type":"tree_oak_forest_group"}
{"pos":[-917.509216,-127.267738,361.969086],"rotationMatrix":[0.79360646,-0.60843116,0,0.60843116,0.79360646,0,0,0,0.999999881],"scale":1.05547214,"type":"tree_oak_forest_group"}
{"pos":[-915.576843,-72.0598831,339.440247],"rotationMatrix":[0.654897571,0.755717635,0,-0.755717635,0.654897571,0,0,0,0.999999881],"scale":1.02178097,"type":"tree_oak_forest_group"}
{"pos":[-964.537109,-150.166641,360.519104],"rotationMatrix":[0.993785441,-0.11131198,0,0.11131198,0.993785441,0,0,0,0.999999881],"scale":0.804140151,"type":"tree_oak_forest_group"}
{"pos":[131.780182,389.96109,256.797729],"rotationMatrix":[-0.14618212,0.989257514,0,-0.989257514,-0.14618212,0,0,0,0.999999881],"scale":0.89080739,"type":"tree_oak_forest_group"}
{"pos":[121.235497,316.528076,247.835663],"rotationMatrix":[-0.980293095,-0.197548479,0,0.197548479,-0.980293095,0,0,0,0.999999881],"scale":1.10187721,"type":"tree_oak_forest_group"}
{"pos":[109.414452,358.029999,253.431427],"rotationMatrix":[-0.978438795,-0.206536621,0,0.206536621,-0.978438795,0,0,0,0.999999881],"scale":1.06015575,"type":"tree_oak_forest_group"}
{"pos":[85.8395386,314.592957,253.486557],"rotationMatrix":[-0.999965429,0.0082986271,0,-0.0082986271,-0.999965429,0,0,0,0.999999881],"scale":0.980484843,"type":"tree_oak_forest_group"}
{"pos":[180.178757,386.047699,251.700684],"rotationMatrix":[-0.868464768,0.495750636,0,-0.495750636,-0.868464768,0,0,0,0.999999881],"scale":1.07557595,"type":"tree_oak_forest_group"}
{"pos":[238.802628,399.27356,251.754303],"rotationMatrix":[0.0974993706,0.995235503,0,-0.995235503,0.0974993706,0,0,0,0.999999881],"scale":0.974084496,"type":"tree_oak_forest_group"}
{"pos":[23.9796562,421.175446,257.925934],"rotationMatrix":[-0.149934024,0.98869592,0,-0.98869592,-0.149934024,0,0,0,0.999999881],"scale":1.1922822,"type":"tree_oak_forest_group"}
{"pos":[-83.8213959,284.743683,261.091888],"rotationMatrix":[-0.937618911,-0.347664475,0,0.347664475,-0.937618911,0,0,0,0.999999881],"scale":1.12614512,"type":"tree_oak_forest_group"}
{"pos":[-18.797636,403.485443,261.037659],"rotationMatrix":[-0.976081789,0.217403188,0,-0.217403188,-0.976081789,0,0,0,0.999999881],"scale":0.864352524,"type":"tree_oak_forest_group"}
{"pos":[1.01657546,428.425354,260.997803],"rotationMatrix":[0.88209635,-0.47106877,0,0.47106877,0.88209635,0,0,0,0.999999881],"scale":0.993181288,"type":"tree_oak_forest_group"}
